66	1
66	2
66	3
66	5
66	7
2418	8
2418	9
1881	10
119294	11
128531	12
17	18
34829	232
197061	21
38022	23
38022	24
38022	25
1860	27
189707	50
116051	52
24179	68
1860	78
189707	80
241	84
31856	89
94	98
2922	100
36918	104
1000	105
909	106
37759	112
2908	122
195804	136
106031	144
38022	46
1881	76
38549	102
195804	137
1762	145
197962	150
198315	165
66	167
93	169
1472	174
168832	175
1472	182
38022	47
93	53
101188	57
238351	627974
20211	85
24431	96
61909	101
2148	107
172695	114
2590	120
1162	269
665129	161693
34	134
184608	146
258701	25923
440123	103431
146720	263
30244	170
2124	173
77161	290
130060	39
160193	69
1881	75
39133	87
94	97
2591	108
116014	121
83756	130
199308	261
16542	164
956	168
168832	176
188836	181
509189	126637
167993	199
1569	200
60243	265
130060	41
197193	42
2257	43
66	74
119294	77
169160	79
93	81
172695	88
94	99
3508	103
1965	109
2151	110
37759	111
20211	124
198583	202
139328	205
823	206
1231	207
1231	208
65422	209
446	210
324	211
823	212
185905	217
185906	218
181885	223
24402	107491
406422	107492
195233	226
202691	523
54811	227
198806	230
9802	228
883129	493748
128484	237
2489	241
198951	242
190	243
4720	245
30120	246
1082	249
4686	250
34968	252
24330	253
139519	255
122020	260
183515	264
22030	266
21495	268
130808	505473
9044	272
119181	273
136257	274
35499	275
192663	914
8325	276
2129	277
21971	280
1096	281
128907	282
20259	286
54961	297
199609	299
11546	300
133578	306
169599	325
11367	358
200879	382
218385	24426
170804	405
31856	25235
446221	107493
80177	107362
1457	419
97546	423
201612	429
131879	434
172358	543
1987	278
9202	279
49768	283
50916	284
70997	285
9814	135
140757	287
3192	288
12025	291
20143	293
2562	295
42345	296
3190	301
50916	303
27	318
199898	326
94	338
146491	354
303	469
381	541
35395	292
813	322
41348	327
11367	359
97546	373
200852	378
66184	379
201219	395
61658	420
743221	472676
114361	426
9202	5406
359	294
10230	298
2446	323
11697	328
94	334
182980	340
21845	350
221976	2830
488	391
23323	396
128531	421
268619	9978
184	437
192	351
184608	538
161000	544
3076	9995
60	645
23412	329
94	335
11367	357
97546	381
269146	48645
92405	397
201461	415
60897	418
201554	422
182049	427
9496	475
141969	477
1821	494
197	506
1183	507
68649	508
2429	510
2429	511
202512	513
202529	514
202533	515
187190	531
3143	532
52884	533
1022	537
184608	539
166537	545
911	546
23701	547
1077	548
1064	549
203166	557
195520	560
110158	7312
41473	565
203337	566
203338	567
146051	569
8547	570
203455	571
324076	26106
104	573
104	574
104	575
104	576
104	578
68588	580
31006	587
17	594
2187	595
11639	596
11639	597
130337	598
11639	599
130337	605
11639	607
191	608
101236	610
204035	612
132882	613
204046	614
1605	615
204046	616
204046	617
203337	619
204182	620
168162	621
6339	623
37248	630
168166	631
204411	633
56669	643
8871	659
198854	667
9911	669
187552	680
130050	1171
190	684
8871	686
52208	688
176971	690
486	17241
179539	1173
8871	641
196699	644
60	658
2148	666
95553	668
191530	755
167529	677
190	685
52721	689
30431	711
199324	716
2003	719
34	725
70010	728
125585	732
323312	25941
14765	752
203050	765
22351	772
205680	775
205701	778
108098	915
204889	714
204908	717
137295	729
60	736
14765	750
204533	776
93	787
57445	705
102647	710
12387	713
12621	718
34936	721
205051	724
204761	727
49393	731
14765	751
2906	754
80010	771
160975	799
3257	910
44944	921
83586	1058
208308	1012
208311	1014
147215	1029
204660	1053
144177	907
54346	860
52384	867
87161	148796
36038	911
114221	982
2481	1024
359	1078
438807	102957
80660	918
11788	958
110044	967
205300	978
23323	1005
110044	1045
37248	1049
1789	1060
5115	1067
93	1082
186587	107369
193536	913
101236	919
883129	493754
51266	959
241	979
2027	1021
37248	1050
1789	1061
359	1068
117968	920
1831	955
16086	975
241	980
1860	1057
36610	1062
373	8069
359	1095
93331	1102
45612	1103
216065	1805
175314	1132
15841	1135
15841	1136
210089	1155
210312	1156
1721	1158
1721	1159
205680	1160
168230	1167
210583	1170
179539	1174
31703	25516
615573	165390
321201	25242
34677	1213
10165	1214
12190	1277
241	1278
76262	1288
14685	1289
11731	1290
104442	1291
122762	1211
210622	1212
106893	1215
210904	1219
2869	1225
139355	129101
8738	1229
33771	1253
70301	1256
168167	5161
42618	1251
70301	1257
2881	1276
21688	289
133065	1281
368394	107476
211746	1283
167489	1285
96720	1293
114774	1294
510	1296
187633	1711
162156	1301
162156	1302
162156	1303
95850	1313
37567	1314
89594	1315
36981	1316
59834	1317
142966	1318
214439	1631
7493	1325
203851	1331
212370	1377
157681	1335
21498	1336
113507	1339
143885	1341
52384	1343
22283	1361
9196	107477
1022	1372
11639	601
11639	603
11639	604
11639	606
212418	1382
212419	1384
212442	1386
212445	1387
41708	1389
106810	1400
1202	1414
41733	1416
791	1422
791	1423
791	1424
17	1435
37263	1436
21845	1439
44954	1441
84171	109804
791	1443
184336	1444
106650	1445
187828	1446
9303	1447
9303	1448
135344	1451
10718	1454
10718	1455
147726	1645
193833	2248
45357	1459
213568	1485
338502	31540
150060	461358
170862	2254
219515	2258
219520	2260
180117	2262
177309	1309
57208	1308
195622	1504
39911	1540
9156	1592
178833	1599
175983	1609
59015	1613
7842	1824
128523	1621
9566	1625
146406	1627
216394	1827
61422	1310
73570	1606
281369	12721
31728	1630
170520	8092
49965	1643
24112	12819
39911	1541
23323	1456
23323	1642
214654	1666
214723	1675
214731	1676
196089	1677
192	56
214719	1679
116590	1694
185269	1696
93096	25037
214951	1697
199710	1698
199710	1699
114647	1700
2481	1705
192970	1709
87458	1713
170409	1715
130820	1717
187634	1718
166650	1719
187636	1720
11544	1721
161695	1722
118611	1723
177011	1724
166642	1725
166643	1726
215382	1727
187300	1728
130808	132533
253943	7594
215410	1737
67678	1740
40967	1741
38804	1746
215533	1747
215528	1748
215536	1749
215529	1750
215537	1751
215538	1752
215539	1753
215546	1754
215547	1755
48413	1756
215599	1759
215531	1757
400761	611602
62218	1931
428185	92767
507	1769
507	1770
171014	1784
133437	1785
164505	1791
120333	1796
215984	1797
73209	1801
1517	1806
58635	1811
194563	1812
1026	1817
216532	1825
216532	1826
148856	1831
148856	1833
48653	1835
166648	1841
171502	1842
385472	107469
182036	1863
35494	1905
213964	2005
53884	2015
113318	2021
219657	48646
35494	1901
35494	1902
67153	1907
216999	1916
392162	110218
157286	611628
88298	1940
217638	1957
41728	2013
83593	1987
204888	1875
110097	1886
35494	1903
492252	611707
117872	1935
56320	2007
41728	2014
204888	1889
60	1900
35494	1904
51	1909
217046	1913
411794	611732
194313	1959
142815	1888
234668	5151
137715	2105
218564	2115
361	2124
361	2125
2273	2181
43016	2202
38110	2208
55049	2211
216653	2214
170520	2130
136259	2191
219011	2200
38110	2203
116	2212
43923	2219
219087	2221
219119	2222
219120	2223
219117	2224
139606	2225
217469	2231
217470	2232
768	2072
89084	2075
217474	1847
126761	2131
7179	2183
321920	25341
104	2192
124634	2195
219011	2201
38110	2204
193025	2233
187190	2234
217472	2235
219225	2237
127219	2239
133175	2241
193833	2249
123741	2253
47921	2255
46720	2259
191177	2261
14877	2265
219541	2266
185204	2267
161869	2269
130153	2270
219552	2273
219552	2274
32663	2276
50049	2283
139206	2284
158431	2285
5159	2289
176366	2292
219661	2339
219721	2357
219726	2359
219730	2360
88785	2367
88785	2368
33656	2369
33660	2370
33660	2371
33660	2372
241	2375
154507	2378
154507	2379
128365	2381
56583	2382
306	2383
2601	2384
306	2385
10197	2386
9388	2387
31155	2300
39340	2307
39340	2314
219657	2320
41362	2327
124095	2335
41851	2338
219702	2355
219722	2358
219732	2361
164413	2363
16086	2366
77391	2388
77391	2392
20049	2402
1747	2403
220295	2452
220296	2453
11666	2462
185998	2464
2148	2391
156313	2401
1747	2404
148931	2412
117901	2414
162929	2735
185669	2461
220391	2465
37627	2474
88267	2475
106643	2476
365	2477
214423	2478
72711	2479
4959	2497
51841	2506
39579	2515
43016	2610
115103	2623
14756	2629
88785	2632
58559	2635
2843	2650
31555	2662
222914	6344
57816	2666
1605	2670
204046	2671
1013	2672
220864	2611
2417	2837
381	2624
14756	2630
76220	2633
321264	25253
57816	2663
226992	6346
186996	2841
16196	2541
217476	2542
117901	2544
54	2545
188549	2548
220699	2551
220699	2557
30901	2736
219914	2561
127270	2740
187	2565
2417	2848
2151	2605
219515	48647
54	2612
42820	2625
2317	2634
11727	2646
162698	2649
2003	2668
12621	2669
107197	2711
573060	472640
221743	2719
30901	2737
76327	2725
57745	2730
30901	2738
30901	2739
52160	2742
193403	2744
35992	2748
35992	2749
35992	2750
56583	2781
1605	2783
126703	2814
124351	2827
221087	2826
2417	2849
196053	2854
265908	145887
37627	2881
398438	87934
222377	2905
222003	2789
104378	2801
106708	2850
222145	2859
991	2865
38363	2872
2417	2878
37627	2882
129723	2898
222479	2911
199324	2940
84635	2942
222003	2790
184	2828
2417	2838
35603	2842
130060	2856
22238	2864
222418	2908
157291	2941
222003	2786
92294	2791
148248	2813
222032	2823
130060	2857
37627	2880
204908	2939
222709	2998
22	3003
222736	3011
35429	3014
261	3018
174201	3054
81073	3059
8660	3064
36052	3068
46902	3109
52384	2945
1939	2957
222462	2999
222736	3012
261	3017
117395	3019
88785	3043
111644	3055
57856	3060
11372	3065
147306	3080
222750	3097
5240	3122
48336	3137
47902	3150
156783	2947
1939	2956
6087	3000
117395	3020
14669	3061
64376	3096
14462	3142
48336	3138
174342	2948
5903	2949
77336	2950
36481	2951
6087	3001
261	3015
94143	3057
244644	176232
23771	3235
222750	3106
69903	3139
143	3152
88785	2958
88785	2960
910	2965
685	2966
685	2967
685	2968
685	2969
685	2970
14560	3212
141331	2978
57421	2979
57421	2980
195901	2694
117401	2692
148149	2993
11668	2994
222725	3002
261	3016
88785	3044
1158	3048
108793	3053
67672	3058
8660	3063
222870	3067
211819	3092
105307	3108
145097	3183
223585	3221
216337	3224
216337	3227
44798	3230
9760	3260
1961	3269
54310	3184
67678	3206
221697	3209
14560	3213
223585	3222
216337	3228
2257	3246
32967	3255
9760	3261
319	3270
199966	3204
101886	3219
80105	3223
44798	3226
44798	3229
169725	107442
111410	3268
219520	48648
223674	92748
52829	3282
52829	3283
2922	3284
53809	3286
14462	3290
14462	3291
14462	3292
187630	3295
2398	3296
792	3302
236	3304
1968	3665
14462	3349
202846	3360
48843	3375
1434	3383
52186	3390
211613	3715
11226	3398
11226	3401
222486	3407
31699	3408
108418	3411
34409	3413
1517	3417
60	3382
54	3391
40049	3395
11226	3397
206351	3399
11226	3400
30038	3402
1624	3403
184334	3409
33434	3410
33205	3412
12608	3414
177329	3318
12543	3320
12543	3323
12543	3324
12543	3325
12543	3326
31304	3332
53432	3356
224699	3426
5240	3133
5240	3430
30025	3439
147306	3458
31123	3454
11930	3460
7208	3452
7208	3453
12543	3457
122762	3459
222742	3461
81465	3462
146484	3463
33723	3474
147715	3465
147715	3466
194914	3719
164913	3475
34713	3499
35451	3555
97869	3524
36138	3544
175230	3596
97869	3525
305404	493790
310	3528
225235	3529
88267	129074
36138	3545
225369	3580
104	3594
8338	3604
145644	3609
2446	5734
4742	3613
1757	25252
2077	3614
2077	3615
2077	3616
225688	3635
8515	3617
