1
2
3
4
5
6
7
8
9
10
11
12
13
14
15
16
17
18
19
20
21
22
23
24
25
53
28
29
30
31
32
33
34
35
36
37
38
39
40
41
42
43
44
45
46
47
48
49
50
51
230
54
55
56
57
58
59
60
62
63
64
65
66
67
68
69
70
71
72
73
75
76
77
78
79
80
81
82
83
84
85
86
87
88
89
90
91
92
93
231
95
96
97
98
99
100
232
102
103
104
105
106
107
108
109
110
111
114
115
116
117
118
119
120
122
123
124
143
126
127
128
129
130
131
132
133
134
135
136
137
138
139
144
141
142
145
146
147
148
149
150
152
153
154
155
156
157
158
159
160
161
162
163
164
165
166
167
168
169
170
171
172
173
175
121
176
177
178
179
180
181
182
183
184
185
186
187
188
190
191
192
193
194
195
198
199
201
202
203
204
206
207
208
209
210
211
212
213
214
215
216
217
218
219
220
221
222
223
224
225
226
227
229
233
234
237
238
205
240
241
243
244
245
236
189
27
112
113
247
248
249
125
61
250
251
252
253
254
255
235
242
52
94
101
197
200
257
258
259
260
151
196
26
228
140
174
256
