5698773	219081	2
5289171	805763	2
6092226	311	2
4321877	338978	2
9791748	57042	2
12628526	209051	2
4568943	349114	2
13298342	748198	2
9318112	554099	2
14427707	254569	2
2159735	214949	2
2603716	15387	2
12566057	7973	2
12165138	696374	2
7879864	481824	2
9427855	560013	2
9190490	547110	2
2724844	247352	2
7753839	402209	2
10144428	599234	2
9059810	262093	2
1116400	65921	2
14105773	535739	2
2607704	38090	2
11719685	368959	2
9177075	226655	2
7845272	480314	2
10027497	38745	2
13115273	260360	2
7959410	1629	2
13734680	11444	2
11400568	400141	2
12978320	330520	2
14047402	22389	2
2819711	249	2
7788854	43540	2
3016231	97546	2
9591746	51441	2
9137671	827	2
7316626	121476	2
3341696	283658	2
5682344	82160	2
7612888	236309	2
11323634	649135	2
11302762	648144	2
13301369	748300	2
2457175	138499	2
4344791	141	2
5337903	4474	2
8731440	401218	2
10812997	61553	2
9255353	32473	2
9962595	588407	2
6143055	87893	2
100527	49683	2
13415089	127699	2
6160054	179075	2
14413657	124713	2
9248447	327820	2
6223209	412947	2
9712583	14186	2
8177733	494472	2
11081093	11459	2
12415419	708340	2
9515123	95968	2
5594637	4018	2
14070618	10342	2
9512117	454582	2
9504962	335569	2
2690732	231209	2
14129758	12181	2
13904365	32877	2
8045352	12153	2
1448302	182538	2
18393558	1644	2
10483452	170402	2
6747685	301373	2
14115747	549581	2
13432980	259168	2
11773088	675000	2
12147976	5512	2
12065121	691078	2
12388293	431704	2
3437531	289370	2
7200365	453174	2
12519614	713298	2
4600268	846	2
7402178	236309	2
13796773	563703	2
10027641	427374	2
3171570	273716	2
6247733	279779	2
13571653	176632	2
12485028	97546	2
12963457	687757	2
6736935	269909	2
5474880	40901	2
5212032	167700	2
8469489	154917	2
2962985	97546	2
2487867	164813	5
10298902	606772	2
550625	40036	2
9197777	40306	2
5124504	113246	2
1286360	171838	4
13867805	778801	2
5011913	247463	2
13051871	306	2
6271673	267816	2
4548316	302097	2
11791220	665718	2
7328846	458783	2
8892298	529558	2
12339110	577497	2
7367682	182337	2
9553894	118465	2
9613607	568900	2
13874563	648923	2
12981677	735422	2
4309044	338365	2
1596905	100058	2
9123561	543386	2
5425272	383226	2
12610336	720241	2
5670759	370230	2
4557436	175795	2
11370478	651083	2
13786991	775227	2
14250625	451044	9
11340176	649892	2
2859376	21238	2
8589902	515257	2
4838205	64966	2
8113322	2562	2
2782913	22524	2
2455096	191900	2
8574669	3527	2
7107223	448400	2
11522106	662361	2
6122852	407637	2
9594928	568237	2
10197719	602244	2
10585124	141756	2
10052748	119994	2
8742809	216656	2
4131190	197799	2
2406920	1655	3
10210109	236306	2
11311997	648635	4
10537065	9916	2
11036446	187003	2
11063052	15689	2
3557922	295102	2
6136082	409212	2
9856809	299226	2
7075391	75446	2
3068830	268183	2
11232951	2159	2
12440501	58513	2
11109488	79887	2
9771542	201197	2
8311386	500850	2
7584736	468868	2
8604743	411520	2
6871602	415952	2
12022806	592683	2
8517408	226505	2
10359271	262731	2
5601956	21296	2
12010409	125929	2
7969363	307748	2
6683833	304335	2
10393579	383104	2
11559210	551922	2
13272662	471635	2
7343493	236309	2
10727345	20315	2
14027440	786332	2
11673398	2172	2
9469548	10410	2
13247791	532685	2
11131622	640528	2
18393383	872529	2
12656146	41728	2
8255325	12413	2
11560356	316988	2
481980	47452	2
6893091	439817	2
8670501	464776	2
5361031	22348	2
8108494	209177	2
12379509	518587	2
17199430	834294	2
14263440	696359	2
6511045	255911	2
10163964	600293	2
11632107	188550	2
10538637	7286	2
364991	8700	2
3196415	274951	2
4579727	129278	2
14164484	45916	2
8811861	405219	2
3764187	170690	2
902957	846	4
8284555	244778	2
4267935	223159	2
11712184	11046	2
13177224	199	2
715470	6664	2
11920326	683295	2
13521032	760306	2
3199733	275215	2
10339841	188156	2
5598524	53004	2
14389149	48624	2
10105987	362825	2
10922788	580110	2
12967791	57540	2
8366873	444803	2
8546567	512908	2
12602801	719855	2
9720615	574400	2
8813829	363109	2
6993976	444237	2
13397124	753969	2
5726592	143142	2
12064021	681410	2
182233	66719	2
7486146	464009	2
10918907	164813	2
7073954	380071	2
5629276	114512	3
3849198	103972	2
8244836	6844	2
9494664	62544	2
11347157	846	2
8550804	513105	2
8722642	416365	2
14094841	138505	2
8015872	1827	2
10677411	619025	2
13733707	10239	2
8369554	243628	2
10496270	380870	2
7833274	479779	2
13792584	573834	2
5154168	72008	2
11783718	563913	2
4896109	97546	2
10988667	633334	2
12410150	10239	2
9481885	562467	2
7865361	332979	2
4315442	38093	2
11470549	495	2
13686080	770241	2
8939809	52822	2
11302155	4216	2
11714259	47629	2
11560307	624522	2
12227204	386486	2
11119513	36138	2
11713900	158427	2
11886198	57111	2
11462849	654416	2
3575764	73749	2
10712135	589575	2
5602395	762568	2
14089647	789072	2
12389066	625905	2
14106543	12181	2
3977799	22948	2
4679209	353368	2
8313219	15358	2
11914088	676306	2
11200046	132008	2
194025	69711	2
9402360	328679	2
9561904	10239	2
8223115	39647	2
8176683	64021	2
6057404	46629	2
5107647	173465	2
13783299	32473	2
6703889	432188	2
11753977	674131	2
9959980	91133	2
17200308	23252	2
14279144	79537	2
11284726	11782	2
9695995	31901	2
7198464	75994	2
25321	3564	2
14323060	575921	2
5443297	31090	2
12421253	692281	2
4076724	176160	2
5436762	383876	2
9948428	1126	3
8163257	493713	2
10693029	286036	2
5365394	31453	2
8683491	193204	2
13329352	750281	2
179455	293	2
3205508	158335	2
7696516	2202	9
6787273	163526	6
8985475	536430	2
10927765	2022	2
12385453	132011	2
12536411	714213	2
13039140	358091	2
8052286	487675	2
11386028	202	2
3503611	33800	2
11404111	653270	2
6505626	116686	2
10495228	607806	2
7551261	467002	2
4779001	279783	2
3271015	16196	2
14124886	174026	2
13968555	346715	2
13586267	533462	2
10919051	36138	2
4805486	3531	2
10903623	629057	2
7340549	236309	2
13336685	392531	2
6836437	1919	2
7775251	476973	2
4538981	347951	2
2880318	257519	2
14443867	221960	2
3027071	266004	2
3539172	36597	2
7827607	24503	2
6413564	169762	2
3849481	446137	2
10735406	55762	2
6093527	546	2
13190079	44494	2
11492396	56094	2
7074583	447508	2
10729312	159183	9
13944081	10293	2
10893547	4772	2
8019463	159001	2
9259596	22656	2
7392744	236309	2
11696850	399664	2
5526745	128296	2
11517991	49273	2
9018723	348056	2
8273521	180667	9
9168815	11782	2
2598265	1644	2
14009673	137803	2
14426981	147492	2
12408992	708100	2
7346181	236309	2
13553285	762215	9
20685622	66853	2
7455281	5137	2
13297813	748152	2
13433168	58043	2
10341801	423078	2
12601641	719370	2
2613109	86349	2
9721543	573834	2
10212889	415737	2
11469554	177627	2
8460404	508372	2
5193260	126061	2
12610425	652150	2
10787478	310487	2
11115633	639816	2
10583843	20346	2
9639491	1108	2
7872168	44607	2
5427917	210738	2
6865244	246788	2
9390042	449147	2
10096832	21966	2
10985280	633171	2
7358155	434497	2
6854056	438227	2
5368887	76321	2
9522637	309676	2
11371917	240758	2
3505153	81071	2
3508278	11550	2
7178154	129154	2
9277351	271305	2
6528574	122082	2
10348845	8751	2
11418035	654362	2
5311967	66383	2
12919250	301362	2
12488405	172722	9
7690984	1843	2
13456102	39754	2
7027257	10790	2
9211570	62843	2
4505203	217542	2
8593767	104415	2
10794451	522025	2
9772153	275505	2
7591450	469191	2
9040311	135924	2
5064883	117713	2
7347912	182625	2
8308394	42282	2
8876726	360223	2
11079947	368737	2
3072243	38916	2
6292309	416079	2
6872349	14259	2
9484595	259437	2
9323729	545437	2
6568365	233707	2
11163260	162239	2
13639261	766909	2
8382254	197405	2
13317775	4473	2
752388	75635	2
7887438	402901	2
6180296	411425	2
12257082	1676	2
9412685	537742	2
10778430	538094	2
9264184	551241	2
4754356	1494	2
5822946	33800	2
3735999	141743	2
9516243	564155	2
10555898	216618	2
5518141	22028	2
116852	41537	2
5729983	149235	2
6551532	39227	2
7469455	347519	2
10875613	179585	2
13309165	742404	2
13245684	746070	2
12718046	306	2
11596354	666630	2
10336491	572325	2
14326524	272959	2
13168772	124775	2
8579623	514725	2
7277401	8744	2
14176237	102187	2
14274815	479284	2
9704524	573537	2
11660769	122503	2
13293727	1676	2
11337179	408703	2
9066860	12691	2
12661037	123697	2
2023939	1861	2
5573904	389103	2
10856225	491387	2
2732711	388	2
8670710	334890	2
13446243	386997	2
182590	66809	2
12844062	525137	2
12769738	12600	2
13563652	662639	2
6351827	1224	2
13824890	238063	2
12414637	24229	2
8239956	9290	2
11853222	679431	2
13740600	11444	2
13805415	249658	2
11540001	663448	2
1925856	97546	2
9075395	1792	2
9927672	196540	2
2921127	187872	2
12205809	152798	2
13202324	1373	2
13845165	694094	2
9404783	558826	2
9913525	585066	2
11792096	646033	2
6979221	443653	2
12247425	223387	2
8860062	529395	2
9537451	32513	2
11605572	59299	2
5679485	154666	2
544553	66042	2
14346471	34708	2
11908031	784963	2
14105966	12181	2
9899226	374200	2
9271664	363673	2
14278696	139219	2
10728678	621249	2
9040716	56064	2
15929926	17	2
7064462	131948	2
9921080	585533	2
10446552	6360	2
9326607	2475	2
7384492	186259	2
10044968	273532	2
14387479	529	2
7041400	1614	2
3535486	272494	2
7931399	207503	2
9406394	449650	2
12219367	624882	2
12135949	368580	2
7225869	1338	2
8123595	76999	2
14264185	796640	2
12475085	219762	2
14031224	786531	2
14174998	32513	2
13407509	252973	2
9091836	237814	2
13513634	501192	2
9478208	46180	2
8837801	255	2
9727827	1812	2
12601743	718488	2
7600581	236309	2
6533117	133779	2
8226945	32513	2
13810208	505948	2
819748	227	2
8337170	114073	2
13050128	738119	2
11765812	674698	2
10992974	631684	2
9398403	558532	2
6537961	1641	2
614909	127346	2
8357819	5689	2
511803	381	2
11482629	24018	2
6256308	157188	2
11109678	2715	2
8995016	14538	2
3162369	2005	2
7860739	481038	2
11826548	677792	9
10531095	436442	2
10338223	436655	2
13399149	242523	2
9752670	576457	2
9872353	1883	2
6860943	438495	2
11748927	414232	2
13452878	744399	2
7878423	2292	2
7201590	111650	2
13274553	680153	2
2774267	249959	2
6980589	1812	2
6045315	1926	2
8136102	492307	2
13678787	163511	2
3625524	287123	2
9276266	551891	2
3875597	152260	2
11719754	269188	2
12603499	716859	2
6771206	434682	2
10252808	411098	2
657169	97546	3
12578080	94970	2
11635060	227222	2
9706880	573650	2
6192755	10719	2
11174181	14645	2
11107767	291590	2
1989521	77393	2
7802992	40309	2
7724928	131884	2
13942539	782468	2
12840841	34770	2
4098239	68011	2
13900966	204	2
8744708	97546	2
7825234	273380	2
9330802	554862	2
11346156	15747	2
10203194	602470	2
10332478	355431	2
3220744	108159	2
11876171	581000	2
2365395	510	9
12981200	388033	2
4200668	1629	2
581853	255	9
14320817	33895	2
13639169	766857	2
7777643	427128	2
9733642	37984	2
5151783	98654	2
7014833	9388	2
11299521	76878	2
3750754	307613	2
12678361	109615	2
8864173	193664	2
4359469	79887	2
10148398	599476	2
11093453	14441	2
5703113	48344	2
7941403	9663	2
12356526	705680	2
11856579	199	2
12704553	724427	2
5369263	251158	2
8591778	515344	2
5526333	68916	2
10254390	10293	2
1608810	2116	2
6288564	36356	2
7138194	163365	2
13632076	766479	2
6181142	149234	2
10106674	108000	2
8247576	482910	2
9289454	491558	2
18392420	279123	2
7309990	235635	2
9096447	1655	2
11414059	32354	2
8767291	417520	2
11202175	218986	2
4089959	175546	2
8913654	532332	6
4443868	214761	2
13538516	246851	2
6068635	214761	2
14393802	138774	2
10824550	598995	9
1253538	136937	2
6249562	199936	2
8390144	505007	2
6640405	430168	2
13204501	166494	2
12818089	176279	3
12169503	31006	2
11359731	650560	2
11611677	667589	2
6490068	128866	2
12608603	490031	2
5194143	183837	2
12323834	703824	2
12041558	689976	2
7859923	481005	2
8436129	489772	2
7211602	453656	2
13351188	446	2
2686094	73483	2
2775791	1694	2
9758385	54432	2
13784985	461965	2
8028484	108431	2
4981011	365548	2
6705127	150682	2
13089832	22350	2
2747319	123981	2
7911197	483289	2
3493724	61818	3
9629579	261992	2
3033178	134697	2
1695294	182062	2
10133605	138911	2
10481616	4475	2
9775199	213158	2
11216324	564645	2
13639634	766857	2
3696820	305134	2
14067949	643309	2
4713805	9971	2
6324264	93067	2
14237725	795447	2
6742736	68667	2
9923136	585719	2
11219434	546106	2
5014033	34491	2
1896670	203398	2
7947190	388	2
3599626	255335	2
13260438	361647	2
6377472	419666	2
9319966	554197	2
7966926	30997	2
7443367	236309	2
6511257	424931	2
13116442	740925	2
8849184	4272	2
3683479	253410	2
602698	126038	2
10141137	115121	2
4821826	173453	2
14317331	359576	2
12590610	660542	2
6599617	8030	2
8483503	509820	2
9395057	558398	2
7061372	36597	2
9047035	508040	2
8425779	506856	2
11313108	91506	2
13369802	737518	2
9771233	577695	2
9775809	181287	2
5573579	229367	2
7294893	457302	2
10112299	519	2
10538674	115029	2
10750573	154038	2
8448550	365697	2
12101271	693115	2
3716762	306110	2
10359852	575930	2
7369302	236309	2
1026694	30042	2
9272638	414267	2
5546262	302378	2
9217637	241578	2
12888683	732013	2
5733907	350503	2
7297582	31110	2
10293852	113177	2
8885924	530777	2
12691551	199294	2
12032740	1812	2
8915348	521649	2
15929926	15937	2
3456595	43621	2
5139573	198961	2
13181504	523689	2
13101545	153647	2
12284470	576042	2
12181991	14875	2
522366	89281	2
8164660	6246	2
3461053	148971	2
2906654	964371	2
9662704	116688	2
12643009	20157	2
8638050	473653	2
6373997	417853	2
9216591	1073	2
12806141	177635	2
12375671	706711	2
6736210	20247	2
12709283	724628	2
9155148	440539	2
10443078	547537	2
10743966	12181	2
14129037	253800	2
2745749	9028	2
10909634	9527	2
11683774	15618	2
4032709	323773	2
170705	8871	9
9641075	570436	2
13382066	753099	2
11795720	386854	2
9086305	70207	2
8586988	148971	2
13270877	596511	2
194182	3032	2
9146467	196086	2
13454327	309381	2
13533756	524657	2
14393742	138774	2
6111235	408527	2
345341	31521	2
13611654	449260	2
3769226	300205	2
8612416	171014	2
13362870	752038	2
10431300	436776	2
2441172	1629	2
22173653	12439	2
5141447	237328	2
9349892	121640	2
3212704	34741	2
14374666	21966	2
7311180	97546	2
14248412	486268	2
10771239	608221	2
12558487	92121	2
5594637	3966	2
8736568	443739	2
9866563	3411	2
172955	63609	2
60605	41111	2
7273385	2374	2
12633075	211120	2
14111710	50606	2
8715166	150958	2
13329163	750270	2
7172938	451858	2
1176028	14917	2
5024677	11002	2
9997512	590407	2
6732523	60683	2
11042928	334403	2
6038682	71276	2
12097500	141801	2
8123524	491610	2
9980827	589418	2
2766774	250156	2
2623982	235764	2
5579319	326636	2
7670936	151386	2
12204777	1629	2
217708	12264	2
14297469	798362	2
12170360	21361	2
8781464	525384	2
8813142	527099	2
9847073	205732	2
596759	97546	2
9101177	135481	2
10953260	414769	2
5274818	64639	2
10872034	627632	2
14428994	4389	2
9355370	493482	2
5026344	365309	2
7015880	260586	2
8138428	355309	2
5183553	47841	2
6783872	44935	2
5384047	381449	2
8732681	522451	2
12069568	691364	2
12582964	252083	2
9992848	590015	2
12055677	668625	2
2808805	252845	2
7400602	236309	2
8233282	81189	2
4759156	231656	2
13405861	155358	2
12942878	252414	2
13758450	773929	2
12042164	36491	2
5260849	254246	2
9858337	32092	2
7474600	231768	9
8171985	494133	2
11172274	619012	2
12753562	12598	2
11796459	12181	2
10425236	612390	2
7963298	10925	2
11791480	429108	2
2868547	34745	2
13269775	97335	2
13583065	2122	2
8516758	511368	2
2766086	250102	2
725603	48766	2
7971946	251476	2
13683326	2779	2
9813435	16178	2
5926917	248391	2
7441272	23121	2
10364301	609457	2
963605	3541	2
8530018	512039	2
13792034	573942	2
8515950	196983	2
13963562	603155	2
10159303	1005	2
7767365	476892	2
13218632	495074	2
10735600	36027	2
10668163	16359	2
7839868	480019	2
13896089	429371	2
4662857	683	2
10130350	598560	2
14090555	139646	2
9055296	211	2
6144291	6234	2
8313702	255	2
8530347	2236	2
7310977	1568	2
8034115	486693	2
8741196	72469	2
7707858	209705	2
3494775	117901	3
10126246	598333	2
5184455	322573	2
8133662	183001	2
7341066	236309	2
8538269	949	2
9790932	579162	2
8546707	91857	6
10714149	193	2
11213859	277062	2
11205345	12439	2
7758909	123749	2
8722368	521794	2
8608054	516191	2
11369911	41971	2
11076294	147874	2
14406101	803109	2
11434015	450565	2
5609475	382648	2
9224761	552834	2
12401113	398085	2
2609304	47064	2
15464587	835675	2
4288242	135532	2
9810390	1803	2
13324585	2107	2
7892604	395668	2
13994077	363908	2
10891838	223820	2
14237626	771354	2
13341315	750996	2
6991752	444144	2
76940	41969	2
13428898	755475	2
229168	4687	2
11664331	669823	2
1107572	2292	2
8802201	411732	2
4911256	60150	2
10284165	127488	2
13600367	160340	2
10034307	283351	2
297804	9916	2
3730517	1881	2
8956487	534898	2
11019479	1676	2
13164595	237814	2
6931870	304981	2
9062584	3198	2
12945841	21240	2
8504949	510858	2
7382335	1091	2
6984151	443875	2
13348748	636081	2
8398010	270365	2
13655678	655323	2
11824691	39006	2
6018566	405069	2
13370448	11783	2
11806736	35969	2
9331396	42625	2
10402029	611208	2
7636996	471145	2
8040546	143468	2
8946001	92030	6
13860957	50353	2
5152204	53259	2
8087037	240413	2
10750264	31110	2
13679392	295215	2
3502304	293122	2
11073777	384918	2
5066990	137419	2
13698543	31506	2
10083315	237175	2
14447844	381453	2
65762	3865	2
9368176	122396	2
10676096	129472	2
3614202	2003	2
561537	41116	2
8782661	923	2
11681609	476587	2
8860043	9723	2
6799134	128497	2
6701410	432089	2
12855151	367467	2
9470664	358161	2
10012209	325578	2
5358255	49692	2
8331389	337413	2
13188823	8751	2
12874340	731554	2
5436684	139587	2
12274503	620826	2
14095046	22164	2
3125910	84595	2
13755166	353472	2
10915446	67695	2
8317557	501184	2
