14823463	934201
14867358	937550
12933822	771971
13002804	777405
13000871	777245
13000872	777246
13000876	777245
15578427	991974
13002812	777406
12900702	769768
12900687	769767
12914634	770734
13206111	682204
19633269	545410
13000918	777247
12900633	769762
12933801	771969
13055417	780849
13000966	777248
13059620	781138
13000968	777248
13034820	779647
13000971	777249
14176299	860819
13021965	778723
13001638	777286
13001645	777288
12913261	770671
12913263	770672
12991019	776392
13001664	252880
13059628	781140
12991044	776398
12991045	776399
12947557	772910
14176302	706397
12900764	769775
14176304	817728
12900750	769773
15599960	26111
14176306	543132
12900728	769770
13042751	780060
12984027	775883
14176311	777451
13042762	780061
14176319	806700
14176324	878914
14914336	940887
30555918	2823781
14984133	946478
13042764	780062
15018313	947329
15050732	952351
12963155	774016
13059716	781145
14176329	840572
12934131	772010
12934130	772009
12934129	772008
12934103	772005
12934073	772003
12934061	772002
12934060	772001
15085459	955132
12934033	771998
12933992	771997
12933963	771995
12933962	771994
12933958	771993
12933953	771992
12933952	771991
12933950	771990
12974388	774855
13059770	777861
12974387	774854
12933946	771989
12900848	769777
12996958	776930
12900847	769776
12974385	774853
13054638	780757
13054705	780762
12991341	776432
14262315	887417
14176346	786313
14176354	806621
12948971	773085
12974373	774852
12963154	774015
13054744	780767
15112802	957054
14176367	789263
12980879	775635
13022042	778729
13022043	778730
14176368	777703
12900962	769784
13071129	782121
12947532	772909
13004632	777565
12948969	773084
12941275	771931
12933941	771988
13042809	780063
12933922	771986
12933921	771985
12933920	771984
12933919	771983
12916874	770919
12948965	773083
12933915	771982
12974341	774850
12933902	771980
12974340	774849
12948947	773082
12933888	771979
12996915	776929
12916866	770918
20685322	1592432
12916862	770916
12916854	770915
25569533	2339018
12916852	770913
12916849	770912
13028597	666564
20710819	1594131
12916837	770911
12996912	776928
12983686	775843
12943635	772607
12943633	772606
14176373	776645
13127459	786992
12913293	770675
12913291	770674
13067599	781799
12998119	776997
12913233	770668
12933879	771978
12913228	770667
12913226	770666
12913203	770662
13071138	782122
13067605	781801
12913177	770661
12913175	770660
12913145	770658
12913142	770657
12913100	770653
13071143	782123
30111785	2767177
12913073	770652
13042832	780065
12913070	770651
13001773	199763
12913981	770697
13064391	781467
12913982	770698
12914012	770699
12914015	770700
13001777	468474
13001778	468498
13001784	777290
12943629	772605
27744445	2518771
13015910	778364
14176379	835823
12991505	776474
12991508	776474
13064415	781469
12991512	776479
12991513	776479
14176381	835581
13064000	781437
14176383	831420
12991528	776484
12991545	776486
12998600	777048
13016090	218912
13026116	779047
14176387	870631
19671551	1530240
13016075	340015
13016082	175931
13026121	779048
13089199	783697
19675939	1531313
13016028	124364
13016102	449081
14176397	874694
13016073	645028
13016080	575420
13016083	554743
13016084	631675
30555919	2823782
13016108	448408
13016086	538272
13016091	665592
13016094	182430
13016111	9064
18436044	1440103
13016098	678479
13016099	713415
13016101	773434
13016103	767266
13016112	182267
13016106	770747
13016107	784362
13016109	255
15207327	964076
13873542	392377
13016115	16124
14823466	394481
13016120	62282
13060341	781176
13016122	256583
13101921	784774
13016128	117486
12901184	769799
14867359	937551
13016129	117486
13016130	117486
13097593	784427
13064423	781470
13072068	782167
14914337	940888
13064436	781471
13114522	785918
13102086	784796
14949995	943678
13102087	784797
13051355	780536
13051353	780536
13054743	780766
13097716	784441
13051352	780536
13010392	778014
12901045	769795
13078466	782772
13051350	780536
12913544	770682
13114541	785919
13648937	832543
13097717	784442
13010405	778015
13114545	785920
13097722	784443
13097725	784444
13097727	784445
13097659	496294
13064448	437068
13083834	783311
13083836	783312
19633272	545437
12934401	772036
12934399	772035
12934381	772033
12934380	772032
12934363	772030
12934322	772026
12934314	772024
12934297	772023
12934294	772022
12934293	772021
12934289	772019
12934288	772018
12934287	772017
12934198	772016
12991507	776476
12991506	776475
12991504	776473
12934189	772015
12934172	772014
12934147	772013
12934146	772012
12934144	772011
12991472	776464
12943615	772603
12991471	776463
12943611	772602
12991470	776462
12943608	772601
12991466	776461
12968925	774453
12991465	776460
12968924	774452
12968923	774452
12968922	774451
12968921	774451
12968920	774450
12968919	774450
12968918	774449
13001819	777292
12968917	774448
13093721	784151
12968915	774447
12968913	774446
12968900	774445
13001867	777294
13001868	777295
13001871	777296
13001879	777297
13001884	777298
13001896	777300
13001904	777301
13064483	781473
13001906	777302
13064485	781474
13001918	777303
13001925	777305
12913809	770692
13078491	782774
13001936	777306
15018330	949493
13097732	784447
13001937	777307
13001942	777308
13079700	783018
14277049	889472
13097733	784448
13102094	784798
13102095	784799
12901021	769794
13054164	780740
14262324	887420
12991633	7323
12991641	7324
12991650	776497
12943600	772598
13102107	784801
13102109	389102
12991676	776498
13026195	779049
12991692	776499
12991696	776500
13102069	784793
12991701	776502
12938254	772281
30111786	2767178
13050106	780455
33174025	3107974
13055164	780824
13025680	779025
13025679	779024
12947525	772907
13093219	784105
15112810	957052
13093222	784106
13102136	784802
13054150	780739
13021121	778666
13055161	780823
12901286	769806
12901284	769805
12901283	769804
12901276	769795
13146367	788565
15139027	959041
13001044	777251
30111787	2767179
13097742	784451
12943558	772596
12943545	772593
13097744	784452
13054803	780778
13021097	778664
13989009	862746
15163743	960920
15186839	962569
12991761	776508
12991765	776509
12991768	776510
13054140	780738
12991775	776511
12991781	776512
12991784	776513
12991790	776514
33190384	3109602
12952613	773330
12947508	772906
12991825	369674
12947502	772905
12934553	772046
13054711	780764
12963124	774012
13026220	779050
13035682	779675
13035688	779674
13026226	779051
13026232	779053
13026434	779059
13026240	779054
15207328	964077
15225158	965491
15242015	966687
13054690	780759
15255820	967789
15265991	941115
15272915	969294
19633834	256798
13054686	780758
15293605	591491
15295874	114799
25569535	2339019
15297120	486991
12991876	776521
33190385	3109603
15297524	497733
12991879	776523
15297912	414787
12941468	772453
12991892	776526
12991891	776525
15298347	963338
15578428	992998
12991895	776528
13206114	520731
12931451	771828
12931385	771826
15298698	207056
19634285	609776
15299915	971238
15301277	18189
15301649	935903
15301837	73782
19634418	526720
14823467	394481
14867367	937552
14914343	940889
14950008	943679
19633273	545440
14984138	946480
15018354	949494
15050745	952353
15085463	955134
15112848	957055
15139032	959042
15163751	960921
15186852	962570
12986405	776041
15207372	964078
12986404	776041
19633295	545551
13016189	778374
15225159	965492
13016193	778375
13016196	778376
15255822	967790
13016197	778377
13206121	712107
15265992	968640
13016204	778378
15272918	969295
13016207	778379
15279826	969909
27744460	2518772
15578434	992999
13146304	788556
15293606	505361
13064526	781475
15295875	327168
12941264	772437
12991899	776531
12941262	772436
15296481	557699
12991900	776532
12991902	776534
12991903	776535
15297121	498721
12991905	776536
12941225	772435
12991907	776537
12991908	776538
12991911	776539
15297525	424760
12991916	776540
12910923	770532
12910902	770530
15297913	569191
15298349	963436
12941145	772434
15298699	205129
13102239	784804
12901372	769813
13064540	781476
12901366	769812
15301278	17665
13016217	778380
15301650	220062
13016225	778381
15301838	141155
15302026	840733
15302205	188262
15302218	49384
15302369	735387
15302520	762456
15302664	693269
27749174	2519286
15302797	734642
15302925	535959
15303058	204120
25569637	2339030
27751023	2519587
15303172	179635
20685491	1592433
15303289	12838
15303457	238720
15303569	253424
15303667	556988
15303760	470384
15303862	659084
15304410	971386
12901342	769811
13206126	646654
13059921	781161
12901327	769810
19675940	845851
13206128	331067
19681728	1531696
12981141	775666
13989154	178894
12901300	769809
12901297	769807
12991924	776541
12981092	775664
12991927	776542
12991929	776544
12943502	772585
12981082	775663
14361122	755979
12943477	772582
12943470	772580
12981079	775662
12981077	775661
12981076	775660
12986151	776030
12981075	775659
12981071	775658
12957349	773571
12981069	775657
12957348	773571
14361124	140728
12981062	775656
12981048	775655
12981034	775653
12981033	775652
12981031	775651
12981029	775649
12981027	775648
14361125	110800
12981017	775647
13001060	777253
13001061	777254
12981008	775646
14361127	562116
12981007	775645
13195842	677623
13001069	777256
13001072	777256
15305541	971457
13001137	777260
13020726	778645
14361128	436105
13020724	778644
13034033	779579
13102272	784805
13035709	779676
13102275	784807
13102277	784809
12912280	770638
12912267	770637
13035713	779674
15305975	889202
12912262	125172
13035719	779677
15306067	460780
12912228	770636
12912211	770635
12912210	770632
13034018	779578
13068397	781843
12934779	772066
12934775	772065
12912196	770634
12934766	772064
14361129	230017
12934734	772061
25569808	258108
12934729	772060
12912181	770633
13035740	779678
12912156	770631
12912133	770630
13016339	778385
13016340	778386
13016341	778387
13068389	781842
13035745	779679
12912108	770629
12912092	770628
13016342	778388
13028546	779199
13016350	778390
13016369	778393
13035748	779680
13035753	779681
19684646	1531950
14361130	340954
14361131	710702
13055521	780852
12934903	772083
12934902	772082
12957345	773570
12943724	772625
12957343	773569
15306253	155381
12943713	772622
18423915	1438683
12943699	772621
33174027	3107975
18436045	1440104
13164710	789466
15599961	41340
12912081	770628
12912077	770628
19687398	126274
19688681	1532222
13035762	779683
13034016	779577
13010423	778017
12992121	776559
13010428	736499
12912064	770627
19689294	1532310
13010434	778019
13035799	779686
13035803	779687
13461780	816290
13035810	388424
13010440	778021
14361133	458075
19690296	1532376
14361137	182873
14361138	36547
12911984	770626
13010498	778031
13010462	778026
18391946	1435710
13010467	778027
12957333	773568
13010493	67432
13010507	778032
13155340	789046
33174028	3107976
13064633	781483
14361143	336834
13010531	778033
13010536	778035
13010539	778036
19633274	545448
13010544	778038
13010549	778038
14823540	934202
13071840	396719
13035909	779690
13132197	787379
13010577	778045
19633396	480840
14867369	937553
14914345	940890
13064638	781485
13059305	781112
12992970	776619
14950038	943680
12992945	776617
19633572	596269
14984139	946481
19633627	256946
15018359	949495
13034435	779606
13141390	788162
13146309	788557
12934860	772079
15050763	952354
27728509	2516492
13093971	784183
12934823	772076
12934818	772075
20685497	1592434
12934806	772071
13146313	788558
12943678	772618
15112857	957056
13055512	780851
12934788	772068
13014781	778307
13016449	778307
13016453	778403
30111798	2767180
13186402	790470
27749200	2519288
13016497	778407
13165764	789534
13016520	778408
13001159	777262
13001184	777263
13001186	777264
13016587	778409
15139033	959043
13016599	778410
13016603	778410
13082025	610786
13059762	781151
18423942	1438684
18436053	1440105
13059761	781150
13154819	788973
13146327	788560
13013179	778232
13013177	778231
12943675	772617
12901841	958469
12943673	772616
12943671	772614
12943656	772613
12984054	775889
12984053	775888
12943655	772612
12984051	775887
12984047	775886
12943650	772611
12943649	772610
13001237	777265
12943642	772609
12943641	772608
13146329	788560
18439873	1440884
13001282	777266
13001296	777267
13001300	777267
12982135	775729
13001312	777269
15207380	964079
13001347	777271
13001352	777271
13001369	73838
12901838	958457
13154829	788973
13137008	787733
12901844	958456
13001444	777273
13001445	777273
15225167	965493
13001479	777274
13001503	777275
13001505	777276
13001506	777277
13001510	777278
13001511	777278
13001558	777280
13054361	780744
13001564	777281
13137025	787735
13001565	777281
13001566	777281
15255824	967791
13001588	777282
13001589	777283
12992001	776545
12992012	776546
12992013	776547
12992080	776549
13001610	777284
12992081	776550
12992092	776552
12992095	776554
12992103	776555
12992107	776557
12992115	776558
13001630	777285
12992145	776563
13001631	777285
12992130	776560
14243569	361981
15265993	941190
12992144	776562
12992147	776564
12992149	776565
12992151	776566
12901721	769828
15272919	969296
13165775	789535
14105092	872877
12901623	769825
12901590	176109
15279828	969910
13075906	782490
13137040	787739
15287781	970535
14368032	899088
30111799	2767180
14313825	581880
15293608	343970
15295876	114804
15296482	622747
15297122	609490
15297526	326731
12912530	770647
12912527	770646
12901408	769819
12901403	769818
12901400	769817
12901383	769815
12992254	776571
14351829	358732
12912491	770645
12912487	770644
12912464	770643
12935357	772108
13165776	789536
15297914	312659
12935341	772107
13154852	788982
13001986	777311
13001996	777313
12992253	776570
12992255	776572
12992256	776573
15298352	824542
13165778	789537
15298701	579043
15299920	971240
13002033	777320
13002034	193284
12992284	776508
13002036	766141
12992285	776578
13002041	90915
13002042	342530
12935315	772106
15301279	17702
12935313	39023
15301651	24370
15301839	187652
12935300	772105
12935298	772104
12920529	771206
12920646	771215
12920644	771214
12920762	771226
12920828	771233
15302027	662428
13002077	777326
12901820	769847
12901810	769843
12901805	769841
12935277	772103
12935265	772102
12901742	769833
15302206	189606
15302370	406229
15302521	261024
15302665	278476
12901741	769832
12901731	769831
14823559	378761
12901730	769830
14867370	937554
13137050	787743
14914346	940891
13396438	143464
13137052	787744
13124754	786741
14431529	199695
13146437	788568
13002195	777343
13002257	777347
13137094	787745
14950041	943681
13150874	788829
12935200	772098
15050764	952355
13137135	787746
13137145	787747
30111800	2767180
13137147	787748
15112863	263792
13137155	787749
13165789	789539
15139035	959044
13002265	777349
13002304	777356
13137160	787751
13002312	777357
15163773	960923
13002315	777358
19633275	545452
12914072	770705
13002332	777361
13002334	777363
12935162	218780
13002338	777364
12935155	772095
19633365	632792
12914082	770707
12935145	772094
12914132	770708
19633422	667457
13137165	787753
13002364	777369
13002367	777370
13002370	777372
12914163	770709
13002384	777375
13002407	777378
15207408	296932
15225169	965494
13068143	781820
13002406	777377
13002431	777383
13002435	777384
13002442	777385
13002454	777387
13036140	779249
15242021	966690
12998403	777032
15255832	967792
13137175	787755
15265995	941233
13154855	788983
15272930	969297
15279829	969911
15578436	299733
25569565	2339020
13064572	781480
13016768	778413
13016769	778414
15293609	591490
15295877	288729
12935682	772157
13064566	781479
15296483	454409
12935675	772155
13737875	840648
25589705	2322884
13064564	781478
15297123	474526
12935639	772142
13064563	781477
15297527	471314
13020601	778636
13020604	778637
15297915	416054
13025261	778978
15298353	951719
13025262	768886
12935602	772137
13025263	745966
13025274	778691
13025264	778687
15929873	1059071
15298703	610657
13025266	778686
13025286	778624
13003779	60954
13010584	778048
15299921	971241
13025268	778682
15301280	17743
15301652	270791
13025269	778681
13025270	778456
13025271	778455
13025283	773390
13025272	778683
15301840	83925
13025273	778690
15302028	794906
13025275	778694
13150900	788833
13025276	778695
13025296	773103
15302207	132303
13025278	778223
15302371	247485
15302522	540504
15302666	212031
13025282	766077
13025284	773112
15302696	533269
13025285	774123
12941381	255422
15302798	533358
15302926	415781
15303060	96827
15303173	46962
15303291	848944
15303458	39762
15303570	696469
