27728471	1
27728472	2
27728473	2
27728474	3
27728475	4
27728476	2
27728477	2
27728478	2
27728479	2
27728480	2
27728481	2
27728482	2
27728483	2
27728484	2
27728485	2
27728486	2
27728487	2
27728488	2
27728489	2
27728490	5
27728491	6
27728492	7
27728493	7
27728494	8
27728495	8
27728496	9
27728497	9
27728498	5
27728500	4
27728501	4
30112303	2334
27728509	1
27728511	10
27728512	10
27728513	4
27728514	4
27728515	4
27728516	4
27728517	4
27728520	5
27728521	5
27728522	5
27728523	11
27728524	11
27728526	5
27728527	5
27728528	11
27728534	4
27728535	4
27728536	4
27728537	4
27728538	4
27728539	4
27728540	4
27728541	4
27728542	4
27728544	12
27728545	12
27728546	12
27728550	13
27728551	13
27728552	14
27728553	12
27728554	4
27728555	4
27728556	4
27728557	4
27728558	4
27728559	4
27728560	15
27728561	14
27728562	2
27728563	14
27728564	5
27728565	5
27728566	5
27728567	5
27728568	5
27728569	5
27728570	5
27728571	5
27728575	14
27728576	14
30112304	2334
27728578	14
27728580	14
27728581	14
27728582	7
27728583	7
27728584	7
27728585	7
27728586	7
27728587	7
27728588	14
27728589	11
27728590	11
27728591	11
27728592	11
27728593	11
27728594	11
27728595	11
27728596	11
27728597	11
27728598	11
27728599	11
27728600	11
27728601	11
27728602	15
27728603	14
27728604	14
27728605	14
27728606	4
27728607	4
27728608	4
27728609	4
27728610	4
27728611	4
27728612	4
27728613	4
27728614	4
27728615	4
27728616	4
27728617	4
27728618	4
27728619	4
27728620	4
27728621	4
27728624	5
27728625	5
27728626	5
27728627	5
27728628	5
27728629	5
27728630	5
27728633	9
27728634	9
27728635	9
27728636	9
27728637	9
27728638	11
27728639	11
27728640	11
27728641	11
27728642	11
27728643	11
27728644	11
27728645	11
27728646	11
27728647	11
27728648	11
27728649	11
27728650	11
27728651	11
27728652	11
27728653	11
27728654	11
27728655	11
27728656	11
27728657	11
27728658	11
27728659	11
27728660	15
27728661	16
27728662	16
27728663	16
27728664	16
27728665	16
27728666	16
27728667	16
27728668	16
27728669	16
27728670	16
27728671	16
27728672	16
27728673	16
27728674	16
27728675	16
27728676	16
27728677	16
27728678	16
27728679	16
27728680	16
27728681	16
27728682	16
27728683	16
27728684	16
27728685	16
27728686	16
27728687	16
27728688	16
27728689	16
27728690	16
27728691	16
27728692	16
27728693	16
27728694	16
27728695	16
27728696	16
27728697	16
27728698	16
27728699	16
27728700	16
27728701	16
27728702	16
27728703	16
27728704	16
27728705	16
27728706	16
27728707	16
27728708	16
27728709	16
27728710	16
27728712	16
27728713	16
27728714	16
27728715	16
27728716	16
27728717	16
27728718	16
27728719	16
27728720	16
27728721	16
27728722	16
27728723	16
27728724	16
27728725	16
27728726	16
27728727	16
27728728	16
27728729	16
27728730	16
27728731	16
27728732	16
27728733	16
27728734	16
27728735	16
27728736	16
27728737	16
27728738	16
27728739	16
27728740	16
27728741	16
27728742	16
27728743	16
27728744	16
27728745	16
27728746	16
27728747	16
27728748	16
27728749	12
27728750	12
27728751	12
27728753	15
27728754	15
27728755	15
27728756	15
27728778	17
27728779	10
27728780	10
27728781	10
27728782	10
27728783	10
27728784	10
27728785	10
27728786	10
27728787	15
27728788	15
27728789	15
27728790	15
27728791	15
27728792	15
27728793	4
27728794	4
27728795	4
27728796	4
27728797	4
27728798	4
27728799	4
27728800	4
27728801	4
27728802	4
27728803	4
27728804	4
27728805	4
27728806	4
27728807	4
27728808	11
27728809	11
27728810	11
27728811	11
27728812	11
27728813	11
27728814	11
27728815	11
27728816	11
27728817	11
27728818	11
27728819	11
27728820	11
27728821	11
27728822	11
27728823	11
27728824	11
27728825	11
27728826	11
27728827	11
27728834	5
27728835	5
27728836	5
27728837	5
27728838	5
27728839	5
27728840	18
27728841	18
27728842	18
27728843	18
27728844	18
27728845	18
27728846	11
30112305	2334
27728849	20
27728853	4
27728854	4
27728855	4
27728856	4
27728857	4
27728858	4
27728859	4
27728860	4
27728861	4
27728862	4
27728863	4
27728864	4
27728865	4
27728866	4
27728867	4
27728868	4
27728869	4
27728876	12
27728877	12
27728878	12
27728879	12
27728880	20
27728881	20
27728882	20
27728883	20
27728884	20
27728885	20
27728886	20
27728887	20
27728888	20
27728889	20
27728890	20
27728891	20
27728892	20
27728893	20
27728894	20
27728904	12
27728905	20
27728906	20
27728907	20
27728908	20
27728909	20
27728910	20
27728911	20
27728912	20
27728913	20
27728914	20
27728915	20
27728916	20
27728917	20
27728918	20
27728919	20
27728920	21
27728921	21
27728922	4
27728923	4
27728924	4
27728925	4
27728926	4
27728927	4
27728928	4
27728929	4
27728930	4
27728931	4
27728932	4
27728933	4
27728934	4
30112306	2334
30112307	2334
27728938	21
27728939	21
27728940	21
27728948	3
27728951	6
30112308	2334
30176593	2378
30232548	585
30232549	585
30232550	585
30232552	585
30232553	585
30232554	585
30233994	273
27728966	23
27728967	23
27728968	23
27728969	23
27728970	23
27728971	23
27728972	23
27728973	23
27728974	23
27728975	23
27728976	23
27728977	23
27728978	23
27728979	23
27728980	23
27728981	23
27728982	23
27728983	23
27728984	23
27728985	23
27728986	23
27728987	23
27728988	23
27728989	23
27728990	23
27728991	23
27728992	23
27728993	23
27728994	23
27728995	23
27728996	23
27728997	23
27728998	23
27728999	23
27729000	23
27729001	23
27729002	23
27729003	23
27729004	23
27729005	23
27729006	23
27729007	23
27729008	23
27729009	23
27729010	23
27729011	23
27729012	24
27728965	2041
27729013	24
27729014	24
27729015	24
27729016	24
27729017	24
27729018	24
27729019	24
27729020	24
27729023	25
27729024	25
27729025	25
27729026	25
27729027	26
27729028	26
27729029	26
27729030	4
27729031	4
27729032	4
27729033	4
27729034	4
27729035	4
27729036	4
27729037	4
27729038	4
27729039	4
27729040	4
27729041	4
27729042	4
27729043	4
27729044	4
27729045	4
27729046	4
27729047	4
27729048	4
27729049	4
27729050	4
27729051	4
27729052	4
27729053	25
27729054	27
27729055	27
27729056	27
27729057	27
27729058	27
27729059	27
27729060	27
27729061	27
27729062	27
27729063	28
27729070	28
27729079	29
27729080	29
27729081	29
27729082	29
27729083	29
27729084	29
27729085	29
27729086	29
27729087	29
27729088	29
27729089	29
27729090	29
27729091	29
27729095	12
27729096	12
27729097	12
27729098	12
27729099	30
27729100	30
27729104	26
27729105	26
27729106	26
27729107	26
27729108	26
27729109	26
27729110	26
27729111	26
27729112	26
27729113	26
27729114	26
27729115	26
27729116	26
27729117	26
27729118	26
27729119	26
27729120	26
30112318	2334
27729124	32
27729125	32
27729126	32
27729127	32
27729128	32
27729129	32
27729130	32
27729135	27
27729136	27
27729137	27
27729138	27
27729139	27
27729140	33
27729141	33
27729142	33
30176596	2390
30232579	1718
30234114	1718
30430886	246
30520347	2567
30547256	2577
30547257	2577
30547258	2577
30547259	2577
30547260	2577
27729154	34
27729155	34
27729156	34
27729162	35
27729163	35
27729164	35
27729165	35
27729166	35
27729167	35
27729168	35
27729171	33
27729177	33
27729178	4
27729180	4
27729181	4
27729182	4
27729183	4
27729184	4
27729185	4
27729186	4
27729187	4
27729188	4
27729189	4
27729190	4
27729191	4
27729192	4
27729193	4
27729194	4
27729195	4
27729196	4
27729197	4
27729198	4
27729199	4
27729200	4
27729201	4
27729202	4
27729203	4
27729204	4
27729205	4
27729206	4
27729207	4
27729208	4
27729209	4
27729211	4
27729212	4
27729213	4
27729214	4
27729215	33
27729217	35
27729218	35
27729219	35
27729220	35
27729221	35
27729222	35
27729224	33
27729226	26
27729227	26
27729228	26
27729229	26
27729230	26
27729231	26
27729235	33
27729237	33
30547261	2577
30547262	2577
30547263	2577
30547264	2577
30547265	2577
30547266	2577
30547267	2577
30556563	260
30558798	28
30560485	1989
30588975	2061
27729253	37
27729254	37
27729270	38
27729275	39
27729276	39
27729277	39
27729278	39
27729279	39
27729280	39
27729281	39
27729326	38
27729327	38
27729328	38
27729329	38
27729330	38
27729331	38
27729332	38
27729333	38
27729334	38
27729335	38
27729336	38
27729337	38
27729338	38
27729344	40
27729345	40
27729346	40
27729347	40
27729348	40
27729349	40
27729351	41
27729352	41
27729353	41
27729354	41
27729355	41
27729356	41
27729358	42
27729359	42
27729360	42
27729361	42
27729362	42
27729380	27
30113617	2335
30113621	2335
30114112	2336
30114113	2336
30114114	2336
30114115	2336
30114296	2337
30114297	2337
30114298	2337
30114299	2337
30114300	2337
30115689	1357
30116302	2337
30121753	2347
30176601	2396
30232592	246
30234251	273
30431600	2526
30432433	241
30432434	242
30432639	2527
30432640	2527
30432641	2527
30432642	2527
30432643	2527
30432644	2527
30432645	2527
30432646	2527
30432647	2527
30432648	2527
30432649	2527
30432650	2527
30432651	2527
30432652	2527
30432653	2527
30432654	2527
30432655	2527
30432656	2527
30432657	2527
30432658	2527
30432659	2527
30432660	2527
30432661	2527
30432677	2528
30432678	2528
30432679	2528
30432680	2528
30435291	2529
30435292	2529
30435293	2529
30435294	2529
30435295	2529
30435296	2529
30435297	2529
30435298	2529
30435299	2529
30435300	2529
30435301	2529
30435302	2529
30435303	2529
30435304	2529
30435305	2529
30435306	2529
30435307	2529
30435308	2529
30435309	2529
30435310	2529
30435311	2529
30435312	2529
30435313	2529
30435314	2529
30435315	2529
30435316	2529
30435317	2529
30435318	2529
30435319	2529
30435320	2529
30520354	2567
30547572	2519
29254481	2567
28663887	2567
28663884	2567
28663883	2567
28663881	2567
28663871	2567
28663647	2567
28663609	2567
28663603	2567
28663594	2567
28663591	2567
28443367	2567
28443359	2567
28443358	2567
30548590	2578
30548598	2578
30556566	260
30560117	2581
30560118	2581
30560119	2581
30560486	1989
30588976	2061
30588977	2061
30588978	2061
30588979	2061
30588980	2061
30588981	2061
30588982	2061
30863077	2674
30903539	260
30918791	2680
30923275	2567
30973094	2721
30973095	2721
30973096	2721
30973097	2721
30973098	2721
30973099	2721
30973100	2721
30989401	2728
30996806	2729
30996807	2729
31010325	227
31010326	227
31010327	227
31010328	227
31010329	227
31010330	227
31014718	1085
31028621	227
31028624	227
31028625	227
31028626	227
31038551	260
31039424	2744
31039425	2744
31039426	2744
31057118	2775
33174999	3117
31061241	2786
31075027	2567
31083804	2467
31092793	2798
31097720	451
31117750	2802
31117751	2802
31117752	2802
31117753	2802
31117754	2802
31117755	2802
31117756	2802
31117757	2802
31132063	2808
31142054	2732
31170399	2722
31178380	2492
31178381	2492
31178382	2492
31184284	2822
31191834	2632
31196580	2567
31217662	2197
31248293	584
31258892	2567
31258980	2567
31258983	2567
31259135	2567
31260158	2836
31265226	227
31302523	12
31395598	169
31329611	169
31481767	2871
31500328	1950
31578492	752
31610523	2071
31635986	2897
31647268	2899
31686586	2029
31686587	2030
31726650	2916
31744877	397
31804844	2930
31831625	2935
31849936	227
31868697	2937
31889064	2937
31906718	2953
31927723	227
31958994	1286
31992667	227
32015813	981
32040965	2531
32049828	2836
32068198	527
32091290	210
32105720	2235
32125432	2693
32177579	718
32194378	1953
32195779	3011
32204021	3014
32205477	3015
32208194	226
32210690	3017
32210691	3017
32210692	3017
32210693	3017
32210694	3017
32210695	3017
32210696	3017
32210697	3017
32210698	3017
32211514	3018
32218252	1200
32220192	1666
32234672	2972
32239402	1028
32242540	523
32253315	1258
32260673	3027
32266528	1997
32279846	1017
32282009	3031
32290790	3032
32290791	3032
27729381	27
27729383	43
27729384	43
27729385	43
27729386	43
27729388	44
27729389	44
27729390	8
27729391	8
27729392	8
27729393	8
27729431	8
27729434	45
27729435	45
27729436	45
27729437	45
27729438	45
27729439	45
27729441	45
27729442	45
27729443	45
27729444	45
30113681	2335
30114339	2337
30114340	2337
30116307	2338
30116308	2338
30116309	2338
30116310	2338
30116311	2338
30116312	2338
30116313	2338
30121765	2347
30121766	2347
30121767	2347
30121768	2347
30121769	2347
30121770	2347
30121771	2347
30121772	2347
30233016	2417
30234455	273
30431601	2526
30435321	2526
30520355	2567
30548593	2578
30548623	2578
30556575	260
30560487	1989
30589114	2061
30589115	2061
30589116	2061
30589117	2061
30589118	2061
30589119	2061
30589120	2061
30589121	2061
30589122	2061
30863090	2674
30903540	260
30918846	260
30923279	2567
30923283	2567
30923305	2567
30974686	2197
30989403	227
30989404	227
30989405	227
30989406	227
30989407	227
30989408	227
30989409	227
30996812	2729
31010401	260
31014872	2567
31014884	2567
31014958	2567
31028891	2740
31028892	2740
31028893	2740
31028894	2740
31028895	2740
31028896	2740
31039497	2031
31057121	2775
31061242	2786
31075306	715
31084327	227
31092796	2798
31097821	544
31120863	1363
31132072	2808
31142187	2732
31170416	2722
31170910	2676
31184301	2822
