4	287435
152	154920
153	154927
256	55827
261	155570
262	155571
263	155573
264	155574
295	7446
33174445	17786296
301	159096
348	164938
349	164939
350	164940
351	164939
374	157033
451	157582
25569640	15675036
25569642	12957552
454	157586
524	5344
526	5336
553	96251
591	152635
592	152636
593	152637
750	154106
803	6058
900	4716
906	4729
1043	167505
1044	167506
1045	167507
20242660	14360172
1047	167509
19079029	3033825
1049	167511
15464523	8723190
1052	167514
1053	167521
1056	21716
1058	21717
1060	160666
1061	21720
1063	21719
1065	21718
1067	170647
1069	160667
1071	21721
1073	160668
1080	160570
1081	21614
1085	21616
1089	21618
1092	160572
1093	160573
1094	160574
1112	158365
1113	158366
1114	158367
1115	158368
1116	158369
1117	158370
1118	158371
1119	158372
1120	158373
1121	158374
1122	158375
1123	158376
1124	158377
1125	158378
452	13550253
1386	6061
1388	6063
1414	4867
1488	21657
1490	160593
1491	160592
1504	160594
1513	160595
1516	160596
1517	160591
1559	419529
1560	419530
1561	161912
1638	160618
1683	21659
1751	173906
1759	21541
1761	21542
1763	160508
1765	21543
1767	21544
1769	160510
1770	160511
1804	106149
1810	118475
1811	118477
1812	118471
1852	21160
1854	120947
1855	120949
1856	120950
1857	120952
1858	120953
1859	120955
1860	120956
1861	120958
1862	120959
1863	120960
1864	120962
1865	120963
1866	120964
1937	155412
1983	578
2023	167262
2222	10788
2223	12390
2224	12390
2226	12389
2227	10790
2228	12391
2231	12394
2273	14018
2274	14021
33174445	17786297
2336	164723
2374	173810
2421	179477
2565	178336
2711	168453
2834	447
2857	183846
2858	183858
2958	158941
2959	154397
2987	164187
3126	185497
3127	185498
3128	185499
3129	185500
3130	185501
3131	185502
3132	185503
3133	185504
3134	185505
3135	185506
3151	21595
3932	14214985
3154	160556
3155	160554
3156	160555
3157	160558
3232	1069
3248	1108
3262	1121
3331	192710
3332	192720
3333	192728
3334	192729
3335	192730
3336	192731
3337	192738
3338	192740
3407	192910
3408	192911
3409	192915
3412	1069
3415	192911
3510	157596
3511	157608
3700	16418
3701	16419
3702	16420
3705	16421
3710	16425
3715	16423
3716	16430
3717	16433
3718	16434
3731	20795
3732	20792
3733	20797
3734	20800
3735	20796
3736	20801
3737	20793
3738	20799
3739	20798
3748	19108
3750	19110
3753	19114
3754	19115
3757	19117
3758	160590
3760	160588
3761	160588
3830	206844
3831	206844
3849	206841
3886	160587
33174445	17786298
3934	22499
3935	22500
3936	22501
3937	22502
3938	22503
3939	22504
3940	22505
3941	22506
3942	22507
3945	153227
3977	134851
3978	134851
3979	134852
3980	134852
3981	134853
3982	134853
3983	134854
3984	134854
3985	134855
3986	134855
3987	134856
1353	413096
297	14941547
3988	134856
3989	134857
3990	134857
3991	134858
3992	134858
3993	134859
3994	134859
3995	134860
3996	134860
3997	134861
3998	134861
3999	134862
4000	134862
4001	134863
4002	134863
4005	166054
4006	166055
4007	166056
4008	166057
15464524	6098861
4010	166059
4011	166060
4012	166061
4013	166062
4014	166063
4015	166064
4016	166065
4017	166066
19079030	3033825
1064745	2332603
4021	187528
4022	187528
4023	187529
4024	187529
4025	187530
4026	187530
17862034	11701849
17864317	7656148
33174445	17786299
33174445	17786300
33174445	17399545
33174445	17786301
4033	187534
4034	187534
4035	187535
4036	187535
4037	187536
4038	187536
4039	187537
4040	187537
4041	187538
4042	187538
4043	187539
4044	187539
4045	187540
4046	187540
4047	187541
4048	187541
4050	187576
4051	187576
4052	187577
4053	187577
4054	187578
4055	187578
4056	187579
4057	187579
4058	434344
4059	434344
4060	187581
4061	187581
4062	187582
4063	187582
4064	187583
4065	187583
4066	187584
4067	187584
4068	187585
4069	187585
4070	187586
4071	187586
4072	187587
4073	187587
4074	187588
4075	187588
4076	187589
4077	187589
4078	187590
4079	187590
4094	6802617
4095	6802617
4096	144766
4097	144766
4098	8371131
4099	8371131
4100	144768
4101	144768
4102	144769
4103	144769
4104	144770
4105	144770
4106	144771
4107	144771
4108	144772
4109	144772
4110	146097
4111	146097
4112	144774
4113	144774
4114	144775
4115	144775
4118	145188
4119	145188
4120	145189
4121	145189
4122	145190
4169	146443
4123	145190
4124	145191
4125	145191
4126	145192
4127	145192
4128	145193
4129	145193
4130	145194
4131	145194
4132	145195
4133	145195
4134	145196
4135	145196
4136	145197
4137	145197
4138	145198
4139	145198
4140	145199
4141	145199
4142	145199
4143	145199
4144	145200
4145	145200
4146	145201
4147	145201
4148	145202
4149	145202
4151	146434
4152	146434
4153	146435
4154	146435
4155	146436
4156	146436
4157	146437
4158	146437
4159	146438
4160	146438
4161	146439
4162	146439
4163	146440
4164	146440
4165	146441
4166	146441
4167	146442
4168	146442
4170	146443
4171	146444
4172	146444
4173	146445
4174	146445
4175	146446
4176	146446
4177	146447
4178	146447
4179	146448
4180	146448
4181	146449
4182	146449
4183	146450
4184	146450
4185	146451
4186	146451
22171468	14875451
22303070	478979
4196	439759
4197	439759
30111882	17067771
30111882	17067772
4198	670766
4199	670766
4200	251558
4201	251558
16733871	6737631
16737019	13281582
4204	21990
4205	21990
4206	21991
4207	21991
4208	21992
4209	21992
4210	21993
4211	21993
4223	278860
4224	278860
4225	278859
4226	278859
4227	2983108
4228	2983108
4229	163126
4230	163126
4259	172261
4260	172261
4261	172262
4262	172262
4263	172263
4264	172263
4265	172264
4266	172264
4267	172265
4268	172265
4269	172266
4270	172266
4271	172267
4272	172267
4273	172268
4274	172268
4188	14941515
4189	14941515
4275	172269
4276	172269
4277	172270
4278	172270
4279	172271
4280	172271
4281	172272
4282	172272
4283	172273
4284	172273
4285	172274
4286	172274
4287	172275
4288	172275
4330	210609
4331	210609
4332	210610
4333	210610
4334	210611
4335	210611
33174445	17786302
33174445	17786303
4338	210613
4339	210613
4340	210614
4341	210614
4342	210615
4343	210615
4344	210616
4345	210616
4346	210617
4347	210617
4348	210618
4349	210618
4350	210619
4351	210619
4352	210620
4353	210620
4354	210621
4355	210621
4356	210622
4357	210622
4358	210623
4359	210623
4360	210624
4361	210624
30111882	17067773
30556339	8346887
4364	210626
4365	210626
4424	140715
4425	140715
4426	140716
4427	140716
4428	140717
4429	140717
4430	140718
4431	140718
4432	140719
4433	140719
4434	140720
4435	140720
4436	140721
4437	140721
4438	140722
4439	140722
4440	140723
4441	140723
4442	140724
4443	140724
4444	140725
4445	140725
4446	140726
4447	140726
4448	140727
4449	140727
4450	140728
4451	140728
4453	64134
4454	64134
4455	64135
4456	64135
4457	64136
4458	64136
4459	64137
4460	64137
4461	64138
4462	64138
4463	64139
4464	64139
4465	64140
4466	64140
4467	64141
4468	64141
4469	64142
4470	64142
4471	64143
4472	64143
4473	64144
4474	64144
4475	64145
4476	64145
4477	64146
4478	64146
4479	64147
4480	64147
4481	64148
4482	64148
4487	1656
4488	1656
4489	1657
4490	1657
4491	1658
4492	1658
4493	1659
4494	1659
4495	1394601
4496	1394601
4497	1661
4498	1661
4499	1662
4500	1662
4501	1663
4502	1663
4503	1664
4504	1664
4505	1665
4506	1665
4507	1666
4508	1666
4509	1667
4510	1667
4511	849032
4512	849032
4513	1669
4514	1669
4652	213445
4655	213449
4656	213449
4657	213450
4658	213450
4659	213451
4660	213451
4661	213452
4662	213452
4663	213453
4664	213453
4665	213454
4666	213454
4667	213455
4668	213455
20242660	14360173
27728766	15935557
4671	213457
4672	213457
4673	213458
4674	213458
4675	213459
4676	213459
4690	213559
4691	213560
4692	213561
4693	213562
4694	213563
4695	213564
4696	213565
4697	213566
4707	249242
4708	249242
4709	213726
4710	213726
4711	213727
4712	213727
4713	213728
4714	213728
4715	213729
4716	213729
4717	213730
4718	213730
15464525	8723191
15467332	12885502
16733872	12898177
16737020	13281567
4723	213733
4724	213733
4725	213734
4726	213734
4727	213735
4728	213735
4729	213736
4730	213736
4337	175840
4336	175840
19079043	1158060
4722	14448941
4735	213739
4736	213739
4737	213740
4738	213740
4739	213741
4740	213741
4741	213742
4742	213742
4763	156210
4764	156211
4765	156212
4766	156213
4767	156214
4768	156215
4769	156216
4770	156217
4771	156218
4772	156219
4773	156220
4774	156221
4775	3891237
27728766	15901635
4783	98123
4784	98123
4785	98124
4786	98124
4787	98125
4788	98125
4789	98126
4790	98126
4791	469442
4792	469442
4793	98128
4794	98128
4795	98129
4796	98129
4799	98131
4800	98131
4801	98132
4802	98132
4803	98133
4804	98133
4805	98134
4806	98134
4807	98135
4808	98135
4809	55843
4810	55843
4811	98137
4812	98137
4813	98138
4814	98138
4817	80330
4818	80330
4819	98141
4820	98141
4821	98142
4822	98142
15578401	2091993
15579631	1993100
4869	80085
4870	80085
4871	80086
4872	80086
4873	80087
4874	80087
4875	80088
4876	80088
4877	80089
4878	80089
4879	80090
4880	80090
4881	80091
4882	80091
4883	80092
4884	80092
4885	80093
4886	80093
4887	80094
4888	80094
4889	80095
4890	80095
4892	159167
4893	159167
4894	159168
4895	159168
15464527	6098918
15467341	4362589
4898	159170
4899	159170
20242660	14360174
27728766	15935558
4904	159173
4905	159173
4906	159174
4907	159174
4908	207012
4909	207012
4912	1195297
4913	1195297
4914	159178
4915	159178
4916	1226786
4917	1226786
4918	207017
4919	207017
4920	159181
4921	159181
4922	159182
4923	159182
4924	164427
4925	164427
4926	207021
4927	207021
4928	207022
4929	207022
4933	237065
4934	237065
4935	561587
4936	561587
4937	221921
4938	221921
4939	188875
4940	188875
17862038	3839702
17862038	3839706
4945	188877
4946	188877
4947	188878
4948	188878
4949	188879
4950	188879
4953	188880
4954	188880
4955	163062
4956	163062
33174445	17786304
33174445	17786305
4960	188883
4961	188883
4963	342699
4964	342699
4965	188885
4966	188885
4968	842400
4969	842400
5016	547418
5017	547418
5020	161640
5021	161640
5024	188889
5025	188889
5026	18917
5027	18917
30556340	11901609
30556574	11901590
5030	18919
5031	18919
5032	18920
5033	18920
5034	18921
5035	18921
5036	18922
5037	18922
5038	21126
5039	21126
5040	15999
5041	15999
5042	18923
5043	18923
5044	18924
5045	18924
5046	18925
5047	18925
5048	18926
5049	18926
5050	16000
5051	16000
5052	18927
5053	18927
5054	18928
5055	18928
5056	18929
5057	18929
5059	152781
5060	152781
5061	560977
5062	560977
5063	152783
5064	152783
5065	170605
5066	170605
5067	152785
5068	152785
5069	152786
5070	152786
5071	152787
5072	152787
5073	152788
5074	152788
5075	152789
5076	152789
5077	152790
5078	152790
5079	152791
5080	152791
5081	152792
5082	152792
5083	8546159
5084	8546159
5087	284833
5088	284833
5089	152796
5090	152796
19079045	1158060
27728766	15901634
5094	152798
5095	152798
5130	154818
5131	154818
5132	190086
5133	190086
5134	384693
5135	384693
5136	154821
5137	154821
5138	154822
5139	154822
5140	154823
5141	154823
5142	576108
5143	576108
5144	405609
5145	405609
5146	154826
5147	154826
5085	2968101
5086	2968101
5152	154829
5153	154829
5154	154830
5155	154830
5160	209227
5161	209227
5162	209228
5163	209228
5164	209229
5165	209229
5166	209230
4902	8989264
4903	8989264
4797	9289160
4798	9289160
5167	209230
5168	209231
5169	209231
5170	209232
5171	209232
5172	209233
5173	209233
5174	209234
5175	209234
5176	209235
5177	209235
5178	209236
5179	209236
5180	209237
5181	209237
5182	209238
5183	209238
5184	209239
5185	209239
5186	209240
5187	209240
5188	209241
5189	209241
5190	209242
5191	209242
5192	209243
5193	209243
5297	34170
5298	34170
5299	34171
5300	34171
5301	34180
5302	34180
5303	34172
5304	34172
5305	34173
5306	34173
5307	34174
5308	34174
5309	34175
5310	34175
5311	34176
5312	34176
5313	34177
5314	34177
5315	34178
5316	34178
5317	34179
5318	34179
5341	21126
5342	21126
5343	160873
5344	160873
5345	164205
5346	164205
5347	164206
5348	164206
5349	1054952
5350	1054952
5351	164208
5352	164208
5353	164209
5354	164209
5355	164210
5356	164210
5357	164211
5358	164211
5359	164212
5360	164212
5361	164213
5362	164213
5363	164214
5364	164214
5365	164215
5366	164215
5367	164216
5368	164216
5371	189888
5372	189888
20242660	14360175
20242660	14360176
5375	164220
5376	164220
5377	187537
5378	187538
5379	187538
5380	187539
5381	187539
5382	187540
5383	187540
5384	187541
5385	187541
5389	137839
5390	137840
5391	137841
5392	137842
5393	137843
5394	137843
5395	137844
15578402	2091994
15579640	9495001
5409	156596
5410	156596
