22170968	83
22170969	134
22170970	3
22170971	29
22170972	109
22170973	24
22170974	71
22170975	121
22170976	253
22170977	2
22170978	51
22170979	47
22170980	163
22170981	122
22170982	201
22170983	96
22170984	150
22170985	236
22170986	4
22170987	103
22170988	160
22170989	164
22170990	105
22170991	119
22170992	202
22170993	110
22170994	230
22170995	146
22170996	7
22170997	59
22170998	73
22170999	128
22171000	208
22171001	14
22171002	25
22171003	213
22171004	214
22171005	36
22171006	23
22171007	153
22171008	139
22171009	45
22171010	130
22171011	56
22171012	144
22171013	179
22171014	245
22171015	82
22171016	114
22171017	148
22171018	247
22171019	250
22171020	171
22171021	225
22171022	33
22171023	77
22171024	89
22171025	197
22171026	259
22171027	176
22171028	168
22171029	182
22171030	145
22171031	124
22171032	92
22171033	21
22171034	27
22171035	155
22171036	116
22171037	42
22171038	75
22171039	241
22171040	22
22171041	62
22171042	113
22171043	166
22171044	216
22171045	48
22171046	167
22171047	32
22171048	249
22171049	228
22171050	140
22171051	13
22171052	143
22171053	196
22171054	34
22171055	85
22171056	199
22171057	159
22171058	43
22171059	191
22171060	65
22171061	195
22171062	170
22171063	205
22171064	30
22171065	231
22171066	15
22171067	222
22171068	80
22171069	256
22171070	156
22171071	244
22171072	209
22171073	1
22171074	66
22171075	129
22171076	93
22171077	169
22171078	215
22171079	102
22171080	104
22171081	255
22171082	40
22171083	5
22171084	232
22171085	181
22170845	260
22170846	112
22170847	61
22170848	193
22170849	212
22170850	41
22170851	136
22170852	224
22170853	152
22170854	178
22170855	258
22170856	46
22170857	35
22170858	123
22170859	87
22170860	147
22170861	162
22170862	60
22170863	190
22170864	12
22170865	86
22170866	188
22170867	76
22170868	125
22170869	44
22170870	132
22170871	174
22170872	90
22170873	99
22170874	165
22170875	11
22170876	149
22170877	192
22170878	218
22170879	207
22170880	52
22170881	67
22170882	115
22170883	198
22170884	221
22170885	20
22170886	64
22170887	126
22170888	6
22170889	242
22170890	31
22170891	240
22170892	26
22170893	226
22170894	55
22170895	88
22170896	108
22170897	137
22170898	68
22170899	57
22170900	120
22170901	175
22170902	180
22170903	187
22170904	254
22170905	95
22170906	69
22170907	101
22170908	8
22170909	17
22170910	39
22170911	54
22170912	211
22170913	233
22170914	257
22170915	9
22170916	111
22170917	157
22170918	220
22170919	63
22170920	206
22170921	117
22170922	138
22170923	200
22170924	131
22170925	223
22170926	194
22170927	234
22170928	19
22170929	251
22170930	189
22170931	248
22170932	183
22170933	94
22170934	243
22170935	133
22170936	173
22170937	58
22170938	141
22170939	219
22170940	100
22170941	28
22170942	118
22170943	154
22170944	235
22170945	38
22170946	70
22170947	18
22170948	184
22170949	204
22170950	49
22170951	135
22170952	161
22170953	127
22170954	227
22170955	106
22170956	210
22170957	237
22170958	217
22170959	151
22170960	72
22170961	238
22170962	97
22170963	186
22170964	229
22170965	142
22170966	177
22170967	107
22170829	79
22170830	53
22170831	91
22170832	252
22170833	50
22170834	98
22170835	185
22170836	10
22170837	158
22170838	37
22170839	84
22170840	16
22170841	203
22170842	172
22170843	81
22170844	78
22171142	107
22171187	2
22171188	9
22171192	5
22171193	1
22171194	1
22171198	1
22171199	220
22171213	4
22171215	6
22171222	10
22171226	11
22171228	14
22171246	15
22171247	12
22171248	13
22171270	21
22171277	18
22171278	19
22171279	27
22171281	33
22171283	34
22171289	17
22171291	35
22171293	23
22171297	26
22171298	32
22171300	30
22171302	16
22171304	25
22171307	28
22171308	20
22171311	38
22171312	22
22171315	44
22171317	43
22171320	43
22171324	52
22171327	112
22171328	113
22171330	110
22171336	115
22171338	111
22171339	114
22171346	109
22171347	109
22171350	36
22171351	36
22171354	36
22171378	47
22171391	203
22171409	57
22171426	68
22171485	66
22171493	194
22171497	194
22171498	194
22171507	67
22171510	62
22171513	188
22171514	202
22171517	243
22171528	243
22171529	243
22171534	242
22171535	151
22171537	244
22171542	235
22171544	245
22171555	238
22171556	238
22171557	238
22171559	237
22171560	234
22171563	226
22171578	229
22171580	228
22171583	227
22171594	225
22171595	224
22171596	222
22171597	218
22171599	219
22171616	205
22171617	205
22171621	217
22171623	207
22171635	212
22171642	214
22171644	211
22171647	81
22171649	213
22171656	209
22171659	215
22171661	206
22171663	208
22171664	208
22171665	208
22171667	208
22171677	176
22171678	175
22171684	166
22171687	171
22171688	170
22171707	167
22171722	160
22171723	150
22171727	149
22171729	149
22171732	138
22171737	146
22171741	142
22171752	132
22171772	124
22171773	116
22171782	106
22171785	108
22171795	195
22171801	99
22171802	252
22171803	252
22171805	100
22171809	103
22171812	104
22171830	102
22171831	102
22171834	101
22171835	117
22171836	101
22171848	98
22171871	105
22171873	105
22171875	105
22171907	93
22171924	113
22171927	112
22171981	112
22171982	113
22171984	113
22171985	112
22171997	101
22172000	101
22172003	228
22172005	113
22172008	228
22172016	112
22172017	26
22172020	26
22172023	26
22172032	207
22172035	207
22172036	207
22172038	140
22172041	140
22172049	140
22172071	126
22172078	126
22172157	126
22172178	116
22172182	116
22172186	95
22172189	97
22172201	79
22172207	90
22172215	84
22172218	89
22172222	91
22172225	88
22172226	88
22172232	92
22172243	83
22172246	83
22172249	78
22172252	86
22172259	82
22172347	80
22172349	80
22172351	80
22173112	73
22173125	253
22173132	253
22173137	253
22173142	72
22173148	3
22173159	153
22173160	153
22173161	153
22173173	210
22173188	221
22178645	243
22179320	229
22179382	229
22179383	229
22303479	3304
22305550	5056
22180136	243
22180140	243
22180678	221
22305551	5056
22192261	244
22198725	261
22198727	261
22198729	261
22198730	222
22198730	261
22198733	262
22198735	262
22198736	262
22198742	222
22198742	262
22198743	263
22198745	263
22198746	263
22198748	222
22198748	263
22198749	264
22198751	264
22198752	264
22198753	222
22198753	264
22198756	265
22198771	265
22198774	265
22198775	222
22198775	265
22198776	266
22198777	266
22198781	266
22198783	222
22198783	266
22198786	267
22198789	267
22198792	267
22198793	222
22198793	267
22198795	268
22198796	268
22198797	268
22198799	222
22198799	268
22198801	269
22198803	269
22198806	269
22198814	222
22198814	269
22198815	270
22198816	270
22198818	270
22198820	222
22198820	270
22198822	271
22198825	271
22198826	271
22198833	222
22198833	271
22198834	272
22198835	272
22198836	272
22198837	222
22198837	272
22198839	273
22198840	273
22198847	273
22198851	222
22198851	273
22198852	274
22198854	274
22198855	274
22198856	222
22198856	274
22198858	275
22198859	275
22198861	275
22198862	222
22198862	275
22198864	276
22198866	276
22198868	276
22198870	222
22198870	276
22198871	277
22198873	277
22198875	277
22198876	222
22198876	277
22198879	278
22198881	278
22198884	278
22198885	222
22198885	278
22198887	279
22198891	279
22198894	279
22198896	222
22198896	279
22198898	280
22198901	280
22198903	280
22198904	222
22198904	280
22198906	281
22198907	281
22198909	281
22198912	222
22198912	281
22198914	282
22198917	282
22198918	282
22198920	222
22198920	282
22198922	283
22198924	283
22198926	283
22198928	222
22198928	283
22198929	284
22198936	284
22198939	284
22198941	222
22198941	284
22198943	285
22198944	285
22198945	285
22198947	222
22198947	285
22198950	286
22198954	286
22198955	286
22198956	222
22198956	286
22198960	287
22198963	287
22198966	287
22198970	222
22198970	287
22198973	288
22198974	288
22198978	288
22198979	222
22198979	288
22198980	289
22198983	289
22198985	289
22198986	222
22198986	289
22198990	290
22198992	290
22198995	290
22198997	222
22198997	290
22198998	291
22199000	291
22199002	291
22199003	222
22199003	291
22199004	292
22199050	292
22199056	292
22199058	222
22199058	292
22199059	293
22199061	293
22199063	293
22199065	222
22199065	293
22199066	294
22199067	294
22199068	294
22199069	222
22199069	294
22199085	295
22199087	295
22199088	295
22199089	222
22199089	295
22199090	296
22199091	296
22199104	296
22199114	222
22199114	296
22199115	297
22199120	297
22199121	297
22199123	222
22199123	297
22199124	298
22199127	298
22199128	298
22199129	222
22199129	298
22199131	299
22199137	299
22199146	299
22199148	222
22199148	299
22199149	300
22199150	300
22199152	300
22199154	222
22199154	300
22199156	301
22199158	301
22199161	301
22199163	222
22199163	301
22199164	302
22199165	302
22199167	302
22199168	222
22199168	302
22199169	303
22199170	303
22199173	303
22199175	222
22199175	303
22199177	304
22199178	304
22199179	304
22199181	222
22199181	304
22199183	305
22199184	305
22199185	305
22199187	222
22199187	305
22199188	306
22199191	306
22199196	306
22199198	222
22199198	306
22199266	307
22199282	307
22199283	307
22199284	222
22199284	307
22305552	5056
23008104	14381
23008731	4614
23008731	14472
23008733	14473
23008806	14483
23009050	4614
23009050	14516
23009206	4614
23009206	14532
23009221	14535
23009363	4620
23009363	14554
23009930	14624
23032352	4719
23032352	19003
23032376	4712
23032376	19007
23038283	4683
23038283	20104
23038308	20106
23038312	20107
23038331	20110
23038906	20115
23040323	4713
23040323	20124
23042047	4713
23042047	20224
23042072	20228
23044917	20324
23045048	4641
23045048	20339
23045055	20341
23045588	20407
23045695	20421
23048271	4641
23048271	20424
23048292	4641
23048292	20427
23048297	20428
23048363	20439
23048461	20453
23048514	20461
23048620	20476
23048667	4691
23048667	20483
23048694	20488
23048716	4691
23048716	20491
23048795	20506
23048810	20509
23048833	20512
23048841	4691
23048841	20513
23049561	4691
23049561	20524
23049590	4691
23049590	20531
23049610	20536
23049613	4691
23049613	20536
23049671	20549
23049844	20590
23049849	4722
23049849	20591
23049873	20597
23050623	20624
23050626	20625
23050686	20631
23050701	20634
23050729	20640
23050780	20650
23050899	20677
23050901	20677
23051095	4621
23051095	20714
23052364	4621
23052364	20724
23052487	4626
23052487	20734
23052557	20748
23052563	20749
23053976	20824
23054081	20841
23054141	20850
23054144	20851
23054163	4644
23054163	20855
23054168	20857
23054204	20864
23056072	20924
23056242	20959
23056275	4634
23056275	20964
23057858	21024
23057927	4671
23057927	21026
23058106	21055
23058312	21094
23058392	21110
23058442	21119
23059550	21124
23059596	4698
23059596	21131
23059613	4698
23059613	21134
23059936	21181
23060218	21213
23062372	21224
23062378	21225
23063856	21324
23063950	21345
23063961	4708
23063961	21347
23065096	21425
23065205	21444
23065276	21455
23065283	4708
23065283	21456
23067014	4627
23067014	21524
23068571	21624
23068790	21653
23068795	21654
23068816	21659
23068851	4708
23068851	21664
23068864	21668
23072596	21724
23073676	21726
23073681	1174
23073681	21727
23078083	21734
23099999	266
23099999	21740
25570022	88334
25576393	88335
25576395	88335
27730553	95863
27730554	95863
27730555	95863
27733919	95864
27733920	95864
27733921	95864
27734591	5060
27735958	7707
27742898	95865
27742899	95865
27742900	95865
27756741	7703
27758829	7020
27758831	7020
27758833	7020
27758835	7020
27758837	7020
27758839	7020
27758841	7020
27758843	7020
27758845	7020
27758847	7020
27758849	7020
27758851	7020
27758853	7020
27758855	7020
27758857	7020
27758859	7020
27758861	7020
27763123	14700
27763124	14700
27765714	1178
27768211	95866
27768212	95866
27768213	95866
27769890	95867
27769891	95867
27769892	95867
27771348	95868
27771349	95868
27771350	95868
27771948	5241
27772225	95869
27772231	95869
27772232	95869
27773308	95870
27773309	95870
27773310	95870
27775632	95871
27775633	95871
27775634	95871
27775780	9394
27778479	95872
27778480	95872
27778481	95872
27779984	5143
27792454	20985
27792455	22734
27792456	16352
27798907	57
27798912	57
27798917	57
27798922	57
27798927	57
27798932	57
27798937	57
27798942	57
27798947	57
27798952	57
27798957	57
27798962	57
27798967	57
27811245	1805
27811258	241
22199286	308
22199287	308
22199289	308
22199291	222
22199291	308
22199292	309
22199293	309
22199295	309
22199296	222
22199296	309
22199410	67
22305554	496
22305554	5056
22305625	5064
23008128	4614
23008128	14385
23008156	4614
23008156	14390
23008523	14445
23009312	14549
23009320	4721
23009320	14550
23009323	14551
23009453	14560
23009600	14581
23009603	14581
23009606	14582
23009636	4620
23009636	14584
23009642	14585
23009686	14592
23010058	14646
23032384	19010
23032728	19087
25570023	88334
23032793	19104
23032889	19121
23032934	19128
23032940	19130
23032992	4677
23032992	19140
25576394	88335
23033011	19145
23033070	4631
23033070	19159
23033071	19161
23033093	19166
23033262	19190
23033300	19198
23033408	19217
23033416	4618
23033416	19217
23033484	19229
23033491	19230
23038295	20105
23038907	20115
23038909	4683
23038909	20115
23040325	20125
23040368	20132
23040423	20144
23040424	20144
23040567	20174
23040688	20197
23040694	20198
23040776	20213
23040840	20222
23042051	20225
23042057	20226
23042109	20233
23042114	20233
23044918	4643
23044918	20324
23044969	4643
23044969	20330
23045308	4641
23045308	20372
23045422	20388
23045483	20396
23048272	20425
23048279	20426
23048317	20431
23048357	4641
23048357	20437
23048432	4641
23048432	20448
23048463	20453
23048473	4656
23048473	20454
23048537	4656
23048537	20464
23049562	20525
23049566	20526
23049589	20531
23049611	20536
23049699	20556
