13089145	11388808
12933818	5748140
12933817	5748139
13089151	11388809
13089155	11388810
12933816	5748137
13000891	11330482
13000892	11330483
13000893	11330484
13000894	11330485
13000900	11330482
12933815	5748136
13000901	11330483
13000902	11330484
13034796	11351933
13000903	11330485
12933814	5748135
12933813	5748134
12933812	5748133
12933811	5748132
13033028	1126028
13000924	11330775
13000925	11330776
13000926	11330777
12933810	5748131
13000927	11330778
13034797	11351934
12933809	5748130
12974402	10765960
14240721	9002875
13000932	11330775
13000933	11330776
13000934	11330777
13000935	11330778
13033025	1126027
12974401	10765958
12974400	605951
13089191	11388810
12933777	5933827
12933777	4598602
13033023	1126026
12974399	10765960
12974398	10765958
13001765	11330961
12998886	11330030
12998885	11330027
12998884	11330024
12998883	11330023
12998882	11330020
12998876	11330030
12998875	11330027
12998874	11330025
12998873	11330024
12998872	11330023
12998871	11330021
12998870	11330020
12974397	10765952
12974395	10765950
12974394	2031012
12933961	2980310
12933959	2980304
12933957	2980310
12933956	2980309
12933955	2980304
12933954	2980303
12933951	2980300
12933949	2980304
12933948	2980299
12933945	2980306
12933944	2980304
12933943	2980299
14770799	12431562
12900836	11281458
12900835	11281458
12974384	10765890
15929887	9280873
12900831	11281457
12900825	11281457
19633328	5512352
12900812	11281456
12900811	11281455
12900810	11281454
12900809	11281453
12900808	11281456
12974383	10765889
12900807	11281455
12900806	11281454
19645836	12547172
12900805	11281453
13333882	10970807
19649894	3197580
12974382	10765888
12974381	10765887
12974380	10765886
12974379	10765885
12974378	10765884
12974377	10765883
12974376	10765882
12974375	10765881
12974374	10765880
12974372	10765890
12974371	10765889
12974370	10765888
12974369	10765887
12974368	10765886
12974367	10765885
12974366	10765884
12974365	10765883
12974364	10765882
12974363	10765881
13094268	11392188
12974362	10765880
13026099	12429749
13294561	11527605
14787527	12431762
14803252	12432022
14816593	8194522
12933940	2980311
12933939	2980310
12933938	2980309
12933937	2980308
12933936	2980307
12933935	2980306
12933934	2980305
12933933	2980304
12933932	2980302
12933931	2980301
12933930	2980300
13146231	1727518
12933929	2980299
13333883	10970811
13146232	1727519
13146233	1727520
12986958	11319262
12986956	11319266
12986955	11319265
12986954	11319264
12986953	11319263
12986952	11319261
12986951	11319260
12986950	11319259
12986949	11319258
12986948	11319257
15464532	1168706
13333884	10970813
12986947	11319256
12986946	11319255
12986945	11319254
12986944	11319253
13257936	11500582
12986935	6558084
12986934	6558084
15484508	222875
13146234	1727521
13146235	1727522
15498139	286162
13146236	1727523
13090625	11389473
13146237	1727524
13146238	1727525
13146239	1727526
13146240	1727527
13094267	11392187
13146241	1727528
13257937	11500583
13064386	8361463
13146242	1727529
13772889	11919625
13333885	10970818
13257938	11500586
12913521	610836
13001782	674753
13064393	8626390
13257939	11500587
13064403	265363
13078125	445198
13064405	2294765
13064407	2294765
13257940	11500588
13333886	10970821
12962265	10875552
12962264	10875551
12962263	10875550
12962262	10875549
12962261	10875548
12999446	11330220
12999445	11330216
12999444	11330215
12999441	11330222
12999440	11330217
12999439	11330216
12999438	11330215
13089202	11388810
13090627	11389473
13090628	11389473
13230610	329400
12901197	629257
12901196	629256
12901195	629256
12901194	629256
12901193	629255
12901188	629253
12962517	12229455
12962515	11204368
12941278	11785427
12941281	7389431
13064388	8361463
12900837	11281458
13026106	174647
13026110	174647
13026111	174647
13026115	174647
13026102	12429751
13026100	12429750
13026101	12429752
12901185	629253
12901183	629253
12901182	629252
12901180	629252
13064397	265363
12901192	8312783
13026088	1064949
13026126	174647
13094265	7780739
13026086	1064949
13026087	10127031
12901179	629252
12901178	629251
12901177	629251
12901175	629251
12901173	629250
12901171	629250
12901169	629250
12901167	629249
13078127	445198
12901166	629249
12901165	629249
13064424	459476
12901164	629248
12901162	629248
12901161	629248
15464537	7313902
15484511	5424878
13026165	10918580
12901157	629246
12901156	629246
12901155	629246
12901154	629245
12901153	629245
13064426	2294767
12901152	629245
13173202	1620707
12901151	629244
13078128	445198
12901150	629244
12901149	629244
12901148	629243
12901147	629243
12901146	629243
12901145	629242
12901144	629242
12901143	629242
12901142	629241
12901141	629241
12901140	629241
12901139	629240
12901138	629240
13078135	5585530
12901136	629240
12901135	629239
12901132	629239
12901128	629239
12901127	386286
12901122	386286
12901121	386286
15498141	286168
13006894	6295635
15507595	10492992
14770801	12431562
12913542	610849
13026174	12429749
13026144	12429749
13026161	12429749
13026200	12429749
14787529	12431762
12913536	610846
12913525	610838
12913524	610838
12913523	610838
13306410	3429821
15519875	8477088
14803270	3873657
15929888	684168
13064455	1337163
13059658	458192
17199326	6484543
13059657	458190
13064456	1337165
13059656	458186
13026148	174647
13064457	1337166
15529230	10268829
13064458	1337168
13306411	3429822
13064459	1337169
12991501	2294841
12968926	172240
12913511	610830
13054167	61029
13054166	61028
12913380	601266
12913374	601258
12913365	601256
13552619	10351998
13054165	61027
18391962	1084906
18396787	8319856
13001823	11330994
13001824	11330995
18399525	737416
13001826	11330994
13001827	11330995
18400675	12511822
13001829	11330994
13001830	11330995
18403010	12511869
13001832	11330994
13001833	11330995
18404088	8226724
13001835	11330994
13001836	11330995
13001848	11330994
13001849	11330995
13001872	11331011
22173581	12487110
13001874	11331011
22183835	9211904
13064475	1337164
13064476	1337167
17208285	12483032
13001907	11331013
13001908	11331014
13001911	11331013
13001912	11331014
15940981	2114177
30111923	12781156
15943802	12449284
15945193	12449359
13054163	61026
13054162	61025
13026186	12501628
13054161	61025
15536512	12442993
13054160	61024
13026192	5700408
13054157	61023
13054156	61022
15546547	12443103
13100507	4563123
13054154	61021
13054153	61020
13054152	61019
13100508	4563126
13026187	12501635
12943590	913664
13000976	11330792
13000977	11330793
13752422	1396691
13054149	61018
13690855	11854695
13054148	61017
12934698	245459
12934688	245459
13100509	4563127
13042065	173895
12943582	2416377
12943582	10263709
13054145	61016
13042063	173893
13690854	11854694
13042062	173891
12901203	629259
12901202	629258
12901201	629258
13054142	61015
12901200	629258
12901199	629257
12901198	629257
13054141	61015
13128191	11414199
13054138	61014
13054137	61013
13054135	61013
13054134	61012
13257941	11500589
13128192	11414200
13054132	61011
13054131	61010
13128193	11414201
13773461	9546408
13257942	11500590
13128194	11414202
13257943	11500597
13773460	9546407
13026188	12501636
13128195	11414203
13128196	11414204
13773459	9546406
13054121	21784
13054120	21783
13054119	21782
12913369	1527016
13026127	174647
13026147	12429751
13026164	12429751
13026177	12429751
13026203	12429751
13026145	12429750
13026175	12429750
13026162	12429750
13026201	12429750
13026146	12429752
13026163	12429752
13026176	12429752
13026202	12429752
13054117	21781
13773458	9546405
13257944	11500598
13054116	21780
13100510	4563128
13100511	4563130
13128197	11414205
13128198	11414206
13100512	4563132
13173201	1620707
13773457	9546404
13093913	11391982
13093913	3807264
13173200	1620706
13128199	11414207
13173199	1620706
13496951	3187042
14770802	12431563
14816596	8194523
12901160	5394401
13026142	2916912
13026178	2916912
13026189	2916912
13606911	8958258
13606910	6939251
13026190	5182678
13128200	11414208
13173198	1620705
12952533	7938521
13128201	11414209
13128202	11414210
17199337	1237751
13128203	11414211
12901370	11281722
12901369	11281721
12901368	11281712
12901367	11281710
13128204	11414212
13064544	1337167
13064546	1337164
13128205	11414213
13173196	1620705
13128206	11414214
13128207	11414215
13128208	11414216
13128209	11414217
12981132	2841834
12981131	2841834
12981128	2841800
12981125	2841800
12981099	2841800
13638281	11757876
13314872	11541669
13904629	412888
15464539	7313902
25569659	12443727
13054404	156903
19633338	5512356
19645837	12547170
22173583	12618943
15578427	12373074
25581868	12689066
25581869	12689067
13093921	11392004
25581870	12689068
25581871	12689069
25581872	12689070
13173195	1620704
13018907	9665421
13815630	5973049
13668926	6348177
13520628	11730187
12912311	538944
12912308	538944
13035723	5585515
13094264	11392185
13035726	5585515
13172830	11443749
13172824	11443747
13016326	11340005
13094262	11392185
13016327	11340005
13035741	5585515
13063817	11369773
12935063	2709061
12935062	2709059
13035749	5985853
12935061	2709058
12935060	2709057
12935059	2709056
12935058	2709055
12935057	2709054
12935056	2709053
12935055	2709052
13036155	1126033
12935054	2709051
12935051	2709061
12935050	2709059
12935049	2709058
13035754	5985853
12935048	2709057
12935047	2709056
13036144	1126031
12935046	2709055
13036137	1126030
12935045	2709054
12935044	2709053
12935043	2709052
12935042	2709051
13306412	3429826
13876507	12005200
13224512	3577820
12992124	2841803
12992122	2841803
12912060	520068
12912059	520068
12912051	520067
12912048	520067
12912046	520065
12912044	520065
12912043	520065
12912038	9310151
12912034	520064
12912033	520064
12912027	520064
12912025	520063
13993501	12092188
13993502	12092189
12912018	520063
12912016	520063
12912014	520062
13876508	12005201
12912009	520062
12912005	520062
12912000	520061
12911998	520061
13638282	11757877
12911994	520061
12911991	513541
12911990	513541
12911985	513540
12911982	513540
12911981	513539
12911980	9310152
13035827	5585516
12911979	9310151
12911978	513539
13054390	155450
13054389	155450
12911963	513538
13010466	10514733
13035836	5585516
13035842	5585516
13035844	5585516
13993503	12092190
13035863	5585517
13306413	3429827
13035878	5585517
13036063	11342324
13067613	11194293
13306414	3429828
13993504	12092191
13993505	12092192
13876509	12005202
12934848	2836795
12934847	2836794
12934846	2836793
12934845	2836792
12934844	2836791
12934843	2836790
12934842	2836789
12934841	2836788
12934840	2836787
12934839	2836786
12934838	2836785
12934837	2836784
12934835	2836795
12934834	2836794
12934833	2836793
12934832	2836792
12934831	2836791
12934830	2836790
13876510	12005200
12934829	2836789
12934828	2836788
12934827	2836787
12934826	2836786
12934825	2836785
12934824	2836784
14028346	12110434
13055515	235680
13306415	3429829
12911960	513538
12911956	513537
12911955	513537
12911951	513536
12911948	513536
12911947	513535
13001199	2652517
13013179	11147345
13013177	11147346
13067801	11194283
13067802	11194284
13067803	11194285
13067804	11194286
13067805	11194287
13067806	11194288
13067807	11194289
13067808	11194290
13067809	11194291
13067810	11194292
13067811	11194293
13022137	9028037
13035849	1263233
13035851	1263233
12954924	497306
13063806	7814634
13022134	9976729
13022152	9810755
12912387	9360884
13067812	11194294
13067813	11194295
13067828	11194284
13067814	11194296
13067815	11194297
13876511	12005201
13067816	11194298
13067817	11194299
13067827	11194283
13067829	11194285
13067830	11194286
13067831	11194287
13067832	11194288
13067833	11194289
13067834	11194290
13067835	11194292
13067836	11194293
13067837	11194294
13067838	11194296
13067839	11194298
13067840	11194299
13001601	11330961
13917260	1071517
13876512	12005202
13548533	11748949
13022128	10736677
13022129	8543785
13022130	5889880
13022123	6645348
13022124	6598629
13022125	9059215
13022126	758011
22173593	12618944
13094252	11392182
14770803	12431563
14787530	12431763
8764713	8013211
12912842	577961
12912838	577960
12912825	577959
12912816	577958
12912805	577956
8762110	7999531
12912711	1427792
12912670	5135036
12912605	1526182
13094251	11392181
12912560	11244116
12912559	11244116
13094250	11392182
12912538	311313
12912524	190161
13094249	11392181
12955944	821443
12955674	813801
12955664	813801
12955659	813800
12955654	813800
13315222	2929584
12955650	813799
12955647	813799
12955646	813798
12912494	3240225
14330766	12346948
12955645	813798
12955626	813797
12955610	813797
12955609	813796
12955596	813796
12912475	11287090
13315223	2929585
13002023	7248237
13002013	7248236
13002019	7248236
13094248	11392182
15464543	7313903
15484512	8114761
12901865	11276478
12901857	11276472
12901856	11276470
12901855	11276469
12901848	11276471
13315224	2929587
12901847	11276467
13036001	11342324
12901846	11276466
12901845	11276465
22183836	9211905
12901842	11280064
13315225	2929588
12901839	11280063
12901835	11280062
12901831	11280061
12901830	11280060
12901827	11280059
13036002	11342325
13315226	2929589
12901787	11281920
12901786	11281919
12901785	11281918
13036003	11342326
12901784	11281917
12901783	11281916
12901782	11281915
12901781	11281920
12901780	11281919
12901779	11281918
12901778	11281917
12901777	11281916
12901776	11281915
12901773	11281920
12901771	11281915
12901764	11281951
12901762	11281951
13036004	11342327
13036005	11342328
13036006	11342329
13036007	11342330
13036008	11342331
13036009	11342332
13036010	11342333
13036011	11342334
22185879	12619219
22186708	8219364
12994336	12438830
27728749	12457784
13036012	11342335
13036013	11342336
13036014	11342337
13036015	11342338
15498143	5608985
13036016	11342339
15578428	9113224
13036017	11342340
20685423	1565625
12994344	2420330
13036018	11342341
13036019	11342342
13036020	11342343
13036021	11342344
13036022	11342345
13036023	11342346
13036024	11342347
13009289	886658
13009282	886657
13009276	886656
13036025	11342348
13036026	11342349
13094247	11392181
13036027	11342350
13009266	886653
13036028	11342351
13009253	886651
13009250	886650
13036029	11342352
13036030	11342353
13036031	11342354
13036032	11342355
13009244	886649
13036039	11342326
13917257	1071514
13036040	11342336
13036041	11342340
13036042	11342344
13036043	11342348
13068169	825824
13036044	11342350
13036045	11342353
13036046	11342354
13947622	3586486
13150880	11429809
13036104	11342346
13068168	825822
13150881	11429810
13917254	1071511
13068166	825821
13068160	825820
13068158	825819
13036072	11342328
13036073	11342332
13094246	11392182
13036096	11342330
13036108	11342334
13036110	11342338
13094245	11392181
12914118	10601257
12914118	7331687
13002361	7331687
13002361	10601257
13150887	11429824
12935136	10888
12914126	3719427
12935133	1422258
13947621	3586485
13327227	4469847
12935128	1422262
12935127	1422261
12935126	1422260
13150888	11429825
12935125	1422259
12935124	1422258
12935123	1422257
12935122	1422256
12935121	1422255
12935120	1422254
12935119	1422253
12935115	1422262
12935114	1422261
13815594	7410767
13002495	11331417
13002165	464378
13022194	5889880
12994347	7962478
12992302	4324389
12992303	4324390
12901826	2488258
12901843	10401686
12992348	8890894
12992349	8890895
12992350	6559505
12912586	8015212
12992301	10625809
12935113	1422260
12935112	1422259
12935111	1422258
12935110	1422257
13917110	6992999
12935109	1422256
12935108	1422255
12935107	1422254
12935106	1422253
13094241	11392179
13315227	2929590
13315228	2929591
13002496	11331417
13036145	11342341
13687182	1233149
14770804	12431562
13315229	2929592
13094239	11392178
13687181	1233148
14787531	12431763
13172132	1617329
13188476	1335809
13983039	6913664
13150917	11429858
13022185	11908425
13022211	11969727
12992296	8890895
12992297	6559505
12992291	9738107
12992292	11135818
12992299	11135818
12992293	11135819
12992300	11135819
12992337	11135819
12992343	11135819
12941350	9887576
12941331	9887587
12941330	9887586
12941329	9887585
12941328	9887584
12941327	9887583
13173194	1620704
12941326	9887582
12941325	9887581
12941324	9887580
12941323	9887579
12941322	9887578
12941321	9887577
12941319	9887576
13036162	11342342
30111924	12781157
13173185	1620703
13188478	1335811
17199338	1237751
17208290	12472433
13018983	9665427
19633344	5512354
13018895	9665420
13173174	1620701
13188479	1335812
12986868	2841801
12951773	11306953
12951737	11306953
12951733	11306947
12951731	11306943
12957234	923498
12951727	11306939
12951726	11306938
12951725	11306937
12951720	11306933
13300498	279798
13461360	407788
12947649	11304230
12947646	11304228
12924269	640599
12924267	640597
12924265	640593
12947641	11304228
13354352	502918
13188480	1335813
12947638	11304228
13909416	1071712
13224534	3577816
13004828	5164300
13004828	3294311
13004828	5164297
13028115	9032411
33174465	12840008
13028113	9032410
13188481	1335814
13004877	595249
13004877	5164297
13028086	9032413
13028085	9032412
13028084	9032410
13028083	9032404
13028082	9032403
13010679	9163350
13079260	177262
15464545	7313903
13028069	9032411
13028068	9032409
13188482	1335815
13028067	9032407
13028066	9032406
13028065	9032402
13028060	9032413
13052339	9637303
13028059	9032412
13028058	9032409
13224523	3577824
13028057	9032408
13028056	9032407
13028055	9032406
13028054	9032405
13028053	9032404
13028052	9032403
12957247	11308782
13028051	9032402
13052338	9637302
13052337	9637301
12957207	11308783
12957206	11308782
12957205	11308783
12957204	11308782
12968881	10715615
12968880	10715614
12968879	10715613
12968878	10715612
12968877	10715611
12968876	10715610
12968875	10715609
12968874	10715607
