27729542	438
27729543	438
27729544	438
27729545	516
27729546	516
27729547	642
27729548	642
27729549	507
27729550	507
27729551	488
27729552	488
27729553	627
27729554	627
27729555	627
27729556	221
27729557	221
27729558	396
27729559	396
27729560	396
27729561	605
27729562	605
27729563	528
27729564	528
27729565	528
27729566	524
27729567	524
27729568	578
27729569	251
27729570	251
27729571	251
27729572	218
27729573	218
27729574	218
27729575	482
27729576	482
27729577	225
27729578	225
27729579	225
27729580	242
27729581	242
27729582	242
27729583	337
27729584	337
27729585	337
27729587	257
27729588	257
27729589	257
27729590	250
27729591	250
27729592	250
27729593	608
27729594	608
27729595	608
27729596	233
27729597	243
27729598	243
27729599	243
27729600	635
27729601	635
27729602	635
27729603	530
27729604	530
27729609	485
27729610	485
27729611	220
27729612	220
27729613	48
27729614	48
27729615	629
27729616	629
27729617	629
27729618	596
27729619	596
27729620	215
27729621	215
27729622	529
27729623	529
27729624	523
27729661	609
27729662	609
27729666	82
27729667	82
27729668	543
27729669	543
27729670	223
27729671	223
27729672	223
27729673	211
27729674	211
27729675	288
27729676	288
27729677	288
27729678	503
27729679	503
27729680	424
27729681	424
27729682	424
27729683	422
27729684	422
27729685	422
27729686	452
27729687	452
27729688	549
27729689	549
27729690	214
27729691	214
27729692	214
27729693	579
27729694	486
27729695	486
27729697	567
27729698	213
27729699	213
27729700	76
27729701	76
27729702	325
27729703	325
27729704	506
27729705	506
27729706	75
27729707	75
27729709	219
27729710	219
27729711	216
27729712	216
27729742	609
27729860	254
27729861	254
27729862	564
27729863	564
27729864	241
27729865	241
27729866	217
27729867	217
27729868	222
27729869	222
27729870	434
27729871	434
27729872	434
27729873	612
27729874	612
27729875	612
27729876	89
27729877	89
27729878	89
27729879	511
27729880	511
27729881	631
27729882	631
27729883	631
27729884	575
27729885	575
27729886	544
27729887	252
27729888	555
27729889	555
27729890	555
27729891	46
27729892	46
27729893	46
27729894	88
27729895	88
27729896	88
27729897	593
27729898	87
27729899	87
27729900	630
27729901	630
27729902	630
27729903	624
27729904	624
27729905	624
27729906	625
27729907	625
27729908	625
27729909	580
27729922	476
27729923	476
27729924	244
27729925	244
27729926	459
27729927	459
27729928	459
27729929	245
27729930	245
27729931	601
27729932	601
27729933	501
27729934	501
27729935	350
27729936	350
27729937	566
27729938	224
27729939	224
27729940	224
27729941	600
27729942	600
27730039	339
27730040	315
27730041	16
27730042	16
27730043	16
30112445	137
27730045	493
27730046	493
27730047	473
27730048	473
27730049	473
27730050	8
27730051	8
27730052	8
27730053	200
27730054	200
27730055	297
27730056	297
27730057	297
27730058	540
27730059	540
27730060	573
27730061	556
27730062	556
27730063	556
27730064	417
27730065	458
27730066	458
27730067	458
27730068	571
27730069	571
27730072	616
27730073	616
27730074	616
27730118	508
27730119	508
27730120	508
30112458	137
30112465	137
30112472	137
30112479	137
30112486	137
30112494	137
30112502	137
30112511	137
30112519	137
30112526	137
30112533	137
30112539	137
30390896	96
30556793	9
30556794	9
30556795	9
30557041	137
30557042	47
30557043	100
30557047	137
30557048	47
30557049	100
30557053	137
30557054	47
30557055	100
30557059	137
30557060	47
30557061	100
30557065	137
30557066	47
30557067	100
30557071	137
30557072	47
30557073	100
30557077	137
30557078	47
30557079	100
30557083	137
30557084	47
30557085	100
30557553	137
30557554	47
30557555	100
30557557	137
30557558	47
30557559	100
30557561	137
30557562	47
30557563	100
30557565	137
30557566	47
30557567	100
30557569	137
30557570	47
30557571	100
30557573	137
30557574	47
30557575	100
30557577	137
30557578	47
30557579	100
30557581	137
30557582	47
30557583	100
30557585	137
30557586	47
30557587	100
30557589	137
30557590	47
30557591	100
30557593	137
30557594	47
30557595	100
30806833	177
30981025	137
30981026	21
30981027	48
30981028	100
30989466	53
30989468	178
31142551	21
31142552	22
31142558	21
31142560	21
31142561	22
31226692	134
31226693	47
31226694	47
31226695	48
31226696	26
31226697	26
31226698	43
31226699	478
31226700	177
31226701	137
31226702	26
31226703	26
31226704	100
31303397	99
31303400	100
31303413	99
31325750	472
31325752	178
31325754	178
31325755	117
31325756	185
31325758	99
31325759	190
31325760	540
31325761	494
31325762	178
31325763	472
31325765	178
31325767	178
31325768	117
31325769	185
31325771	99
31325772	99
31325773	190
31325774	540
31325775	494
31325776	178
31325777	472
31325779	178
31325781	178
31325782	117
31325783	185
31325785	99
31325786	190
31325787	540
31325788	494
31325789	178
31325790	472
31325792	178
31325794	178
31325795	117
31325796	185
31325798	99
31325799	190
31325800	540
31325801	494
31325802	178
31325803	472
31325805	178
31325807	178
31325808	117
31325809	185
31325811	99
31325812	190
31325813	540
31325814	494
31325815	178
31325816	472
31325818	178
31325820	178
31325821	117
31325822	185
31325824	99
31325825	190
31325826	540
31325827	494
31325828	178
31325829	472
31325831	178
31325833	178
31325834	117
31325835	185
31325837	99
31325838	190
31325839	540
31325840	494
31325841	178
31325842	472
31325844	178
31325846	178
31325847	117
31325848	185
31325850	99
31325851	190
31325852	540
31325853	494
31325854	178
31325855	472
31325857	178
31325859	178
31325860	117
31325861	185
31325863	99
31325864	190
31325865	540
31325866	494
31325867	178
31415074	540
31415075	297
31415076	540
31415077	297
31415078	540
31415079	297
31415080	540
31467317	41
31467318	177
31467319	133
31467320	137
31540174	177
31540175	177
31540178	177
31540179	177
31540184	177
31540185	177
31540187	177
31552593	178
31552594	177
31552596	47
31599638	30
31613884	137
31629648	177
31629650	100
31629651	134
27730075	312
27730076	570
27730077	415
27730078	415
27730079	415
27730080	13
27730081	13
27730082	13
27730083	317
27730084	514
27730085	514
27730086	14
27730087	14
27730088	14
27730089	194
27730090	319
27730091	319
27730092	319
27730094	460
27730095	460
27730096	492
27730097	492
27730099	306
27730104	414
27730105	414
27730106	414
27730107	483
27730108	483
27730121	2
27730122	2
27730123	2
27730139	154
30112837	137
30112838	41
30112839	177
30112840	430
30112842	207
30112843	72
30112844	263
30113372	52
30113373	207
30113374	100
30113604	207
30113607	100
30113608	177
30113770	13
30113771	13
30113775	13
30113776	33
30113780	13
30113784	13
30113785	8
30113789	13
30113790	13
30113794	13
30115169	177
30115170	177
30115171	100
30115172	47
30115174	177
30115175	177
30115176	177
30115177	185
30115180	61
30115181	99
30115186	55
30115186	177
30115187	55
30115188	385
30115189	435
30115190	53
30115191	47
30115192	99
30115195	100
30115196	47
30115197	47
30115198	99
30115203	47
30115204	4
30115205	185
30116014	47
30116015	47
30116018	177
30116019	177
30116483	47
30116484	47
30116487	177
30116488	177
30130488	207
30130489	177
30130490	100
30130491	100
30130492	177
30130493	178
30130498	207
30130499	177
30130500	100
30130501	100
30130502	177
30130503	178
30130507	177
30130509	19
30130510	207
30130511	100
30130515	177
30130517	19
30130518	207
30130519	100
30130521	177
30130523	207
30130524	178
30130525	100
30130526	100
30130529	177
30130530	178
30130531	207
30130532	100
30130535	177
30130536	178
30130537	207
30130538	100
30130541	177
30130542	100
30130543	207
30130544	177
30130545	178
30130546	19
30130549	177
30130550	100
30130551	207
30130552	177
30130553	178
30130554	19
30130556	177
30130558	100
30130559	207
30130560	177
30130561	178
30130562	19
30130563	177
30130564	178
30130565	207
30130566	100
30130567	177
30130568	207
30130569	178
30130570	100
30130571	177
30130572	207
30130573	177
30131311	137
30131313	137
30131315	137
30131317	137
30131319	137
30131321	137
30131323	137
30131325	137
30131327	137
30131329	137
30131331	137
30131333	137
30131335	137
30131337	137
30131339	137
30131341	137
30131343	137
30131345	137
30131347	137
30131349	137
30131351	137
30131353	137
30131355	137
30131357	137
30131359	137
30131361	137
30131363	137
30131365	137
30131367	137
30131369	137
30131371	137
30131373	137
30131375	137
30131377	137
30131379	137
30131454	21
30132097	47
30141981	61
30141982	72
30141983	41
30141984	177
30141985	68
30141986	61
30141987	72
30141989	177
30141990	137
30141991	58
30141992	99
30141993	61
30141994	72
30141996	177
30141997	137
30141998	41
30142000	61
30142001	72
30142002	177
30142003	99
30142004	47
30142005	61
30142006	72
30142009	61
30142010	72
30142011	137
30142012	177
30142013	61
30142014	72
30142016	177
30142017	99
30142018	137
30142019	58
30142021	47
30142022	137
30142023	177
30142024	41
30142025	274
30142026	61
27730109	416
27730110	416
27730111	416
27730112	190
27730113	190
27730114	190
30112991	177
30112992	207
30112993	101
30115221	47
30115222	47
30115225	177
30115226	177
30115233	100
30115234	178
30115238	100
30115239	178
30115243	100
30115244	178
30115248	100
30115249	178
30115253	100
30115254	178
30115258	100
30115259	178
30115263	100
30115264	178
30115268	100
30115269	178
30115273	100
30115274	178
30115279	100
30115280	178
30116524	177
30116525	177
30116527	47
30116528	47
30130603	33
30130604	430
30130605	26
30130607	445
30130608	20
30130609	21
30130610	22
30130611	23
30130612	444
30130613	11
30130614	403
30130615	5
30130616	17
30130617	13
30130618	346
30130619	156
30130620	169
30130621	129
30130622	269
30130623	102
30130624	462
30130625	274
30130626	116
30130627	273
30130628	141
30130629	20
30130630	21
30130631	22
30130632	23
30130633	444
30130634	17
30130635	13
30130636	103
30130637	102
30130638	403
30130639	269
30130640	165
30130641	274
30130642	116
30130643	273
30130644	13
30130647	47
30130648	99
30130649	44
30130650	273
30130652	343
30130653	26
30130654	274
30130655	102
30130656	265
30130657	659
30130658	377
30130659	103
30130660	167
30130661	381
30130662	156
30130663	269
30130664	271
30130665	338
30130666	163
30130667	364
33174556	137
30130669	273
30130670	141
30130671	101
30130672	26
30130673	26
30132341	62
30132342	62
30132343	63
30132344	60
30142027	72
30142029	137
30142030	60
30142031	61
30142032	72
30142033	177
30142034	41
30142035	47
30142036	61
30142037	72
30142039	41
30142040	177
30142045	137
30142047	41
30142048	177
30142049	68
30142050	99
30391303	33
30391304	133
30391305	33
30391306	133
30391307	33
30391308	133
30391309	33
30391310	133
30391311	33
30391314	33
30391317	33
30391320	26
30391321	26
30391324	26
30391327	26
30391332	32
30391333	26
30391334	32
30391335	33
30556835	26
30556838	26
30556842	26
30556846	137
30556849	137
30556852	137
30557243	137
30557244	47
30557245	100
30557248	137
30557249	47
30557250	100
30557253	137
30557254	47
30557255	100
30557258	137
30557259	47
30557260	100
30557263	137
30557264	47
30557265	100
30557268	137
30557269	47
30557270	100
30557273	137
30557274	47
30557275	100
30557278	137
30557279	47
30557280	100
30557657	137
30557658	47
30557659	100
30557661	137
30557662	47
30557663	100
30557665	137
30557666	47
30557667	100
30557669	137
30557670	47
30557671	100
30557673	137
30557674	47
30557675	100
30557677	137
30557678	47
30557679	100
30557681	137
30557682	47
30557683	100
30557685	137
30557686	47
30557687	100
30557751	288
30557752	540
30557753	477
30557754	525
30557755	271
30557756	540
30557757	60
30557758	343
30557759	263
30806844	100
30981079	520
30981080	402
30981081	178
30981082	124
30981083	122
30989561	177
31142715	177
31226731	9
31303614	177
31325902	137
31325903	137
31325904	137
31325905	137
31325906	137
31325907	137
31325908	137
31325909	137
31325910	137
27730115	346
27730116	346
27730117	346
27730124	563
27730125	563
27730127	1
27730128	1
27730129	1
30116626	177
30116627	47
30116628	47
30116629	177
30130995	137
30132463	48
30132464	19
30132465	21
30132466	23
30132467	33
30132468	33
30132469	32
30142404	177
30142634	177
30143096	207
30143098	55
30143099	53
30143101	100
30143102	100
30143749	55
30147110	137
30149030	55
30149032	51
30149033	100
30151386	61
30151387	99
30151800	177
30153567	62
30153575	62
30153583	62
30160589	21
30160591	47
30160592	100
30160593	137
30160594	22
30160595	33
30160596	21
30160598	47
30160599	100
30160600	137
30160601	22
30160602	33
30160603	21
30160605	137
30160606	22
30160607	21
30160609	137
30160610	22
30160611	21
30160612	137
30160614	33
30160616	33
30164905	137
30164906	48
30164914	100
30164916	137
30164917	48
30164925	100
30164927	137
30164928	48
30164939	100
30164941	137
30164942	48
30164950	100
30164952	137
30164953	48
30164961	100
30164963	137
30164964	48
30164965	100
30164976	100
30164978	137
30164979	48
30164990	100
30164992	137
30164993	48
30165004	100
30165006	137
30165007	48
30165015	100
30165017	137
30165018	48
30165026	100
30165028	137
30165029	48
30165040	100
30165042	137
30165043	48
