30556888	1937
30111788	3
30111789	3
30111790	3
30111793	4
30111836	5
30111837	5
30111838	5
30111839	5
30111855	3
30111865	6
30111867	6
30111868	6
30111886	7
30111887	7
30111888	7
30111890	8
30111891	9
30111892	9
30111893	9
30111897	8
30111898	8
30111903	10
30111904	10
30111905	10
30111910	11
30111911	11
30111912	11
30111914	12
30111915	12
30111916	12
30556889	1937
30556890	1937
30556891	1937
30111936	14
30111938	14
30111939	14
30111941	15
30111942	15
30111943	15
30111946	16
30111950	16
30111951	16
30111953	17
30111954	17
30111955	17
30111964	18
30111965	9
30111966	9
30111967	18
30111968	18
30111970	19
30111971	4
30111972	19
30111974	19
30111977	20
30111978	20
30111979	20
30111986	5
30111987	5
30111988	21
30111990	21
30111991	21
30556892	1937
30556893	1937
30556894	1937
30112002	23
30112005	23
30112006	23
30112008	24
30112010	24
30112011	24
30112016	25
30112018	25
30112019	25
30112021	26
30112023	26
30112024	26
30112028	27
30112031	27
30112032	27
30112034	4
30112036	28
30112037	28
30112038	28
30112041	29
30112045	29
30112046	29
30112049	30
30112050	30
30112051	30
30112053	31
30112054	31
30112055	31
30112057	32
30112059	32
30112060	32
30112065	33
30112069	33
30112070	33
30112073	34
30112077	34
30112078	34
30112081	35
30112082	35
30112083	35
30112085	36
30112087	36
30112088	36
30112091	37
30112093	37
30112094	37
30112100	38
30112103	38
30112104	6
30112105	38
30112106	6
30112108	6
30112109	39
30112110	39
30112111	39
30112113	40
30112114	40
30112115	40
30112117	41
30112118	41
30112119	41
30112121	42
30112123	42
30112124	42
30112126	43
30112128	43
30112129	43
30112133	44
30112135	44
30112136	44
30112140	45
30112143	45
30112144	45
30112146	46
30112147	46
30112148	46
30112150	47
30112151	47
30112152	47
30112153	47
30112154	48
30112155	48
30112156	48
30112158	49
30112160	49
30112161	49
30112164	50
30112165	50
30112166	50
30112171	51
30112173	51
30112174	51
30112176	52
30112177	52
30112178	52
30112180	53
30112181	53
30112182	53
30112185	47
30556895	1937
30112186	54
30112191	54
30112192	54
30112195	55
30112196	55
30112197	55
30112200	56
30112201	56
30112202	56
30112204	57
30112206	57
30112207	57
30112215	58
30112216	58
30112217	58
30112220	59
30112221	59
30112222	59
30112224	60
30112225	60
30112226	60
30112229	61
30112236	61
30112237	61
30112243	62
30112247	62
30112248	62
30112250	63
30112251	63
30112252	63
30112254	64
30112255	64
30112257	64
30112261	65
30112262	66
30112263	66
30112264	66
30112267	65
30112268	65
30112272	67
30112274	67
30112275	67
30112278	68
30112279	68
30112280	68
30112285	69
30112286	69
30112287	69
30112289	70
30112293	70
30112294	70
30112310	71
30112311	71
30112312	71
30112314	72
30112315	72
30112316	72
30112318	66
30112319	73
30112320	73
30112321	73
30112324	74
30112437	90
30556896	1937
30556897	1937
30556898	1937
31041334	553
31156878	2309
31161552	238
31211300	229
31234638	256
31240113	312
31256065	2336
31256066	2336
31256067	2336
31257028	2337
31270505	2339
31288670	2359
31288671	2359
31289716	2360
31307410	216
31307411	216
31322485	2362
31331320	2363
31331324	2363
31331328	2363
31331332	2363
31331335	2363
31331339	2363
31331342	2363
31331346	2363
31331351	2363
31331355	2363
31331358	2363
31331362	2363
31331365	2363
31331368	2363
31331372	2363
31331376	2363
31331379	2363
31331383	2363
31333494	2364
31333495	2364
31350445	2368
31350446	2368
31350448	2368
31350450	2368
31350452	2368
31350453	2368
31350455	2368
31350456	2368
31350457	2368
31350458	2368
31350459	2368
31372350	2370
31372351	2370
31372352	2370
31372353	2370
31389237	2392
31389238	2392
31389239	2392
31389240	2392
31407712	2171
31407713	2171
31407714	2171
31407715	2171
31407716	2171
31407717	2171
31407718	2171
31407719	2171
31407720	2171
31411413	2420
31411414	2420
31411415	2420
31411416	2420
31431900	2424
31431901	2424
31431902	2424
31431903	2424
31437975	1973
31445479	2429
31445480	2429
31445481	2429
31445482	2429
31449274	2431
31449275	2431
31449276	2431
31449277	2431
31460057	2432
31460058	2432
31460059	2432
31460060	2432
31460061	2432
31464827	2435
31464828	2435
31464829	2435
31464830	2435
31464831	2435
31482992	2439
31482993	2439
31482994	2439
31482995	2439
31482996	2439
31482997	2439
31493950	2443
31493951	2443
31741556	2516
31741556	2668
31741764	2682
31742338	2702
31743205	2752
31743298	2519
31743298	2764
31744563	2521
31744563	2865
33175830	4057
33176183	4057
33176184	4057
33176185	4057
33176186	4057
33176187	4057
33176188	4057
33176189	4057
33176190	4057
33176191	4057
33176192	4057
33176193	4057
33176194	4057
33176195	4057
33176196	4057
33176197	4057
33176198	4057
33176199	4057
33176200	4057
33176201	4057
33176202	4057
33176203	4057
33176204	4057
33176205	4057
33176206	4057
33176207	4057
33176208	4057
33176209	4057
33176210	4057
33176211	4057
33176212	4057
33176213	4057
33176214	4057
33176215	4057
33176216	4057
33176217	4057
33176218	4057
33176219	4057
33176220	4057
33176221	4057
33176222	4057
33176223	4057
33176224	4057
33176225	4057
33176226	4057
33176227	4057
33176228	4057
33176229	4057
33176230	4057
33176231	4057
33176232	4057
33176233	4057
33176234	4057
33176235	4057
33176236	4057
33176237	4057
33176238	4057
33176239	4057
33176240	4057
33176241	4057
33176242	4057
33176243	4057
33176244	4057
33176245	4057
33176246	4057
33176247	4057
33176248	4057
33176249	4057
33176250	4057
33176251	4057
33176252	4057
33176253	4057
33176254	4057
33176255	4057
33176256	4057
33176257	4057
33176258	4057
33176259	4057
33176260	4057
33176261	4057
33176262	4057
33176263	4057
33176264	4057
33176265	4057
33176266	4057
33176267	4057
33176268	4057
33176269	4057
33176270	4057
33176271	4057
33176272	4057
33176273	4057
33176274	4057
33176275	4057
33176276	4057
33176277	4057
33176278	4057
33176280	4057
33176281	4057
33176283	4057
33176285	4057
33176286	4057
33176287	4057
33176288	4057
33176289	4057
33176290	4057
33176291	4057
33178279	4034
33178532	4059
33178533	4059
33178534	4059
30112327	74
30112328	74
30112333	75
30112336	75
30112337	75
30112365	78
30112366	78
30112367	78
30112368	78
30112369	78
30112371	79
30112372	79
30112398	84
30112442	91
30556906	1814
31041341	2234
31041342	2234
31041343	2234
31041344	2234
31156890	2309
31156891	2309
31161626	238
31161627	238
31161628	238
31211315	228
31240489	177
31256079	2337
31256080	2337
31256081	2337
31257030	2336
31270646	2339
31288673	2359
31288674	2359
31289723	2360
31307467	207
31307468	207
31322488	2362
31334643	2365
31334644	2365
31334645	2365
31350493	2368
31350494	2368
31350495	2368
31350496	2368
31350497	2368
31350498	2368
31350499	2368
31350500	2368
31350501	2368
31350502	2368
31350503	2368
31350504	2368
31350505	2368
31350506	2368
31350507	2368
31350508	2368
31350509	2368
31372438	2371
31372439	2371
31372440	2371
31372441	2371
31389299	2393
31389300	2393
31389301	2393
31389302	2393
31414910	2421
31414911	2421
31414912	2421
31431933	2426
31431934	2426
31431935	2426
31431936	2426
31441194	2017
31460153	2433
31460154	2433
31460155	2433
31460156	2433
31464886	2229
31483681	2440
31483682	2440
31494159	2444
31494160	2444
31494161	2444
31494162	2444
31495991	2459
31495992	2459
31495993	2459
31495994	2459
31503957	195
33176355	4057
33178326	4055
33178535	4059
33178536	4059
31529130	2484
31529131	2484
31529132	2484
31529133	2484
31529134	2484
31529135	2484
31529136	2484
31529137	2484
31540085	2485
31546233	2431
31559182	841
31559343	620
31559344	9
31559345	117
31559346	839
31559347	1592
31559348	1591
31559349	1590
31559350	1589
31559351	820
31559352	2232
31559353	6
31563814	223
31579682	240
31582048	262
31589408	2489
31589409	2489
31589410	2489
31589411	2489
31589412	2489
31589413	2489
31589414	2489
31589415	2489
31589416	2489
31589417	2489
31594270	2489
31595903	139
31602123	2491
31602124	2491
31610489	223
31615291	2492
31628150	2494
31522124	1006
31522125	1006
31522126	1006
31522127	1006
31631400	2495
31631401	2495
31631402	2495
31632053	2496
31632054	2496
31632055	2496
31640979	2499
31649334	2502
31649335	2502
31667413	2504
31667414	2504
31667415	2504
31675020	2362
31683102	2505
31683103	2505
31683104	2505
31683105	2505
31683106	2505
31689121	2508
31689122	2508
31689123	2508
31689124	2508
31701512	2512
31701513	2512
31701514	2512
31701515	2512
31701516	2512
31701517	2512
31701518	2512
31701519	2512
31701520	2512
31715601	226
31722085	2513
31722185	2514
31741560	2669
31741694	2677
31741737	2680
31744565	2865
31744693	2522
31744693	2889
33178537	4059
33178538	4059
33178539	4059
33178540	4059
33178541	4059
33178542	4059
33178543	4059
33178544	4059
33178545	4059
33178546	4059
33178547	4059
33390845	4474
33390846	4474
33390847	4474
33390848	4474
33390849	4474
33402717	4487
33402718	4487
33402719	4487
33402720	4487
33402721	4487
33402722	4487
33402723	4487
33402724	4487
33432394	4679
33432395	4679
33442392	4723
33442393	4723
33442394	4723
33442395	4723
33844463	5184
33844464	5184
33844465	5184
33844466	5184
33844467	5184
34356295	5379
34368680	5396
34368681	5396
34368682	5396
34396241	3464
34396242	3464
34399604	3477
34399605	3478
34399606	5410
34399607	5364
30112342	76
30112344	76
30112345	76
30561797	1814
30561798	1814
30561799	1814
30112370	79
30112375	80
30112376	80
30112377	80
30112387	82
30112388	82
30112544	92
30112363	79
30112362	79
30112361	79
30567336	225
30567934	224
30573659	1984
30573660	1984
30573661	1984
30575972	1985
30575973	1985
30575974	1985
30582908	1995
30582909	1995
30582910	1995
30582911	1995
30582912	1995
30582913	1995
30582914	1995
30582915	1995
30583880	1995
30583881	1995
30583882	1995
30583883	1995
30583884	1995
30583885	1995
30583886	1995
30583887	1995
30583888	1995
30583889	1995
30583890	1995
30583891	1995
30583892	1995
30583893	1995
30583894	1995
30583895	1995
30583896	1995
30590800	1996
30590801	1996
30590802	1996
30590803	1996
30590804	1996
30590805	1996
30590806	1996
30590807	1996
30590808	1996
30590809	1996
30590810	1996
30590811	1996
30590812	1996
31041414	620
31156985	2310
31156986	2310
31156987	2310
31161656	197
31211318	227
31270767	2339
31289743	2360
31307683	207
31335919	2366
31335920	2366
31335921	2366
31335922	2366
31350523	2368
31350524	2368
31350525	2368
31350526	2368
31350527	2368
31372465	2367
31390053	2394
31390054	2394
31390055	2394
31390056	2394
31414920	2421
31431949	2427
31431950	2427
31431951	2427
31431952	2427
31441205	2018
31464913	621
31464914	621
31464915	621
31464916	621
31464917	621
31464918	621
31464919	621
31464920	621
31464921	621
31464922	621
31464923	621
31464924	621
31464925	621
31464926	621
31464927	621
31464928	621
31464929	621
31464930	621
31464931	621
31464932	621
31464933	621
31464934	621
31464935	621
31483794	2441
31483795	2440
31483795	2441
31483796	2441
31494223	2445
31494224	2445
31494225	2445
31494226	2445
31496016	2460
31496017	2460
31496018	2460
31496019	2460
31496468	1928
31496469	1928
31504040	195
33176367	4057
33178429	4058
31529162	2484
31529169	2484
31529176	2484
31529183	2484
31529190	2484
31529197	2484
31529206	2484
31529213	2484
31529220	2484
31529227	2484
31529234	2484
31540110	2485
31559185	708
31580246	177
31595934	2490
31595935	2490
31595936	2490
31595937	2490
31595938	2490
31595939	2490
31595940	2490
31595941	2490
31615302	2492
31628161	2494
31522173	1006
31631416	2495
31632283	2496
31640996	2499
31649344	2502
31667423	2504
31683185	2505
31689132	2508
31722087	2513
31741563	948
31744568	2866
31744682	2886
31744839	2911
31744954	2933
33178430	4058
33178431	4058
33178432	4058
33178433	4058
33178434	4058
33178435	4058
33178436	4058
33178437	4058
33178438	4058
33178439	4058
33178440	4058
33178441	4058
33178442	4058
33180586	4060
33180587	4060
33180588	4060
33180589	4060
33180590	4060
33180591	4060
33181147	4061
33181148	4061
33181149	4061
33181150	4061
33181151	4061
33181152	4061
33181153	4061
33181154	4061
33181155	4061
33181156	4061
33181157	4061
33181158	4061
33181159	4061
33181882	4062
33181883	4062
33181884	4062
33181885	4062
33181886	4062
33181887	4062
33181888	4062
33181889	4062
33181890	4062
33181891	4062
33181892	4062
33181893	4062
33181894	4062
33183336	4065
33183337	4065
33183338	4065
33183339	4065
33190615	4066
33190616	4066
33190617	4066
33190618	4066
33190717	4066
33195591	4067
33195592	4067
33195593	4067
30112379	81
30112380	78
30112381	78
30112382	78
30112383	81
30112384	81
30112386	82
30112393	83
30112394	83
30112395	83
30112409	86
30112410	86
30112425	89
30112426	89
30112427	89
30112428	89
30112430	89
30112432	89
30112434	89
30112547	92
30112548	92
30561801	1814
30567337	225
30568156	183
30573662	1984
30575980	1985
30590889	1996
30590890	1996
30590891	1996
30590892	1996
30590893	1996
30590894	1996
30590895	1996
30590896	1996
30590897	1996
30590898	1996
31041436	620
31041437	620
31041438	620
31041439	620
31156989	2310
31162013	251
31211328	225
31270788	2340
31270789	2340
31270790	2340
31270791	2340
31291426	248
31307775	291
31307776	252
31307777	279
31307778	142
31307779	196
31307780	207
31307781	216
31307782	220
31335997	2367
31335998	2367
31335999	2367
31336000	2367
31350593	2368
31350594	2368
31350595	2368
31350596	2368
31350597	2368
31372576	2372
31372577	2372
31372578	2372
31372579	2372
31390126	2395
31390127	2395
31390128	2395
31390129	2395
31414921	2421
31414968	2422
31414969	2422
31414970	2422
31414971	2422
31441276	2019
31465258	2258
31484036	2441
31494258	2446
31494259	2446
31494260	2446
31494261	2446
31496023	2415
31496024	2417
31496025	2418
31496026	2419
31496027	2420
31496028	2423
31496029	2424
31496030	2425
31496031	2426
31496032	2427
31496033	2428
31496034	2429
31496035	2430
