24169635	1138
24190358	1183
24145517	729
24190400	1217
24190404	1227
24145596	729
24193506	1262
24193514	1262
24193515	1262
24193516	1262
24193517	1262
24193518	1262
24193519	1262
24193609	1214
24193610	1214
24193611	1214
24193612	1214
24193613	1214
24193614	1214
24193615	1214
24193616	1214
24193617	1214
24193618	1214
24193619	1214
24211299	1300
24211300	1300
24211301	1300
24211302	1300
24211303	1300
24211304	1300
24232377	1325
24274450	1409
24274563	1111
24274565	1412
24274581	1111
24279367	985
24290257	945
24295272	1317
24295273	1317
24295274	1317
24295275	1317
24295276	1317
24145872	774
24295277	1317
24295278	1317
24295279	1317
24145877	775
24145878	774
24145879	775
24145880	774
24145882	775
24295280	1317
24145884	775
24145885	775
24145886	774
24145887	775
24295281	1317
24295282	1317
24298147	1314
24301241	1484
24307603	1453
24307936	1488
24311595	1491
24316732	1087
24316733	1087
24316734	1087
24316735	1087
24316736	1087
24145905	778
24316737	1087
24145908	778
24316738	1087
24316739	1087
24316740	1087
24316741	1087
24316742	1087
24316743	1087
24316744	1087
24316745	1087
24316746	1087
24322306	1506
24322380	1506
24325413	834
24325414	834
24325415	834
24325416	834
24325417	834
24325418	834
24325419	834
24325420	834
24325421	834
24325423	834
24325424	834
24325426	834
24325427	834
24325429	834
24325430	834
24145940	784
24325431	834
24325432	834
24145943	784
24325433	834
24325434	834
24325435	834
24325436	834
24145948	784
24325437	834
24330707	729
24145951	784
24337201	1513
24346840	1535
24351958	1564
24145955	784
24352185	1565
24358795	1591
24373667	1611
24374190	1612
24374985	1619
24375959	1248
24377538	1644
24378593	1656
24378595	1656
24378596	1656
24378598	1656
24378600	1656
24378601	1656
24378602	1656
24378604	1656
24378605	1656
24378607	1656
24378609	1656
24378611	1656
24378612	1656
24378613	1656
24378614	1656
24387099	1677
24387200	1678
24388053	1684
24391298	1691
24393974	1267
24404491	1712
24411616	1731
24411808	1733
24413574	1626
24413575	1626
24413576	1626
24413577	1626
24413578	1626
24413579	1626
24413580	1626
24413581	1626
24413582	1626
24413583	1626
24413584	1626
24413585	1626
24413586	1626
24413587	1626
24420408	1577
24420976	968
24420977	968
24420978	968
24420979	968
24420980	968
24146034	795
24146035	795
24146036	795
24420981	968
24146038	795
24146039	795
24420982	968
24146041	795
24420983	968
24146044	795
24146045	796
24146046	796
24146048	796
24146049	796
24146052	797
24420984	968
24146054	797
24420985	968
24146056	799
24146058	799
24146059	799
24420986	968
24146061	800
24146062	800
24420987	968
24146064	800
24146065	800
24146066	800
24420988	968
24420989	968
24420990	968
24420991	968
24420992	968
24420993	968
24420994	968
24420995	968
24422490	1767
24422491	1767
24422492	1767
24422493	932
24422494	932
24422495	932
24422496	932
24422497	1767
24424785	1771
24424802	1771
24424803	1771
24425935	1790
24437106	968
24437107	968
24437108	968
24437109	968
24437110	968
24437111	968
24437112	968
24437113	968
24437114	968
24437115	968
24437116	968
24437117	968
24437118	968
24437119	968
24437120	968
24146123	729
24169636	1138
24190368	1189
24193509	1262
24211311	1299
24232379	1325
24274455	1111
24274458	1111
24274544	1414
24279402	1437
24279405	1162
24279406	1438
24290261	959
24295393	1317
24295394	1317
24295395	1317
24295396	1317
24295397	1317
24295398	1317
24295399	1317
24295400	1317
24295401	1317
24295402	1317
24295403	1317
24295404	1317
24295405	1317
24298328	1471
24299316	1475
24307619	1453
24307647	1460
24311644	1491
24311645	1491
24311646	1491
24311647	1491
24311648	1491
24311649	1491
24311650	1491
24311651	1491
24311652	1491
24311653	1491
24311654	1491
24311655	1491
24311656	1491
24311657	1491
24311658	1491
24311659	1491
24311660	1491
24311661	1491
24311662	1491
24311663	1491
24311664	1491
24311665	1491
24311666	1491
24311667	1491
24311668	1491
24311669	1491
24316772	1306
24316773	1306
24316774	1306
24316775	1306
24316776	1306
24316777	1306
24316778	1306
24316779	1306
24316780	1306
24316781	1306
24316782	1306
24316783	1306
24316784	1306
24316785	1306
24316786	1306
24316787	1306
24316788	1306
24316789	1306
24316790	1306
24316791	1306
24316792	1306
24322311	1506
24325634	854
24330731	729
24330759	729
24337213	1513
24346847	1535
24351967	1563
24358847	1592
24373681	1611
24374986	1616
24375291	1624
24375333	1273
24375996	1390
24377558	1644
24377559	1644
24377560	1644
24377561	1644
24377562	1644
24377563	1644
24377564	1644
24377565	1644
24377566	1644
24377567	1644
24377568	1644
24377569	1644
24377570	1644
24377571	1644
24377572	1644
24377573	1644
24377574	1644
24377575	1644
24377576	1644
24377577	1644
24377578	1644
24377579	1644
24377580	1644
24377581	1644
24377582	1644
24377583	1644
24377584	1644
24378671	1641
24387101	1677
24388080	1686
24391325	1691
24393976	1270
24404625	1252
24404924	993
24405183	1719
24411619	1731
24411909	1733
24413692	1737
24420411	1577
24420497	1577
24420504	1577
24422561	1241
24422562	1303
24422563	1241
24422564	1303
24422565	1303
24422566	1303
24422567	1303
24422568	1303
24422569	1303
24424806	1771
24424858	1779
24425940	1790
24437121	968
24437122	968
24437123	968
24437124	968
24437125	968
24437126	968
24437127	968
24437128	968
24437129	968
24437130	968
24437131	968
24437132	968
24437133	968
24437134	968
24446098	1829
24447275	1784
24448034	1840
24449518	1846
24449709	1849
24451959	1859
24451960	1859
24451961	1859
24451962	1859
24451963	1859
24451964	1859
24451965	1859
24451966	1859
24451967	1859
24451968	1859
24451969	1859
24451970	1859
24451971	1859
24451972	1859
24451974	1859
24451975	1859
24451976	1859
24451977	1859
24451978	1859
24451979	1859
24451980	1859
24451981	1859
24451982	1859
24451983	1859
24451984	1859
24451985	1859
24451986	1859
24451987	1859
24451988	1859
24451989	1859
24451990	1859
24451991	1859
24453973	1708
24455764	1878
24459197	1884
24459198	1884
24459199	1884
24459200	1884
24459201	1884
24459202	1884
24459203	1884
24459204	1884
24459205	1884
24459206	1884
24459207	1884
24459208	1884
24459209	1884
24459210	1884
24459211	1884
24459212	1884
24459213	1884
24459214	1884
24459215	1884
24459216	1884
24459217	1884
24460963	1886
24462375	1890
24462386	1891
24463459	1894
24464262	1897
24464263	1897
24464264	1897
24464265	1897
24464266	1897
24169662	1132
24170453	1142
24170837	1144
24171748	1145
24171750	1145
24162398	828
24162393	828
24162390	828
24162385	828
24162383	828
24172386	1146
24173515	1152
24175855	1167
24175944	1167
24176035	1043
24176720	1170
27728508	4247
24177011	1171
24177186	1177
24177332	1182
24178793	1017
24178864	1017
24178914	1201
24179633	1202
24181589	1210
24183264	1209
24185580	1035
24185583	1035
24185586	1035
24185589	1035
24185592	1035
24185595	1035
24185598	1035
24185601	1035
24185604	1035
24185607	1035
24185610	1035
24185613	1035
24185616	1035
24185622	1035
24185625	1035
24185759	1045
24185760	1045
24185761	1045
24185762	1045
24185763	1045
24185764	1045
24185765	1045
24185766	1045
24185767	1045
24185768	1045
24185769	1045
24185770	1045
24185771	1045
24185772	1045
24185773	1045
24185774	1045
24185776	1045
24185777	1045
24185778	1045
24185779	1045
24187093	1206
24187949	1225
24190370	1190
24193512	1262
27808023	4090
24197238	1257
24199274	1270
24200416	1273
24202883	1214
24202884	1214
24202885	1214
24202886	1214
24202887	1214
24202888	1214
24207557	1134
24211336	1300
24216462	1262
24216467	1262
24216472	1262
24216477	1262
24216482	1262
24216487	1262
24216492	1262
24216497	1262
24216502	1262
24216507	1262
24216513	1262
24216518	1262
24217707	1201
24218051	1307
24218052	1307
24218053	1307
24218054	1307
24223309	1295
24225571	1308
24228105	1311
24229381	1312
24232380	1325
24236661	1333
24239432	1120
24239437	1120
24239441	1120
24239445	1120
24239791	1335
24242928	1352
27808024	5502
27875617	5679
27875621	5679
27875622	5679
27875626	5679
27875627	5679
27875631	5679
27875632	5679
27875636	5679
27875637	5679
27875641	5679
27875642	5679
27875646	5679
27875647	5679
27875651	5679
27875652	5679
27875656	5679
27875657	5679
27875661	5679
24244812	1355
24245615	1358
24247738	1361
24249134	1363
24251691	1370
24254049	1365
24257975	1379
24264409	1392
24264788	1394
24264837	1394
24264996	1393
24268653	1392
24269080	1379
24272698	1111
24273476	1405
24274459	1111
24274480	1409
24274928	1417
24275396	1418
24275996	1420
24275999	1420
24279407	1438
24252923	1014
24252924	1014
24252925	1014
24252926	1014
24252927	1014
24252928	1014
24252929	1014
24290270	982
24295468	1317
24295469	1317
24295470	1317
24295471	1317
24295472	1317
24295473	1317
24295474	1317
24295475	1317
24295476	1317
24295477	1317
24295478	1317
24298336	1471
24298613	1472
24307629	1460
24311798	1492
24316852	1501
24316867	1501
24322314	1506
24325673	854
24325674	854
24325675	854
24325676	854
24325677	854
24325678	854
24325679	854
24325680	854
24325681	854
24325682	854
24325683	854
24325684	854
24325685	854
24325686	854
24325687	854
24325688	854
24325689	854
24325690	854
24325691	854
24325692	854
24325693	854
24325694	854
24325695	854
24325696	854
24337268	1513
24346864	1535
24351981	1564
24351982	1564
24351983	1564
24351984	1564
24351985	1564
24351986	1564
24351987	1564
24351988	1564
24351989	1564
24351990	1564
24351991	1564
24351992	1564
24351993	1564
24351994	1564
24351995	1564
24351996	1564
24351997	1564
24358852	1592
24373682	1611
24373706	1611
24374993	1616
24376008	1512
24378691	1657
24387111	1677
24388085	1686
24391382	1691
24169671	1132
24170454	1142
24170838	1144
24170842	1144
24171751	1145
24172391	1146
24173522	1152
24175946	1167
24176082	1168
24177015	1171
24177167	1176
24177394	1186
24178885	1021
24179635	1202
24181646	1211
24182021	1214
24183287	1203
24187388	1223
24187954	1225
24190376	1194
24193536	1262
24197243	1256
24197244	1210
24197245	1210
24197246	1210
24197247	1210
24197248	1210
24197249	1210
24197250	1210
24197251	1210
24197252	1210
24199279	1270
24200417	1273
24203064	1126
24203065	1126
24203066	1126
24203067	1126
24203068	1126
24203069	1126
24207587	1132
24211340	1300
24216775	1306
24217717	1201
24225580	1308
24228115	1311
24228117	1311
24228119	1311
24228121	1311
24228123	1311
24228125	1311
24228127	1311
24228129	1311
24229382	1312
24232383	1325
24236670	1333
24239796	1335
24242934	1352
24244815	1355
24245618	1358
24247741	1361
24249136	1363
24251693	1370
24254078	890
24257983	1379
24264412	1392
24268654	1392
24269082	1382
24272709	1111
24272710	1111
24272711	1111
24272712	1111
24272713	1111
24272714	1111
24272715	1111
24272716	1111
24272717	1111
24272718	1111
24273477	1405
24274466	1111
24274694	1415
24275398	1418
24276000	1420
24276470	1137
24279408	1014
24279499	1440
24279615	826
24279616	826
24279617	826
24279618	826
24279619	826
24279620	826
24279621	826
24279622	826
24290283	1008
24295594	1317
24295595	1317
24295596	1317
24295597	1317
24295598	1317
24295599	1317
24295600	1317
24295601	1317
24295602	1317
24295603	1317
24298348	1471
24298349	1471
24298350	1471
24298351	1471
24298352	1471
24298353	1471
24298354	1471
24298355	1471
24298356	1471
24298357	1471
24298358	1471
24307637	1460
24311802	1492
24316856	1501
24322319	1506
24322394	1506
24322395	1506
24322396	1506
24322397	1506
24322398	1506
24322399	1506
24322400	1506
24322401	1506
24322402	1506
24322403	1506
24322404	1506
24322405	1506
24322406	1506
24322407	1506
24322408	1506
24322409	1506
24322410	1506
24322411	1506
24322412	1506
24322413	1506
24322414	1506
24322415	1506
24322416	1506
24322417	1506
24322418	1506
24322419	1506
24322420	1506
24322421	1506
24322422	1506
24325751	827
24325752	827
24325754	827
24325755	827
24325756	827
24325757	827
24325758	827
24325759	827
24325760	827
24325761	827
24325762	827
24325763	827
24325764	827
24325765	827
24325766	827
24325767	827
24325768	827
24325769	827
24325770	827
24325771	827
24337289	1513
24346868	1535
24352136	1565
24358853	1592
24373684	1611
24375015	1620
24376013	1513
24378697	1657
24387136	1677
24387137	1676
24387138	1677
24387139	1676
24387140	1677
24387141	1676
24387142	1677
24387143	1676
24387144	1677
24387145	1676
24388101	1686
24391410	1691
24391412	1691
24391414	1691
24391416	1691
24391419	1691
24391421	1691
24391423	1691
24391425	1691
24391427	1691
24391429	1691
24391430	1691
24391432	1691
24391434	1691
24391436	1691
24391438	1691
24391440	1691
24391441	1691
24391443	1691
24391445	1691
24391447	1691
24394012	1276
24404634	1715
24411672	1731
24413697	1737
24420478	1577
24422609	1768
24424820	1778
24425947	1790
24437344	1690
24438387	1817
24440990	1724
24440992	1020
24444388	1820
24446125	1831
24447279	1786
24448094	1840
24449519	1846
24449520	1846
24449521	1846
24146157	774
24169683	1132
24170456	1142
24170839	1144
24171752	1145
24172490	1147
24173537	1152
24173538	1152
24173539	1152
24173540	1152
24173541	1152
24173542	1152
24173543	1152
24173544	1152
24173545	1152
24173546	1152
24173547	1152
24173548	1152
24173549	1152
24173550	1152
24173551	1152
24173552	1152
24175954	1167
24176087	1168
24177016	1171
24178886	1021
24179637	1202
24181648	1211
25570620	3412
24187390	1223
24187968	1225
24190378	1198
24193627	1118
24193628	1118
24193629	1118
24193630	1118
24193631	1118
24197286	1264
24197332	1264
24199283	1270
24199333	1270
24200421	1273
24203209	1278
24207614	1129
24211506	1301
24216776	1306
24216782	1306
24217726	1201
24217970	1307
24225588	1308
24229384	1312
24232384	1325
24236728	1333
24239807	1335
24242941	1352
24244822	1355
24245620	1358
24247751	1361
24247787	1361
24249137	1363
24251694	1370
24254090	890
24257987	1379
24264417	1392
24268655	1392
24269083	1386
24272726	1111
24272799	1111
24273478	1405
24273719	1111
24273964	1111
24274475	1412
24274543	1414
24274585	1111
24275402	1419
24276003	1420
24279433	934
25570950	3530
24290293	1015
24295883	1317
24295884	1317
24295885	1317
24295886	1317
24295887	1317
24295888	1317
24295889	1317
24295890	1317
24298384	1471
24298401	775
24298494	1472
24307932	1488
24311806	1492
24311923	1492
24316859	1501
24322335	1506
24326080	807
24326081	807
