237	149881
237	387165
237	387164
237	15958
254	149881
254	387165
254	387164
254	15958
294	2586
294	771525
296	2586
296	771525
298	2586
298	771525
302	2671
302	2658
341	2600
341	418022
375	831331
376	831331
402	829055
402	829232
402	431522
402	829235
402	7866
402	596412
402	596408
402	829227
402	542176
402	596409
402	829228
402	829233
402	596407
402	596406
402	596405
402	829234
402	45911
402	829230
402	596411
402	829229
402	596410
402	829231
402	8775
402	391223
525	23176
525	228844
528	621869
528	437392
528	672691
528	43844
548	150232
550	341470
550	18536
552	877584
679	201044
680	838093
681	838093
682	838093
729	274298
730	19973
730	7804
731	19973
731	7804
732	19973
732	7804
733	19973
733	7804
734	19973
734	7804
735	19973
735	7804
736	19973
736	7804
737	19973
737	7804
738	19973
738	7804
739	19973
739	7804
740	19973
740	7804
745	680228
745	318529
15464527	937444
745	318526
745	318525
745	318524
745	6808
15469648	1088679
747	680228
747	318529
15469649	1088679
747	318526
747	318525
747	318524
747	6808
15469650	1088679
748	680228
748	318529
15469651	1088679
748	318526
748	318525
748	318524
748	6808
15471348	785106
772	67039
772	589748
772	480177
772	490693
773	6726
773	194356
801	804316
801	18316
801	60058
801	20034
801	20029
801	20035
801	672684
801	20030
801	8391
802	804316
802	18316
802	60058
802	20034
802	20029
802	20035
802	672684
802	20030
802	8391
804	804316
804	18316
804	60058
804	20034
804	20029
804	20035
804	672684
804	20030
804	8391
849	102997
850	102997
851	102997
852	102997
853	102997
854	102997
855	102997
856	102997
857	102997
858	102997
859	102997
860	102997
904	303442
905	341470
905	18536
907	341470
907	18536
942	150232
970	838093
976	838093
978	838093
985	838093
986	838093
987	838093
988	838093
999	260768
1039	953353
1040	838093
1062	813079
1062	8305
1064	813079
1064	8305
1066	813079
1066	8305
1070	813079
1070	8305
1072	813079
1072	8305
1086	424865
1086	400780
1086	29785
1086	29783
1090	424865
1090	400780
1090	29785
1090	29783
1097	634542
1097	343302
1097	42875
1097	591432
1097	289865
1103	634542
1103	343302
1103	42875
1103	591432
1103	289865
1111	45578
1234	2586
1234	771525
1332	19730
1374	804316
1374	18316
1374	60058
1374	20034
1374	20029
1374	20035
1374	672684
1374	20030
1374	8391
1375	804316
1375	18316
1375	60058
1375	20034
1375	20029
1375	20035
1375	672684
1375	20030
1375	8391
1376	804316
1376	18316
1376	60058
1376	20034
1376	20029
1376	20035
1376	672684
1376	20030
1376	8391
1377	804316
1377	18316
1377	60058
1377	20034
1377	20029
1377	20035
1377	672684
1377	20030
1377	8391
1378	804316
1378	18316
1378	60058
1378	20034
1378	20029
1378	20035
1378	672684
1378	20030
1378	8391
1379	804316
1379	18316
1379	60058
1379	20034
1379	20029
1379	20035
1379	672684
1379	20030
1379	8391
1380	804316
1380	18316
1380	60058
1380	20034
1380	20029
1380	20035
1380	672684
1380	20030
1380	8391
1381	804316
1381	18316
1381	60058
1381	20034
1381	20029
1381	20035
1381	672684
1381	20030
1381	8391
1382	804316
1382	18316
1382	60058
1382	20034
1382	20029
1382	20035
1382	672684
1382	20030
1382	8391
1383	804316
1383	18316
1383	60058
1383	20034
1383	20029
1383	20035
1383	672684
1383	20030
1383	8391
1387	804316
1387	18316
1387	60058
1387	20034
1387	20029
1387	20035
1387	672684
1387	20030
1387	8391
1389	804316
1389	18316
1389	60058
1389	20034
1389	20029
1389	20035
1389	672684
1389	20030
1389	8391
1395	38676
1397	38676
1398	38676
1399	38676
1400	38676
1401	38676
1402	38676
1444	508
1444	507
1446	508
1446	507
1461	424865
1461	400780
1461	29785
1461	29783
1501	18734
1501	194283
1573	63215
1573	469206
1597	877584
1599	341470
1599	18536
1614	484789
1614	348831
1614	286700
1614	798900
1614	570725
1614	8316
1614	207952
1614	771967
1662	2586
1662	771525
30111814	1526627
1680	748829
1684	18734
1684	194283
1694	909052
1696	18734
1696	194283
1766	43407
1768	43407
1777	43407
1844	32441
1882	424217
1882	4816
1882	344834
1883	424217
1883	4816
1883	344834
1884	424217
1884	4816
1884	344834
1885	424217
1885	4816
1885	344834
1886	424217
1886	4816
1886	344834
1888	424217
1888	4816
1888	344834
1889	424217
1889	4816
1889	344834
1890	424217
1890	4816
1890	344834
1891	424217
1891	4816
1891	344834
1892	424217
1892	4816
1892	344834
1893	424217
1893	4816
1893	344834
1894	670505
1894	721904
1894	358238
1894	4814
1894	528421
1895	424217
1895	4816
1895	344834
1896	424217
1896	4816
1896	344834
1897	424217
1897	4816
1897	344834
1898	424217
1898	4816
1898	344834
1902	278752
1902	420217
1902	278747
1902	3065
1905	53928
1907	53928
1908	278752
1908	420217
1908	278747
1908	3065
1961	272162
1961	810849
1961	516017
1961	5052
1961	272161
1982	464175
1982	230
1982	3407
1982	4
1984	464175
1984	230
1984	3407
1984	4
1985	464175
1985	230
1985	3407
1985	4
1988	464175
1988	230
1988	3407
1988	4
1989	464175
1989	230
1989	3407
1989	4
1992	464175
1992	230
1992	3407
1992	4
1993	464175
1993	230
1993	3407
1993	4
1994	464175
1994	230
1994	3407
1994	4
1995	464175
1995	230
1995	3407
1995	4
1996	464175
1996	230
1996	3407
1996	4
1997	464175
1997	230
1997	3407
1997	4
22303075	578459
2118	54825
2123	10752
2123	348665
22171484	1059085
22171492	453498
2126	209665
2126	670731
22171492	484216
2126	209663
2142	709968
2142	286698
2142	660602
2142	709967
2142	709966
2142	3522
2142	629910
2143	709968
2143	286698
2143	660602
2143	709967
2143	709966
2143	3522
2143	629910
20413534	1239525
20414164	641389
2207	1580
20414164	1212907
2260	790226
20414164	1239489
2260	1572
30111817	1526628
2260	276568
2293	10760
2293	23410
2293	502608
2293	182999
2293	530636
2293	289222
2293	49640
2293	182998
2300	33863
2300	567923
2300	8067
2302	33863
2302	567923
2302	8067
2304	94743
2304	772020
2327	304914
2332	32953
2332	32952
2332	350943
2337	32953
2337	32952
2337	350943
2338	9713
2338	9714
2339	32953
2339	32952
2339	350943
2341	32953
2341	32952
2341	350943
2344	404974
2344	432053
2344	365082
2344	751503
2344	1222
2345	404974
2345	432053
2345	365082
2345	751503
2345	1222
2371	512253
2371	282924
2371	782835
2371	538978
2371	8387
2422	372621
2522	813079
2522	8305
2533	260768
2591	909052
2595	748829
2611	2586
2611	771525
19260636	2120
2706	633444
2706	437325
2706	86873
2706	5487
2714	633444
2714	437325
2714	86873
2714	5487
2715	633444
2715	437325
2715	86873
2715	5487
2725	296595
2725	239706
2725	831854
2831	10981
2831	551731
2835	10981
2835	551731
2836	10981
2836	551731
2837	10981
2837	551731
2838	10981
2838	551731
2839	10981
2839	551731
2840	10981
2840	551731
2841	10981
2841	551731
2848	43407
2849	43407
2852	804316
2852	18316
2852	60058
2852	20034
2852	20029
2852	20035
2852	672684
2852	20030
2852	8391
2865	2732
2865	2733
2867	2732
2867	2733
2873	680228
2873	318529
15464528	936745
2873	318526
2873	318525
2873	318524
2873	6808
15469654	1088680
2874	869316
2876	680228
2876	318529
15469655	1088680
2876	318526
2876	318525
2876	318524
2876	6808
15469656	1088680
2878	680228
2878	318529
15471350	1088247
2878	318526
2878	318525
2878	318524
2878	6808
15471351	1088247
2894	6228
2956	746193
2956	1224
2986	449768
16900692	1135057
3038	7291
3038	833112
3038	271753
3038	57331
3038	468819
3121	973646
3152	5496
3164	53902
3170	53902
3192	1708
3192	423448
3193	1708
3193	423448
3195	1708
3195	423448
3196	1708
3196	423448
3198	1708
3198	423448
3199	1708
3199	423448
3201	1708
3201	423448
3202	1708
3202	423448
3203	1708
3203	423448
3204	1708
3204	423448
3227	1710
3228	1710
3229	1710
3230	1710
3231	1710
3233	1710
3234	1710
3235	1710
3236	1710
3237	1710
3238	1710
3239	1716
3239	574591
3239	832337
3240	1716
3240	574591
3240	832337
3241	1716
3241	574591
3241	832337
3242	1716
3242	574591
3242	832337
3243	1716
3243	574591
3243	832337
2207	549450
3244	1716
3244	574591
3244	832337
3245	1716
3245	574591
3245	832337
3246	1716
3246	574591
3246	832337
3247	1716
3247	574591
3247	832337
3249	1716
3249	574591
3249	832337
3250	1716
3250	574591
3250	832337
3251	1716
3251	574591
3251	832337
33174084	1349888
33174084	1351882
33174084	1456942
33175439	659592
33175697	893482
33175698	893482
33175745	967887
33175746	967887
33175768	23371
33175769	462394
33175769	668819
33175770	309793
33175774	34207
3300	1708
3300	423448
3346	643031
3347	643031
3419	6133
3422	698358
3422	751806
3422	252725
3422	582904
3422	318
3423	39605
3427	861857
3428	36359
3428	36360
3428	253722
3428	36361
3431	26209
3433	494980
3433	42056
3444	554023
3444	781079
27728498	1267353
3444	39528
3444	375810
3444	1567
3448	115569
3453	260768
3454	859056
3456	343267
3456	2582
3457	92903
3461	852720
3466	1021430
3468	328005
3468	480198
3471	494980
3471	42056
3476	6133
3509	43231
3513	539846
20413539	550486
15464530	935744
3513	327723
15469669	734163
3513	327726
3513	327725
3513	810201
15578403	20508
16900701	1129461
3513	92
20414054	1239535
3513	327724
3513	731516
3513	268
20414055	1239535
3575	4206
3588	530450
3669	33643
3723	33453
3745	256972
3745	264123
3756	256972
3756	264123
3791	875188
20414056	1239535
3839	72478
3898	15651
22171487	772509
3841	526507
3842	186849
3843	870344
3845	180490
3846	180490
3850	59732
3859	57694
3862	7921
3862	545
3862	467291
6046	1587696
3871	914041
3872	877295
3873	868539
3875	926604
3876	7744
3876	141613
3876	403297
3876	634028
3897	951576
3898	15650
3898	350551
3900	915424
3905	962808
3909	165890
3929	8069
3929	527964
3930	8069
3930	527964
3944	950730
3946	324653
3946	32628
3946	416390
3947	324653
3947	32628
3947	416390
3976	1035331
4004	33291
4018	181970
4049	870326
4080	633444
4080	437325
4080	86873
4080	5487
4081	196914
4093	1033657
4117	1036647
4150	1036652
4187	1016232
4222	31083
4258	44703
4329	89515
4370	155923
4370	273603
4393	554340
4393	1633
4423	867473
4452	59926
4486	955605
4654	132767
4687	265862
4706	251482
4762	801303
4762	394734
4762	801302
4780	949873
4868	995208
4891	4204
4930	21990
5022	179192
5023	179192
5058	951508
5129	132280
5158	347993
5159	347993
5271	33668
5296	1001846
5340	939642
5386	256970
5386	285245
5386	3587
5387	256970
5387	285245
5387	3587
5403	27138
5403	443911
5403	136869
5408	358422
5408	594721
5460	924064
5474	251482
5539	860506
5540	860506
5584	729847
5596	22758
5597	729847
5606	729847
5615	729847
5638	1477
5638	1478
5681	1031090
5801	902488
5802	902488
5891	729847
5893	199544
5931	180493
5970	44167
5974	489784
5974	251527
6046	7759
6075	61840
6114	35256
6236	68150
6237	68150
6238	68150
6239	68150
6240	68150
6241	68150
3513	527535
3840	191941
3840	825614
3835	176670
3865	176670
6242	68150
6243	68150
6244	68150
6245	68150
6261	7850
15464531	854673
15469672	1088681
6261	100872
6262	104749
6263	104749
22171488	585660
6308	18144
6308	370883
6308	434324
6316	313971
6316	538373
6316	8930
6338	19473
6339	19473
6380	971732
6483	26333
6483	326484
6483	294276
6496	44940
6496	793457
6639	860578
6653	1027995
6655	806225
6655	106062
6655	106052
6655	294725
6655	294728
6672	806225
6672	106062
6672	106052
6672	294725
6672	294728
6874	3766
6875	3766
6888	328005
6888	480198
6889	794085
6987	328005
6987	480198
6990	176995
6991	176995
6992	176995
6993	176995
6994	176995
6995	176995
6996	176995
6997	176995
6998	176995
6999	176995
7000	176995
7001	176995
7002	176995
7003	176995
7020	1636
7020	465819
7042	1636
7042	465819
7047	813334
7085	925726
7095	519274
7095	38972
7151	965494
7152	965494
7153	965494
7163	87276
7163	253352
7163	237960
7240	1250
7341	81909
7397	291625
7535	13859
7536	13859
7537	13859
7538	13859
7539	13859
7540	13859
7566	168503
7567	168503
7580	729847
7694	453064
7694	373688
7694	208106
7739	493790
7739	57185
7740	13540
7740	44955
7740	314549
7740	13543
7740	7645
7740	534529
7740	13541
7742	13540
