13427879	15857	2
12990986	49379	2
12990987	49379	2
13001638	47335	2
12991026	49379	2
12991037	49379	2
12991038	49379	2
13001757	1182	2
14175079	174	2
14201183	44534	2
14419046	24280	2
13015864	4884	2
14176327	6146	2
14388218	37972	2
13022026	20678	2
12974391	109	2
13438704	62	2
12991383	5428	2
12991399	15857	2
13004573	1556	2
13004610	39293	2
13004620	16794	2
13085485	49949	2
13042821	46482	2
12933913	26055	2
12916858	6641	2
13067601	49870	2
13773346	53499	2
12998108	7459	2
12998108	40871	2
13072000	14672	2
12991525	15857	2
12994458	405	2
13016042	62	2
13062195	3014	2
13016127	3042	2
13791288	417	2
13010392	46825	2
13587864	2422	2
13078081	17896	2
13097722	50019	2
14176439	16769	2
13114810	38635	2
13067069	17896	2
13001920	2901	2
13001933	21869	2
13001933	26859	2
13098587	1525	2
12991748	14874	2
13001049	3701	2
13991687	54836	2
13055353	1547	6
14303249	17	2
13102203	50046	2
13164706	235	2
13102219	5773	2
13102223	5773	2
13989045	6395	2
12991918	41285	2
12901379	2764	2
12901379	1656	2
13085494	49949	2
13071196	24601	2
12981137	49437	2
12901306	49078	2
12991923	49490	2
14245866	4	2
13022066	7283	2
12981017	49436	2
13035692	6847	2
13035692	2798	2
13001111	6847	2
13001111	1864	2
12912346	4	2
13035716	289	2
13115530	793	2
13016329	5095	2
13001527	24601	2
13035731	6847	2
13035751	1472	2
13035801	155	2
13035783	170	2
27728765	888	2
13636710	28505	2
13010437	46825	2
14171310	952	2
14361136	25	2
13128039	3917	2
13010483	717	2
13064628	3014	2
13010507	49587	2
13035889	49718	2
13035908	49718	2
13064635	6146	2
13071825	155	2
13055453	1519	2
12934786	1727	2
13016597	7945	2
12943673	49242	2
13016680	95	2
12943670	49242	2
13001320	6328	2
13001363	6328	2
14387579	347	2
13001469	6328	2
13001469	9502	2
13001478	3217	2
14028904	26714	2
13001552	9502	2
13001552	6328	2
13001553	9502	2
13001553	6328	2
13001590	24601	2
14243559	56307	2
13001569	10406	2
12992013	26704	2
12992047	26704	2
12992062	36263	2
12992081	49491	2
13069428	601	2
14093270	21788	2
14387611	57159	2
12992123	1833	2
13065596	8227	2
13065488	8227	2
14322741	66	2
14322741	416	2
12912843	49111	2
14367557	2033	2
12901476	47195	2
12912588	17336	2
12901451	49079	2
13262246	50882	2
12901385	592	2
14377745	8738	2
14339465	1584	2
14369157	3781	2
13001988	795	2
13001997	795	2
12901801	17546	2
12901800	17546	2
12935210	590	2
13171131	5947	2
13172178	50366	2
13596907	52704	2
12992457	32086	2
13137138	1868	2
14388299	3267	2
12935196	1848	2
13002336	49538	2
14229450	44576	2
13002355	6146	2
14431566	3254	2
13916774	6847	2
13002437	2920	2
13002437	49542	2
13025242	4	2
13020550	172	2
13020645	5943	2
13022248	563	2
13020691	1010	2
13022252	39	2
13022270	56	2
13022305	141	2
12986882	30208	2
12924336	7777	2
12924334	7777	2
13305307	7811	2
13021085	347	2
13055419	347	2
12947674	155	2
13154876	23631	2
14320347	1910	2
12924268	17884	2
13170895	28	2
13170895	6701	2
13010596	49588	2
13004869	1634	2
13004884	466	2
12941570	827	2
12917172	7706	2
13031207	405	2
12914621	95	2
14376489	28541	2
13055488	49803	2
25569587	3267	2
13002395	4775	3
13031281	1519	2
13154930	9771	2
12963394	9533	2
13005034	30511	2
13117697	6146	2
13005070	3892	2
13005095	4307	2
13005108	4307	2
13224373	50688	2
12924703	1089	2
13036215	405	2
13071297	10580	2
13010777	49588	2
12998529	9014	2
13069736	3179	2
13069752	198	2
14245863	4	2
13390956	65	2
13186470	28	2
14253315	862	2
12948918	95	2
12948918	15857	2
12925067	49162	2
13004934	3760	9
13005211	3608	2
13268293	4466	2
12967784	274	6
13079208	958	2
13079208	485	2
12967760	49340	2
13093937	50002	2
12917397	347	2
13012274	1556	2
13098054	1020	2
10779653	43616	2
12917386	702	2
12917324	2508	2
14376576	28541	2
14001220	56	2
12917189	95	2
13115814	467	2
13144386	795	2
13090140	443	2
13005368	67	2
13005391	41044	2
13114618	50107	2
13042645	2798	2
13005477	1205	2
14001290	4167	2
12917856	49127	2
12974479	25210	2
13016969	1702	2
12917815	467	2
14376704	57113	2
14376707	16560	2
13085629	19540	2
13017069	41397	2
13048273	4466	2
13000268	5951	2
13390985	51537	2
13021822	49634	2
12917615	33244	2
13005513	1205	2
13005514	1205	2
13005562	417	2
14451963	17215	2
13012235	34886	2
14312531	24215	9
14312514	24215	9
14376832	3267	2
13059685	4466	2
13005773	1205	2
13005774	1205	2
13005775	2819	2
13002070	56	2
13032014	1519	9
13001781	603	2
14395393	33	2
13525315	52288	2
14395399	33	2
14395489	7238	2
12935703	2802	2
12935694	3415	2
13993753	5250	2
12914747	377	2
12914664	4842	2
13003017	2519	2
12936117	3701	2
13003068	2592	2
12936050	44009	2
12936050	37665	2
13167581	166	2
13072255	49905	2
13210064	19095	2
13006009	49569	2
13063984	6847	2
13063984	34509	2
13005992	3161	2
13005991	7459	2
13005991	28340	2
12968656	6257	2
12918208	49128	3
13098493	50024	2
12949338	827	2
13181996	42228	2
13012209	49600	2
13160092	117	2
13160094	117	2
13005856	585	2
13012163	5613	2
13160110	117	2
13012111	1616	2
13012114	8893	2
13012091	49599	2
13084656	29695	2
12968614	235	2
12968553	23358	2
13026242	5488	2
12968522	36235	6
12968522	3415	6
12968502	87	2
13179246	7327	2
13027911	49672	2
13028779	49674	2
13028783	20842	2
13028783	49674	2
13028867	49675	2
13100741	235	2
14315455	9281	2
12936269	49211	2
13054932	64	2
13054953	1616	2
13160371	7039	2
13936588	561	2
13041655	1589	2
13040577	31380	2
13055058	480	2
12157959	62	2
13040636	7063	2
13993954	26484	2
13040666	8858	2
6707550	38210	2
13133515	250	2
13133511	39938	2
13133534	9888	2
13040696	2508	2
13055021	62	2
13055029	155	2
13041694	49741	2
13041710	69	2
13041710	49741	2
13041730	1589	2
33187868	103796	2
13041939	1010	2
13041866	1589	2
13041870	1589	2
13133600	15475	2
13133610	852	2
12969052	49350	2
13994180	2175	2
13133674	1485	2
14388311	2108	2
13133679	15155	2
13078982	31936	2
13079016	48890	2
13079028	48890	2
13425658	3284	2
14388421	852	2
13079071	31936	2
13003726	4904	2
13472471	961	2
12941790	15857	2
13079107	31936	2
13994270	8921	2
12942081	235	2
12942028	15857	2
14412493	62	2
13058773	50	2
13041921	30571	2
12941881	443	2
12941843	15857	2
12981453	4060	2
12992898	42705	2
13097783	7	2
13097784	7	2
12901925	10154	2
12992862	155	2
12992863	1575	2
13178639	7878	2
12981382	49438	2
13100865	112	2
13066766	43116	2
12981380	49438	2
13055197	235	2
13055303	5741	2
13994340	2175	2
12995389	951	2
12993025	49495	2
13078508	1647	9
13078503	1647	9
13078502	1647	9
13078497	1647	9
13066650	1666	9
12993086	172	2
13210087	50589	2
13061702	185	2
25569587	73828	2
12992890	49494	2
13528364	45400	2
12992887	27377	2
12992886	27377	2
12992882	27377	2
12992876	27377	2
13068015	1405	2
14347383	16210	2
14002061	1363	2
13060365	235	2
12993311	22891	2
13018406	743	2
13068134	28	2
13068144	28	2
13018445	33941	2
13068152	746	2
12993346	3709	2
12993420	15151	2
12902585	49081	2
13182243	1556	2
13182243	5662	2
13182257	50437	2
13182265	50438	2
13182266	50438	2
12902554	33895	2
13065270	1653	2
13065246	49852	2
12938571	4768	2
14002275	613	2
12993503	3709	2
13180660	8980	9
13065226	198	2
12993530	3709	2
12993559	3709	2
13191919	50474	2
12993576	3709	2
13042013	16027	2
13018549	4080	2
14002382	54919	2
12969247	339	2
13022025	20678	2
13018708	27813	2
13018817	1297	2
13018846	1297	2
13994463	2175	2
12936783	1367	2
12936783	19972	2
13007791	36263	2
13182358	15857	2
13079079	49935	2
13094430	7920	2
13017775	34824	2
13017777	34824	2
13017786	34824	2
13017806	34824	2
14320364	1910	2
13065425	49853	2
13064166	7152	2
14412647	5321	2
13065373	49854	2
13017910	480	2
13144599	140	2
12992263	1796	2
12992240	4060	2
14412679	57335	2
13069921	2416	2
13069921	8274	2
12938818	2802	2
13979912	4167	2
13179607	465	2
13146823	27632	2
13105986	6912	2
13068584	5170	2
13098597	388	2
12991697	15857	2
13180612	27043	9
14412826	57331	2
13064289	22100	2
13144333	1556	9
13146844	27632	2
14352207	56972	2
14412867	5240	2
12991556	15857	2
13021354	2796	2
13063883	4680	2
13060376	6916	2
13060400	8473	2
13060405	7495	2
12992540	49493	2
12992517	34978	2
13669064	6847	2
13117802	56	2
13601539	40613	2
13022067	49635	2
13597586	33	2
13597586	8262	2
13138805	50184	2
14413096	57337	2
13155981	7781	2
13060441	5662	2
13060441	235	2
13180595	26889	9
12954528	235	2
14352687	9490	2
13029673	424	2
13029677	3042	2
13029684	3042	2
13028223	49673	2
13029714	37860	2
13117843	6847	2
13601559	707	9
13087519	14553	2
13087519	44090	2
13134428	43481	2
13134434	68	2
13134462	43481	2
13134462	3014	2
13134464	43481	2
13134464	3014	2
13134465	43481	2
13134465	3014	2
13018077	49617	2
13087358	49976	2
13134467	43481	2
13134467	3014	2
13018033	39320	2
13134472	45858	2
13094619	50004	2
13128280	1546	2
13150700	50270	9
13025514	235	2
13573907	1796	2
13134497	46779	2
13134497	46579	2
13134498	424	2
13188728	5662	2
13180581	38035	9
13647241	396	2
12919499	49134	2
12919495	49134	2
13080026	49945	2
12954736	827	2
13080044	49945	2
14430166	57434	9
13304224	377	2
13391106	309	2
13130640	717	2
13006164	405	2
13006177	330	2
13006178	330	2
13919099	54410	2
12987594	2712	2
13060527	1959	2
13323874	8233	2
14421828	27388	2
13056499	66434	2
13067257	31672	2
14421273	50	2
14374615	613	2
13044866	639	2
13045440	43612	2
13080333	5281	2
13080340	174	2
13080340	6847	2
12947893	1325	2
12947832	23163	2
12998383	4081	2
12979845	155	2
13107069	30500	2
12968771	235	2
12968768	3608	2
12968768	65	2
12968722	309	2
12968678	6257	2
12968676	1556	2
12968675	49346	2
12968675	7876	2
13041353	38926	2
13041359	28672	9
13008279	585	2
13008278	4445	2
12987797	49475	2
13008199	19273	2
13008199	1185	2
13102458	2177	2
13156468	417	2
12919583	49135	2
12988176	34157	2
13705689	17	2
13156562	417	2
13320132	27788	2
13320132	38649	2
13060721	49824	2
12968792	1556	2
13137196	1868	2
13121821	16161	2
13056681	743	2
13056679	743	2
13370283	51434	2
13060760	45530	2
13060761	45530	2
13756651	23908	2
13039065	1018	2
13039045	480	2
13038984	8922	2
13038984	480	2
13038615	480	2
27728852	91654	2
13038297	4349	2
13056575	743	2
13056573	743	2
12988464	753	2
13602000	7077	2
13011735	15857	2
13011711	15857	2
13002610	49544	2
13106064	417	2
13307128	948	2
13042407	1884	2
13056553	743	2
13042432	4003	2
12914954	17884	2
12937362	357	2
13066823	5467	2
13042448	16027	2
14409428	177	2
13066844	7156	2
14163872	592	2
12937294	50	2
13060877	29542	2
12937280	48829	2
13066857	22495	2
13007390	10147	2
13705689	4231	2
13016726	16560	2
14246471	56337	2
13528188	52322	2
13167877	1547	2
13619304	4651	2
13602190	3340	2
13331118	3987	2
13066886	6146	2
14238235	56272	2
13011597	155	2
13066900	2798	2
13003183	4466	2
13240043	50773	2
13124929	2112	2
13107357	56	2
13210406	4317	2
13516894	19013	2
13042652	16027	2
12915234	49118	2
13042698	49746	2
13180705	14983	2
13669189	613	2
13331146	3987	2
13132443	268	2
13156616	59198	2
12995721	4	2
13168109	15070	2
13072151	235	2
13072195	21795	2
13084101	2238	2
13051445	793	2
13072212	2610	2
13072216	2610	2
13011927	6641	2
13072227	30380	2
13011824	49598	2
13072243	21795	2
13172490	6839	9
13079249	639	2
13079249	6847	2
13064655	2416	2
13064741	6151	2
13064740	6151	2
13196209	5947	2
13072295	2416	2
13006507	19840	2
13994488	8921	2
13994489	8921	2
13006616	590	2
13006687	2944	2
13002714	49546	2
13078112	347	2
13006928	557	2
13006944	3791	2
13062537	347	2
12995567	49514	2
13066977	3524	2
13069953	15385	2
13190009	1553	2
13219563	63	2
13011868	56	2
13078696	4349	2
13079881	49944	2
13543889	52415	2
13048471	1945	2
13124984	433	2
13003313	1205	2
13003317	6146	2
14222653	21198	2
13003335	10580	2
13095861	6847	2
13095801	39405	2
13048402	3755	2
13003487	8192	2
12999881	2882	2
13138597	10367	2
13118543	30998	2
13118546	30998	2
13156689	6328	2
13619767	30751	2
13118565	6467	2
13070050	185	2
12915402	1018	2
13118633	17584	2
13101018	5773	2
12915305	4737	2
13180376	50421	2
13180380	6328	2
13180380	50421	2
13180397	50421	2
13180402	50421	2
13485057	52059	2
13180450	8257	2
13070095	49886	2
13180505	9502	2
13229508	22114	2
13125041	3496	2
13118666	17584	2
13156808	31655	2
13097610	2160	2
13180728	9502	2
12962811	6847	2
13067123	4355	2
13156884	6328	2
13080424	30571	2
13099066	100	2
14409518	57311	2
13099080	2844	2
13647420	479	2
12945926	28	2
12945894	49252	2
14002565	2175	2
14338124	56887	2
12979932	520	2
13053573	49796	2
14002588	26931	2
13218491	50636	2
13218491	19846	2
13168390	170	2
13059346	5459	2
13168391	170	2
13059398	49821	2
13003529	24961	2
13079833	6847	2
13079905	17691	2
13103548	235	2
13103552	2033	2
13079913	15157	2
13021471	201	2
12982192	15472	2
13103579	3041	2
13196818	5138	2
13055622	22832	2
13055625	22832	2
13055625	49805	2
13055659	49805	2
13055681	1020	2
13701824	53178	2
13055820	1634	2
13052708	62	2
13080113	49947	2
13006160	235	2
13144675	14728	2
13064817	3014	2
13064817	43481	2
14244046	6847	2
13180853	9502	2
13052812	16278	2
13052953	49786	2
13052959	5138	2
12979067	49408	2
13055943	1012	2
13055943	43915	2
13157007	639	2
13166965	639	2
13620317	3827	2
13052987	43481	2
13431449	51751	2
13498641	8784	2
13024192	49651	2
13024204	6903	2
13024241	9773	2
13024242	6903	2
13024244	28399	2
13024245	28399	2
13024254	5453	2
13055951	1012	2
13055951	43915	2
13024273	7466	2
13085112	241	2
13024279	5453	2
13118756	50117	2
13118757	50117	2
13118762	50117	2
13994635	2175	2
13085078	3094	2
12982613	49447	2
13556542	2459	2
13014140	5662	2
13096367	15882	2
14413702	4	2
14413695	4	2
13055956	1012	2
13055956	43915	2
14457928	27295	2
13055975	43915	2
13055977	594	2
13518311	3267	2
14428069	4	2
13053274	4125	2
12948171	16374	2
12948171	47814	2
13241332	62	2
13056308	283	2
13051157	1838	2
13051157	249	2
13056222	53	2
13051205	6328	2
13413618	24	2
13200696	235	2
13065005	7911	2
13219688	2416	2
13225009	3008	2
13225009	30910	2
13330336	2975	2
13330336	51224	2
13025870	24280	2
13330354	51224	2
12948534	235	2
12983302	49450	2
12993269	49496	2
13090670	3444	2
13142734	36047	2
13090710	49618	2
13010128	49584	2
13099330	2064	2
13068219	10002	2
14413250	7682	2
14400816	57246	2
13090820	49987	2
13090822	49987	2
14428140	467	2
12971752	1132	2
13166996	151	2
13166996	7874	2
14413480	2508	2
14409732	1547	2
13712757	53302	2
14409735	1547	2
14428219	640	2
13087431	1288	2
12971744	49361	2
13087454	38692	2
12982882	49448	2
14413589	57344	2
14428247	34184	2
13087521	49608	2
13045897	38	2
13581244	18895	2
13045972	3014	2
13087606	249	2
13087609	249	2
12982868	28319	2
12982864	49449	2
13212371	50604	2
13036609	24306	2
13036609	16993	2
12955219	14594	2
12962416	6408	2
12962476	95	2
13527998	52321	2
13192935	281	2
13180962	16489	2
13144708	26596	2
14418051	20892	2
13081458	172	2
13994829	424	2
13064132	49844	2
13056465	5281	2
13144732	873	2
13090975	29025	2
13144762	25809	2
13099515	36669	2
12954950	49292	2
13099563	109	2
13180979	30744	2
13144803	25809	2
13180994	15481	2
13144834	709	2
13181000	15481	2
13115584	7458	2
13101045	706	2
14428271	1202	2
13181036	4063	2
14428287	1556	2
13212490	22113	2
14428312	20158	2
13094852	6839	2
13209985	23284	2
13090985	29025	2
13090986	29025	2
12972073	49365	2
12972052	49055	2
13022269	56	2
13060702	49823	2
13193014	22881	2
13068257	25	2
13743892	15070	2
13025659	85358	9
13068319	4520	2
14413842	343	2
13034184	159	2
13034190	49705	2
13091013	249	2
12971902	4953	2
13148739	34853	2
9800376	2033	2
13058801	62	9
14399846	38457	2
12948871	155	2
12948864	50	2
13144494	29561	2
13958525	3838	2
13137372	38370	2
13137372	2882	2
12997494	388	2
12972419	49373	2
12972349	3267	2
12972349	3750	2
13091104	24177	2
13994993	39549	2
13148825	6113	2
13082441	2610	2
13091131	24177	2
13076635	384	2
14413861	343	2
14413863	343	2
13604873	15857	2
13309392	6882	2
14413889	343	2
14413897	343	2
19633321	3443	2
13018715	549	2
14413920	1286	2
14427077	26874	2
13056625	5382	2
13056641	5662	2
25569589	3267	2
14413947	1575	2
13022222	56	2
13022216	8807	2
25569589	73828	2
14413967	1575	2
13016882	827	2
13538102	15857	2
13201616	20264	2
12977480	49400	2
13007162	49573	2
13007157	49573	2
12997470	1525	2
12997470	49520	2
12997465	49520	2
14295888	6847	2
13101102	5773	2
13309410	15857	2
13181218	6454	2
12962131	2101	2
12962106	2101	2
12962064	2101	2
13096567	18764	2
12962208	2101	2
12962187	2101	2
13034294	49707	2
13034306	49709	2
13034305	3525	2
13744442	53497	2
12983759	3267	2
12983759	35374	2
14303875	3267	2
13074309	8512	2
12983636	27554	2
13143470	77	2
13007113	49573	2
13139328	4468	2
13139347	418	2
13139347	3892	2
30111845	467	2
13922363	32021	2
13037004	24751	2
13091283	15045	2
13091300	3083	2
13143911	1472	2
