12990931	75075
13000832	826393
13000846	826395
15578405	200142
12990043	978661
12985629	980384
14178114	239422
13728572	990031
13728543	989504
13002750	981160
14196954	1044874
13728508	989111
14415709	1066668
14416101	1066679
13728493	989104
14416474	1066701
13728479	988240
14417199	1066701
13618340	440338
13728471	988235
14245719	1056232
18391902	1178180
13007821	979678
14264993	645554
13728454	984971
13001635	441030
13550724	1014759
13728447	1024401
13728441	984968
13728433	984953
13074942	82543
13074860	953488
13001648	828579
13728427	983019
12991017	980399
13726839	401100
13471645	1007289
13586151	1016041
13015767	786686
13726633	1021775
13609464	1015464
13726275	1025057
13103009	111525
13073745	985234
12900713	122758
12900709	244207
12996000	980892
12993414	879784
14172087	352411
13726182	1025046
13054601	174776
13725884	1013379
13725869	983010
14386655	1064869
14388239	988379
13054642	608376
13018301	233581
13018298	31799
13018296	38199
13018295	91689
13018294	78004
12900794	320209
13575625	182757
12991326	976895
13144261	135038
12900873	628606
12900866	800347
13748108	843676
13397297	936936
13292767	997804
14388242	988393
14388244	318592
14388249	994204
12916819	226398
12983973	948453
12943888	876307
14178105	1051444
13092706	881330
12991491	980568
12991546	382455
13988922	180809
13058697	836228
13058704	850329
13058705	850328
13058710	523474
13058713	605937
13058723	431007
13058724	431001
13058725	410931
13058726	410928
13062230	981107
13988930	180809
13062120	479383
13061188	98116
14253557	1056675
14176401	947989
14172074	1031358
13091130	981562
13883892	775836
13078137	927455
13010386	186784
12992258	980674
12992221	849375
13096602	61997
13061300	414425
13102903	986853
13067327	598783
13067326	422603
13067325	586172
13067324	598690
13067000	134662
13066994	81396
13066975	100632
13066972	188445
13066966	586172
13066958	598690
12554133	849125
14279008	1002342
14202694	860650
12991710	268992
12991707	268992
12991634	980668
12991629	980668
12989019	980502
12997354	980914
13028639	509888
13090292	986095
15464530	539628
13088703	986095
13088698	986095
13088649	986095
13088607	986095
13088588	986095
13088579	986095
13088577	986095
13088574	986095
13088425	986095
13088410	986095
25569411	488917
12934623	792943
14168319	1051623
13097743	388837
13042064	983322
13097751	198443
12991757	977074
12991755	980674
13154434	710699
12991791	980068
12952619	84888
12952617	84888
13548539	1014631
25569412	488917
13026233	24322
13115377	987662
13026274	180082
13102207	111525
13989029	1040911
14239924	1055787
13026267	180082
13490786	350293
13988252	1040960
19633334	137155
13115521	987669
13115524	987672
14200263	246227
12901374	362795
13115522	987670
13020525	57767
13020527	166540
13020528	440715
13020543	214810
13020551	346296
13115523	987671
13063773	288356
13063763	939706
13063697	42457
13063311	984212
14239337	209844
13063021	54163
13989141	930478
13062798	886378
13085506	40497
14239229	532871
13062795	886736
13062059	622177
13062058	488744
13062054	176614
13085523	592061
13062053	981221
13061911	983793
12957388	397888
12981061	980234
13866464	581278
13988911	1041007
13987701	1040918
13061569	111550
13061510	984343
13061297	414425
13061256	984317
13061238	246587
13085540	984096
13060391	536884
13059931	984084
13059819	85994
13058888	328473
13058791	354089
13058722	27254
13057329	578018
13057052	527792
13001084	980969
13057035	292094
13057004	656141
13056989	143748
13055546	520301
13055371	936057
13055288	700844
13053607	983935
13001148	979749
13001106	977208
12995480	363605
13001124	977230
13053380	942929
13001125	759857
13001154	979752
13053355	549318
13001036	1318651
13053332	490380
13001217	340149
13001144	979806
13053180	980819
13053016	931091
13052759	983857
13052746	772660
13052588	882928
13052417	870413
13052407	771724
13019672	428382
13985883	384903
13018353	982044
13052392	983839
13052307	56451
13052303	79182
13052301	291944
13014021	482877
13052296	413398
13052015	355258
13052006	983582
13051968	355750
13051967	983808
13051649	658046
13051528	983787
13051366	983716
13049771	646257
17034146	412449
17034119	412449
13048499	477360
13014291	887280
13014168	957471
13048261	982186
13047687	983629
13699269	384326
13047588	388556
13992464	1040825
12934767	977844
12934759	977831
12934751	977829
13047532	983621
13047500	815028
13047040	983589
13046941	983582
13046405	983386
13046102	983386
13045959	983474
13045957	982530
13045368	395563
13044855	534604
13044537	924918
13044155	983386
13044049	983401
13043808	983386
13043758	135023
13043676	953322
13043532	243591
13043518	625709
13043377	553951
13042514	463076
13042505	511593
13042503	298025
18391903	1178180
13041462	643898
13041919	410278
13041918	870832
13041493	651659
13041406	973709
13041399	378328
13041364	871110
13041366	243813
13040823	983234
13040808	973108
13039951	983222
13039896	525936
13039644	227950
13039641	983198
13039553	590229
13039453	610986
13039397	983184
13039353	983181
13672915	265050
13039255	803403
13038999	660874
13038853	983153
13038779	862230
13038080	143205
13037861	983111
13037628	983094
14242792	120598
14242792	1055855
13037033	164150
13035534	549451
13786077	79305
20685410	1186877
13035116	467784
20685410	1234124
13033306	975346
13010441	954624
13033016	589030
13029037	105321
13027927	701552
13027926	803784
13027441	971226
13027440	245926
13026536	704060
13699268	151217
14254313	1052606
13026426	970228
13026404	970228
13025987	964854
13025700	982449
13024904	326475
13023229	927127
13022246	102004
13022244	121594
13022050	982186
13019939	982128
13018341	860337
13019603	982109
13018404	982046
13017469	964999
13017359	981951
13016873	674038
13016869	673822
13015466	305966
13014800	39257
13014685	597579
13013988	460256
13013750	678247
13013408	621756
13012987	981755
13012873	129829
13009795	326047
13009770	965978
13036123	981915
13009759	965978
13009744	965978
13008855	657195
13007848	129829
13007810	362152
13007270	132032
13005231	331605
13005052	981327
13007059	981506
13006369	981217
13006110	522567
13006100	509331
13016481	789285
13016479	789285
13306417	998730
13001161	979753
13154823	989769
13000686	953068
12943643	724824
13001266	979529
13001249	979534
13001259	979532
13362710	1002425
13001281	979526
13001424	216466
13001353	975967
13001332	977322
13001346	975968
13001397	196267
13001430	216466
13001579	705345
13137027	36079
13001580	697031
13001585	587787
12992056	968009
12992057	968009
13001608	882817
13001609	571501
12992010	977031
12991969	977031
12991968	977031
13069016	170004
13068991	984531
14243573	123011
13703053	1016189
14105091	1047937
12901588	673863
14239949	445762
12901401	474734
13049481	748779
14421971	89979
20689265	1234124
13001989	981099
13049479	748796
13136640	988779
14421998	744770
12991293	89885
12989260	221468
14387687	1038486
13002060	977077
14387698	1038553
13002074	919580
14108569	140813
12997975	705770
14361158	1063059
13002103	896505
13002143	980389
13142019	986622
14431525	595132
14431537	954902
13137066	988708
13001115	980969
13002255	981126
13520495	1012956
14357052	1063360
14360315	407635
13002294	980992
14431430	280108
13002276	338443
14431550	1063836
13002356	894334
13397284	989074
13699266	375093
13137169	988752
14431595	1066532
13085163	985903
13132083	988687
13020542	438278
12912467	1219219
12912463	1219219
13020546	415222
13020558	81765
13020547	440899
13699259	384328
13020552	878356
13020553	483180
13020555	260308
13020556	256409
13020557	192560
13020559	434679
13035611	983007
13020568	281795
13019606	982109
13036152	982671
13064551	757496
14417448	824237
13034658	711988
13034053	807073
13699235	49379
13014976	978111
13012149	841753
13020650	982170
13056110	255145
13053248	983901
13020009	982130
13017960	132066
13015147	833171
13015102	833065
13014977	138110
12924324	134989
13085601	941425
13036537	981976
12947676	978749
13085602	941425
13131877	988674
13306708	998754
13100467	984308
13699230	473758
13102780	986851
12916746	479678
14376448	1063779
12916678	828937
13018119	964243
13004947	981352
13699208	154219
13010668	924767
13004659	981332
13010653	924749
13004880	420525
13004883	79942
19633335	137155
13122682	236056
13120140	460439
13120063	987401
12941571	978417
12941554	797487
12914623	971231
13568575	111974
12914558	977222
13055749	737173
13055598	528474
13060038	978962
13060056	867481
13010259	980055
13685878	786572
15929870	857918
13985459	1040699
13048204	663488
13012832	956513
13114584	904545
20685411	1234124
13004999	925876
13005051	882577
13040881	349471
13037199	930480
13036726	982237
13036723	982491
13036615	717558
13036597	805814
13036588	419437
13114570	569317
13036363	982112
13019153	982076
13036377	982278
13114572	581463
13114588	945653
13114573	679136
13114574	846867
13036394	982500
13114575	829907
13005088	425578
13005091	882803
13005118	805534
13114585	926648
13114604	972209
13114586	938646
13114587	945651
13114591	948101
13700979	219090
14816258	428406
12924706	784653
12981262	979769
13079234	985539
13036584	955899
13036571	465098
13036569	890073
17199331	568056
13036559	971884
13036514	982186
13036509	982494
13036504	895362
13036501	980864
13036396	982500
13036390	982278
13036371	982076
13036366	982112
13036289	982491
13036272	956102
13036269	669281
13036213	171191
13034571	637625
13034545	381462
13034263	830828
13031744	982623
12924541	774108
14369178	174510
13092042	970607
13234796	338604
13021596	685403
13233694	994583
13233536	655408
13009904	855439
13005151	882787
13005147	116846
13005148	225248
13005157	882811
13005171	882797
13390967	278546
12925048	965993
14254658	1056862
13168583	125660
13168362	984056
13167997	839985
13036499	980864
13036502	895362
13026117	982494
13036512	982186
13078165	985260
13072073	985088
13140056	956136
13140031	318847
13139279	487404
13138801	171610
13138766	988762
13138208	658519
13138206	697521
13467718	551351
13469762	654948
12924882	967764
13137201	115711
13136747	329996
13136195	630977
13133292	988762
13125848	689661
13125213	599103
13124831	986859
13125852	960424
13123072	988113
13118849	987829
13114940	986910
13097029	546804
14316956	34132
13110321	951387
13109286	987247
13108804	987192
13107719	987175
13103620	6640
13114592	950691
13114593	953584
13114601	967922
13114594	957166
13114602	970005
13114598	961266
13114600	967921
13114607	977430
13114606	980830
13114608	977426
13113941	949357
13114615	987578
13115848	986910
13036558	971884
13036568	890073
13036576	955899
13036577	955899
13115867	441842
13115866	987420
13078278	939542
13005482	248741
13005461	967585
14819272	581711
13150327	989791
13183287	986146
13078337	315033
13021870	515257
13128608	316159
13016913	929889
14001382	1041561
13048240	900609
13186547	991135
13048268	983376
13017136	981931
13085661	704339
13397256	166362
14816261	777622
14029069	228265
14819273	581711
14821486	1022041
13155382	989880
13005762	813546
13682008	811073
13682008	1022576
13005754	669281
13005756	669281
13005792	486789
14395288	294820
13002029	777575
14395294	294820
13164143	989978
13127497	988371
13002072	661875
14395310	294805
13127516	988374
14395314	294820
14361165	1054645
13127529	988375
13002870	981100
13159977	947239
13002404	158072
13002330	329809
13002014	601440
13002011	220603
13002010	261620
13002000	480669
13001931	977204
13001789	107273
13001787	276418
13001786	618343
13001785	276885
13164134	989978
14378698	1064183
13001685	675983
13001681	293138
13001677	466318
22303205	1271328
13001644	977192
13001045	590316
12998306	587561
13002931	294264
13127534	988376
13127537	988377
13187839	878928
13160018	990258
14324117	1061410
13001136	211064
13001132	211064
13001127	131664
13001121	30033
13160040	326933
13160042	326933
13014570	980980
13014989	864090
13012613	979999
13153688	989375
13150029	391287
13172378	753203
14378667	1064294
13167595	836530
13187849	878931
14373404	1063933
14420901	33309
14225246	832632
13127935	962615
13059392	147335
13102202	124970
13102202	227292
13102202	223107
13100466	984308
13026329	199051
13099792	909256
13005878	981317
13097825	83133
13005872	981316
13005507	981383
13005760	669281
12918524	977460
12968612	388920
13090347	952755
13160135	989043
13027938	982596
13028709	982575
13160152	990267
13028721	982575
14241057	1001580
13186665	991606
13160202	990267
13028839	914991
13028862	957774
14451730	253446
13133316	695057
12918854	977476
13041623	983163
13133399	988341
13040584	961172
13040593	797213
14377804	1060735
13127109	988341
13133426	937604
13133433	886663
13133507	538272
13137195	988997
14315509	400644
13133466	967071
14408235	203050
12936148	978222
13160418	947697
13994045	1040966
13017447	325296
14419373	859345
14419361	1065750
14418836	600417
14418823	614663
13053880	983669
13052760	983857
13016923	766844
13061237	984317
13152350	943069
13017552	978286
13397237	1003817
13017588	981867
13017592	824080
13017593	836649
13017599	805427
18391904	1178180
13595972	963379
13133539	983082
13052394	983839
14029209	500173
13040719	982557
13037729	304328
13037604	692395
13037577	427483
13037550	331619
13037481	415803
13005515	248741
12936406	51825
13037447	472818
13037346	134728
13037124	71479
13037243	155268
13037078	646773
30111826	1462043
13040769	981903
13039595	982919
12967653	976686
13988342	1040966
13133628	856991
13975178	496583
13974671	1029700
13974604	1035987
13974325	1035901
13133676	295563
13133661	95029
13913929	524434
13133666	95026
12991458	693673
13041929	526254
13053885	960666
13053410	333058
13052680	983850
13052614	697676
13051563	981864
13051537	304645
13093794	371864
13050685	982979
13050679	628845
13050677	983564
13050635	983593
13050631	983587
13050512	269485
13055102	983879
13171381	990969
13093396	774825
14001735	302522
13084685	232207
13079009	985543
13078978	985532
13090702	982552
13090673	969521
13090652	655900
13021042	914100
13017380	981955
13088398	986095
13079045	985549
13093838	722212
13079062	500833
13079065	500833
13079081	985532
12986375	980397
13279722	344869
13079101	331398
13079115	358501
13491784	142191
13491694	669862
13491571	334522
13491567	546099
13488387	508216
12992924	503147
13490785	429999
13490782	1011155
13055310	466137
13021007	913751
13021009	981991
13397214	584006
12992636	980628
12992637	980628
13021133	926359
13021117	982154
13021137	792764
13115905	987413
13116037	987385
13021216	443049
13058826	539873
13094615	986414
13021222	443049
12992935	979678
13097801	986518
12992871	979781
12992896	956967
12992901	956965
12992915	980715
14388642	892747
14088317	164223
13057033	656141
13133777	986393
13055152	983565
13055163	983485
17199331	92047
13055180	982663
13055194	982651
13055198	982634
13055211	982610
13055223	983671
13362493	849976
13362494	849976
13055319	951607
13054606	259611
13050938	983704
13041594	983301
13040266	983162
13040210	864471
13040000	982348
13039800	304915
13138321	989033
13014804	981820
12997478	980252
12986006	979899
13138341	600907
13133587	983082
14388805	1064999
13064057	368019
19633336	137155
13109134	57650
13490705	973175
15464531	539647
12991282	980025
12990135	980580
12991169	980615
14388855	993139
13058928	555160
13058931	359272
12991206	980526
12993010	531348
13058939	694910
13057535	817733
13057477	145811
13107293	986967
13362549	356186
13187892	973092
12991179	952374
13187909	991658
13039250	161248
13397213	569509
14159919	1050450
13039022	268680
13095922	986393
12993099	979265
12993141	86523
12993051	582145
12993036	582145
12991132	527345
12991130	159505
12989187	503147
12988473	64950
13138378	989013
13138379	989013
13138380	989013
13186764	991470
14417356	932155
14409420	12469
14408441	123614
14408126	96773
13079165	985567
14405852	742577
14388939	1055152
14388953	1055152
13100908	88103
13063315	984212
12902361	976820
13127544	988378
13397185	301161
13127550	988379
14347465	1013780
13127566	988380
13127575	988383
13079815	839394
13018134	137884
13058113	940212
12993183	980731
12993187	503266
12993187	980731
12993230	198131
12993258	468249
14396405	1065293
13068125	108456
13018403	982046
13752261	1026889
13100934	986641
12993440	980338
13182222	954845
13095310	567941
13752246	1026889
13751648	1023575
13702416	723624
13116000	987429
13751641	1023539
30111827	1462043
13116038	987385
13006071	981438
