210	611084
626	611618
603	611619
602	611620
601	611621
408	611622
604	611623
322	611624
323	611625
640	611626
436	611633
782	611803
791	611835
806	611840
386	611842
807	611844
810	611846
808	611847
893	612166
981	612420
2016	614768
389	612537
390	612538
624	612539
373	612540
317	612541
383	612542
406	612543
385	612544
374	612545
376	612546
325	612547
1057	612548
384	612549
333	612550
375	612551
327	612552
1058	612553
472	612554
387	612555
468	612556
324	612557
372	612558
372	612559
471	612560
382	612561
405	612562
1189	612563
410	612564
623	612565
606	612566
467	612536
1213	612655
1282	612698
1286	612701
1523	612955
1525	612956
1525	612957
1523	612958
1527	612959
1558	613147
1670	613717
1672	613718
1673	613720
1674	613721
1677	613722
1680	613723
1681	613724
1682	613725
1753	614114
1754	614116
1755	614117
1756	614118
1757	614119
1758	614120
1759	614121
1766	614122
1767	614123
1768	614124
1769	614125
1770	614126
1772	614127
1766	614130
1793	614131
1794	614132
1767	614133
1795	614134
1768	614135
1796	614136
1796	614137
1772	614138
1797	614139
1770	614140
1798	614141
1798	614142
1769	614143
1799	614144
1754	614145
1800	614146
1755	614147
1801	614148
1753	614149
1802	614150
1759	614151
1803	614152
1756	614153
1804	614154
1757	614155
1805	614156
1836	614233
1904	614337
1904	614340
1923	614341
1924	614343
1925	614344
1925	614345
2155	615374
2155	615375
2277	616795
2292	616850
2297	617000
1674	617008
1670	617009
1680	617010
1677	617013
1672	617015
1681	617016
1673	617018
1682	617042
2302	617079
1481	617090
2421	618295
1904	618653
1923	618654
1924	618656
1925	618657
149	620287
287	620288
948	620485
3028	620658
3060	621241
3225	622873
3232	622878
3232	622879
3232	622880
3244	622886
3245	622888
3246	622889
3247	622890
3248	622891
3221	622895
3209	622897
3192	622899
3193	622900
3185	622902
3186	622903
3189	622904
3176	622906
3177	622907
3161	622909
3165	622910
3169	622911
3125	622915
3127	622916
3128	622917
3130	622918
3119	622920
3124	622921
3095	622922
3097	622923
3089	622924
3250	622998
3251	622999
3252	623000
3253	623001
3374	625371
3374	625372
3374	625378
3375	625379
3450	625708
3450	625709
3470	625762
3471	625763
3374	625798
3660	626482
3375	626578
3694	626978
3735	627063
4053	627902
4206	628304
4990	630989
4986	630990
5074	631068
3033	631084
5213	632001
5224	632183
5225	632187
5226	632247
5227	632248
5228	632249
4691	632252
5229	632254
4785	632267
5230	632269
5231	632274
5248	632281
5253	632284
5080	632286
5256	632387
5255	632388
5257	632395
5257	632397
5258	632399
5259	632408
5260	632409
5261	632411
4824	633566
4826	633567
5339	633581
5340	633583
5341	633586
5348	634024
5347	634025
5349	634029
5350	634030
5351	634198
5353	634249
4829	634400
5365	634402
5366	634403
5367	634407
5368	634409
5372	634497
5382	634574
4794	634723
4793	634749
5421	634754
5422	634756
5438	634816
5441	634823
5444	634841
3431	634873
3429	634888
3419	634909
5459	634954
5206	635015
5499	635016
5500	635017
2258	635026
5254	635027
2255	635028
2220	635029
5502	635031
5503	635032
5514	635134
5457	635135
2269	635182
5212	635189
2416	635191
2270	635210
2233	635211
5521	635214
5523	635266
5543	635336
5544	635341
5563	635405
5573	635495
5574	635497
5575	635502
5582	635517
5584	635519
5585	635525
5589	635540
5591	635547
5593	635553
5595	635564
5596	635573
2251	635574
5599	635579
5563	635580
5601	635582
5603	635584
5606	635585
5608	635587
5611	635624
5503	635630
5637	635689
5636	635692
5647	635702
5651	635715
5652	635716
5654	635717
5656	635722
5659	635723
5689	635811
5712	635949
5716	635960
5714	635961
5719	635965
5733	636068
4784	636070
5734	636075
4779	636081
5735	636083
5778	636286
5802	636354
5803	636355
5816	636362
5816	636363
5814	636364
5819	636379
5832	636414
3376	636434
5939	636530
5973	636650
5926	636651
5974	636653
5926	636654
5976	636695
5976	636696
5982	636729
5984	636731
2164	636794
6063	636827
6116	636880
6131	636923
6132	636924
6126	636925
6127	636926
6134	636928
6136	636929
6140	636951
6143	636959
966	634799
6153	637007
6155	637036
6184	637099
6212	637164
6252	637180
6283	637261
6349	637310
6354	637312
6371	637313
6379	637316
6386	637320
6387	637322
6420	637378
6426	637387
3262	637489
6494	637496
3261	637532
6584	637584
6585	637585
6586	637586
6655	637686
5984	637694
5984	636733
6710	637741
694	637769
6711	637779
6737	637799
5939	637810
6759	637813
6764	637822
6765	637823
6768	637826
6774	637836
5440	637845
5540	637847
6776	637850
6778	637859
2241	637860
6820	637884
6598	637888
6878	637937
6881	637945
6887	637946
6891	637947
3777	638207
6975	638229
6974	638230
7004	638407
7106	638656
7105	638657
7107	638658
7109	638660
7110	638666
7116	638771
7120	638783
4800	638784
7121	638791
7122	638794
7123	638796
7124	638802
7125	638804
7126	638805
5354	638807
3288	638842
7129	639063
7130	639109
7131	639127
7132	639145
7133	639167
7134	639175
4789	639182
7135	639194
7136	639204
7137	639216
7288	639555
7289	639556
7307	639568
7308	639570
7309	639575
7333	639604
7351	639614
7363	639667
7366	639677
7381	639685
7382	639687
7419	639694
7431	639756
7435	639760
7435	639761
7438	639764
4743	639870
4743	639871
4743	639872
4743	639879
7496	639890
7519	639978
7523	639980
7534	639986
7539	639987
4744	640024
7133	640124
7133	638235
7642	640150
7718	640419
7719	640436
