1	118444	107	12448408	0	2013-05-15 15:46:29.412828+00	0		
2	118444	2	12431753	0	2013-05-15 15:50:52.521332+00	0		
30	118444	25	12449093	0	2013-05-15 16:11:51.550919+00	0		
3	118444	9	12615444	0	2013-05-15 15:51:18.594332+00	0		
4	118444	5	12431754	0	2013-05-15 15:52:23.154025+00	0		
5	118445	1	12615467	0	2013-05-15 15:52:50.937652+00	0		
31	118444	28	12615455	0	2013-05-15 16:12:16.957798+00	0		
6	118446	1	12615466	0	2013-05-15 15:53:05.590783+00	0		
7	118447	1	12615466	0	2013-05-15 15:53:23.870215+00	0		
49	118444	47	11676933	0	2013-05-15 16:26:44.791009+00	0		
8	118444	220	12569639	0	2013-05-15 15:54:25.669944+00	0		
32	118449	20	12449234	0	2013-05-15 16:12:32.136995+00	0		
9	118444	4	12615493	0	2013-05-15 15:55:30.876613+00	0		
10	118444	6	12615445	0	2013-05-15 15:56:05.137698+00	0		
11	118444	10	11676925	0	2013-05-15 15:56:28.896033+00	0		
33	118444	38	11485497	0	2013-05-15 16:13:13.51796+00	0		
12	118444	11	12431757	0	2013-05-15 15:57:11.379651+00	0		
13	118444	14	12431759	0	2013-05-15 15:57:37.598692+00	0		
14	118444	15	12615471	0	2013-05-15 15:58:15.137811+00	0		
34	118444	22	12615453	0	2013-05-15 16:13:17.13748+00	0		
15	118444	12	12588867	0	2013-05-15 15:58:32.528915+00	0		
50	118444	203	11485522	0	2013-05-15 16:27:04.323701+00	0		
17	118444	21	11485495	0	2013-05-15 16:05:16.05938+00	0		
35	118444	44	12448941	0	2013-05-15 16:13:54.386515+00	0		
18	118444	18	12449232	0	2013-05-15 16:05:51.744455+00	0		
19	118444	19	12615454	0	2013-05-15 16:06:27.854712+00	0		
72	118444	224	11676926	0	2013-05-15 16:56:34.213851+00	0		
210	138048	2429	12512944	0	2014-03-23 12:00:49.090863+00	0		
51	118444	57	11485500	0	2013-05-15 16:28:37.17028+00	0		
21	118444	33	11485496	0	2013-05-15 16:07:11.466074+00	0		
22	118444	34	12615456	0	2013-05-15 16:07:43.050659+00	0		
23	118444	17	12615450	0	2013-05-15 16:08:35.965888+00	0		
36	118444	43	11676934	0	2013-05-15 16:14:53.472733+00	0		
24	118444	35	12615458	0	2013-05-15 16:08:57.086575+00	0		
25	118444	23	12615452	0	2013-05-15 16:09:36.916693+00	0		
26	118444	26	11676931	0	2013-05-15 16:10:47.066544+00	0		
37	118444	52	12448556	0	2013-05-15 16:15:27.17258+00	0		
27	118444	32	12615459	0	2013-05-15 16:10:49.142393+00	0		
52	118444	68	12448957	0	2013-05-15 16:31:09.110341+00	0		
28	118444	30	11676927	0	2013-05-15 16:11:13.82015+00	0		
29	118444	16	12615449	0	2013-05-15 16:11:35.384373+00	0		
38	118444	112	12448386	0	2013-05-15 16:16:05.916026+00	0		
53	118444	66	12449235	0	2013-05-15 16:38:58.07912+00	0		
39	118444	113	12448352	0	2013-05-15 16:16:07.615722+00	0		
150	118444	153	12569806	0	2013-05-15 19:57:14.525122+00	0		
40	118444	110	12448390	0	2013-05-15 16:17:11.624289+00	0		
41	118444	115	12448348	0	2013-05-15 16:17:26.504334+00	0		
42	118444	111	12448389	0	2013-05-15 16:17:59.379267+00	0		
87	118444	206	12430508	0	2013-05-15 17:08:47.415919+00	0		
43	118444	114	12448351	0	2013-05-15 16:18:01.156035+00	0		
44	118450	109	12448395	0	2013-05-15 16:18:52.035426+00	0		
45	118445	109	12448396	0	2013-05-15 16:18:55.681539+00	0		
46	118451	36	12449178	0	2013-05-15 16:19:44.531236+00	0		
74	118444	218	12569640	0	2013-05-15 16:57:34.348295+00	0		
47	118452	36	12449178	0	2013-05-15 16:19:54.205933+00	0		
55	118444	194	11676937	0	2013-05-15 16:41:40.204329+00	0		
48	118453	36	12449178	0	2013-05-15 16:20:04.14675+00	0		
126	118444	79	12450453	0	2013-05-15 18:37:28.960931+00	0		
57	118444	62	11676935	0	2013-05-15 16:44:30.758594+00	0		
75	118444	219	12569638	0	2013-05-15 16:57:39.459328+00	0		
58	118444	188	12448951	0	2013-05-15 16:45:33.793368+00	0		
59	118444	202	8629684	0	2013-05-15 16:45:52.981023+00	0		
60	118455	243	12487130	0	2013-05-15 16:47:49.161742+00	0		
76	118444	205	12569472	0	2013-05-15 16:58:39.333407+00	0		
61	118456	243	12487134	0	2013-05-15 16:47:52.631219+00	0		
62	118444	238	12569500	0	2013-05-15 16:51:44.060737+00	0		
63	118444	238	12569498	0	2013-05-15 16:51:45.025989+00	0		
77	118444	205	12449233	0	2013-05-15 16:58:40.646574+00	0		
64	118444	238	12569501	0	2013-05-15 16:51:46.568843+00	0		
65	118444	237	12569506	0	2013-05-15 16:52:10.675197+00	0		
129	118444	89	12450463	0	2013-05-15 18:38:34.036327+00	0		
78	118444	217	12569771	0	2013-05-15 16:59:07.62104+00	0		
67	118444	226	12569401	0	2013-05-15 16:53:07.908192+00	0		
68	118444	229	12448942	0	2013-05-15 16:53:25.896537+00	0		
69	118444	228	11676932	0	2013-05-15 16:53:45.62799+00	0		
79	118444	207	12569513	0	2013-05-15 16:59:33.774066+00	0		
71	118444	225	12569613	0	2013-05-15 16:56:31.692579+00	0		
132	118444	88	12450475	0	2013-05-15 18:39:24.845284+00	0		
80	118444	212	12569777	0	2013-05-15 17:03:43.417292+00	0		
153	118505	243	12619006	0	2013-05-16 07:27:57.005421+00	0		
82	118444	211	12569778	0	2013-05-15 17:05:41.490856+00	0		
83	118444	81	12462690	0	2013-05-15 17:06:07.558041+00	0		
84	118444	213	12569776	0	2013-05-15 17:06:51.419702+00	0		
85	118444	209	12569785	0	2013-05-15 17:07:10.034457+00	0		
139	118485	80	12448956	0	2013-05-15 18:52:54.638651+00	0		
86	118444	215	12430507	0	2013-05-15 17:08:06.677564+00	0		
141	118486	80	12448956	0	2013-05-15 18:53:09.56992+00	0		
88	118444	208	12569429	0	2013-05-15 17:09:25.324643+00	0		
144	118444	253	12448407	0	2013-05-15 19:54:18.820571+00	0		
89	118444	208	12448947	0	2013-05-15 17:10:02.880003+00	0		
135	118444	83	263108	0	2015-03-29 02:02:22.336938+00	0		
147	118444	3	12615443	0	2013-05-15 19:55:58.363151+00	0		
56	118737	67	12431756	0	2013-05-17 20:46:08.472026+00	0		
157	118752	263	12619641	0	2013-05-17 23:27:30.731043+00	0		
155	118444	38	12494052	0	2013-05-17 22:27:50.927887+00	0		
188	119707	1874	12622452	0	2013-05-25 19:58:17.303865+00	0		
163	118955	264	12620571	0	2013-05-20 15:48:00.930914+00	0		
189	119999	57	12624304	0	2013-05-28 19:10:39.101308+00	0		
170	118444	268	12536368	0	2013-05-20 16:29:40.267282+00	0		
159	118444	435	12461852	0	2013-05-18 00:13:28.903938+00	0		
160	118951	265	12620569	0	2013-05-20 15:38:33.061062+00	0		
169	118465	267	12604901	0	2013-05-20 16:25:46.552464+00	0		
173	118968	271	12438554	0	2013-05-20 17:17:50.781765+00	0		
176	118970	272	8375411	0	2013-05-20 17:23:41.156901+00	0		
179	118966	276	12620636	0	2013-05-20 18:07:39.969411+00	0		
182	118444	1795	12569529	0	2013-05-21 12:32:32.14721+00	0		
185	119129	76	12621183	0	2013-05-22 13:32:00.887839+00	0		
190	121252	123	12625590	0	2013-06-08 09:00:15.62443+00	0		
192	118444	70	9390698	0	2013-06-17 13:00:21.770212+00	0		
193	118444	328	12602531	0	2013-06-26 16:00:17.574844+00	0		
16	123897	13	11485493	0	2013-07-04 09:16:51.323818+00	0		
154	133976	244	1841540	0	2013-10-18 08:49:55.178714+00	0		
70	231194	227	12569554	0	2015-03-07 22:54:56.695544+00	0		
204	138037	2429	12618451	0	2013-11-10 17:08:21.385244+00	0		
207	138042	2429	7820498	0	2013-11-10 17:19:39.826402+00	0		
20	150342	27	12615470	0	2014-01-25 10:12:02.009951+00	0		
54	162228	194	12494034	0	2014-04-11 09:09:11.612562+00	0		
92	118444	166	11676928	0	2013-05-15 17:13:03.385797+00	0		
81	118444	214	11485523	0	2015-07-24 08:17:42.905005+00	0		
93	118444	171	11485518	0	2013-05-15 17:13:23.295401+00	0		
94	118444	170	12494049	0	2013-05-15 17:13:36.858584+00	0		
127	118444	90	12450461	0	2013-05-15 18:37:52.824138+00	0		
97	118444	150	12494041	0	2013-05-15 17:21:30.673022+00	0		
130	118444	91	12450458	0	2013-05-15 18:39:01.571386+00	0		
156	118745	309	12619592	0	2013-05-17 22:31:57.977703+00	0		
133	118444	92	12450456	0	2013-05-15 18:39:52.649784+00	0		
136	118444	78	12450454	0	2013-05-15 18:41:20.761909+00	0		
240	138310	2429	12573324	0	2013-11-11 22:01:08.077404+00	0		
137	118444	86	12450466	0	2013-05-15 18:41:55.57305+00	0		
158	118751	262	12619642	0	2013-05-17 23:27:08.207996+00	0		
140	118475	80	12448955	0	2013-05-15 18:53:03.448126+00	0		
191	120531	123	12625590	0	2013-06-08 09:00:15.689657+00	0		
145	118444	253	12588868	0	2013-05-15 19:54:52.386991+00	0		
161	118952	265	12620570	0	2013-05-20 15:43:31.967824+00	0		
194	118444	330	12447244	0	2013-06-26 16:00:18.871882+00	0		
164	118957	264	12620572	0	2013-05-20 15:50:33.62474+00	0		
167	118964	266	12620586	0	2013-05-20 16:19:54.561908+00	0		
297	138012	7713	12593277	0	2013-11-15 09:08:31.798499+00	0		
171	118444	268	12620621	0	2013-05-20 16:33:38.577927+00	0		
196	138004	2429	10961312	0	2013-11-10 15:40:35.960415+00	0		
174	118967	271	12620625	0	2013-05-20 17:16:59.857827+00	0		
415	145263	4434	12689013	0	2014-01-07 17:42:14.998319+00	0		
242	138313	2450	12443269	0	2013-11-11 22:09:54.665189+00	0		
177	118745	273	12620632	0	2013-05-20 17:46:47.549957+00	0		
180	118976	277	12480279	0	2013-05-20 18:19:07.423185+00	0		
202	138012	7713	12518693	0	2013-11-10 15:59:24.842171+00	0		
183	118444	1795	12569527	0	2013-05-21 12:32:35.970447+00	0		
186	119130	152	12621184	0	2013-05-22 13:37:22.616947+00	0		
142	119133	73	11485502	0	2013-05-22 14:05:52.833875+00	0		
205	138038	2450	7150128	0	2013-11-10 17:11:24.350503+00	0		
244	138315	2450	12634668	0	2013-11-11 22:19:42.058572+00	0		
211	138072	23652	12630740	0	2013-11-10 19:57:08.295738+00	0		
213	138075	3924	4906563	0	2013-11-10 20:04:42.884995+00	0		
342	139267	7713	12577811	0	2013-11-18 10:41:55.357261+00	0		
215	138173	1805	1621467	0	2013-11-11 01:23:35.775068+00	0		
246	138317	2450	12471572	0	2013-11-11 22:24:38.448917+00	0		
218	138199	1805	12563764	0	2013-11-11 09:04:23.924148+00	0		
220	138203	1805	12456779	0	2013-11-11 09:13:07.788356+00	0		
298	138946	7713	12598914	0	2013-11-15 09:09:11.32141+00	0		
208	138044	653	12438830	0	2014-03-30 00:00:18.164048+00	0		
226	138258	7713	10437187	0	2013-11-11 17:27:52.162611+00	0		
224	138259	2450	9764542	0	2013-11-11 17:29:33.517737+00	0		
300	138947	7713	12585819	0	2013-11-15 09:10:23.93238+00	0		
251	138361	7713	12603772	0	2013-11-11 23:37:36.535392+00	0		
231	138274	4434	12510531	0	2013-11-11 19:49:31.558119+00	0		
836	201248	33475	12699585	0	2014-11-25 19:09:28.0764+00	0		
233	138276	1178	12444339	0	2013-11-11 19:59:32.279232+00	0		
235	138300	2450	10087354	0	2013-11-11 21:38:16.009998+00	0		
355	139459	3934	12441584	0	2013-11-20 08:41:19.753174+00	0		
237	138302	2429	12471568	0	2013-11-11 21:43:47.117349+00	0		
256	138398	2429	12443238	0	2013-11-12 01:19:16.14679+00	0		
301	138948	9582	12585817	0	2013-11-15 09:11:33.614393+00	0		
259	138460	23738	12441543	0	2013-11-12 09:48:14.641058+00	0		
239	138306	10545	12572736	0	2013-11-11 21:53:47.402488+00	0		
261	138462	7954	12442989	0	2013-11-12 09:52:16.627211+00	0		
263	138470	1805	12506635	0	2013-11-12 10:22:07.391151+00	0		
304	138011	7713	12578414	0	2013-11-15 09:16:51.305107+00	0		
270	138813	7712	12529727	0	2013-11-14 04:24:43.129396+00	0		
272	138815	7712	12448812	0	2013-11-14 04:29:18.093739+00	0		
325	138974	7713	12580479	0	2013-11-15 10:18:19.201288+00	0		
274	138820	4434	9364598	0	2013-11-14 04:37:47.945482+00	0		
306	138011	7713	12517999	0	2013-11-15 09:17:01.752997+00	0		
279	138868	7713	9544008	0	2013-11-14 11:56:07.080844+00	0		
281	138870	7713	12647697	0	2013-11-14 11:58:39.68963+00	0		
307	138011	7713	12572280	0	2013-11-15 09:18:21.207662+00	0		
285	138877	7713	12581443	0	2013-11-14 12:11:55.597606+00	0		
344	138254	7713	7172833	0	2013-11-18 10:44:35.352102+00	0		
286	138878	7713	12507287	0	2013-11-14 12:12:42.120427+00	0		
309	138951	7713	1154350	0	2013-11-15 09:21:05.36328+00	0		
288	138883	5114	12578372	0	2013-11-14 12:40:32.765691+00	0		
290	138885	23425	12532362	0	2013-11-14 12:42:13.27473+00	0		
327	138975	7713	12508696	0	2013-11-15 10:24:00.883916+00	0		
292	138886	7713	12577824	0	2013-11-14 12:44:55.19861+00	0		
310	138011	7713	1154351	0	2013-11-15 09:25:04.100058+00	0		
295	138012	7713	12521121	0	2013-11-15 09:07:08.095547+00	0		
312	138954	7713	12528411	0	2013-11-15 09:33:04.879241+00	0		
330	139256	7713	9543991	0	2013-11-18 10:28:50.510409+00	0		
315	138956	7713	12473400	0	2013-11-15 09:38:59.723117+00	0		
363	139475	2450	12436740	0	2013-11-20 10:01:30.438988+00	0		
317	138960	358	12507286	0	2013-11-15 09:48:32.938657+00	0		
332	139260	7713	12501468	0	2013-11-18 10:31:34.234287+00	0		
319	138964	7713	12571975	0	2013-11-15 09:52:53.486433+00	0		
321	138968	7713	12477374	0	2013-11-15 10:10:21.391383+00	0		
323	138972	9582	8115976	0	2013-11-15 10:15:39.914612+00	0		
334	139262	7713	12520298	0	2013-11-18 10:33:18.619001+00	0		
336	139264	7713	9764544	0	2013-11-18 10:35:10.539328+00	0		
356	139461	6406	12508015	0	2013-11-20 08:48:12.345234+00	0		
348	139271	9582	8070369	0	2013-11-18 10:50:32.500419+00	0		
340	139265	9574	12590958	0	2013-11-18 10:40:22.831565+00	0		
360	139468	6406	12599554	0	2013-11-20 09:35:03.743137+00	0		
350	139276	2429	12510658	0	2013-11-18 13:17:32.590254+00	0		
357	139465	15220	12504544	0	2013-11-20 09:30:43.521977+00	0		
352	139278	2429	12507811	0	2013-11-18 13:20:12.704658+00	0		
353	139281	2450	11938037	0	2013-11-18 13:33:44.882137+00	0		
354	139367	4434	7820495	0	2013-11-19 02:10:18.150081+00	0		
358	139466	29435	12438566	0	2013-11-20 09:31:35.46475+00	0		
361	139471	3912	12633940	0	2013-11-20 09:50:41.296369+00	0		
359	139467	6406	12438567	0	2013-11-20 09:32:20.573006+00	0		
365	139866	3926	12497960	0	2013-11-23 06:54:17.953981+00	0		
362	139474	2450	12489105	0	2013-11-20 10:00:08.919562+00	0		
364	139772	1178	12430021	0	2013-11-22 12:09:46.375438+00	0		
367	139875	7961	1130109	0	2013-11-23 07:49:24.588888+00	0		
366	139868	11692	12430023	0	2013-11-23 06:56:27.849263+00	0		
368	140403	4288	12675958	0	2013-11-27 06:31:05.440918+00	0		
369	140403	4288	12675959	0	2013-11-27 06:36:07.914388+00	0		
846	205483	7289	12767434	0	2014-12-15 22:23:30.313401+00	0		
848	206583	4627	12788294	0	2014-12-27 19:00:43.848891+00	0		
249	138357	7954	12508729	0	2015-03-06 18:02:52.203814+00	0		
148	118444	153	263108	0	2015-03-29 02:02:22.336938+00	0		
151	118444	210	263108	0	2015-03-29 02:02:22.336938+00	0		
283	237913	7713	12509144	0	2015-04-22 00:16:36.785738+00	0		
371	140404	653	10985486	0	2013-11-27 06:38:47.844063+00	0		
370	140404	653	10985487	0	2013-11-27 06:39:03.765798+00	0		
372	140411	4434	12675992	0	2013-11-27 07:44:09.167282+00	0		
373	140411	4434	12675996	0	2013-11-27 07:48:50.999618+00	0		
376	140411	4434	12676001	0	2013-11-27 08:01:05.342954+00	0		
377	140526	5075	12676157	0	2013-11-27 21:58:06.412715+00	0		
378	141043	2429	12571984	0	2013-12-03 06:00:24.598425+00	0		
95	118444	167	11676930	0	2013-05-15 17:17:51.229012+00	0		
128	118444	84	12449231	0	2013-05-15 18:38:14.447783+00	0		
98	118463	149	12449176	0	2013-05-15 17:22:24.910392+00	0		
99	118465	149	12449099	0	2013-05-15 17:22:32.125838+00	0		
100	118444	138	11676929	0	2013-05-15 17:24:27.156058+00	0		
131	118444	88	12450474	0	2013-05-15 18:39:22.900248+00	0		
101	118444	146	12449088	0	2013-05-15 17:25:20.510195+00	0		
102	118444	142	12448944	0	2013-05-15 17:25:59.020433+00	0		
162	118954	264	12620571	0	2013-05-20 15:46:56.966857+00	0		
103	118444	132	12449239	0	2013-05-15 17:28:55.748569+00	0		
134	118444	83	12588866	0	2013-05-15 18:40:35.607401+00	0		
104	118444	124	11485513	0	2013-05-15 17:35:07.401981+00	0		
105	118444	116	12448943	0	2013-05-15 17:35:32.048755+00	0		
187	119131	241	12639932	0	2013-07-20 13:33:46.755227+00	0		
106	118444	106	12448553	0	2013-05-15 17:41:56.675021+00	0		
138	118444	82	12450467	0	2013-05-15 18:42:59.359021+00	0		
107	118444	108	12448913	0	2013-05-15 17:42:10.794951+00	0		
108	118444	195	12449180	0	2013-05-15 17:43:18.115601+00	0		
109	118444	99	11485508	0	2013-05-15 17:44:13.956542+00	0		
110	118444	252	12450521	0	2013-05-15 17:44:46.074641+00	0		
111	118444	252	12450520	0	2013-05-15 17:44:50.408466+00	0		
112	118444	100	12450515	0	2013-05-15 17:45:29.535065+00	0		
146	118444	72	11485501	0	2013-05-15 19:55:35.613648+00	0		
113	118444	103	11485509	0	2013-05-15 17:46:13.145805+00	0		
114	118444	104	12448954	0	2013-05-15 17:46:36.192897+00	0		
115	118475	102	12450516	0	2013-05-15 17:48:49.63866+00	0		
149	118444	153	11485515	0	2013-05-15 19:57:13.398164+00	0		
116	118476	102	12450517	0	2013-05-15 17:48:56.32036+00	0		
168	118965	267	12620617	0	2013-05-20 16:24:55.976801+00	0		
118	118444	117	12618920	0	2013-05-15 17:49:27.1586+00	0		
117	118477	101	12450519	0	2013-05-15 17:49:38.145675+00	0		
119	118444	98	11485507	0	2013-05-15 17:52:01.945333+00	0		
172	118966	270	12620624	0	2013-05-20 16:47:39.863021+00	0		
120	118454	105	12588875	0	2013-05-15 17:57:10.142742+00	0		
241	138311	2450	12436948	0	2013-11-11 22:07:14.779292+00	0		
175	118969	271	12620631	0	2013-05-20 17:21:54.00759+00	0		
123	118444	93	12450469	0	2013-05-15 18:00:55.351162+00	0		
124	118444	95	12450468	0	2013-05-15 18:35:33.948646+00	0		
125	118444	97	11485506	0	2013-05-15 18:35:57.847673+00	0		
178	118752	275	12620633	0	2013-05-20 17:58:42.115927+00	0		
181	118444	277	8436685	0	2013-05-20 18:20:23.39133+00	0		
96	118444	160	1339348	0	2013-05-20 21:03:25.74403+00	0		
184	118444	459	12588283	0	2013-05-21 12:34:47.660158+00	0		
320	138960	358	12477373	0	2013-11-15 10:09:48.541115+00	0		
203	138013	5114	12473389	0	2013-11-10 16:00:04.946042+00	0		
243	138314	2429	12506850	0	2013-11-11 22:12:54.860226+00	0		
206	138040	2429	11645699	0	2013-11-10 17:18:30.715776+00	0		
268	138774	7713	10831436	0	2013-11-14 00:32:49.753032+00	0		
209	138046	2429	12533151	0	2013-11-10 17:46:32.853673+00	0		
245	138316	2429	12506963	0	2013-11-11 22:21:05.675835+00	0		
212	138075	3924	503879	0	2013-11-10 20:03:21.221468+00	0		
216	138178	12025	12619940	0	2013-11-11 01:40:30.75743+00	0		
247	138318	2429	12506967	0	2013-11-11 22:25:36.601635+00	0		
217	138197	1805	12566418	0	2013-11-11 09:00:40.28918+00	0		
219	138201	1805	12555360	0	2013-11-11 09:10:19.597808+00	0		
287	138879	7713	12601967	0	2013-11-14 12:13:22.391468+00	0		
221	138204	4288	12450310	0	2013-11-11 09:15:40.551926+00	0		
248	138355	358	12510250	0	2013-11-11 23:23:51.292049+00	0		
222	138217	653	3988707	0	2013-11-11 12:27:43.338559+00	0		
269	138812	7712	12530570	0	2013-11-14 04:21:51.788944+00	0		
225	138257	2450	10580799	0	2013-11-11 17:25:23.173518+00	0		
250	138358	7712	12442834	0	2013-11-11 23:27:53.594524+00	0		
227	138260	14334	12498942	0	2013-11-11 17:33:42.84491+00	0		
416	145264	4434	12526514	0	2014-01-07 17:44:58.921454+00	0		
302	138949	7713	12508692	0	2013-11-15 09:12:37.718583+00	0		
230	138272	2450	12442618	0	2013-11-11 19:48:41.576224+00	0		
252	138362	23425	12619939	0	2013-11-11 23:38:56.936878+00	0		
232	138275	4434	12572995	0	2013-11-11 19:51:01.86893+00	0		
234	138299	2450	12572620	0	2013-11-11 21:36:03.415798+00	0		
236	138301	2450	6207943	0	2013-11-11 21:41:57.304095+00	0		
253	138392	2450	12600942	0	2013-11-12 01:02:12.695877+00	0		
238	138303	2450	1314893	0	2013-11-11 21:44:53.912208+00	0		
271	138814	7712	12530571	0	2013-11-14 04:25:45.859198+00	0		
255	138394	7707	5243459	0	2013-11-12 01:05:16.266325+00	0		
257	138399	7707	12600213	0	2013-11-12 01:20:46.363064+00	0		
258	138459	326	12441542	0	2013-11-12 09:46:26.600041+00	0		
273	138816	7712	12448817	0	2013-11-14 04:30:06.54972+00	0		
260	138461	7710	12434262	0	2013-11-12 09:49:10.893945+00	0		
418	145267	7712	12689016	0	2014-01-07 18:00:54.335228+00	0		
262	138466	7714	12672989	0	2013-11-12 10:07:52.896529+00	0		
289	138884	7713	12509924	0	2013-11-14 12:41:04.175091+00	0		
264	138478	653	12436625	0	2013-11-12 12:08:29.668096+00	0		
214	138171	12769	387540	0	2014-01-06 13:00:38.686902+00	0		
265	138597	11979	2435357	0	2013-11-12 22:35:44.183782+00	0		
266	138745	653	12673171	0	2013-11-13 21:54:14.41908+00	0		
267	138745	653	12481832	0	2013-11-13 22:05:45.992413+00	0		
276	138866	7020	7597259	0	2013-11-14 11:51:41.943733+00	0		
291	138867	7713	12577810	0	2013-11-14 12:42:49.563036+00	0		
303	138272	7713	12509912	0	2013-11-15 09:13:54.450882+00	0		
280	138869	7713	12578421	0	2013-11-14 11:57:01.575041+00	0		
282	138871	9574	12578367	0	2013-11-14 11:59:25.083379+00	0		
284	138876	7713	12649713	0	2013-11-14 12:08:59.834445+00	0		
293	138915	78286	12508691	0	2013-11-14 20:12:24.041079+00	0		
294	138012	7713	12573077	0	2013-11-15 09:06:34.495597+00	0		
305	138011	7713	12517998	0	2013-11-15 09:16:55.759376+00	0		
296	138945	7713	12521129	0	2013-11-15 09:07:49.400059+00	0		
299	138945	7713	12521155	0	2013-11-15 09:09:46.17172+00	0		
308	138011	7713	12581235	0	2013-11-15 09:20:25.866766+00	0		
316	138959	7713	12585047	0	2013-11-15 09:46:41.474215+00	0		
311	138954	7713	12528410	0	2013-11-15 09:32:58.208198+00	0		
324	138973	7713	12580476	0	2013-11-15 10:17:30.189109+00	0		
318	138962	7713	12477379	0	2013-11-15 09:50:52.555214+00	0		
322	138970	9574	12441896	0	2013-11-15 10:13:07.968052+00	0		
122	231131	105	11676939	0	2015-03-07 17:40:46.786193+00	0		
121	118454	105	12590290	0	2015-03-08 09:01:40.945818+00	0		
143	118444	253	263108	0	2015-03-29 02:02:22.336938+00	0		
152	118444	221	263108	0	2015-03-29 02:02:22.336938+00	0		
379	141049	4434	9108640	0	2015-04-29 22:05:09.6738+00	0		
329	139254	7713	12473397	0	2013-11-18 10:26:44.909065+00	0		
331	139259	7713	12501469	0	2013-11-18 10:30:50.7407+00	0		
333	139261	7713	12508693	0	2013-11-18 10:32:12.444883+00	0		
339	138886	7713	12591227	0	2013-11-18 10:39:58.586715+00	0		
837	203406	4434	12783581	0	2014-12-07 12:01:54.886149+00	0		
847	205485	7289	12674560	0	2014-12-15 22:26:41.771792+00	0		
349	139275	2429	12510649	0	2013-11-18 13:16:48.515356+00	0		
351	139277	2450	12510663	0	2013-11-18 13:19:14.027877+00	0		
849	206586	4627	12788296	0	2014-12-27 19:00:50.730816+00	0		
856	211966	2429	12562275	0	2015-01-16 18:10:01.563865+00	0		
382	141879	23652	12679354	0	2013-12-10 20:46:49.744348+00	0		
417	145265	7713	8665299	0	2014-01-07 17:46:53.146008+00	0		
383	141901	2450	12442560	0	2013-12-10 22:25:39.324919+00	0		
384	141979	7709	9334604	0	2013-12-11 01:22:46.318041+00	0		
385	142070	7713	12508166	0	2013-12-12 00:48:38.276921+00	0		
419	145269	4434	12689020	0	2014-01-07 18:13:20.049914+00	0		
386	142071	7713	12508168	0	2013-12-12 00:51:06.84028+00	0		
387	142072	7713	9597611	0	2013-12-12 00:52:57.755902+00	0		
420	145269	8325	12689021	0	2014-01-07 18:16:55.919504+00	0		
388	142073	7713	12508147	0	2013-12-12 00:54:20.725182+00	0		
389	142076	12025	12508167	0	2013-12-12 01:05:09.9867+00	0		
446	150641	695	12695924	0	2014-01-26 20:08:30.192726+00	0		
390	142079	7713	12508162	0	2013-12-12 01:20:35.093375+00	0		
421	145271	4434	12689037	0	2014-01-07 19:09:47.910527+00	0		
391	142240	4288	12680242	0	2013-12-13 10:26:30.826679+00	0		
392	142242	1805	12680245	0	2013-12-13 10:33:13.709477+00	0		
393	142243	1178	12680246	0	2013-12-13 10:39:47.65274+00	0		
422	145274	4288	12657731	0	2014-01-07 19:32:09.9947+00	0		
394	142244	4434	12680247	0	2013-12-13 10:43:25.706497+00	0		
395	142250	653	12680299	0	2013-12-13 13:57:29.615179+00	0		
396	142251	7713	12580542	0	2013-12-13 13:59:20.998113+00	0		
423	145277	4434	12387955	0	2014-01-07 21:31:18.698908+00	0		
397	142252	14816	12680300	0	2013-12-13 14:02:44.790555+00	0		
398	138883	4434	5110897	0	2013-12-13 14:11:40.196805+00	0		
375	145277	4434	12676000	0	2014-01-07 21:35:59.29402+00	0		
399	142388	15220	12680770	0	2013-12-15 00:18:32.184852+00	0		
447	150766	5060	12696248	0	2014-01-27 05:24:29.228539+00	0		
424	145279	1178	12689085	0	2014-01-07 21:45:33.344961+00	0		
400	142389	15220	12680771	0	2013-12-15 00:29:13.633276+00	0		
401	142390	3912	12680772	0	2013-12-15 00:31:26.633536+00	0		
402	142391	7713	12580361	0	2013-12-15 00:34:14.024073+00	0		
403	142550	2429	12555286	0	2013-12-17 00:46:57.791552+00	0		
463	151597	9672	9977183	0	2014-02-03 03:38:20.980881+00	0		
404	142552	326	12538304	0	2013-12-17 00:55:23.445864+00	0		
405	142666	7710	12681375	0	2013-12-17 10:55:35.854267+00	0		
406	142667	2429	3906995	0	2013-12-17 10:57:44.093321+00	0		
407	142667	2429	7472828	0	2013-12-17 10:57:49.888404+00	0		
427	145454	4434	8898007	0	2014-01-08 17:24:38.838108+00	0		
408	142668	5075	12681380	0	2013-12-17 11:03:52.341775+00	0		
409	142669	4434	12681381	0	2013-12-17 11:08:41.51353+00	0		
473	152254	49439	10292050	0	2014-02-07 05:04:01.428394+00	0		
410	142671	4434	12681397	0	2013-12-17 11:40:01.737345+00	0		
428	145809	5099	12486847	0	2014-01-10 21:29:01.582861+00	0		
411	142671	4434	12681398	0	2013-12-17 11:45:06.121478+00	0		
412	142763	1178	12681739	0	2013-12-17 23:11:40.15904+00	0		
413	142772	7307	12681746	0	2013-12-17 23:27:28.788156+00	0		
429	145810	7948	12439244	0	2014-01-10 21:31:28.930274+00	0		
414	144570	7948	12687512	0	2014-01-03 17:34:21.755161+00	0		
448	150938	7708	3323674	0	2014-01-28 09:01:44.868325+00	0		
430	146100	653	12690441	0	2014-01-12 00:55:20.840513+00	0		
431	146285	653	12506953	0	2014-01-12 21:01:07.168587+00	0		
432	148747	203	12692124	0	2014-01-17 18:08:40.394424+00	0		
91	148769	175	11485519	0	2014-01-17 19:13:40.616716+00	0		
449	150939	326	12449959	0	2014-01-28 09:03:40.133686+00	0		
433	118477	175	7987972	0	2014-01-17 19:14:41.306872+00	0		
434	148966	326	12692211	0	2014-01-17 22:54:30.361906+00	0		
435	148986	23698	12692219	0	2014-01-17 23:25:37.19966+00	0		
450	150940	8720	3323663	0	2014-01-28 09:15:10.430216+00	0		
436	118444	235	12692485	0	2014-01-18 13:39:05.342188+00	0		
437	149327	12025	12692752	0	2014-01-18 23:53:21.655632+00	0		
438	149329	7713	12580546	0	2014-01-18 23:57:51.548303+00	0		
451	150941	5111	3323662	0	2014-01-28 09:19:24.863288+00	0		
439	149332	7712	12692758	0	2014-01-19 00:13:30.96771+00	0		
440	149615	2429	9718850	0	2014-01-20 14:17:22.415365+00	0		
465	151608	2429	12484346	0	2014-02-03 10:42:41.983337+00	0		
441	149772	1178	5684610	0	2014-01-21 22:23:58.783331+00	0		
442	150107	5114	12551194	0	2014-01-23 21:48:56.65424+00	0		
443	118444	55	12449231	0	2014-01-25 09:02:11.832283+00	0		
444	150339	27	12695346	0	2014-01-25 09:58:27.130333+00	0		
453	151181	7952	12495278	0	2014-01-30 04:45:47.526045+00	0		
445	150594	5060	12666241	0	2014-01-26 17:53:13.721599+00	0		
454	151358	2429	12697450	0	2014-01-31 13:04:55.780897+00	0		
466	151734	1178	12638916	0	2014-02-04 01:09:27.094732+00	0		
455	151366	12025	12603623	0	2014-01-31 13:58:13.067222+00	0		
456	151372	1178	12487041	0	2014-01-31 16:44:41.667091+00	0		
474	152254	49439	10292051	0	2014-02-07 05:04:07.36128+00	0		
457	151407	7948	11655382	0	2014-02-01 07:23:22.172233+00	0		
467	151822	358	12698423	0	2014-02-04 09:28:55.114828+00	0		
458	151457	8966	1006208	0	2014-02-01 16:31:52.792362+00	0		
459	151476	7954	12596747	0	2014-02-01 21:23:48.778523+00	0		
460	151511	653	9976727	0	2014-02-02 04:20:07.778799+00	0		
482	153326	326	12487543	0	2014-02-13 15:18:25.947721+00	0		
461	151591	7948	10634270	0	2014-02-03 02:33:50.577486+00	0		
475	152256	4434	10292104	0	2014-02-07 05:36:48.451205+00	0		
462	151594	653	12598128	0	2014-02-03 03:05:37.062285+00	0		
468	151824	7714	12501163	0	2014-02-04 09:38:58.410017+00	0		
469	151918	11117	12506788	0	2014-02-05 01:24:59.169137+00	0		
476	152256	4434	10292105	0	2014-02-07 05:37:14.820178+00	0		
470	151921	1793	12510701	0	2014-02-05 01:56:29.458675+00	0		
471	152063	7020	12602720	0	2014-02-06 10:09:40.724046+00	0		
472	152254	49439	10292049	0	2014-02-07 05:03:55.821198+00	0		
477	152256	4434	10292106	0	2014-02-07 05:37:20.248153+00	0		
863	214978	7278	12802360	0	2015-01-31 02:14:27.63311+00	0		
483	153374	7954	12700573	0	2014-02-14 04:25:36.735244+00	0		
480	152683	1805	12439399	0	2014-02-09 17:53:25.251826+00	0		
481	153325	9413	12436664	0	2014-02-13 15:16:46.220168+00	0		
478	152541	2450	12606779	0	2014-02-15 23:00:22.14659+00	0		
479	152673	7022	12699603	0	2014-02-16 17:00:43.276113+00	0		
491	154108	5114	12701793	0	2014-02-18 10:20:48.977426+00	0		
484	153975	1805	12680177	0	2014-02-17 09:47:09.938771+00	0		
489	154100	9526	12690421	0	2014-02-18 10:08:38.104453+00	0		
869	215177	445	12802673	0	2015-02-07 23:01:51.583235+00	0		
873	118444	438	12630812	0	2015-02-09 00:01:24.698074+00	0		
464	151599	7704	12598998	0	2015-02-17 09:00:58.377108+00	0		
866	215151	7713	12802661	0	2015-02-07 23:00:20.191574+00	0		
426	145280	7712	12689104	0	2015-03-06 18:02:46.591382+00	0		
487	154011	326	12438831	0	2014-02-17 12:48:17.72587+00	0		
488	154096	5114	12701786	0	2014-02-18 09:58:27.683744+00	0		
490	154104	5114	12701791	0	2014-02-18 10:17:37.891449+00	0		
493	154110	9526	12691968	0	2014-02-18 10:22:34.744241+00	0		
492	154109	5114	12603622	0	2014-02-18 10:21:38.022791+00	0		
494	154111	5114	12701795	0	2014-02-18 11:32:56.69819+00	0		
495	154112	80849	12701796	0	2014-02-18 11:34:33.05968+00	0		
496	154114	5114	12701799	0	2014-02-18 11:36:57.89191+00	0		
497	154754	5249	12703225	0	2014-02-22 20:25:33.030969+00	0		
499	155065	5114	12703806	0	2014-02-24 12:17:04.378077+00	0		
500	155220	69554	12704187	0	2014-02-25 14:32:24.615579+00	0		
501	155223	8686	12704188	0	2014-02-25 14:39:32.865383+00	0		
502	155427	7712	12636181	0	2014-02-26 14:50:39.935099+00	0		
503	155618	69554	12704712	0	2014-02-27 10:29:21.666888+00	0		
504	155619	69554	12504154	0	2014-02-27 10:32:29.377664+00	0		
498	154811	2429	12551142	0	2014-03-02 08:00:29.28003+00	0		
505	155619	69554	12704713	0	2014-02-27 10:36:48.729857+00	0		
485	153978	7948	12701578	0	2014-03-19 18:00:21.901491+00	0		
507	156184	1178	12450786	0	2014-03-02 20:54:46.090277+00	0		
508	156185	4288	5687213	0	2014-03-02 20:56:18.258392+00	0		
546	165850	7020	12435015	0	2014-05-06 16:03:41.295099+00	0		
509	156186	1178	12450785	0	2014-03-02 20:57:15.080569+00	0		
510	156187	1178	730271	0	2014-03-02 20:58:19.232092+00	0		
511	156510	4434	12706821	0	2014-03-04 23:51:06.704882+00	0		
547	165900	31092	12726304	0	2014-05-06 21:39:10.725651+00	0		
512	156871	653	12547062	0	2014-03-07 19:44:32.454024+00	0		
513	157266	86443	12708622	0	2014-03-10 22:24:37.882758+00	0		
514	157282	1805	12682871	0	2014-03-11 00:10:53.538012+00	0		
515	157283	1805	2010963	0	2014-03-11 00:13:38.112941+00	0		
516	158083	7713	12710584	0	2014-03-17 18:50:10.351605+00	0		
517	158123	7707	12438304	0	2014-03-17 20:59:46.704012+00	0		
549	166228	29423	12726993	0	2014-05-10 13:07:21.367522+00	0		
518	158330	4434	12710946	0	2014-03-18 15:55:43.724629+00	0		
519	158340	2429	9450914	0	2014-03-18 17:07:06.264935+00	0		
520	158488	4434	12711313	0	2014-03-19 22:24:09.44892+00	0		
550	166230	269	12726994	0	2014-05-10 13:10:39.460175+00	0		
521	158840	11117	12439013	0	2014-03-21 17:09:27.933976+00	0		
522	159948	1793	12540714	0	2014-03-26 13:08:29.358668+00	0		
551	166331	3984	12727134	0	2014-05-10 23:37:41.212933+00	0		
523	159989	4434	12540720	0	2014-03-26 20:21:17.441934+00	0		
524	159994	5075	12540721	0	2014-03-26 20:37:48.30016+00	0		
552	166713	68988	12727660	0	2014-05-12 20:13:05.130031+00	0		
525	159996	5075	12571051	0	2014-03-26 20:57:44.636592+00	0		
526	160024	4434	12507084	0	2014-03-26 22:41:36.962918+00	0		
527	160025	1793	12713949	0	2014-03-26 22:43:30.497782+00	0		
553	166719	5303	12727676	0	2014-05-12 20:39:14.424533+00	0		
528	160026	4434	12713948	0	2014-03-26 22:45:04.673268+00	0		
554	166720	3822	12727677	0	2014-05-12 20:42:24.051296+00	0		
529	160027	4434	12713956	0	2014-03-26 22:46:37.023847+00	0		
530	160178	4288	12714105	0	2014-03-27 13:34:11.790521+00	0		
531	160181	23036	12714106	0	2014-03-27 13:38:01.500055+00	0		
555	166721	68988	12727672	0	2014-05-12 20:45:52.13088+00	0		
534	161989	7704	12719279	0	2014-04-10 00:21:36.22378+00	0		
556	166757	7020	12727714	0	2014-05-12 22:48:55.716594+00	0		
535	161993	11117	12708190	0	2014-04-10 00:33:49.5699+00	0		
536	162229	194	12494034	0	2014-04-11 09:10:02.469558+00	0		
537	162384	23718	12720090	0	2014-04-12 18:16:59.675395+00	0		
557	166760	1805	12714407	0	2014-05-12 22:54:10.033397+00	0		
539	165319	8966	12725366	0	2014-05-03 15:35:43.17411+00	0		
540	165320	8966	12725367	0	2014-05-03 15:40:01.671291+00	0		
558	166788	5075	12680178	0	2014-05-12 23:19:18.884944+00	0		
541	165321	8966	12725368	0	2014-05-03 15:43:12.250433+00	0		
544	165720	331	12725825	0	2014-05-13 00:00:25.75208+00	0		
542	165534	29463	12679058	0	2014-05-04 17:07:24.224997+00	0		
543	165671	56	12692125	0	2014-05-05 11:17:40.621014+00	0		
545	165721	7713	12726013	0	2014-05-05 23:26:24.964007+00	0		
559	166871	7289	12727796	0	2014-05-13 14:17:26.020143+00	0		
560	166872	7289	12727797	0	2014-05-13 14:19:06.061635+00	0		
561	166905	8966	12727882	0	2014-05-13 21:10:54.190984+00	0		
562	166906	8966	12727883	0	2014-05-13 21:14:35.327835+00	0		
563	166907	8966	12727884	0	2014-05-13 21:18:00.580571+00	0		
564	166949	331	12583448	0	2014-05-14 14:01:49.525362+00	0		
838	203944	2429	12442751	0	2014-12-04 12:54:36.988604+00	0		
452	151046	9615	12626225	0	2014-05-15 08:01:15.468953+00	0		
839	204644	2429	12525032	0	2014-12-09 19:12:37.57512+00	0		
573	173413	4288	12732935	0	2014-05-26 20:54:50.381496+00	0		
566	168905	14700	12728872	0	2014-05-17 15:13:40.19663+00	0		
574	173417	1805	12485626	0	2014-05-26 21:07:37.095486+00	0		
567	168910	5060	12728875	0	2014-05-17 15:22:39.009216+00	0		
568	168911	5060	12728876	0	2014-05-17 15:26:00.904957+00	0		
569	168970	1178	12728902	0	2014-05-17 17:39:38.53629+00	0		
575	173432	8966	12732950	0	2014-05-26 21:50:18.615812+00	0		
570	169435	9394	12729111	0	2014-05-18 13:11:12.015144+00	0		
850	209136	7713	12791832	0	2015-01-04 18:30:19.308083+00	0		
840	204770	7289	12753756	0	2014-12-10 14:09:49.154593+00	0		
580	173738	7289	12733464	0	2014-05-28 10:14:31.51337+00	0		
572	171428	5060	12730358	0	2014-05-21 22:36:41.141827+00	0		
852	210552	7703	12793018	0	2015-01-09 13:55:21.657933+00	0		
576	173434	8966	12732952	0	2014-05-26 21:56:38.744816+00	0		
584	173759	7289	12733511	0	2014-05-28 20:43:08.286346+00	0		
581	173741	7289	12733465	0	2014-05-28 10:17:04.349143+00	0		
577	173479	8966	12617562	0	2014-05-27 09:28:52.809033+00	0		
578	173483	8966	12733054	0	2014-05-27 09:36:56.051673+00	0		
579	173738	7289	12733463	0	2014-05-28 10:10:48.371026+00	0		
587	173774	7289	12733513	0	2014-05-28 21:32:16.54586+00	0		
582	173754	7289	12733509	0	2014-05-28 20:38:23.328037+00	0		
585	173769	7289	12467605	0	2014-05-28 21:25:39.37565+00	0		
583	173756	7289	12733510	0	2014-05-28 20:40:43.220578+00	0		
586	173772	7289	12733512	0	2014-05-28 21:28:45.276603+00	0		
588	173866	7289	12733711	0	2014-05-29 11:35:16.296077+00	0		
589	173867	7289	12733713	0	2014-05-29 11:37:53.348807+00	0		
590	173870	7289	12733714	0	2014-05-29 11:41:32.774804+00	0		
591	173880	7289	12733717	0	2014-05-29 11:45:22.28026+00	0		
593	174030	5060	12733865	0	2014-05-29 21:55:18.24174+00	0		
594	174034	5060	12733868	0	2014-05-29 22:01:24.922073+00	0		
595	174041	14700	12603433	0	2014-05-29 22:09:42.566359+00	0		
596	174883	7289	12429748	0	2014-06-04 17:51:03.274921+00	0		
73	174983	222	11485524	0	2014-06-05 06:00:38.856791+00	0		
90	174986	176	12540582	0	2014-06-05 07:00:16.105892+00	0		
592	173982	7953	12506955	0	2014-06-05 17:00:16.124485+00	0		
597	175342	7289	12736648	0	2014-06-07 15:18:50.166683+00	0		
598	175344	7289	12736649	0	2014-06-07 15:21:55.094503+00	0		
599	175346	7289	12736650	0	2014-06-07 15:24:28.149315+00	0		
533	160949	7712	12611584	0	2014-06-13 19:00:23.186742+00	0		
565	187439	5060	12728135	0	2014-08-27 10:45:28.21043+00	0		
600	175347	7289	12736651	0	2014-06-07 15:27:49.871441+00	0		
635	178521	7289	12743831	0	2014-06-24 19:25:33.676124+00	0		
601	175760	7289	12498832	0	2014-06-09 19:51:04.028525+00	0		
602	175761	7289	12737431	0	2014-06-09 19:52:29.358404+00	0		
673	180730	7289	12748517	0	2014-07-08 15:54:13.448265+00	0		
603	175763	7289	12737436	0	2014-06-09 19:54:59.62956+00	0		
636	178527	7289	12734138	0	2014-06-24 19:46:43.878492+00	0		
604	175763	7289	12737438	0	2014-06-09 19:58:56.791412+00	0		
254	138393	2450	3283103	0	2014-06-10 12:00:28.250836+00	0		
605	175962	69376	12738696	0	2014-06-11 10:46:25.557197+00	0		
658	180087	7289	12488155	0	2014-07-03 20:25:50.050958+00	0		
606	175979	7289	12738714	0	2014-06-11 10:53:14.389084+00	0		
637	178540	30921	12743849	0	2014-06-24 21:18:32.832295+00	0		
607	176172	5062	12738854	0	2014-06-11 21:47:08.900992+00	0		
608	176173	7948	12738858	0	2014-06-11 21:51:57.300726+00	0		
609	176539	7289	12734167	0	2014-06-13 17:11:47.161938+00	0		
638	178739	1805	12442470	0	2014-06-25 16:31:35.895253+00	0		
610	176684	7289	12739607	0	2014-06-14 19:30:22.777882+00	0		
611	176685	7289	12739608	0	2014-06-14 19:33:07.341058+00	0		
612	176688	7289	12734135	0	2014-06-14 19:35:41.617891+00	0		
639	178774	7289	12488204	0	2014-06-25 20:16:16.868266+00	0		
659	180088	7289	12488156	0	2014-07-03 20:29:07.317163+00	0		
614	176691	7289	12739610	0	2014-06-14 19:40:17.79123+00	0		
640	178776	7289	8004507	0	2014-06-25 20:17:47.020896+00	0		
615	176825	7289	12739898	0	2014-06-15 18:12:22.35866+00	0		
616	176827	7289	12739899	0	2014-06-15 18:15:21.685845+00	0		
617	176829	7289	12739900	0	2014-06-15 18:19:10.332405+00	0		
641	178777	7289	12744124	0	2014-06-25 20:19:39.121685+00	0		
618	176916	7289	12740185	0	2014-06-16 11:16:46.09246+00	0		
619	176919	7289	12740186	0	2014-06-16 11:19:55.100016+00	0		
620	176921	7289	12740187	0	2014-06-16 11:22:28.362532+00	0		
642	179144	7289	12733674	0	2014-06-26 23:36:16.7779+00	0		
621	176923	7289	12740188	0	2014-06-16 11:26:05.659226+00	0		
622	177332	7289	12740554	0	2014-06-17 08:50:12.08054+00	0		
660	180089	7289	9348566	0	2014-07-03 20:30:39.423199+00	0		
623	177335	7289	12740555	0	2014-06-17 08:52:44.288542+00	0		
843	205212	7289	12777665	0	2014-12-13 23:23:16.722105+00	0		
624	177336	7289	12740562	0	2014-06-17 08:57:57.73113+00	0		
625	177337	7289	12740563	0	2014-06-17 09:00:32.076367+00	0		
626	178268	7289	12743365	0	2014-06-23 19:52:42.62304+00	0		
644	179148	7289	12744571	0	2014-06-26 23:44:00.985749+00	0		
627	178273	7289	12743376	0	2014-06-23 20:05:39.094521+00	0		
628	178275	7289	12743377	0	2014-06-23 20:09:06.939124+00	0		
674	180732	7289	12743784	0	2014-07-08 15:58:29.151527+00	0		
629	178277	7289	12743378	0	2014-06-23 20:12:53.314433+00	0		
645	179214	14700	12603435	0	2014-06-27 18:17:53.169325+00	0		
630	178507	7289	12743690	0	2014-06-24 19:03:08.389868+00	0		
631	178508	7289	12488202	0	2014-06-24 19:03:53.772097+00	0		
661	180436	7289	12744335	0	2014-07-06 21:13:49.803793+00	0		
632	178509	7289	12743786	0	2014-06-24 19:05:40.599205+00	0		
646	179311	69937	12584917	0	2014-06-28 09:29:53.657527+00	0		
633	178515	7289	12488206	0	2014-06-24 19:19:19.754795+00	0		
634	178518	7289	12734137	0	2014-06-24 19:23:21.145144+00	0		
841	204780	7289	12747349	0	2014-12-10 14:32:39.016637+00	0		
613	178519	7289	12739609	0	2014-06-24 19:23:36.286307+00	0		
647	179312	7713	12678725	0	2014-06-28 09:36:49.672918+00	0		
643	179145	7289	12744570	0	2014-11-05 21:00:14.020411+00	0		
648	179363	721	12670360	0	2014-06-28 16:02:49.155547+00	0		
649	179387	326	12745222	0	2014-06-28 19:10:47.227962+00	0		
650	179751	7289	12745990	0	2014-07-01 12:40:34.110243+00	0		
663	180457	7289	12747451	0	2014-07-06 21:43:38.75181+00	0		
651	179755	7289	12745991	0	2014-07-01 12:45:26.799351+00	0		
652	179919	8966	12746427	0	2014-07-02 20:51:13.074759+00	0		
675	180733	7289	12743806	0	2014-07-08 16:04:13.603065+00	0		
653	179922	7289	12746428	0	2014-07-02 20:54:09.050775+00	0		
664	180459	7289	12746947	0	2014-07-06 21:55:12.709649+00	0		
654	179973	7289	12746482	0	2014-07-02 23:48:01.122215+00	0		
655	179975	7289	12746483	0	2014-07-02 23:50:24.292866+00	0		
656	179977	7289	12746484	0	2014-07-02 23:53:22.166897+00	0		
665	180462	7289	12747808	0	2014-07-06 21:57:21.056687+00	0		
657	180079	7289	12746819	0	2014-07-03 20:14:19.44348+00	0		
683	180867	7289	7608225	0	2014-07-09 20:17:25.162355+00	0		
666	180464	7289	12747809	0	2014-07-06 22:00:16.51065+00	0		
676	180843	5528	12748804	0	2014-07-09 19:37:02.04826+00	0		
667	180466	7289	12747810	0	2014-07-06 22:02:41.872693+00	0		
851	209137	7713	12623184	0	2015-01-04 18:32:38.740314+00	0		
669	180685	7289	12748403	0	2014-07-08 08:26:25.063181+00	0		
670	180702	7289	12748427	0	2014-07-08 10:13:46.835024+00	0		
671	180706	7289	12748429	0	2014-07-08 10:17:58.433388+00	0		
672	180708	7289	12748430	0	2014-07-08 10:19:41.389466+00	0		
692	181076	7289	12746943	0	2014-07-10 23:48:43.827888+00	0		
684	180873	7289	12488475	0	2014-07-09 20:27:13.100641+00	0		
678	155619	69554	12482726	0	2014-07-09 20:00:54.019129+00	0		
679	180862	7289	12488187	0	2014-07-09 20:01:30.830624+00	0		
689	180946	7713	12748847	0	2014-07-09 23:34:46.675803+00	0		
680	180863	7289	12488201	0	2014-07-09 20:03:46.533156+00	0		
685	180879	8966	12488488	0	2014-07-09 20:31:27.646853+00	0		
681	180864	7289	12488154	0	2014-07-09 20:10:16.494155+00	0		
682	180866	7289	12743795	0	2014-07-09 20:15:31.431867+00	0		
686	180880	7289	12488491	0	2014-07-09 20:35:47.577691+00	0		
690	181071	7289	12749051	0	2014-07-10 23:43:35.86637+00	0		
687	180882	7289	12488494	0	2014-07-09 20:37:13.005876+00	0		
698	181185	7289	12747446	0	2014-07-11 20:40:52.311145+00	0		
688	180945	68690	12748846	0	2014-07-09 23:30:07.072614+00	0		
693	181077	7289	12747372	0	2014-07-10 23:52:29.343019+00	0		
691	181073	7289	12749052	0	2014-07-10 23:45:41.981669+00	0		
695	181167	7289	12467608	0	2014-07-11 19:32:13.944259+00	0		
694	181165	7289	12747445	0	2014-07-11 19:29:57.316685+00	0		
697	181184	7289	12747368	0	2014-07-11 20:37:00.268362+00	0		
696	181169	7289	12743665	0	2014-07-11 19:34:15.365238+00	0		
668	180538	8842	12748062	0	2014-07-14 16:00:23.614401+00	0		
699	181194	7289	12749256	0	2014-07-11 20:56:30.861533+00	0		
700	181548	68988	12750279	0	2014-07-15 22:06:55.519433+00	0		
701	182171	7289	12747547	0	2014-07-21 17:14:18.504155+00	0		
702	182173	7289	12610548	0	2014-07-21 18:21:35.91063+00	0		
703	182180	7289	12747447	0	2014-07-21 18:44:14.12495+00	0		
704	182987	7289	12747348	0	2014-07-31 10:19:18.251612+00	0		
705	183003	7289	12466319	0	2014-07-31 12:21:12.076246+00	0		
706	183006	7289	12754055	0	2014-07-31 12:30:27.983371+00	0		
707	183036	7289	12754069	0	2014-07-31 16:06:00.931194+00	0		
708	183041	7289	12746945	0	2014-07-31 16:17:50.781293+00	0		
857	212961	23035	12797697	0	2015-01-20 23:33:33.684077+00	0		
709	183051	7289	12753570	0	2014-07-31 18:58:27.14195+00	0		
710	183055	7289	12754070	0	2014-07-31 19:07:21.769145+00	0		
711	183058	7289	12746946	0	2014-07-31 19:14:34.058301+00	0		
842	204783	7289	12747363	0	2014-12-10 14:36:38.092413+00	0		
713	183190	7289	12754240	0	2014-08-01 12:18:41.112864+00	0		
858	213251	7706	12619421	0	2015-01-22 16:55:15.509093+00	0		
714	183192	7289	12754241	0	2014-08-01 12:24:21.178324+00	0		
844	205214	7289	12775607	0	2014-12-13 23:24:28.025483+00	0		
715	183206	7289	12754242	0	2014-08-01 13:38:48.64781+00	0		
864	214979	7278	12802359	0	2015-01-31 02:15:24.864908+00	0		
716	183211	7289	12754243	0	2014-08-01 15:08:54.135034+00	0		
717	183224	7289	12734136	0	2014-08-01 17:37:45.376815+00	0		
933	231391	653	5633663	0	2015-03-08 21:10:28.599982+00	0		
718	183236	7289	12754278	0	2014-08-01 18:05:48.389278+00	0		
712	183238	7289	12754084	0	2014-08-01 18:31:20.113565+00	0		
934	231393	653	11838444	0	2015-03-08 21:15:13.831864+00	0		
719	183240	7289	12743801	0	2014-08-01 18:35:22.547711+00	0		
867	215166	7713	12802668	0	2015-02-07 23:01:17.940168+00	0		
874	118444	449	12630812	0	2015-02-09 00:01:24.708276+00	0		
721	118444	1834	12577019	0	2014-08-07 15:14:04.626346+00	0		
885	216730	2429	12438323	0	2015-02-12 15:23:40.930436+00	0		
722	184008	2358	12568943	0	2014-08-07 15:14:51.247497+00	0		
889	216952	5075	12807963	0	2015-02-14 16:55:48.782673+00	0		
723	118444	3828	12577031	0	2014-08-07 15:17:16.483053+00	0		
893	217187	432	12808403	0	2015-02-15 13:43:28.710863+00	0		
724	184375	7289	12747449	0	2014-08-08 21:31:12.065273+00	0		
895	217193	1178	12808405	0	2015-02-15 13:59:30.142474+00	0		
725	184379	7289	12734140	0	2014-08-08 21:45:28.353329+00	0		
720	183312	5056	926107	0	2014-08-09 00:00:27.273544+00	0		
909	218594	5113	12812822	0	2015-02-24 22:47:23.609734+00	0		
726	184900	1805	12756783	0	2014-08-11 21:17:26.065757+00	0		
727	185607	7289	12757679	0	2014-08-14 23:53:25.339112+00	0		
935	231432	1805	12816915	0	2015-03-09 02:34:29.995466+00	0		
936	231533	1805	12817003	0	2015-03-09 08:29:49.981101+00	0		
913	224202	4434	12814126	0	2015-02-28 14:05:02.225493+00	0		
914	224210	4434	12814129	0	2015-02-28 14:20:18.021369+00	0		
915	224211	4434	12814131	0	2015-02-28 14:28:18.984479+00	0		
916	229911	2429	12610868	0	2015-03-02 21:05:37.3935+00	0		
917	230335	2429	12435862	0	2015-03-03 22:21:38.418606+00	0		
918	230477	7307	12815553	0	2015-03-04 14:00:49.775427+00	0		
937	231539	1805	12817039	0	2015-03-09 09:11:58.120074+00	0		
912	218705	7957	12813173	0	2015-03-04 17:01:35.610365+00	0		
911	218702	7948	12813149	0	2015-03-04 17:01:40.855918+00	0		
919	230498	6406	12815653	0	2015-03-04 19:25:48.143963+00	0		
920	230499	6406	12557964	0	2015-03-04 19:35:10.176121+00	0		
921	230588	2429	12572638	0	2015-03-05 00:03:14.663351+00	0		
922	230843	2429	12815991	0	2015-03-05 22:22:00.309213+00	0		
923	230869	4434	12816024	0	2015-03-06 00:14:47.281657+00	0		
924	230870	4434	12816027	0	2015-03-06 00:25:03.392896+00	0		
925	118444	254	12816188	0	2015-03-06 18:02:36.287787+00	0		
425	145280	7712	12689097	0	2015-03-06 18:02:49.448577+00	0		
926	230977	176	12511966	0	2015-03-06 18:08:44.811139+00	0		
928	231168	1805	12816570	0	2015-03-07 22:22:42.612307+00	0		
929	231177	5075	12440869	0	2015-03-07 22:38:55.486184+00	0		
930	231195	3946	12553101	0	2015-03-07 23:11:01.627584+00	0		
927	231130	105	12590290	0	2015-03-08 09:01:40.945818+00	0		
931	231372	2429	1116820	0	2015-03-08 18:55:15.413122+00	0		
932	231390	326	9879080	0	2015-03-08 21:09:22.73814+00	0		
938	232235	2429	12579556	0	2015-03-11 20:43:01.067423+00	0		
940	138217	653	7979080	0	2015-03-13 22:25:54.760976+00	0		
941	232653	5249	2690439	0	2015-03-14 16:38:13.875407+00	0		
942	232846	326	12818954	0	2015-03-15 11:58:08.088517+00	0		
943	232978	2429	12819390	0	2015-03-16 13:06:42.620407+00	0		
754	185977	15556	12747669	0	2015-03-25 09:02:04.551943+00	0		
944	233052	7713	12579500	0	2015-03-16 19:56:57.4599+00	0		
945	233053	23511	12579501	0	2015-03-16 19:57:33.768179+00	0		
946	233054	23455	12579498	0	2015-03-16 19:58:32.584608+00	0		
947	233065	7713	12579496	0	2015-03-16 20:53:39.729951+00	0		
948	233262	2450	12521790	0	2015-03-17 19:52:19.488738+00	0		
949	233263	2429	12820088	0	2015-03-17 20:00:16.769398+00	0		
950	233264	2429	12454191	0	2015-03-17 20:02:50.34808+00	0		
951	233265	2429	12488518	0	2015-03-17 20:04:28.56882+00	0		
952	233266	2429	12488524	0	2015-03-17 20:05:13.868158+00	0		
953	233268	2450	12569877	0	2015-03-17 20:09:59.064782+00	0		
954	233269	4434	12820100	0	2015-03-17 20:17:20.837888+00	0		
955	233271	2495	12820102	0	2015-03-17 20:19:44.669571+00	0		
737	185788	68988	12757815	0	2014-08-22 19:00:14.535513+00	0		
782	186600	7289	12747448	0	2014-08-20 23:37:16.399058+00	0		
778	186237	7289	12743790	0	2014-08-18 18:54:04.83136+00	0		
779	186239	7289	12746944	0	2014-08-18 18:56:49.546671+00	0		
738	185790	9406	12757807	0	2014-08-22 19:00:15.686189+00	0		
780	186297	54	12758809	0	2014-08-19 07:03:13.998935+00	0		
739	185793	1178	12757811	0	2014-08-22 19:00:16.179508+00	0		
781	186593	7289	12759309	0	2014-08-20 23:29:40.603718+00	0		
783	186605	7289	12759310	0	2014-08-20 23:52:09.700924+00	0		
740	185794	30897	12757811	0	2014-08-22 19:00:16.189463+00	0		
784	186607	7289	12747450	0	2014-08-21 00:02:03.204605+00	0		
785	186760	7289	12734139	0	2014-08-21 20:27:25.867456+00	0		
786	186763	7289	12759522	0	2014-08-21 20:36:28.932134+00	0		
787	186765	7289	12466318	0	2014-08-21 20:41:13.110558+00	0		
788	186769	7702	12529310	0	2014-08-21 21:22:46.734682+00	0		
728	185777	9406	12690019	0	2014-08-22 18:00:20.59051+00	0		
729	185778	29463	12690019	0	2014-08-22 18:00:20.642428+00	0		
730	185779	653	12509032	0	2014-08-22 18:00:20.979034+00	0		
731	185780	68988	12697431	0	2014-08-22 18:00:21.045612+00	0		
732	185781	4434	12757812	0	2014-08-22 18:00:23.248534+00	0		
733	185782	7954	12757812	0	2014-08-22 18:00:23.258288+00	0		
734	185783	8978	12757813	0	2014-08-22 18:00:23.51921+00	0		
735	185785	1793	12757814	0	2014-08-22 18:00:23.944469+00	0		
736	185786	4434	12757814	0	2014-08-22 18:00:23.954447+00	0		
741	185795	7703	12757811	0	2014-08-22 19:00:16.198681+00	0		
742	185796	1178	12690011	0	2014-08-22 19:00:16.23137+00	0		
743	185797	5354	6409598	0	2014-08-22 19:00:16.629337+00	0		
744	185957	1793	12690016	0	2014-08-24 10:00:38.198511+00	0		
745	185958	4434	12630391	0	2014-08-24 10:00:40.11451+00	0		
746	185959	4434	12487652	0	2014-08-24 11:01:20.213107+00	0		
747	185960	7955	12630393	0	2014-08-24 11:01:25.29643+00	0		
748	185963	11117	12690010	0	2014-08-24 11:02:25.085849+00	0		
749	185964	5242	12690010	0	2014-08-24 11:02:25.124952+00	0		
750	185973	68529	12690018	0	2014-08-24 14:00:28.824649+00	0		
751	185974	68988	12757796	0	2014-08-24 14:00:29.007643+00	0		
752	185975	1178	12757796	0	2014-08-24 14:00:29.016307+00	0		
753	185976	9285	12757796	0	2014-08-24 14:00:29.024797+00	0		
755	185978	7278	12747670	0	2014-08-24 14:00:31.192397+00	0		
756	185979	5153	12747670	0	2014-08-24 14:00:31.200246+00	0		
757	185980	68613	12747670	0	2014-08-24 14:00:31.216055+00	0		
758	185981	11955	12758182	0	2014-08-24 15:00:25.568249+00	0		
759	185982	7954	12758182	0	2014-08-24 15:00:25.582038+00	0		
760	185957	4434	12758182	0	2014-08-24 15:00:25.590161+00	0		
761	185984	7955	12758183	0	2014-08-24 15:00:26.160168+00	0		
762	185985	326	12758183	0	2014-08-24 15:00:26.174896+00	0		
763	185987	4434	12758185	0	2014-08-24 15:00:30.663232+00	0		
764	185988	7020	12758185	0	2014-08-24 15:00:30.672869+00	0		
765	185973	68529	12758185	0	2014-08-24 15:00:30.682013+00	0		
766	185989	4434	12758186	0	2014-08-24 15:00:33.042664+00	0		
767	185992	1178	12758187	0	2014-08-24 15:00:42.47969+00	0		
768	185993	7278	12758191	0	2014-08-24 15:00:42.888038+00	0		
769	185995	11117	12758192	0	2014-08-24 15:00:43.327973+00	0		
770	185996	3822	12758192	0	2014-08-24 15:00:43.338098+00	0		
771	185997	4434	12758193	0	2014-08-24 15:00:43.37186+00	0		
772	185999	68988	12758202	0	2014-08-24 15:00:44.502869+00	0		
773	186000	7955	12758202	0	2014-08-24 15:00:44.512974+00	0		
774	186001	7955	12758202	0	2014-08-24 15:00:44.522326+00	0		
775	186003	4434	12758217	0	2014-08-24 16:00:51.71505+00	0		
776	186004	4434	12758218	0	2014-08-24 17:00:57.865416+00	0		
777	186005	5099	12758218	0	2014-08-24 17:00:57.888888+00	0		
677	187438	23460	12748814	0	2014-08-27 10:45:23.274465+00	0		
571	187440	5143	12568205	0	2014-08-27 10:45:32.698272+00	0		
662	187441	8966	12747782	0	2014-08-27 10:45:39.939924+00	0		
832	198678	2450	7681531	0	2014-11-12 01:27:51.055094+00	0		
789	188868	4434	12587649	0	2014-09-07 23:52:18.580796+00	0		
816	192276	7289	12754960	0	2014-10-02 21:28:19.441872+00	0		
790	188873	4434	12587651	0	2014-09-07 23:59:52.183889+00	0		
791	188963	9526	12764041	0	2014-09-08 14:54:09.691464+00	0		
792	188979	9526	12764047	0	2014-09-08 15:03:56.4368+00	0		
817	192283	7289	12771752	0	2014-10-02 21:46:11.606164+00	0		
793	189308	5075	12504560	0	2014-09-10 20:52:06.285843+00	0		
808	118453	11552	12770858	0	2014-10-06 19:00:24.509354+00	0		
794	189309	5075	12727972	0	2014-09-10 20:56:01.040218+00	0		
795	189310	9403	12518045	0	2014-09-10 20:57:26.954804+00	0		
854	211343	11117	12440864	0	2015-01-13 20:27:55.011981+00	0		
796	189331	9526	12629224	0	2014-09-11 00:40:17.532926+00	0		
818	194303	653	1805726	0	2014-10-12 15:49:43.119757+00	0		
797	189332	5114	12629229	0	2014-09-11 00:41:50.836424+00	0		
845	205481	8966	12483840	0	2014-12-15 22:21:33.152723+00	0		
798	189471	326	12764946	0	2014-09-11 13:46:46.326169+00	0		
855	211964	2429	2246460	0	2015-01-16 18:05:59.58637+00	0		
799	189502	5114	12765033	0	2014-09-11 18:52:57.625732+00	0		
859	213659	4434	12799342	0	2015-01-24 15:25:03.755444+00	0		
800	189503	5114	12765040	0	2014-09-11 18:53:20.990184+00	0		
860	214442	2450	12580288	0	2015-01-28 05:01:09.54206+00	0		
801	189643	2429	6643458	0	2014-09-12 19:43:22.75905+00	0		
802	189702	7289	12765381	0	2014-09-13 14:19:38.812775+00	0		
833	198723	2429	10380040	0	2014-11-12 04:47:42.527423+00	0		
803	189706	7289	12765382	0	2014-09-13 14:25:00.82163+00	0		
819	196236	7022	12777152	0	2014-10-27 19:58:07.031775+00	0		
804	189708	7289	12746949	0	2014-09-13 14:37:09.168848+00	0		
805	189750	5114	12678721	0	2014-09-13 18:36:11.576674+00	0		
806	189751	7954	12678723	0	2014-09-13 18:43:54.17568+00	0		
807	191016	9625	12767727	0	2014-09-27 16:00:33.99462+00	0		
861	214851	4434	12801881	0	2015-01-30 11:56:46.15616+00	0		
834	199032	7739	12473321	0	2014-11-14 05:16:40.827306+00	0		
809	192134	7948	12436215	0	2014-10-01 19:41:00.218614+00	0		
810	192135	7948	9140533	0	2014-10-01 19:43:11.465691+00	0		
811	192136	1178	11000104	0	2014-10-01 19:46:31.932545+00	0		
822	197087	1178	12471015	0	2014-11-01 22:06:08.886277+00	0		
812	192136	653	6694791	0	2014-10-01 19:47:08.669125+00	0		
813	192137	331	9140556	0	2014-10-01 19:47:38.913005+00	0		
862	214977	7020	12717619	0	2015-01-31 02:07:42.397946+00	0		
814	192138	7711	6825294	0	2014-10-01 19:49:10.866614+00	0		
823	197244	7289	12440779	0	2014-11-02 21:44:50.766057+00	0		
815	192271	7289	12771751	0	2014-10-02 21:25:29.425183+00	0		
835	199075	7326	12776418	0	2014-11-14 16:21:00.896284+00	0		
824	197245	7289	460270	0	2014-11-02 21:46:16.004174+00	0		
865	215072	7020	12802508	0	2015-01-31 15:54:35.940385+00	0		
825	197311	3924	1698456	0	2014-11-03 03:57:03.907943+00	0		
826	197312	7709	12778562	0	2014-11-03 04:00:05.778112+00	0		
890	217068	3855	12732836	0	2015-02-15 00:03:45.947554+00	0		
827	197315	2429	12436666	0	2014-11-03 04:16:56.576782+00	0		
891	217071	1178	12691125	0	2015-02-15 00:39:59.396116+00	0		
829	197399	653	12441103	0	2014-11-03 20:51:53.691857+00	0		
830	197400	69510	11925021	0	2014-11-03 20:52:56.038703+00	0		
820	196664	15620	12777737	0	2014-11-06 07:00:27.467604+00	0		
821	196668	7022	12777764	0	2014-11-06 07:00:28.90658+00	0		
892	217171	1178	12808382	0	2015-02-15 12:57:07.114042+00	0		
831	198654	2450	12606760	0	2014-11-12 00:46:47.700466+00	0		
894	217191	1178	12808404	0	2015-02-15 13:54:50.226352+00	0		
876	216040	11117	12804761	0	2015-02-07 14:01:58.678574+00	0		
868	215167	9598	12802670	0	2015-02-07 23:01:25.757676+00	0		
877	216181	7704	12708630	0	2015-02-08 09:20:41.325742+00	0		
870	118444	448	12803113	0	2015-02-08 15:01:38.46045+00	0		
871	118444	444	12803113	0	2015-02-08 15:01:38.494335+00	0		
878	216206	7704	12573868	0	2015-02-08 15:51:49.983375+00	0		
879	216242	7710	12473961	0	2015-02-08 19:34:35.116245+00	0		
872	118444	439	12606971	0	2015-02-09 00:01:21.815171+00	0		
880	216364	2429	12600212	0	2015-02-09 15:29:17.931785+00	0		
881	216389	2429	12557308	0	2015-02-09 19:58:19.463716+00	0		
882	216573	7020	12806391	0	2015-02-11 07:23:13.437606+00	0		
883	216627	5099	12570410	0	2015-02-11 19:56:40.730059+00	0		
884	216719	2450	12806928	0	2015-02-12 14:32:05.573241+00	0		
886	216738	2450	12645848	0	2015-02-12 17:02:46.413781+00	0		
887	216870	4434	12485283	0	2015-02-14 07:32:33.743497+00	0		
904	218104	1178	12811420	0	2015-02-21 22:05:53.92118+00	0		
896	138946	23036	12548330	0	2015-02-15 18:49:20.029996+00	0		
897	217429	5210	12809184	0	2015-02-16 21:27:05.113213+00	0		
898	217522	4434	12809410	0	2015-02-17 15:31:52.002133+00	0		
899	217558	4434	12809677	0	2015-02-17 21:36:44.219792+00	0		
900	217592	3813	12809967	0	2015-02-18 12:19:39.055582+00	0		
901	217710	2450	12563651	0	2015-02-19 11:25:19.579961+00	0		
902	217744	2450	12810560	0	2015-02-20 00:09:57.958625+00	0		
888	216932	5056	12807855	0	2015-02-21 16:01:38.475958+00	0		
905	218132	4434	12811525	0	2015-02-22 02:17:19.055378+00	0		
906	218252	99805	12812082	0	2015-02-22 23:05:33.335842+00	0		
907	218519	2450	12435608	0	2015-02-24 12:00:36.72832+00	0		
908	218592	9399	12787467	0	2015-02-24 22:40:23.47783+00	0		
910	218700	326	12813143	0	2015-03-04 16:01:12.320352+00	0		
956	233272	2429	12820115	0	2015-03-17 20:26:57.743847+00	0		
957	233273	2429	12488528	0	2015-03-17 20:31:32.75065+00	0		
958	233262	2450	12643592	0	2015-03-17 20:33:11.485829+00	0		
959	233744	2450	12821046	0	2015-03-20 14:20:20.902118+00	0		
960	233873	5114	12821535	0	2015-03-21 20:18:57.848448+00	0		
939	151511	653	12439337	0	2015-03-22 14:51:56.71063+00	0		
961	234152	7954	12822178	0	2015-03-23 16:17:19.973523+00	0		
962	234154	67446	12822179	0	2015-03-23 16:22:26.959846+00	0		
963	231195	3946	12553097	0	2015-03-26 13:01:49.783516+00	0		
964	231195	3946	12553098	0	2015-03-26 13:01:49.783516+00	0		
965	231195	3946	12553099	0	2015-03-26 13:01:49.783516+00	0		
966	234516	5241	12823346	0	2015-03-26 14:40:30.200374+00	0		
967	238451	1805	12833146	0	2015-04-27 08:24:50.448358+00	0		
968	239311	69896	12835389	0	2015-05-12 04:00:28.531861+00	0		
971	242777	11543	12841106	0	2015-05-30 23:01:22.614178+00	0		
972	242778	10816	12841107	0	2015-05-31 00:00:27.019658+00	0		
975	242780	11554	12841110	0	2015-05-31 01:00:49.123198+00	0		
976	242781	11561	12841112	0	2015-05-31 01:01:44.151315+00	0		
977	242782	396	12841117	0	2015-05-31 01:01:53.166436+00	0		
903	217780	7950	12810647	0	2015-06-11 20:01:14.182406+00	0		
978	153975	1805	12848882	0	2015-06-23 01:01:26.533116+00	0		
979	246888	5060	12567302	0	2015-06-28 04:55:01.091472+00	0		
66	118444	234	12569525	0	2015-05-29 12:00:26.682673+00	0		
969	242775	5687	12841103	0	2015-05-30 23:00:47.331673+00	0		
970	242776	11543	12841104	0	2015-05-30 23:01:13.860422+00	0		
973	242779	11552	12841108	0	2015-05-31 00:01:41.021317+00	0		
974	118444	10818	12841109	0	2015-05-31 01:00:27.304613+00	0		
980	249584	8415	12581278	0	2015-07-23 20:01:04.662471+00	0		
1002	255409	7289	12604489	0	2015-08-16 17:14:49.560134+00	0		
981	142667	2429	1560180	0	2015-08-04 05:00:18.621114+00	0		
1003	256538	185	12430510	0	2015-08-21 12:52:03.777637+00	0		
982	252793	3855	12864960	0	2015-08-14 00:00:13.962323+00	0		
1026	264489	326	12818735	0	2015-10-16 18:47:35.818385+00	0		
1019	264123	43	12885100	0	2015-10-18 23:00:35.638019+00	0		
1020	263751	530	12885117	0	2015-10-19 02:00:58.117208+00	0		
1021	264129	530	12885117	0	2015-10-19 02:00:58.137792+00	0		
1022	264129	530	12885118	0	2015-10-19 03:00:14.287068+00	0		
1023	258928	7703	157670	0	2015-10-20 08:00:32.590001+00	0		
1024	264216	12915	157679	0	2015-10-20 08:00:42.805117+00	0		
1025	264217	1178	157680	0	2015-10-20 08:00:45.063133+00	0		
1027	265491	653	12438329	1	2015-10-21 00:15:44.517911+00	0		
1004	256538	41	12430509	0	2015-08-21 13:07:36.040295+00	0		
1005	257225	653	12525147	0	2015-08-25 16:32:22.662305+00	0		
1006	257227	358	12516718	0	2015-08-25 16:43:32.321509+00	0		
1007	257229	7712	12735680	0	2015-08-25 16:49:27.831742+00	0		
1008	257269	5249	2690439	0	2015-08-25 20:31:58.689704+00	0		
1009	257532	5241	12867594	0	2015-09-03 20:00:52.961881+00	0		
1010	258928	115501	12876605	0	2015-09-14 11:01:12.514015+00	0		
1013	259657	176	12878774	0	2015-09-21 16:02:56.896262+00	0		
1014	260747	69415	12879316	0	2015-09-24 12:00:54.711251+00	0		
1015	261746	326	8219796	0	2015-10-03 12:00:48.009581+00	0		
1017	262623	1805	12526770	0	2015-10-04 01:51:26.292459+00	0		
1016	262402	19031	12882588	0	2015-10-09 04:00:17.771459+00	0		
1018	263751	564	12851629	0	2015-10-09 09:01:59.500651+00	0		
