1	167393	2327	25	0	2014-05-14 23:25:53.495592+00	0		
2	167394	1115622	25	0	2014-05-14 23:28:52.535433+00	0		
30	167393	15747	226	0	2014-05-16 01:41:54.035361+00	0		
3	167393	11285	12	0	2014-05-14 23:31:07.950348+00	0		
4	167395	667193	12	0	2014-05-14 23:31:07.950348+00	0		
73	167538	229832	451	0	2014-05-22 13:16:54.535219+00	0		
5	167538	1092531	4	0	2014-05-15 11:28:52.441756+00	0		
31	167538	1115920	226	0	2014-05-16 01:41:54.035361+00	0		
6	167538	1115712	53	0	2014-05-15 11:31:55.191205+00	0		
7	167393	20157	4	0	2014-05-15 11:57:01.318897+00	0		
8	167393	20157	55	0	2014-05-15 12:31:45.677587+00	0		
32	167538	1115921	226	0	2014-05-16 01:41:54.035361+00	0		
9	167538	1115756	56	0	2014-05-15 15:50:52.960017+00	0		
10	167538	1115757	56	0	2014-05-15 15:50:52.960017+00	0		
64	167393	32513	442	0	2014-05-22 09:56:39.019711+00	0		
33	167538	1115922	226	0	2014-05-16 01:41:54.035361+00	0		
298	167393	10729	2594	0	2014-12-19 22:02:17.024315+00	0		
13	167538	1115759	57	0	2014-05-15 15:54:12.400422+00	0		
58	167393	43622	409	0	2014-05-21 10:21:33.37527+00	0		
14	167538	1115761	57	0	2014-05-15 15:54:12.400422+00	0		
34	167393	24465	227	0	2014-05-16 01:48:26.940552+00	0		
15	167538	1115762	57	0	2014-05-15 15:54:12.400422+00	0		
97	167393	918071	500	0	2014-05-23 20:58:16.393139+00	0		
82	167393	698404	483	0	2014-05-23 11:10:03.989858+00	0		
18	167393	9716	200	0	2014-05-15 19:04:46.138456+00	0		
57	167393	43621	408	0	2014-05-21 09:45:39.970307+00	0		
19	167393	9716	95	0	2014-05-15 19:09:35.899121+00	0		
35	167538	1076093	227	0	2014-05-16 01:48:26.940552+00	0		
20	167393	9716	48	0	2014-05-15 19:09:35.899121+00	0		
291	203149	1174985	2445	0	2014-11-29 17:40:52.040756+00	0		
21	167393	73502	53	0	2014-05-15 20:52:28.835229+00	0		
22	167538	937797	210	0	2014-05-15 21:04:25.20812+00	0		
23	167393	10729	210	0	2014-05-15 21:04:25.20812+00	0		
89	167393	681458	492	0	2014-05-23 20:24:28.767117+00	0		
24	167393	169078	100	0	2014-05-15 21:27:46.746277+00	0		
25	167538	1115857	100	0	2014-05-15 21:27:46.746277+00	0		
26	167393	169078	101	0	2014-05-15 21:28:34.92008+00	0		
38	167393	10341	242	0	2014-05-16 14:57:58.284463+00	0		
27	167538	1115858	101	0	2014-05-15 21:28:34.92008+00	0		
28	167538	1115919	225	0	2014-05-16 01:06:24.092606+00	0		
83	167393	55273	485	0	2014-05-23 11:32:34.250907+00	0		
29	167393	12438	225	0	2014-05-16 01:06:24.092606+00	0		
39	167393	10341	241	0	2014-05-16 14:57:59.83923+00	0		
59	167538	993330	430	0	2014-05-22 01:59:03.445849+00	0		
42	167393	373420	319	0	2014-05-17 17:54:56.639571+00	0		
74	171683	411882	451	0	2014-05-22 13:16:54.535219+00	0		
43	167538	541087	319	0	2014-05-17 17:56:50.063758+00	0		
60	167393	11444	430	0	2014-05-22 01:59:03.445849+00	0		
44	167393	36249	337	0	2014-05-17 23:48:28.291404+00	0		
45	167538	1116561	337	0	2014-05-17 23:48:28.291404+00	0		
46	167538	1116591	200	0	2014-05-18 01:27:45.195751+00	0		
299	167393	136082	2609	0	2014-12-21 15:14:58.483436+00	0		
61	167393	441200	438	0	2014-05-22 09:51:21.342729+00	0		
48	167393	23385	361	0	2014-05-18 23:02:54.614392+00	0		
49	167538	1092532	361	0	2014-05-18 23:02:54.614392+00	0		
62	167393	441198	439	0	2014-05-22 09:52:54.901377+00	0		
50	167538	1092533	361	0	2014-05-18 23:02:54.614392+00	0		
51	167393	31839	380	0	2014-05-20 01:36:40.968862+00	0		
75	171683	1118215	451	0	2014-05-22 13:16:54.535219+00	0		
52	167538	1117335	380	0	2014-05-20 01:36:40.968862+00	0		
63	167393	441194	440	0	2014-05-22 09:54:21.396461+00	0		
53	167393	53465	96	0	2014-05-20 01:37:17.368752+00	0		
54	167538	1117336	96	0	2014-05-20 01:37:17.368752+00	0		
16	167645	807076	198	0	2014-05-15 17:57:33.11864+00	0		
55	167393	831890	405	0	2014-05-21 06:41:15.577417+00	0		
84	167393	31454	486	0	2014-05-23 11:36:12.478007+00	0		
56	167393	24517	406	0	2014-05-21 07:30:50.478379+00	0		
17	167393	326933	198	0	2014-05-15 17:57:33.11864+00	0		
65	167393	121095	443	0	2014-05-22 09:59:28.828511+00	0		
66	167393	244250	444	0	2014-05-22 10:04:38.222726+00	0		
67	167393	70429	445	0	2014-05-22 10:10:37.943825+00	0		
76	167393	41542	461	0	2014-05-22 19:09:24.410845+00	0		
68	167393	680662	446	0	2014-05-22 10:12:39.042578+00	0		
69	167393	245138	448	0	2014-05-22 12:21:38.349074+00	0		
70	167393	33772	449	0	2014-05-22 12:37:03.069429+00	0		
77	167393	155643	464	0	2014-05-22 20:32:03.655705+00	0		
71	167393	399468	450	0	2014-05-22 13:06:41.220614+00	0		
72	167393	45037	451	0	2014-05-22 13:16:54.535219+00	0		
94	167393	704668	497	0	2014-05-23 20:48:42.195381+00	0		
78	167393	48306	466	0	2014-05-22 21:16:37.763952+00	0		
85	167393	148377	488	0	2014-05-23 19:40:58.395972+00	0		
79	167393	297401	472	0	2014-05-22 22:42:32.269372+00	0		
80	167393	34491	473	0	2014-05-22 22:59:56.630091+00	0		
300	167393	578421	2610	0	2014-12-21 22:20:23.854213+00	0		
90	167393	700049	493	0	2014-05-23 20:30:43.230278+00	0		
81	167393	51537	482	0	2014-05-23 11:08:26.407803+00	0		
86	167393	79896	489	0	2014-05-23 20:14:02.370399+00	0		
87	167393	244203	490	0	2014-05-23 20:18:39.831522+00	0		
91	167393	700053	494	0	2014-05-23 20:31:19.702579+00	0		
88	167393	211504	491	0	2014-05-23 20:23:05.917076+00	0		
92	167393	999727	495	0	2014-05-23 20:35:27.493682+00	0		
95	167393	496209	498	0	2014-05-23 20:51:38.343457+00	0		
93	167393	700069	496	0	2014-05-23 20:35:57.503625+00	0		
99	167393	167788	502	0	2014-05-23 21:03:55.045671+00	0		
96	167393	496210	499	0	2014-05-23 20:55:36.582549+00	0		
98	167393	704670	501	0	2014-05-23 20:59:11.049393+00	0		
101	167393	324374	504	0	2014-05-23 21:09:27.416783+00	0		
100	167393	721985	503	0	2014-05-23 21:07:08.144551+00	0		
102	167393	281125	505	0	2014-05-23 21:12:55.771317+00	0		
103	167393	522545	506	0	2014-05-23 21:14:40.437167+00	0		
104	167393	519288	507	0	2014-05-23 21:15:11.518674+00	0		
105	167393	128014	508	0	2014-05-23 21:29:39.090152+00	0		
106	167393	362290	509	0	2014-05-23 21:30:43.656977+00	0		
107	167393	680703	510	0	2014-05-23 21:37:15.888754+00	0		
108	167393	523562	511	0	2014-05-23 22:04:46.686055+00	0		
109	167393	1079573	512	0	2014-05-23 22:05:27.92687+00	0		
110	167393	525955	513	0	2014-05-23 22:06:18.315911+00	0		
111	167393	840158	514	0	2014-05-23 22:07:02.773055+00	0		
301	167393	10093	2317	0	2014-12-29 22:35:23.85309+00	0		
112	167393	362288	515	0	2014-05-23 22:09:16.37986+00	0		
113	167393	362289	516	0	2014-05-23 22:10:09.93287+00	0		
114	167393	1079591	517	0	2014-05-23 22:10:46.429432+00	0		
115	167393	802716	518	0	2014-05-23 22:11:59.614939+00	0		
150	167393	227563	565	0	2014-05-26 00:53:46.913496+00	0		
116	167393	802714	519	0	2014-05-23 22:12:31.367949+00	0		
117	167393	737316	520	0	2014-05-23 22:15:33.926615+00	0		
118	167393	680989	521	0	2014-05-23 22:16:30.362554+00	0		
151	167393	93082	567	0	2014-05-26 08:43:35.999415+00	0		
215	167393	11285	1007	0	2014-06-16 22:10:38.544709+00	0		
120	167393	171257	523	0	2014-05-23 22:33:05.029898+00	0		
121	167393	745590	524	0	2014-05-23 22:35:51.825835+00	0		
152	167393	57494	569	0	2014-05-26 09:17:04.489436+00	0		
122	167393	745587	525	0	2014-05-23 22:36:22.42769+00	0		
123	167393	265477	526	0	2014-05-23 22:36:52.051052+00	0		
124	167393	596954	527	0	2014-05-23 22:41:18.914026+00	0		
153	167393	21361	571	0	2014-05-26 12:30:17.763886+00	0		
125	167393	386934	528	0	2014-05-23 22:42:10.66079+00	0		
126	167393	743449	529	0	2014-05-23 22:43:14.517867+00	0		
185	167393	20877	784	0	2014-06-05 22:56:08.314093+00	0		
127	167393	454030	530	0	2014-05-23 22:45:27.207449+00	0		
154	167538	1111918	571	0	2014-05-26 12:30:17.763886+00	0		
128	167393	86497	531	0	2014-05-23 22:47:21.815708+00	0		
129	167393	389577	532	0	2014-05-23 22:48:38.232097+00	0		
163	167393	1074556	582	0	2014-05-27 10:43:49.342112+00	0		
130	167393	386853	533	0	2014-05-23 22:51:28.079701+00	0		
155	167393	1119413	572	0	2014-05-26 13:36:47.079529+00	0		
131	167393	10289	534	0	2014-05-23 22:57:34.782065+00	0		
132	167393	37544	541	0	2014-05-24 07:55:23.790382+00	0		
164	167393	1074558	582	0	2014-05-27 10:43:49.342112+00	0		
133	167393	37544	542	0	2014-05-24 08:21:23.548172+00	0		
156	167393	1021	573	0	2014-05-26 20:04:51.180099+00	0		
134	167538	1118815	542	0	2014-05-24 08:21:23.548172+00	0		
135	167393	52349	543	0	2014-05-24 09:08:46.619142+00	0		
136	167538	1118824	544	0	2014-05-24 09:25:00.52094+00	0		
157	167538	1119514	573	0	2014-05-26 20:04:51.180099+00	0		
137	167393	147664	544	0	2014-05-24 09:25:00.52094+00	0		
138	167393	20622	545	0	2014-05-24 14:36:07.645784+00	0		
166	167393	10211	550	0	2014-05-28 07:40:17.913047+00	0		
139	167393	52652	546	0	2014-05-24 14:41:05.881436+00	0		
158	167538	1119515	573	0	2014-05-26 20:04:51.180099+00	0		
165	167393	83	562	0	2014-05-28 07:39:45.887206+00	0		
141	167393	467104	551	0	2014-05-24 21:39:43.672993+00	0		
142	167393	575109	552	0	2014-05-24 21:44:28.238941+00	0		
159	167393	45435	576	0	2014-05-26 21:05:13.32221+00	0		
143	167393	371890	553	0	2014-05-24 21:55:38.626006+00	0		
144	167393	730407	554	0	2014-05-24 22:35:21.507724+00	0		
145	167393	68717	557	0	2014-05-25 09:12:03.193242+00	0		
160	167538	1119553	576	0	2014-05-26 21:05:13.32221+00	0		
146	167393	115890	560	0	2014-05-25 16:46:44.234677+00	0		
147	167393	397188	561	0	2014-05-25 18:03:52.971497+00	0		
148	167393	1119283	563	0	2014-05-25 23:40:15.3191+00	0		
149	167393	348385	564	0	2014-05-26 00:30:28.08677+00	0		
161	167538	1119554	576	0	2014-05-26 21:05:13.32221+00	0		
162	167538	1119555	576	0	2014-05-26 21:05:13.32221+00	0		
191	167393	124575	798	0	2014-06-08 11:53:54.273019+00	0		
198	167393	32796	805	0	2014-06-09 09:48:16.551184+00	0		
192	167393	166552	799	0	2014-06-08 11:59:58.598455+00	0		
167	167393	207071	604	0	2014-05-29 01:51:56.45439+00	0		
169	173824	1120088	241	0	2014-05-29 06:43:43.8087+00	0		
207	167393	427665	930	0	2014-06-14 20:24:58.945676+00	0		
170	173825	1120088	242	0	2014-05-29 06:43:43.8087+00	0		
289	167393	249369	2400	0	2014-11-24 18:18:40.395898+00	0		
204	167393	443575	924	0	2014-06-14 19:09:10.845511+00	0		
172	167393	249401	654	0	2014-05-30 08:24:46.412547+00	0		
173	167393	16210	718	0	2014-06-01 10:07:12.934618+00	0		
168	167393	1004890	605	0	2014-05-29 02:33:34.411206+00	0		
183	167538	1115857	780	0	2014-06-05 05:42:22.708298+00	0		
193	167538	1122671	799	0	2014-06-08 11:59:58.598455+00	0		
184	167393	37472	780	0	2014-06-05 05:42:22.708298+00	0		
205	167393	233057	925	0	2014-06-14 19:10:18.471502+00	0		
174	167393	63782	719	0	2014-06-01 10:39:23.764686+00	0		
175	167393	63782	723	0	2014-06-01 16:11:00.801647+00	0		
189	167393	124575	797	0	2014-06-08 11:40:46.586476+00	0		
206	167393	530002	926	0	2014-06-14 19:11:35.838569+00	0		
190	167538	941868	798	0	2014-06-08 11:53:54.273019+00	0		
199	167538	1122906	805	0	2014-06-09 09:48:16.551184+00	0		
194	167393	39235	802	0	2014-06-08 22:27:18.86098+00	0		
195	167538	1122798	802	0	2014-06-08 22:27:18.86098+00	0		
202	167393	20157	842	0	2014-06-13 09:24:11.074052+00	0		
186	167393	20877	787	0	2014-06-06 16:32:49.085764+00	0		
196	167538	1122799	802	0	2014-06-08 22:27:18.86098+00	0		
176	167393	1121039	728	0	2014-06-02 06:18:42.477582+00	0		
187	167538	1092532	787	0	2014-06-06 16:32:49.085764+00	0		
197	167393	33725	804	0	2014-06-09 09:22:17.324688+00	0		
200	167393	33725	806	0	2014-06-09 11:50:24.856231+00	0		
177	167393	11285	777	0	2014-06-04 21:04:35.271952+00	0		
178	167393	11285	778	0	2014-06-04 22:06:56.820188+00	0		
179	167395	667193	778	0	2014-06-04 22:06:56.820188+00	0		
180	174948	694191	778	0	2014-06-04 22:06:56.820188+00	0		
181	174948	694193	778	0	2014-06-04 22:06:56.820188+00	0		
188	167538	1122230	787	0	2014-06-06 16:32:49.085764+00	0		
208	167393	195901	942	0	2014-06-14 21:48:26.506459+00	0		
210	167393	23385	946	0	2014-06-15 00:39:52.80801+00	0		
209	167393	391556	945	0	2014-06-15 00:32:36.268464+00	0		
211	167393	83472	965	0	2014-06-15 10:03:00.096093+00	0		
212	167393	470719	966	0	2014-06-15 10:04:06.514396+00	0		
213	167393	292441	994	0	2014-06-16 11:37:13.376228+00	0		
214	167393	631480	995	0	2014-06-16 11:42:50.653974+00	0		
217	167393	11285	1008	0	2014-06-16 22:14:07.661735+00	0		
218	177090	694190	1008	0	2014-06-16 22:14:07.661735+00	0		
216	177088	694189	1007	0	2014-06-16 22:10:38.544709+00	0		
182	174948	694192	778	0	2014-06-04 22:06:56.820188+00	0		
203	167393	225685	923	0	2014-06-14 18:59:32.364282+00	0		
219	167393	348383	1010	0	2014-06-16 22:59:07.512413+00	0		
220	167393	158225	1012	0	2014-06-17 13:55:24.685106+00	0		
221	167538	1124941	1012	0	2014-06-17 13:55:24.685106+00	0		
222	167393	30247	1017	0	2014-06-17 18:23:08.339314+00	0		
201	167393	1123141	816	0	2014-06-12 14:24:12.196128+00	0		
223	167393	46261	1028	0	2014-06-17 22:21:33.528711+00	0		
293	167393	38916	2531	0	2014-12-12 13:39:13.251276+00	0		
140	167393	48307	548	0	2014-05-24 15:29:25.973849+00	0		
224	167538	513996	1028	0	2014-06-17 22:21:33.528711+00	0		
260	167393	377949	1973	0	2014-08-06 14:01:39.656422+00	0		
225	167393	44563	1052	0	2014-06-18 22:49:15.917264+00	0		
226	167538	1125235	1052	0	2014-06-18 22:49:15.917264+00	0		
282	167538	1160482	2235	0	2014-10-10 10:47:11.797868+00	0		
261	167538	1139113	1973	0	2014-08-06 14:01:39.656422+00	0		
227	167393	185526	1055	0	2014-06-19 01:09:57.02507+00	0		
229	167393	525479	1203	0	2014-06-21 21:41:11.302987+00	0		
262	167393	352244	1977	0	2014-08-07 19:05:49.618202+00	0		
230	167393	117430	1264	0	2014-06-23 23:02:33.864127+00	0		
328	167393	249394	2834	0	2015-01-26 08:26:31.049786+00	0		
294	167393	124235	2535	0	2014-12-13 00:54:31.880791+00	0		
232	167393	12439	1286	0	2014-06-24 20:37:05.815014+00	0		
263	167393	55217	1995	0	2014-08-11 13:28:44.172713+00	0		
233	167393	32512	1293	0	2014-06-25 14:23:12.63517+00	0		
234	167538	1127117	1293	0	2014-06-25 14:23:12.63517+00	0		
283	167538	694069	2236	0	2014-10-10 15:53:26.645987+00	0		
235	167538	1127118	1295	0	2014-06-25 14:33:21.171707+00	0		
264	167538	1140544	1995	0	2014-08-11 13:28:44.172713+00	0		
236	167393	32512	1295	0	2014-06-25 14:33:21.171707+00	0		
237	167393	32512	1315	0	2014-06-25 19:38:25.167531+00	0		
238	167393	925512	1338	0	2014-06-25 20:59:17.081698+00	0		
265	167538	1141985	2013	0	2014-08-16 03:35:31.68917+00	0		
239	167538	935054	1338	0	2014-06-25 20:59:17.081698+00	0		
240	167393	348380	1349	0	2014-06-28 09:24:16.300605+00	0		
292	167393	1029308	2533	0	2014-12-12 12:17:04.078879+00	0		
339	167393	125777	2872	0	2015-02-07 13:37:11.71188+00	0		
266	167393	51141	2072	0	2014-08-31 06:06:04.892428+00	0		
284	167393	41969	2236	0	2014-10-10 15:53:26.645987+00	0		
242	167393	36817	1355	0	2014-06-29 10:26:59.956927+00	0		
243	167538	1128079	1355	0	2014-06-29 10:26:59.956927+00	0		
244	167393	36817	1356	0	2014-06-29 10:46:50.222636+00	0		
245	167538	1128085	1356	0	2014-06-29 10:46:50.222636+00	0		
246	181213	488959	1650	0	2014-07-12 02:05:10.417771+00	0		
268	167393	32798	2124	0	2014-09-14 19:54:34.570429+00	0		
247	167393	11444	1664	0	2014-07-12 18:39:03.39552+00	0		
318	167538	1188040	2717	0	2015-01-10 15:19:41.181745+00	0		
269	167538	1151612	2124	0	2014-09-14 19:54:34.570429+00	0		
267	167393	1090393	2109	0	2014-09-11 05:28:14.168147+00	0		
248	167538	1131845	1666	0	2014-07-13 07:38:48.434833+00	0		
249	167393	34491	1666	0	2014-07-13 07:38:48.434833+00	0		
255	167393	460370	1898	0	2014-07-21 05:26:24.69847+00	0		
286	167393	265287	2265	0	2014-10-24 21:15:27.855775+00	0		
256	167538	1134159	1898	0	2014-07-21 05:26:24.69847+00	0		
250	167538	1132167	1717	0	2014-07-14 10:40:53.705573+00	0		
251	167393	81512	1717	0	2014-07-14 10:40:53.705573+00	0		
252	167393	1132514	1741	0	2014-07-15 19:48:49.770312+00	0		
253	167393	869131	1743	0	2014-07-15 19:56:24.782145+00	0		
254	167393	1132512	1744	0	2014-07-15 20:04:19.907808+00	0		
257	167393	175306	1967	0	2014-08-03 16:59:53.904525+00	0		
258	167393	51895	1972	0	2014-08-05 20:38:16.060289+00	0		
271	167393	12181	2197	0	2014-10-01 19:38:38.151131+00	0		
259	167538	967224	1972	0	2014-08-05 20:38:16.060289+00	0		
319	167538	1188041	2717	0	2015-01-10 15:19:41.181745+00	0		
287	167538	1164352	2265	0	2014-10-24 21:15:27.855775+00	0		
272	167538	1158263	2198	0	2014-10-02 10:51:43.814687+00	0		
273	167393	471912	2198	0	2014-10-02 10:51:43.814687+00	0		
274	167538	816840	2206	0	2014-10-03 09:16:16.503793+00	0		
288	167393	87168	2274	0	2014-10-28 09:57:45.483236+00	0		
275	167538	44461	2206	0	2014-10-03 09:16:16.503793+00	0		
285	167393	1021	2138	0	2014-10-23 11:28:01.769567+00	0		
276	167393	102996	2206	0	2014-10-03 09:16:16.503793+00	0		
295	167393	138879	2541	0	2014-12-13 12:23:13.581981+00	0		
296	167393	12356	2547	0	2014-12-13 22:07:38.926186+00	0		
278	167538	1159342	2220	0	2014-10-06 12:50:41.177278+00	0		
279	167393	50814	2228	0	2014-10-07 09:56:05.353525+00	0		
320	167538	1188062	2718	0	2015-01-10 17:01:37.352294+00	0		
280	167538	1159611	2228	0	2014-10-07 09:56:05.353525+00	0		
270	167393	1158072	2192	0	2014-10-01 12:37:13.601081+00	0		
297	167393	142472	2556	0	2014-12-15 12:16:50.691655+00	0		
281	167393	87893	2235	0	2014-10-10 10:47:11.797868+00	0		
303	167538	747151	2567	0	2014-12-31 13:15:14.482726+00	0		
321	167393	37774	2718	0	2015-01-10 17:01:37.352294+00	0		
322	167393	43805	2719	0	2015-01-10 17:15:51.775244+00	0		
323	167538	1188073	2719	0	2015-01-10 17:15:51.775244+00	0		
308	167393	38633	2674	0	2015-01-04 19:30:13.440986+00	0		
302	167393	105203	2644	0	2014-12-30 13:02:37.478073+00	0		
324	167393	69887	2722	0	2015-01-11 10:33:56.400209+00	0		
327	167393	21361	2799	0	2015-01-17 12:23:02.656026+00	0		
304	167393	126665	2651	0	2015-01-01 14:31:28.379236+00	0		
331	167393	30461	2839	0	2015-01-27 08:18:31.352943+00	0		
337	167393	270838	2865	0	2015-02-05 14:46:55.730884+00	0		
329	167393	45914	2837	0	2015-01-27 00:11:58.141349+00	0		
316	167538	1187598	2197	0	2015-01-09 11:31:34.531353+00	0		
305	167393	454128	2659	0	2015-01-02 15:25:07.181417+00	0		
306	167393	44429	2660	0	2015-01-02 15:53:17.231159+00	0		
307	167393	226503	2664	0	2015-01-03 13:28:46.880226+00	0		
317	167393	53507	2717	0	2015-01-10 15:19:41.181745+00	0		
325	167393	46947	2732	0	2015-01-12 15:04:23.236195+00	0		
326	167538	1189025	2732	0	2015-01-12 15:04:23.236195+00	0		
309	167393	30462	2693	0	2015-01-06 20:16:46.505951+00	0		
310	167393	265482	2694	0	2015-01-06 23:05:29.69456+00	0		
311	167393	1186870	2698	0	2015-01-07 09:04:04.416192+00	0		
312	167393	1186872	2699	0	2015-01-07 09:05:04.088675+00	0		
313	167393	1186871	2700	0	2015-01-07 09:05:54.963711+00	0		
314	167393	136995	2708	0	2015-01-08 16:05:39.306414+00	0		
332	167538	1196121	2844	0	2015-01-28 20:11:59.657115+00	0		
315	167538	513996	2708	0	2015-01-08 16:05:39.306414+00	0		
330	167538	1195390	2837	0	2015-01-27 00:11:58.141349+00	0		
333	167393	45429	2844	0	2015-01-28 20:11:59.657115+00	0		
335	167538	1196640	2849	0	2015-01-30 08:35:40.115366+00	0		
241	167393	32736	1350	0	2014-06-28 09:47:15.124665+00	0		
340	167538	1199412	2872	0	2015-02-07 13:37:11.71188+00	0		
346	167393	72933	2917	0	2015-02-20 19:17:48.996428+00	0		
338	167538	1198785	2865	0	2015-02-05 14:46:55.730884+00	0		
334	167393	1196263	2847	0	2015-01-29 17:31:18.650195+00	0		
336	167393	403333	2849	0	2015-01-30 08:35:40.115366+00	0		
343	167393	264285	2905	0	2015-02-17 13:36:11.339307+00	0		
342	167393	516108	2888	0	2015-02-12 13:08:39.62819+00	0		
341	167393	2122	2876	0	2015-02-08 07:50:20.031291+00	0		
344	167393	632080	2906	0	2015-02-17 18:41:47.71042+00	0		
345	167393	200816	2911	0	2015-02-18 22:53:37.307413+00	0		
231	167393	73502	1268	0	2014-06-24 09:56:25.696704+00	0		
347	167393	1204969	2926	0	2015-02-22 00:41:36.025053+00	0		
348	167393	876866	2927	0	2015-02-22 01:48:52.088563+00	0		
349	167393	234838	2929	0	2015-02-22 23:35:47.285464+00	0		
350	167393	136973	2932	0	2015-02-23 15:47:50.903416+00	0		
351	167393	48389	2936	0	2015-02-24 14:30:56.860892+00	0		
352	167393	102274	2946	0	2015-02-26 21:38:48.974367+00	0		
353	167538	1207418	2946	0	2015-02-26 21:38:48.974367+00	0		
355	167393	197311	2952	0	2015-02-28 14:04:19.804098+00	0		
356	167393	1208097	2953	0	2015-02-28 15:24:07.064+00	0		
357	167393	124536	2959	0	2015-03-03 15:15:32.561415+00	0		
358	167538	994812	2959	0	2015-03-03 15:15:32.561415+00	0		
359	167538	398571	2962	0	2015-03-05 20:09:28.593671+00	0		
360	167393	398571	2962	0	2015-03-05 20:09:28.593671+00	0		
361	167393	23269	2963	0	2015-03-06 00:56:46.241466+00	0		
354	167393	177661	2948	0	2015-02-27 20:36:56.05967+00	0		
364	167393	133070	2969	0	2015-03-07 23:41:48.790082+00	0		
365	167393	53485	2977	0	2015-03-09 09:01:24.580886+00	0		
366	167393	228534	2991	0	2015-03-11 13:07:33.595443+00	0		
362	167393	124535	2965	0	2015-03-07 08:44:56.887552+00	0		
363	167393	147664	2966	0	2015-03-07 08:56:59.823415+00	0		
369	167393	227618	3006	0	2015-03-17 10:02:33.17271+00	0		
370	167393	58463	3009	0	2015-03-18 09:48:23.367471+00	0		
371	167538	58463	3009	0	2015-03-18 09:48:23.367471+00	0		
367	167393	11457	3003	0	2015-03-15 14:59:31.560071+00	0		
368	167393	9193	3004	0	2015-03-15 16:40:01.835281+00	0		
373	167393	47881	3030	0	2015-03-23 14:52:23.626146+00	0		
374	167393	1087563	3062	0	2015-04-01 17:24:45.704031+00	0		
375	167393	24465	3066	0	2015-04-02 04:19:16.760667+00	0		
377	167393	256228	3152	0	2015-04-30 20:12:28.858491+00	0		
378	167538	1228108	3152	0	2015-04-30 20:12:28.858491+00	0		
379	167538	1228724	3167	0	2015-05-02 11:18:41.861815+00	0		
380	167393	611287	3167	0	2015-05-02 11:18:41.861815+00	0		
376	167538	675820	3029	0	2015-04-30 14:14:59.441745+00	0		
381	167393	2239	3175	0	2015-05-03 06:29:05.753759+00	0		
384	240641	37927	2756	0	2015-05-11 18:47:45.506167+00	0		
386	240641	1343	2756	0	2015-05-11 18:47:45.506167+00	0		
387	240641	983	2756	0	2015-05-11 18:47:45.506167+00	0		
388	240641	1477	2756	0	2015-05-11 18:47:45.506167+00	0		
389	240641	813	2757	0	2015-05-11 18:48:56.077929+00	0		
385	240641	813	2756	0	2015-05-11 18:47:45.506167+00	0		
390	240641	813	2761	0	2015-05-11 18:50:04.8985+00	0		
391	240641	813	2734	0	2015-05-11 18:51:03.271879+00	0		
392	240641	813	2750	0	2015-05-11 18:51:19.275474+00	0		
393	240641	813	2759	0	2015-05-11 18:54:00.732483+00	0		
394	240641	813	2739	0	2015-05-11 18:54:17.145183+00	0		
395	240641	813	2748	0	2015-05-11 18:54:27.387044+00	0		
396	240641	813	2753	0	2015-05-11 18:54:46.846264+00	0		
397	240641	813	2749	0	2015-05-11 18:55:31.849756+00	0		
398	240641	813	2754	0	2015-05-11 18:56:35.836793+00	0		
399	240641	813	2762	0	2015-05-11 18:57:14.655805+00	0		
400	240641	813	2752	0	2015-05-11 18:57:49.58009+00	0		
401	240641	813	2758	0	2015-05-11 18:58:08.142104+00	0		
402	240641	813	2760	0	2015-05-11 18:58:31.649485+00	0		
403	240641	813	2731	0	2015-05-11 18:58:45.022944+00	0		
404	240641	813	2747	0	2015-05-11 18:59:29.510608+00	0		
405	240641	813	2755	0	2015-05-11 19:01:12.898691+00	0		
406	240641	813	2763	0	2015-05-11 19:01:14.133091+00	0		
407	240641	813	2746	0	2015-05-11 19:01:42.016555+00	0		
383	240240	1231106	3200	0	2015-05-09 08:22:22.476118+00	0		
451	167393	117443	3368	0	2015-06-23 18:33:04.033369+00	0		
408	167393	32473	3217	0	2015-05-15 05:15:06.214184+00	0		
409	240641	813	2751	0	2015-05-19 06:08:57.086568+00	0		
410	167393	2259	3285	0	2015-06-02 23:43:39.580609+00	0		
411	167393	2259	3284	0	2015-06-02 23:44:31.257535+00	0		
412	167393	2259	3240	0	2015-06-02 23:46:15.084199+00	0		
11	167393	122653	56	0	2014-05-15 15:50:52.960017+00	0		
12	167393	122653	57	0	2014-05-15 15:54:12.400422+00	0		
119	167393	122653	522	0	2014-05-23 22:18:16.713225+00	0		
425	167393	407	3327	0	2015-06-17 15:40:25.286523+00	0		
452	240641	151644	3371	0	2015-06-24 18:26:51.556376+00	0		
475	167393	1222174	3523	0	2015-08-10 11:14:37.00908+00	0		
476	167538	1264532	3523	0	2015-08-10 11:14:37.00908+00	0		
469	167393	11697	3461	0	2015-07-17 20:12:36.680906+00	0		
424	167393	2259	3298	0	2015-06-10 23:57:36.122812+00	0		
413	240641	1240195	2757	0	2015-06-08 13:59:18.153093+00	0		
414	240641	1240195	2761	0	2015-06-09 04:56:35.275834+00	0		
415	240641	1240195	2734	0	2015-06-09 04:56:40.237381+00	0		
416	240641	1240195	2739	0	2015-06-09 04:56:58.594758+00	0		
417	240641	1240195	2748	0	2015-06-09 04:57:06.895026+00	0		
418	240641	1240195	2753	0	2015-06-09 04:57:19.441292+00	0		
419	240641	1240195	2752	0	2015-06-09 04:58:34.04726+00	0		
420	240641	1240195	2758	0	2015-06-09 04:58:47.50684+00	0		
421	240641	1240195	2731	0	2015-06-09 04:58:55.008919+00	0		
422	240641	1240195	2747	0	2015-06-09 04:59:02.830655+00	0		
423	240641	1240195	2746	0	2015-06-09 04:59:11.232201+00	0		
464	167393	10721	3426	0	2015-07-04 10:07:49.608787+00	0		
426	167393	138921	3333	0	2015-06-21 08:37:54.908116+00	0		
427	240641	59940	3340	0	2015-06-21 19:12:40.880751+00	0		
428	240641	563322	3341	0	2015-06-21 19:14:40.602229+00	0		
449	240641	411717	3364	0	2015-06-22 15:25:15.536808+00	0		
450	240641	173763	3367	0	2015-06-23 10:33:35.853859+00	0		
470	167393	118064	3489	0	2015-07-24 15:28:55.880245+00	0		
471	167393	596735	2511	0	2015-07-26 21:20:05.486657+00	0		
472	167393	10342	3500	0	2015-07-30 06:50:54.217778+00	0		
454	240641	531923	3407	0	2015-07-01 08:06:12.338175+00	0		
455	240641	531923	3410	0	2015-07-01 08:20:33.327922+00	0		
456	240641	531923	3411	0	2015-07-01 08:21:56.576661+00	0		
457	240641	531923	3413	0	2015-07-01 08:59:52.831568+00	0		
458	240641	531923	3414	0	2015-07-01 09:15:53.971136+00	0		
459	240641	531923	3415	0	2015-07-01 09:43:34.25142+00	0		
460	240641	15666	3415	0	2015-07-01 09:43:34.25142+00	0		
461	240641	120147	3416	0	2015-07-01 10:37:55.626447+00	0		
462	240641	543742	3417	0	2015-07-01 11:41:20.242923+00	0		
463	167393	10042	3419	0	2015-07-01 22:56:36.170821+00	0		
465	167393	10042	3429	0	2015-07-05 14:33:13.097973+00	0		
466	167393	375647	3434	0	2015-07-07 17:33:36.008613+00	0		
467	167393	23269	3440	0	2015-07-10 06:18:14.014443+00	0		
468	248524	1253247	3440	0	2015-07-10 06:18:14.014443+00	0		
429	240641	89	3345	0	2015-06-22 12:50:56.233068+00	0		
430	240641	89	2336	0	2015-06-22 12:57:45.784655+00	0		
477	167393	1372	3527	0	2015-08-14 07:44:38.29768+00	0		
431	240641	89	3346	0	2015-06-22 13:00:54.553842+00	0		
432	240641	89	3347	0	2015-06-22 13:01:52.812129+00	0		
433	240641	89	3348	0	2015-06-22 13:02:43.232583+00	0		
434	240641	89	3349	0	2015-06-22 13:04:13.118635+00	0		
435	240641	89	3350	0	2015-06-22 13:04:51.667564+00	0		
436	240641	89	3351	0	2015-06-22 13:05:38.795495+00	0		
437	240641	89	3352	0	2015-06-22 13:06:24.844317+00	0		
438	240641	89	3353	0	2015-06-22 13:07:09.167328+00	0		
479	167393	2259	3534	0	2015-08-15 17:33:39.279712+00	0		
481	167393	3257	3543	0	2015-08-17 22:49:19.584514+00	0		
478	167393	1372	3528	0	2015-08-14 07:54:04.078623+00	0		
480	167393	168900	3542	0	2015-08-17 21:52:24.199292+00	0		
488	240641	233821	3606	0	2015-09-10 05:14:40.48413+00	0		
486	167393	2259	2825	0	2015-08-29 11:36:40.479715+00	0		
277	167393	45916	2220	0	2014-10-06 12:50:41.177278+00	0		
484	167393	190	3577	0	2015-08-28 17:33:36.064982+00	0		
485	240641	190	3577	0	2015-08-28 17:33:36.064982+00	0		
487	240641	59202	3606	0	2015-09-10 05:14:40.48413+00	0		
495	167393	528418	3704	0	2015-09-27 05:37:19.584729+00	0		
492	240641	1444	3673	0	2015-09-20 23:36:44.97388+00	0		
493	167393	956	3697	0	2015-09-25 11:04:30.457551+00	0		
489	167538	992490	2586	0	2015-09-14 23:54:54.568309+00	0		
494	167393	190	3698	0	2015-09-25 15:14:05.353399+00	0		
490	167393	942626	3669	0	2015-09-19 20:39:59.518164+00	0		
483	167393	528418	3557	0	2015-08-23 12:01:42.174544+00	0		
491	240641	12356	3672	0	2015-09-20 21:30:07.265045+00	0		
482	167393	528418	3556	0	2015-08-23 11:52:05.192054+00	0		
496	167393	528418	3705	0	2015-09-27 06:00:48.299647+00	0		
497	240641	117901	3716	0	2015-09-30 17:19:52.767339+00	0		
498	240641	117901	3717	0	2015-09-30 17:30:57.586727+00	0		
499	240641	117901	3718	0	2015-09-30 17:34:42.976522+00	0		
500	240641	117901	3719	0	2015-09-30 17:52:01.142696+00	0		
501	240641	71	3723	0	2015-10-05 00:34:44.802371+00	0		
505	167393	138	3737	0	2015-10-07 19:02:52.884866+00	0		
506	240641	71	3739	0	2015-10-07 23:18:48.846291+00	0		
509	240641	71	3743	0	2015-10-08 10:37:58.066202+00	0		
507	240641	71	3741	0	2015-10-08 10:32:36.424722+00	0		
502	240641	71	3725	0	2015-10-05 10:46:21.77354+00	0		
510	240641	190	3746	0	2015-10-09 17:42:48.298985+00	0		
511	240641	141003	3759	0	2015-10-12 10:52:13.130389+00	0		
512	167393	9704	3770	0	2015-10-15 11:36:43.794165+00	0		
513	240641	71	3773	0	2015-10-16 11:01:01.786578+00	0		
504	240641	71	3736	0	2015-10-07 18:10:41.610197+00	0		
