1	137966	23037	1347691	0	2013-11-17 11:00:13.574562+00	0		
2	137967	4434	1347691	0	2013-11-17 11:00:13.857694+00	0		
3	139141	5264	1353911	0	2013-11-23 17:00:26.92439+00	0		
4	139141	5264	1353919	0	2013-11-23 18:00:28.567262+00	0		
12	139141	331	1067096	0	2014-01-22 11:00:12.581191+00	0		
13	149311	5161	1377558	0	2014-01-25 22:00:20.492746+00	0		
5	139141	69601	1355440	0	2013-11-27 19:00:18.25214+00	0		
6	139141	265	1355790	0	2013-11-28 20:00:24.803115+00	0		
14	139141	4320	165639	0	2014-01-26 00:00:50.103992+00	0		
8	139141	38	1359699	0	2013-12-02 03:07:59.76729+00	0		
9	139141	38	1359720	0	2013-12-02 05:19:44.685794+00	0		
10	139141	14250	631496	0	2013-12-21 02:00:23.169239+00	0		
11	139141	176	1343521	0	2013-12-26 21:00:13.823022+00	0		
16	151555	88110	1162125	0	2014-02-02 13:56:15.861153+00	0		
17	139141	24586	1021666	0	2014-02-15 15:15:27.098165+00	0		
18	139141	21832	1021666	0	2014-02-15 15:15:27.098165+00	0		
19	139141	7713	1021666	0	2014-02-15 15:15:27.098165+00	0		
20	139141	7713	1389897	0	2014-02-17 06:44:21.040065+00	0		
21	154474	69477	1388339	0	2014-02-28 16:00:27.655259+00	0		
22	156178	9598	1396324	0	2014-03-02 17:33:18.71604+00	0		
23	157175	241	1399427	0	2014-03-17 00:00:29.075023+00	0		
75	205131	14	140289	0	2014-12-20 07:00:17.770982+00	0		
44	183399	7710	1411547	0	2014-08-10 10:00:43.52727+00	0		
30	170201	20985	1094275	0	2014-05-19 16:20:49.650111+00	0		
31	170201	22734	1094275	0	2014-05-19 16:20:49.650111+00	0		
45	139141	99	1449721	0	2014-08-15 23:00:41.204677+00	0		
32	170201	16352	1094275	0	2014-05-19 16:20:49.650111+00	0		
46	139141	221	1449721	0	2014-08-15 23:00:41.241873+00	0		
47	185478	52270	5433	0	2014-08-21 12:00:18.164072+00	0		
88	208335	222	1548142	0	2015-01-09 19:44:43.462549+00	0		
66	199499	12751	1526652	0	2014-11-25 00:00:52.572106+00	0		
34	139141	397	1431380	0	2014-05-29 17:00:15.14343+00	0		
67	139141	3534	1527019	0	2014-11-26 08:00:36.520628+00	0		
68	139141	107	1528020	0	2014-11-28 19:01:43.416748+00	0		
35	174261	7710	487163	0	2014-06-07 20:00:29.053099+00	0		
28	175451	23706	1410185	0	2014-06-08 06:00:15.46659+00	0		
27	175452	5099	1410185	0	2014-06-08 06:00:15.766386+00	0		
24	175453	7703	1410185	0	2014-06-08 06:00:15.791792+00	0		
26	175454	3926	1410185	0	2014-06-08 06:00:15.812956+00	0		
25	175455	7741	1410185	0	2014-06-08 06:00:15.839728+00	0		
89	208335	222	309811	0	2015-01-09 20:15:11.234392+00	0		
49	139141	7707	1470927	0	2014-10-02 01:00:23.774053+00	0		
37	139141	7738	312403	0	2014-06-21 19:41:42.095879+00	0		
50	139141	4434	1470927	0	2014-10-02 01:00:23.789009+00	0		
38	139141	322	312403	0	2014-06-21 19:41:42.095879+00	0		
51	139141	4434	1501123	0	2014-10-02 01:00:24.450355+00	0		
52	139141	7707	1501123	0	2014-10-02 01:00:24.459834+00	0		
76	205318	30897	1537234	0	2014-12-21 14:01:09.121654+00	0		
39	179989	23187	1446409	0	2014-07-10 02:00:28.130746+00	0		
40	139141	80849	1447190	0	2014-07-12 00:00:28.454651+00	0		
41	181041	664	1449230	0	2014-07-17 22:00:39.105437+00	0		
58	139141	313	1343319	0	2014-10-08 00:57:07.031118+00	0		
54	139141	39073	1502307	0	2014-10-08 01:00:15.512848+00	0		
42	139141	7020	1451121	0	2014-07-30 03:00:36.72705+00	0		
43	139141	1178	1451121	0	2014-07-30 03:00:36.765644+00	0		
55	139141	12312	1502307	0	2014-10-08 01:00:15.520622+00	0		
56	139141	81384	1502307	0	2014-10-08 01:00:15.527847+00	0		
57	139141	68689	1502307	0	2014-10-08 01:00:15.534717+00	0		
53	139141	5213	1326471	0	2014-12-02 13:01:00.771581+00	0		
59	194711	7714	1513655	0	2014-10-22 14:01:00.355445+00	0		
60	194711	69174	1513655	0	2014-10-22 14:01:00.37328+00	0		
90	208335	222	1548290	0	2015-01-10 00:42:32.70147+00	0		
61	139141	432	290122	0	2014-10-30 12:00:52.079952+00	0		
62	139141	3185	667900	0	2014-10-31 03:00:15.252746+00	0		
63	196503	326	1519190	0	2014-11-04 22:00:11.501501+00	0		
64	139141	7020	1519434	0	2014-11-05 15:00:14.844008+00	0		
65	197157	10700	1375037	0	2014-11-09 08:00:15.428986+00	0		
69	174261	5099	475293	0	2014-12-09 05:00:21.599576+00	0		
70	174261	7022	475293	0	2014-12-09 05:00:21.615352+00	0		
71	174261	23738	475293	0	2014-12-09 05:00:21.62456+00	0		
93	208335	81	1527129	0	2015-01-20 12:01:44.172952+00	0		
73	139141	780	713649	0	2014-12-11 03:01:04.582718+00	0		
92	139141	82	1549757	0	2015-01-12 22:08:59.663717+00	0		
72	203603	72161	1532530	0	2014-12-13 13:02:06.596894+00	0		
85	208335	241	1546629	0	2015-01-12 23:02:55.845555+00	0		
74	204514	30897	1534415	0	2014-12-15 13:01:01.233422+00	0		
86	209711	4563	1546781	0	2015-01-13 10:01:51.287667+00	0		
77	139141	1793	1540036	0	2014-12-28 06:01:33.387835+00	0		
78	206656	29630	1540080	0	2014-12-28 09:01:02.107913+00	0		
94	208335	81	1456476	0	2015-01-20 12:01:49.909975+00	0		
79	208335	241	1540555	0	2015-01-01 10:07:18.269359+00	0		
95	208335	81	1455246	0	2015-01-20 12:01:54.891457+00	0		
80	207475	4434	1541880	0	2015-01-01 22:00:18.216155+00	0		
81	207476	72409	1541880	0	2015-01-01 22:00:18.24596+00	0		
82	207477	72409	1541880	0	2015-01-01 22:00:18.255588+00	0		
101	208335	81	1423294	0	2015-01-20 13:00:48.068324+00	0		
83	208336	331	45070	0	2015-01-08 11:00:43.897258+00	0		
84	139141	331	45072	0	2015-01-08 11:00:49.903379+00	0		
96	208335	81	1469402	0	2015-01-20 12:01:57.7995+00	0		
97	208335	81	1525265	0	2015-01-20 13:00:11.261887+00	0		
98	208335	107	1526288	0	2015-01-20 13:00:20.712331+00	0		
99	208335	241	1161693	0	2015-01-20 13:00:39.472499+00	0		
102	208335	241	1504640	0	2015-01-20 13:00:49.506513+00	0		
114	139141	7289	1045432	0	2015-01-20 18:00:19.592556+00	0		
115	211341	7982	1550231	0	2015-01-20 21:00:49.934666+00	0		
103	208335	81	256893	0	2015-01-13 14:12:44.763911+00	0		
104	208335	81	541405	0	2015-01-13 14:15:00.389013+00	0		
105	208335	432	1849	0	2015-01-13 14:19:53.647614+00	0		
106	208335	432	268405	0	2015-01-13 14:22:50.490532+00	0		
107	208335	432	95258	0	2015-01-13 16:42:08.350287+00	0		
108	208335	432	95277	0	2015-01-13 16:44:03.176492+00	0		
109	208335	432	95294	0	2015-01-13 16:45:50.151291+00	0		
110	208335	432	1550008	0	2015-01-13 16:47:12.570322+00	0		
111	208335	432	95321	0	2015-01-13 16:47:27.546583+00	0		
112	208335	81	1352122	0	2015-01-13 16:51:37.316279+00	0		
113	208335	81	447403	0	2015-01-13 16:58:22.079597+00	0		
116	208335	241	1242790	0	2015-01-20 23:00:52.219766+00	0		
117	208335	81	1550385	0	2015-01-21 07:00:14.501136+00	0		
118	211469	1178	1550412	0	2015-01-21 09:01:01.559733+00	0		
87	208335	241	1079687	0	2015-01-14 05:09:55.543089+00	0		
119	139141	7289	1045510	0	2015-01-21 12:00:26.515647+00	0		
91	210959	1178	1046062	0	2015-01-18 16:01:19.22865+00	0		
121	139141	23260	143877	0	2015-01-14 19:45:04.140871+00	0		
122	139141	7729	143877	0	2015-01-14 19:45:04.140871+00	0		
123	139141	5527	143877	0	2015-01-14 19:45:04.140871+00	0		
125	139141	7326	143877	0	2015-01-14 19:45:04.140871+00	0		
126	139141	9399	143877	0	2015-01-14 19:45:04.140871+00	0		
127	139141	7731	143877	0	2015-01-14 19:45:04.140871+00	0		
128	139141	5194	143877	0	2015-01-14 19:45:04.140871+00	0		
124	139141	5196	143877	0	2015-01-14 19:46:49.592642+00	0		
176	208335	38	1563457	0	2015-02-15 04:24:00.544796+00	0		
130	139141	23260	1550383	0	2015-01-15 02:45:56.340621+00	0		
131	139141	7729	1550383	0	2015-01-15 02:45:56.340621+00	0		
132	139141	5527	1550383	0	2015-01-15 02:45:56.340621+00	0		
133	139141	7326	1550383	0	2015-01-15 02:45:56.340621+00	0		
134	139141	9399	1550383	0	2015-01-15 02:45:56.340621+00	0		
135	139141	7731	1550383	0	2015-01-15 02:45:56.340621+00	0		
136	139141	5194	1550383	0	2015-01-15 02:45:56.340621+00	0		
137	139141	5196	1550383	0	2015-01-15 02:45:56.340621+00	0		
168	208335	241	1181102	0	2015-02-15 18:00:42.096423+00	0		
169	208335	241	1181104	0	2015-02-15 18:01:20.195614+00	0		
170	208335	241	720759	0	2015-02-15 18:01:33.927962+00	0		
206	208335	222	1585528	0	2015-04-05 00:01:52.509705+00	0		
179	208335	38	1570814	0	2015-02-27 07:18:10.604093+00	0		
100	208335	241	1467423	0	2015-01-20 13:00:39.499573+00	0		
180	208335	221	953632	0	2015-02-28 17:23:45.205263+00	0		
120	139141	1178	1045011	0	2015-01-21 13:00:18.879404+00	0		
129	211560	1178	37436	0	2015-01-21 22:01:20.294125+00	0		
138	139141	1178	1046599	0	2015-01-22 17:00:42.301704+00	0		
139	208335	241	1550280	0	2015-01-24 12:00:18.378137+00	0		
140	208335	81	1551934	0	2015-01-25 00:01:20.479568+00	0		
141	208335	73	588915	0	2015-01-25 01:02:25.029732+00	0		
147	208335	150	1160064	0	2015-01-25 15:11:32.04571+00	0		
148	208335	81	590775	0	2015-01-25 15:40:47.16902+00	0		
142	207476	30897	1552908	0	2015-01-26 12:03:06.418172+00	0		
143	207477	30897	1552908	0	2015-01-26 12:03:06.432276+00	0		
149	208335	38	795439	0	2015-01-26 16:31:15.748854+00	0		
144	214371	7954	250070	0	2015-01-27 10:00:58.473292+00	0		
213	208335	81	838427	0	2015-04-06 22:03:36.91939+00	0		
151	208335	241	1557514	0	2015-01-28 17:28:06.285211+00	0		
177	208335	241	1569956	0	2015-03-04 01:00:33.560668+00	0		
153	208335	38	1557973	0	2015-01-29 19:08:04.417024+00	0		
156	208335	38	1218501	0	2015-01-31 04:05:48.410734+00	0		
146	208335	14	247682	0	2015-02-01 12:00:20.774962+00	0		
178	139141	243	84131	0	2015-03-04 05:00:06.135456+00	0		
184	208335	222	1574410	0	2015-03-06 02:16:14.669569+00	0		
185	208335	73	702625	0	2015-03-06 05:42:15.702279+00	0		
214	208335	81	1365526	0	2015-04-07 13:00:17.104476+00	0		
150	205318	105	1557073	0	2015-02-03 20:01:41.300317+00	0		
162	208335	38	1560535	0	2015-02-04 03:13:26.352576+00	0		
163	208335	14	1560777	0	2015-02-04 16:21:22.643257+00	0		
152	214741	331	1530608	0	2015-02-05 19:00:16.329006+00	0		
187	208335	241	1571000	0	2015-03-08 06:24:03.703699+00	0		
154	214893	68990	960183	0	2015-02-06 15:04:16.028379+00	0		
155	214899	5224	1558403	0	2015-02-06 19:00:45.829182+00	0		
167	208335	221	1327944	0	2015-02-07 06:29:35.010484+00	0		
157	215276	7945	1263077	0	2015-02-08 17:00:58.569577+00	0		
158	215276	7945	185856	0	2015-02-08 17:01:08.218673+00	0		
215	208335	81	849907	0	2015-04-07 13:00:37.645709+00	0		
220	208335	7739	1591793	0	2015-04-09 19:59:01.367207+00	0		
159	215330	7022	607117	0	2015-02-08 21:01:07.736527+00	0		
160	215331	22410	607117	0	2015-02-08 21:01:07.833828+00	0		
171	208335	170	1563126	0	2015-02-09 08:27:40.597137+00	0		
161	139141	7710	1361850	0	2015-02-10 14:00:18.663917+00	0		
172	208335	38	850619	0	2015-02-11 01:27:28.393022+00	0		
173	208335	38	962822	0	2015-02-11 01:41:36.041185+00	0		
174	208335	38	361889	0	2015-02-12 01:41:15.996197+00	0		
164	139141	2664	1561537	0	2015-02-13 04:00:21.192751+00	0		
165	139141	1178	1561537	0	2015-02-13 04:00:21.205281+00	0		
166	139141	5126	1561537	0	2015-02-13 04:00:21.21319+00	0		
175	208335	81	985966	0	2015-02-14 04:45:26.173283+00	0		
181	208335	107	30914	0	2015-03-08 21:04:06.591913+00	0		
189	208335	14	1522385	0	2015-03-08 22:06:17.309506+00	0		
216	208335	241	409663	0	2015-04-09 22:03:42.204283+00	0		
183	156178	114473	1223486	0	2015-03-11 02:00:35.120385+00	0		
186	208335	222	1548731	0	2015-03-13 23:04:08.15547+00	0		
188	208335	241	672253	0	2015-03-15 21:03:57.145424+00	0		
190	205318	5147	1573491	0	2015-03-16 00:08:13.369177+00	0		
191	205131	5147	1573491	0	2015-03-16 00:08:13.388441+00	0		
192	208335	73	1237854	0	2015-03-16 18:35:36.891216+00	0		
193	208335	81	786770	0	2015-03-17 05:30:04.032393+00	0		
195	208335	81	517927	0	2015-03-29 06:01:35.184354+00	0		
194	208335	81	1579859	0	2015-03-24 11:01:43.678326+00	0		
196	208335	81	1395702	0	2015-03-26 09:27:21.876739+00	0		
197	208335	222	910454	0	2015-03-27 04:49:26.710428+00	0		
198	208335	222	1271047	0	2015-03-27 08:49:39.461679+00	0		
199	208335	221	304750	0	2015-03-27 08:54:50.121245+00	0		
208	208335	222	1586151	0	2015-03-30 00:54:14.285351+00	0		
207	208335	81	1585481	0	2015-04-05 01:01:45.30072+00	0		
209	208335	222	1312312	0	2015-03-30 02:15:36.210399+00	0		
210	139141	3855	1393310	0	2015-03-30 06:58:15.758674+00	0		
211	139141	9622	1393310	0	2015-03-30 06:58:15.758674+00	0		
217	208335	241	76972	0	2015-04-09 22:05:49.639911+00	0		
227	208335	241	384659	0	2015-04-18 19:01:00.547202+00	0		
222	236789	222	541579	0	2015-04-10 14:18:32.218154+00	0		
218	208335	73	1588294	0	2015-04-10 15:01:27.769256+00	0		
223	208335	81	1592181	0	2015-04-10 15:12:17.99887+00	0		
224	208335	81	1592188	0	2015-04-10 15:30:29.02399+00	0		
225	208335	81	1592193	0	2015-04-10 15:49:55.863639+00	0		
201	208335	222	1582398	0	2015-04-05 00:00:41.477221+00	0		
202	208335	56	1585471	0	2015-04-05 00:00:48.470279+00	0		
203	137967	7328	1585528	0	2015-04-05 00:01:52.476587+00	0		
204	137967	7703	1585528	0	2015-04-05 00:01:52.490679+00	0		
205	137967	83117	1585528	0	2015-04-05 00:01:52.500285+00	0		
237	236789	73	1451175	0	2015-04-14 17:47:43.250942+00	0		
212	208335	81	641480	0	2015-04-06 22:00:54.625982+00	0		
226	208335	14	370487	0	2015-04-11 15:55:56.465554+00	0		
229	208335	14	370493	0	2015-04-11 18:38:25.158955+00	0		
230	208335	14	370496	0	2015-04-11 19:09:04.929832+00	0		
231	208335	14	1501091	0	2015-04-11 19:28:42.269585+00	0		
232	236789	14	1501091	0	2015-04-11 19:28:42.269585+00	0		
233	208335	14	1109950	0	2015-04-11 20:11:39.057251+00	0		
234	236789	14	1109950	0	2015-04-11 20:11:39.057251+00	0		
235	208335	150	1593180	0	2015-04-12 15:49:16.176899+00	0		
236	208335	14	370502	0	2015-04-12 20:31:57.079822+00	0		
219	208335	241	1589694	0	2015-04-13 02:01:42.37777+00	0		
238	208335	73	1451175	0	2015-04-14 17:47:43.250942+00	0		
239	236789	150	1419357	0	2015-04-16 06:37:31.396525+00	0		
240	236789	222	218441	0	2015-04-16 14:25:55.476408+00	0		
241	208335	222	218441	0	2015-04-16 14:29:19.840607+00	0		
221	208335	153	1260821	0	2015-04-17 11:00:27.357983+00	0		
245	208335	38	1597696	0	2015-04-23 22:56:48.367509+00	0		
242	208335	241	1595637	0	2015-04-25 14:00:40.430871+00	0		
244	208335	241	1596162	0	2015-04-27 21:01:31.608343+00	0		
248	208335	81	803200	0	2015-05-03 09:44:31.834307+00	0		
249	236789	81	803200	0	2015-05-03 09:45:58.489559+00	0		
250	208335	38	1601327	0	2015-05-04 00:31:53.87391+00	0		
246	208335	81	1296833	0	2015-05-04 11:00:42.403727+00	0		
243	208335	81	881259	0	2015-10-04 11:00:58.51635+00	0		
252	236789	38	1602714	0	2015-05-07 02:20:50.8165+00	0		
253	239695	9526	611586	0	2015-05-07 14:12:10.809518+00	0		
256	139141	6120	92227	0	2015-05-08 12:54:43.605957+00	0		
258	208335	322	940563	0	2015-05-08 19:28:54.537168+00	0		
247	208335	241	1472336	0	2015-05-09 00:00:16.207675+00	0		
261	208335	150	1603746	0	2015-05-09 12:40:00.623814+00	0		
262	208335	38	1604838	0	2015-05-12 01:40:37.009882+00	0		
251	139141	7311	1601952	0	2015-05-12 11:02:24.142155+00	0		
254	208335	81	1602956	0	2015-05-14 19:03:36.995946+00	0		
255	236789	81	276910	0	2015-05-14 22:01:15.075467+00	0		
267	208335	222	1606060	0	2015-05-15 07:18:52.432535+00	0		
257	208335	241	1603420	0	2015-05-15 19:01:56.095503+00	0		
259	181041	10861	1119333	0	2015-05-16 07:01:22.595901+00	0		
260	181041	7713	1119333	0	2015-05-16 07:01:22.617519+00	0		
270	236789	38	189627	0	2015-05-18 11:06:55.590708+00	0		
341	208335	38	798237	0	2015-07-31 22:33:04.796182+00	0		
263	139141	56	1605226	0	2015-05-20 07:00:25.476158+00	0		
264	139141	81	1605226	0	2015-05-20 07:00:25.490618+00	0		
265	139141	99547	1605226	0	2015-05-20 07:00:25.499999+00	0		
273	236789	222	561850	0	2015-05-20 15:33:39.010527+00	0		
274	236789	241	601020	0	2015-05-20 17:23:54.227309+00	0		
275	236789	222	1608716	0	2015-05-20 17:24:58.396479+00	0		
266	208335	241	908192	0	2015-05-20 19:00:33.156212+00	0		
268	208335	241	1403265	0	2015-05-22 08:01:08.581371+00	0		
318	207477	7707	1590856	0	2015-07-20 15:01:10.837165+00	0		
277	236789	222	192244	0	2015-05-23 15:29:30.982205+00	0		
278	208335	13	1609820	0	2015-05-24 07:56:41.612148+00	0		
269	207477	202	1607561	0	2015-05-25 02:00:44.718554+00	0		
271	241956	68702	1607997	0	2015-05-26 08:00:51.270804+00	0		
272	205318	68702	1607997	0	2015-05-26 08:00:51.285059+00	0		
327	236789	222	1636488	0	2015-07-22 14:37:03.656324+00	0		
322	236789	96	1633728	0	2015-07-23 14:01:52.297412+00	0		
281	208335	241	796833	0	2015-05-27 22:56:21.207815+00	0		
282	236789	222	40305	0	2015-05-29 16:41:06.620893+00	0		
276	139141	5148	1609582	0	2015-05-29 18:03:35.464277+00	0		
283	236789	222	40304	0	2015-05-29 19:05:12.144405+00	0		
284	236789	222	1572313	0	2015-05-29 19:10:40.720915+00	0		
285	236789	222	924005	0	2015-05-29 19:40:32.5866+00	0		
286	208335	81	1612438	0	2015-05-30 12:24:40.741264+00	0		
279	243007	241	1610945	0	2015-06-02 11:00:37.185754+00	0		
287	236789	222	302634	0	2015-06-02 23:32:55.21524+00	0		
280	243086	20983	1611404	0	2015-06-03 05:00:32.13893+00	0		
288	245146	5107	1617360	0	2015-06-10 16:37:13.767227+00	0		
289	245146	5076	1617360	0	2015-06-10 16:37:13.767227+00	0		
290	245146	53540	1617360	0	2015-06-10 16:37:13.767227+00	0		
291	245146	29936	1617360	0	2015-06-10 16:37:13.767227+00	0		
292	245146	29961	1617360	0	2015-06-10 16:37:13.767227+00	0		
293	245146	30141	1617360	0	2015-06-10 16:37:13.767227+00	0		
294	245146	29421	1617360	0	2015-06-10 16:37:13.767227+00	0		
295	236789	222	1415415	0	2015-06-12 02:28:16.459936+00	0		
297	208335	170	1329348	0	2015-06-13 19:57:11.081278+00	0		
342	208335	38	885526	0	2015-07-31 23:59:25.471809+00	0		
300	139141	10861	1619847	0	2015-06-15 18:19:20.356083+00	0		
301	236789	222	1619984	0	2015-06-16 06:22:57.169726+00	0		
302	208335	81	1409335	0	2015-06-16 14:04:36.795258+00	0		
303	236789	222	940934	0	2015-06-17 16:01:18.397976+00	0		
304	208335	81	1547041	0	2015-06-18 09:59:52.213805+00	0		
296	207477	5099	1036944	0	2015-06-19 21:01:44.867081+00	0		
298	208335	13	1619417	0	2015-06-21 13:03:15.47545+00	0		
299	208335	241	765398	0	2015-06-21 14:00:53.348206+00	0		
305	208335	81	1623464	0	2015-06-23 07:45:48.65343+00	0		
306	208335	38	1003670	0	2015-06-25 17:51:04.236518+00	0		
309	208335	107	1628647	0	2015-07-04 13:06:44.411759+00	0		
310	208335	13	1550503	0	2015-07-05 07:41:29.375065+00	0		
311	208335	13	887467	0	2015-07-05 07:52:28.223895+00	0		
362	208335	241	1644791	0	2015-08-12 05:22:40.961634+00	0		
314	208335	7711	121071	0	2015-07-08 06:09:09.546411+00	0		
315	236789	81	121071	0	2015-07-08 06:09:09.546411+00	0		
307	208335	73	14634	0	2015-07-09 05:03:04.173677+00	0		
308	208335	81	334613	0	2015-07-09 18:01:03.110102+00	0		
316	236789	150	371174	0	2015-07-10 18:18:55.032491+00	0		
317	208335	107	371174	0	2015-07-10 18:18:55.032491+00	0		
329	208335	81	189330	0	2015-08-01 16:04:00.622667+00	0		
319	208335	241	78150	0	2015-07-14 10:10:37.485835+00	0		
312	205131	5099	1629388	0	2015-07-15 06:00:14.961785+00	0		
313	139141	5099	1629388	0	2015-07-15 06:00:14.974499+00	0		
320	236789	241	457360	0	2015-07-15 19:02:22.788221+00	0		
321	236789	38	1633648	0	2015-07-16 04:01:26.690085+00	0		
323	208335	73	1464166	0	2015-07-18 04:12:33.302043+00	0		
324	208335	14	1634168	0	2015-07-18 09:25:55.38826+00	0		
332	208335	241	699925	0	2015-08-04 18:00:45.83594+00	0		
325	236789	96	1635240	0	2015-07-26 19:02:20.039825+00	0		
326	208335	96	1635240	0	2015-07-26 19:02:20.050124+00	0		
351	208335	241	1642951	0	2015-08-13 17:02:48.188955+00	0		
333	208335	38	1639794	0	2015-07-29 16:18:06.290212+00	0		
335	208335	241	1639955	0	2015-07-30 03:37:23.290361+00	0		
336	236789	222	1639578	0	2015-07-30 08:56:44.234066+00	0		
337	208335	222	1639578	0	2015-07-30 08:56:44.234066+00	0		
353	208335	222	1382137	0	2015-08-14 08:00:17.845839+00	0		
340	208335	107	1640535	0	2015-08-07 21:00:27.362641+00	0		
328	208335	241	1637465	0	2015-07-31 19:02:32.660192+00	0		
343	208335	241	1640877	0	2015-08-08 17:02:37.058333+00	0		
345	236789	222	1635686	0	2015-08-09 14:01:30.656644+00	0		
346	208335	241	1638958	0	2015-08-09 22:02:26.485064+00	0		
330	139141	292	1638384	0	2015-08-02 15:00:25.361909+00	0		
331	207476	292	1638384	0	2015-08-02 15:00:25.375357+00	0		
349	208335	241	1642942	0	2015-08-13 17:01:15.78581+00	0		
334	208335	241	376176	0	2015-08-05 22:01:44.194072+00	0		
350	236789	222	1642947	0	2015-08-13 17:01:54.283541+00	0		
338	251833	56	1640195	0	2015-08-07 03:00:56.305028+00	0		
354	208335	241	1634189	0	2015-08-14 16:01:46.072409+00	0		
355	208335	241	1643269	0	2015-08-14 18:01:21.027477+00	0		
356	208335	107	691804	0	2015-08-14 19:01:31.244273+00	0		
357	208335	107	1408123	0	2015-08-14 19:02:01.948446+00	0		
358	208335	241	1577511	0	2015-08-15 21:01:40.139525+00	0		
339	208335	241	1139087	0	2015-08-07 19:03:16.455318+00	0		
360	208335	222	19619	0	2015-08-17 01:00:50.375468+00	0		
361	236789	222	19619	0	2015-08-17 01:00:50.38992+00	0		
344	236789	222	1509800	0	2015-08-09 14:00:45.611134+00	0		
363	208335	38	935808	0	2015-08-21 01:01:38.866901+00	0		
364	208335	38	1336780	0	2015-08-21 01:02:14.030938+00	0		
347	139141	4611	622656	0	2015-08-11 03:00:59.176026+00	0		
348	139141	4589	622656	0	2015-08-11 03:00:59.189875+00	0		
352	208335	222	1643077	0	2015-08-14 07:01:19.573156+00	0		
359	208335	222	1643677	0	2015-08-15 21:01:40.217961+00	0		
393	208335	105	1652884	0	2015-09-08 09:00:21.022517+00	0		
394	258298	5114	1630437	0	2015-09-08 22:00:31.632212+00	0		
434	236789	222	58647	0	2015-09-18 06:01:07.687518+00	0		
435	208335	222	58647	0	2015-09-18 06:01:07.702301+00	0		
371	207477	5126	1437133	0	2015-08-16 20:43:15.791366+00	0		
395	258343	9622	992682	0	2015-09-09 06:01:21.839302+00	0		
373	208335	241	1204465	0	2015-08-18 04:45:11.646537+00	0		
365	236789	38	1336780	0	2015-08-21 01:02:14.037024+00	0		
366	208335	38	1000393	0	2015-08-21 01:02:27.65297+00	0		
367	236789	38	1000393	0	2015-08-21 01:02:27.676582+00	0		
368	236789	38	935808	0	2015-08-21 01:02:38.304222+00	0		
375	236789	150	529052	0	2015-08-22 05:40:51.431653+00	0		
376	208335	107	442716	0	2015-08-22 11:34:29.18149+00	0		
377	208335	38	268260	0	2015-08-23 10:36:10.351607+00	0		
369	255368	326	1646854	0	2015-08-23 14:00:39.410164+00	0		
370	236789	81	14634	0	2015-08-23 20:01:04.39633+00	0		
372	205318	81	1359237	0	2015-08-24 10:01:43.300479+00	0		
378	208335	56	536796	0	2015-08-24 11:32:20.665746+00	0		
379	208335	222	727169	0	2015-08-25 10:15:06.091071+00	0		
380	236789	222	727169	0	2015-08-25 10:15:06.091071+00	0		
381	208335	241	709959	0	2015-08-25 13:32:29.055936+00	0		
382	208335	241	1650365	0	2015-08-26 08:39:07.164427+00	0		
383	208335	107	347908	0	2015-08-26 14:11:10.658685+00	0		
384	208335	432	1603343	0	2015-08-27 09:45:59.40462+00	0		
436	208335	222	1657209	0	2015-09-18 07:00:12.96749+00	0		
374	208335	107	800766	0	2015-08-27 19:01:00.752781+00	0		
387	208335	241	1651379	0	2015-08-28 17:21:41.179982+00	0		
437	236789	222	1657209	0	2015-09-18 07:00:12.975542+00	0		
389	208335	241	1468295	0	2015-08-29 07:32:46.0289+00	0		
390	208335	221	1651703	0	2015-08-29 12:07:01.061548+00	0		
391	208335	81	1252514	0	2015-08-29 15:10:16.135631+00	0		
228	208335	241	5766	0	2015-08-31 05:00:36.783535+00	0		
444	208335	222	1658020	0	2015-09-20 06:00:35.234548+00	0		
396	208335	241	1653018	0	2015-09-03 05:16:11.910941+00	0		
397	208335	241	1534804	0	2015-09-03 06:32:21.086732+00	0		
385	236789	38	440820	0	2015-09-03 18:01:25.650719+00	0		
386	208335	38	440820	0	2015-09-03 18:01:25.667402+00	0		
441	208335	241	1655603	0	2015-09-12 07:43:37.085889+00	0		
442	236789	222	248844	0	2015-09-12 09:16:07.616964+00	0		
411	208335	96	1363039	0	2015-09-12 19:00:52.638067+00	0		
401	208335	241	1590113	0	2015-09-04 01:05:35.454216+00	0		
412	236789	96	1363039	0	2015-09-12 19:00:52.653664+00	0		
413	208335	96	1364854	0	2015-09-12 21:00:15.265039+00	0		
414	236789	96	1364854	0	2015-09-12 21:00:15.274157+00	0		
415	236789	81	1654971	0	2015-09-13 05:01:02.667853+00	0		
445	236789	222	46481	0	2015-09-21 02:01:37.936265+00	0		
446	208335	222	46481	0	2015-09-21 02:01:37.970876+00	0		
419	208335	241	1655110	0	2015-09-13 17:00:28.528472+00	0		
388	208335	81	1651409	0	2015-09-04 21:02:21.96992+00	0		
451	236789	222	711894	0	2015-09-23 04:00:15.647137+00	0		
424	208335	222	1655857	0	2015-09-16 01:00:53.364301+00	0		
425	236789	222	1655857	0	2015-09-16 01:00:53.414969+00	0		
416	208335	241	519865	0	2015-09-06 05:27:41.110428+00	0		
417	208335	81	1654996	0	2015-09-06 13:49:37.323557+00	0		
418	236789	81	1654996	0	2015-09-06 13:49:37.323557+00	0		
467	208335	96	1662405	0	2015-10-01 03:00:35.145121+00	0		
426	208335	150	1656230	0	2015-09-16 07:00:50.79924+00	0		
453	236789	222	1659534	0	2015-09-16 18:59:24.550698+00	0		
427	236789	222	1656509	0	2015-09-16 20:02:58.02204+00	0		
392	236789	105	1652884	0	2015-09-08 09:00:20.996554+00	0		
438	208335	222	23439	0	2015-09-18 10:01:20.092133+00	0		
439	208335	81	1657269	0	2015-09-18 21:01:55.996668+00	0		
440	236789	222	148090	0	2015-09-19 08:01:39.158999+00	0		
456	236789	150	251379	0	2015-09-19 15:49:16.739828+00	0		
398	208335	241	1446104	0	2015-09-10 23:00:53.534121+00	0		
399	208335	222	1420872	0	2015-09-10 23:00:54.53182+00	0		
400	236789	222	1420872	0	2015-09-10 23:00:54.538288+00	0		
402	236789	222	1654072	0	2015-09-11 03:01:03.336676+00	0		
403	208335	222	1654072	0	2015-09-11 03:01:03.348514+00	0		
404	208335	222	1439820	0	2015-09-11 03:01:06.40947+00	0		
405	236789	222	1439820	0	2015-09-11 03:01:06.41614+00	0		
460	208335	241	686628	0	2015-09-27 08:01:23.3789+00	0		
461	208335	160	1660335	0	2015-09-27 11:02:01.600326+00	0		
406	208335	107	1645893	0	2015-09-11 08:00:29.305563+00	0		
407	236789	96	1645893	0	2015-09-11 08:00:29.313466+00	0		
408	208335	96	1651462	0	2015-09-11 08:00:44.616267+00	0		
409	236789	96	1651462	0	2015-09-11 08:00:44.626284+00	0		
462	208335	241	1546737	0	2015-09-27 13:02:46.843724+00	0		
410	208335	241	1652679	0	2015-09-11 17:02:18.338919+00	0		
420	208335	241	1655166	0	2015-09-13 19:02:15.9322+00	0		
421	236789	222	1655301	0	2015-09-14 01:01:08.106732+00	0		
449	208335	96	1472629	0	2015-09-22 20:01:38.610688+00	0		
450	236789	96	1472629	0	2015-09-22 20:01:38.62166+00	0		
422	236789	222	1147432	0	2015-09-14 02:02:09.450892+00	0		
423	208335	222	1147432	0	2015-09-14 02:02:09.480457+00	0		
447	208335	241	1549456	0	2015-09-14 15:20:23.509283+00	0		
452	208335	222	711894	0	2015-09-23 04:00:15.654226+00	0		
428	208335	222	1656509	0	2015-09-16 20:02:58.029706+00	0		
429	181041	4434	1656589	0	2015-09-16 23:00:43.241814+00	0		
430	236789	222	1656245	0	2015-09-17 01:01:44.738685+00	0		
431	208335	222	1656245	0	2015-09-17 01:01:44.753051+00	0		
432	208335	222	61002	0	2015-09-17 04:01:15.843733+00	0		
433	236789	222	61002	0	2015-09-17 04:01:15.854665+00	0		
454	208335	241	1659918	0	2015-09-18 03:40:58.78644+00	0		
457	236789	150	951958	0	2015-09-19 16:22:14.598558+00	0		
459	261030	1178	1660902	0	2015-09-27 07:00:19.721288+00	0		
443	236789	222	1658020	0	2015-09-20 06:00:35.221523+00	0		
463	208335	38	1659255	0	2015-09-28 19:03:12.559223+00	0		
464	236789	222	294835	0	2015-09-30 03:02:01.807429+00	0		
448	208335	222	890444	0	2015-09-22 06:00:40.860943+00	0		
465	236789	222	924771	0	2015-09-30 06:00:47.443929+00	0		
468	236789	96	1662405	0	2015-10-01 03:00:35.152891+00	0		
469	236789	222	170643	0	2015-10-01 08:00:30.238934+00	0		
470	208335	38	170643	0	2015-10-01 08:00:30.246436+00	0		
472	236789	222	679760	0	2015-10-02 06:01:17.034869+00	0		
473	208335	103	1662818	0	2015-10-02 08:00:27.693391+00	0		
471	208335	38	728215	0	2015-09-25 04:15:32.538101+00	0		
474	261661	103	428566	0	2015-10-02 17:03:26.430618+00	0		
475	208335	103	1663198	0	2015-10-03 05:01:31.770636+00	0		
476	208335	241	1662630	0	2015-10-03 17:00:45.202995+00	0		
477	208335	432	1038083	0	2015-10-03 17:01:02.70783+00	0		
455	208335	241	1660336	0	2015-09-26 11:04:09.508409+00	0		
458	208335	222	1660902	0	2015-09-27 06:01:06.386207+00	0		
504	208335	38	48916	0	2015-10-07 07:00:24.758997+00	0		
531	208335	221	1667629	0	2015-10-07 07:46:49.447783+00	0		
561	208335	222	1464475	0	2015-10-18 04:30:09.008076+00	0		
533	208335	221	1132964	0	2015-10-08 01:49:20.666009+00	0		
508	208335	208	1665180	0	2015-10-08 03:01:38.839507+00	0		
562	236789	222	1464475	0	2015-10-18 04:30:09.008076+00	0		
488	208335	81	589631	0	2015-09-27 05:29:31.995992+00	0		
489	208335	81	233035	0	2015-09-27 05:30:57.592242+00	0		
509	208335	193	1665195	0	2015-10-08 07:00:52.289396+00	0		
510	236789	222	622325	0	2015-10-09 04:00:14.914628+00	0		
511	208335	222	622325	0	2015-10-09 04:00:14.987941+00	0		
513	236789	222	226762	0	2015-10-09 06:01:02.858917+00	0		
514	208335	222	226762	0	2015-10-09 06:01:02.872571+00	0		
515	208335	44	1625560	0	2015-10-09 23:02:07.796759+00	0		
497	236789	38	84062	0	2015-09-29 03:03:07.445059+00	0		
498	208335	150	797577	0	2015-09-30 05:36:21.029487+00	0		
499	208335	81	986557	0	2015-09-30 05:39:25.140271+00	0		
500	208335	81	986968	0	2015-09-30 05:44:07.609299+00	0		
501	208335	81	986570	0	2015-09-30 05:50:53.249684+00	0		
466	208335	222	924771	0	2015-09-30 06:00:47.451754+00	0		
502	208335	81	986962	0	2015-09-30 06:00:51.282639+00	0		
503	208335	81	77282	0	2015-09-30 06:05:44.625179+00	0		
548	208335	96	1418663	0	2015-10-21 17:02:12.325679+00	0		
505	208335	81	986886	0	2015-09-30 06:11:32.65393+00	0		
506	208335	81	188462	0	2015-09-30 06:14:14.087084+00	0		
507	236789	222	31451	0	2015-09-30 08:01:30.582025+00	0		
547	236789	222	1671183	0	2015-10-14 07:03:33.569707+00	0		
532	208335	222	178764	0	2015-10-14 08:02:15.032484+00	0		
512	208335	14	816155	0	2015-10-02 04:54:43.739114+00	0		
577	208335	222	1006579	1	2015-10-22 02:45:22.987241+00	0		
578	208335	222	627099	0	2015-10-22 03:52:12.65547+00	0		
553	243086	105	1671999	0	2015-10-23 10:01:58.412208+00	0		
534	236789	222	1668919	0	2015-10-15 07:00:31.405293+00	0		
535	208335	222	1668919	0	2015-10-15 07:00:31.413226+00	0		
478	208335	73	910807	0	2015-10-03 17:01:32.629963+00	0		
479	208335	96	1609368	0	2015-10-04 00:01:53.681115+00	0		
480	236789	96	1609368	0	2015-10-04 00:01:53.691845+00	0		
579	139141	7954	156194	1	2015-10-23 11:59:27.551495+00	0		
481	208335	129	1663504	0	2015-10-04 01:03:07.785812+00	0		
482	236789	129	1663504	0	2015-10-04 01:03:07.794328+00	0		
483	208335	107	1663530	0	2015-10-04 03:01:05.273629+00	0		
484	236789	96	1663530	0	2015-10-04 03:01:05.280839+00	0		
485	208335	38	1663533	0	2015-10-04 05:00:20.107173+00	0		
486	236789	222	4448	0	2015-10-04 06:00:29.299672+00	0		
487	208335	222	4448	0	2015-10-04 06:00:29.306609+00	0		
554	236789	96	1179919	1	2015-10-17 01:12:47.550149+00	0		
490	208335	241	1160310	0	2015-10-04 12:02:07.264845+00	0		
555	208335	14	1179919	1	2015-10-17 01:12:47.550149+00	0		
491	261980	3476	1663983	0	2015-10-05 07:00:33.840753+00	0		
492	261981	81742	588990	0	2015-10-05 07:00:36.239479+00	0		
493	236789	222	46875	0	2015-10-05 08:00:18.567727+00	0		
529	208335	221	1603349	0	2015-10-05 11:16:36.88765+00	0		
494	139141	7961	1664240	0	2015-10-05 19:01:56.394179+00	0		
495	208335	96	1664294	0	2015-10-05 21:01:18.36332+00	0		
496	236789	96	1664294	0	2015-10-05 21:01:18.371224+00	0		
516	236789	44	1625560	0	2015-10-09 23:02:07.825649+00	0		
517	208335	107	1625562	0	2015-10-09 23:02:16.320622+00	0		
518	208335	107	1625564	0	2015-10-09 23:02:19.547622+00	0		
519	236789	96	1625564	0	2015-10-09 23:02:19.555068+00	0		
520	236789	96	1625554	0	2015-10-10 01:00:16.844402+00	0		
563	208335	222	8127	1	2015-10-18 04:58:09.894696+00	0		
521	236789	38	1381642	0	2015-10-10 07:01:21.159061+00	0		
522	208335	222	1381642	0	2015-10-10 07:01:21.165933+00	0		
523	208335	107	1625556	0	2015-10-11 01:00:40.745801+00	0		
524	236789	96	1625556	0	2015-10-11 01:00:40.79537+00	0		
544	208335	241	1671271	0	2015-10-19 22:00:46.931919+00	0		
545	236789	222	189219	0	2015-10-20 05:01:31.393789+00	0		
525	236789	38	1666623	0	2015-10-11 08:01:05.449518+00	0		
526	208335	222	1666623	0	2015-10-11 08:01:05.484264+00	0		
546	208335	222	189219	0	2015-10-20 06:00:12.784123+00	0		
574	208335	222	57100	1	2015-10-20 06:41:50.451558+00	0		
527	208335	222	38281	0	2015-10-12 02:00:50.095417+00	0		
528	236789	222	38281	0	2015-10-12 02:00:50.250566+00	0		
549	236789	96	1418663	0	2015-10-21 17:02:12.340424+00	0		
530	205318	92126	38299	0	2015-10-13 04:00:17.650362+00	0		
550	208335	241	1672283	0	2015-10-21 22:01:23.702288+00	0		
556	208335	96	1179919	1	2015-10-17 01:12:47.550149+00	0		
557	208335	96	1673427	1	2015-10-17 02:30:04.348339+00	0		
558	236789	96	1673427	1	2015-10-17 02:30:04.348339+00	0		
536	236789	38	1669842	0	2015-10-17 05:00:26.385189+00	0		
559	208335	222	1157787	1	2015-10-17 06:50:42.235534+00	0		
560	236789	222	1157787	1	2015-10-17 06:50:42.235534+00	0		
537	208335	38	109943	0	2015-10-17 07:01:24.804172+00	0		
538	208335	432	1670355	0	2015-10-18 02:01:11.847838+00	0		
539	208335	81	1161743	0	2015-10-18 04:00:38.355985+00	0		
564	236789	222	8127	1	2015-10-18 04:58:09.894696+00	0		
540	208335	38	365077	0	2015-10-18 09:01:26.881376+00	0		
541	236789	38	365077	0	2015-10-18 09:01:26.889584+00	0		
542	208335	107	187225	0	2015-10-18 12:01:16.545711+00	0		
565	207476	88741	1674518	0	2015-10-19 03:54:24.496446+00	0		
566	207477	7952	1674518	0	2015-10-19 03:54:24.496446+00	0		
543	208335	38	1453406	0	2015-10-19 05:00:32.97404+00	0		
567	208335	222	448451	0	2015-10-19 09:26:06.768885+00	0		
569	208335	222	323420	0	2015-10-19 09:59:49.939519+00	0		
570	208335	241	262645	0	2015-10-19 14:42:40.365341+00	0		
571	208335	241	328404	0	2015-10-19 14:58:16.435225+00	0		
572	236789	81	235493	0	2015-10-19 16:26:18.634903+00	0		
573	208335	81	235493	0	2015-10-19 16:26:18.634903+00	0		
575	236789	222	57100	1	2015-10-20 06:41:50.451558+00	0		
568	208335	241	599681	0	2015-10-21 11:03:25.845311+00	0		
576	236789	222	1006579	1	2015-10-22 02:45:22.987241+00	0		
551	236789	222	157953	0	2015-10-22 05:00:31.885377+00	0		
552	208335	222	157953	0	2015-10-22 05:00:57.895024+00	0		
580	207476	7954	156194	1	2015-10-23 11:59:27.551495+00	0		
581	207477	7954	156194	1	2015-10-23 11:59:27.551495+00	0		
582	208335	150	1521878	0	2015-10-23 14:17:48.462309+00	0		
583	207476	326	457689	1	2015-10-23 22:22:55.232886+00	0		
584	207477	68806	457689	1	2015-10-23 22:22:55.232886+00	0		
