1	47	162235	612285	0	2011-05-16 15:03:23.368437+00	0		
2	101	471908	707628	0	2011-05-16 15:03:23.368437+00	0		
3	47	1773	651646	0	2011-05-16 15:03:23.368437+00	0		
4	47	469841	650261	0	2011-05-16 15:03:23.368437+00	0		
5	101	471908	351242	0	2011-05-16 15:03:23.368437+00	0		
6	47	2193	361836	0	2011-05-16 15:03:23.368437+00	0		
8	47	2122	701970	0	2011-05-16 15:03:23.368437+00	0		
9	101	344931	185235	0	2011-05-16 15:03:23.368437+00	0		
10	47	347	619556	0	2011-05-16 15:03:23.368437+00	0		
12	101	527151	158078	0	2011-05-16 15:03:23.368437+00	0		
13	47	6081	311714	0	2011-05-16 15:03:23.368437+00	0		
3182	282	1003689	597179	0	2013-05-24 18:00:42.966108+00	0		
15	101	468026	136212	0	2011-05-16 15:03:23.368437+00	0		
16	101	468025	136212	0	2011-05-16 15:03:23.368437+00	0		
18	101	471908	248035	0	2011-05-16 15:03:23.368437+00	0		
19	282	45666	294047	0	2011-05-16 15:03:23.368437+00	0		
20	282	373	135509	0	2011-05-16 15:03:23.368437+00	0		
21	47	56941	749536	0	2011-05-16 15:03:23.368437+00	0		
22	47	56941	760787	0	2011-05-16 15:03:23.368437+00	0		
23	47	336087	800019	0	2011-05-16 15:03:23.368437+00	0		
24	101	561082	763423	0	2011-05-16 15:03:23.368437+00	0		
25	47	191	728898	0	2011-05-16 15:03:23.368437+00	0		
26	47	10042	706338	0	2011-05-16 15:03:23.368437+00	0		
27	101	561076	763423	0	2011-05-16 15:03:23.368437+00	0		
28	47	246062	518671	0	2011-05-16 15:03:23.368437+00	0		
29	47	7032	959638	0	2011-05-16 15:03:23.368437+00	0		
30	47	4326	281307	0	2011-05-16 15:03:23.368437+00	0		
31	47	30122	131769	0	2011-05-16 15:03:23.368437+00	0		
32	47	132698	878499	0	2011-05-16 15:03:23.368437+00	0		
33	47	525	371426	0	2011-05-16 15:03:23.368437+00	0		
34	47	14331	851260	0	2011-05-16 15:03:23.368437+00	0		
35	47	248250	910480	0	2011-05-16 15:03:23.368437+00	0		
36	101	463312	80670	0	2011-05-16 15:03:23.368437+00	0		
37	47	187135	920240	0	2011-05-16 15:03:23.368437+00	0		
38	282	605400	32829	0	2011-05-16 15:03:23.368437+00	0		
40	47	918	646892	0	2011-05-16 15:03:23.368437+00	0		
41	47	122032	702019	0	2011-05-16 15:03:23.368437+00	0		
42	47	15684	357598	0	2011-05-16 15:03:23.368437+00	0		
43	47	50970	646491	0	2011-05-16 15:03:23.368437+00	0		
44	47	397	842080	0	2011-05-16 15:03:23.368437+00	0		
45	47	2193	625331	0	2011-05-16 15:03:23.368437+00	0		
46	47	197	568348	0	2011-05-16 15:03:23.368437+00	0		
48	47	197	375035	0	2011-05-16 15:03:23.368437+00	0		
49	47	1624	607467	0	2011-05-16 15:03:23.368437+00	0		
51	47	465765	525776	0	2011-05-16 15:03:23.368437+00	0		
52	47	191	533492	0	2011-05-16 15:03:23.368437+00	0		
53	47	11735	771870	0	2011-05-16 15:03:23.368437+00	0		
54	47	12151	737757	0	2011-05-16 15:03:23.368437+00	0		
55	47	926	629278	0	2011-05-16 15:03:23.368437+00	0		
56	47	64073	766653	0	2011-05-16 15:03:23.368437+00	0		
58	282	499688	682045	0	2011-05-16 15:03:23.368437+00	0		
59	47	8430	758982	0	2011-05-16 15:03:23.368437+00	0		
60	101	641746	891817	0	2011-05-16 15:03:23.368437+00	0		
61	47	21454	631821	0	2011-05-16 15:03:23.368437+00	0		
62	47	388	409055	0	2011-05-16 15:03:23.368437+00	0		
63	282	596744	807663	0	2011-05-16 15:03:23.368437+00	0		
64	282	383770	733517	0	2011-05-16 15:03:23.368437+00	0		
65	47	909	766466	0	2011-05-16 15:03:23.368437+00	0		
66	101	641747	891817	0	2011-05-16 15:03:23.368437+00	0		
67	47	341623	879179	0	2011-05-16 15:03:23.368437+00	0		
68	47	35794	641556	0	2011-05-16 15:03:23.368437+00	0		
69	47	2129	818967	0	2011-05-16 15:03:23.368437+00	0		
70	101	499696	309409	0	2011-05-16 15:03:23.368437+00	0		
71	282	420044	207988	0	2011-05-16 15:03:23.368437+00	0		
72	47	3415	383030	0	2011-05-16 15:03:23.368437+00	0		
73	47	67372	380055	0	2011-05-16 15:03:23.368437+00	0		
74	47	107354	643557	0	2011-05-16 15:03:23.368437+00	0		
75	47	35794	643524	0	2011-05-16 15:03:23.368437+00	0		
76	282	464531	328696	0	2011-05-16 15:03:23.368437+00	0		
77	47	101795	226167	0	2011-05-16 15:03:23.368437+00	0		
78	282	32618	328696	0	2011-05-16 15:03:23.368437+00	0		
80	47	779	258296	0	2011-05-16 15:03:23.368437+00	0		
81	101	613267	625926	0	2011-05-16 15:03:23.368437+00	0		
82	47	67372	407468	0	2011-05-16 15:03:23.368437+00	0		
83	47	67372	312777	0	2011-05-16 15:03:23.368437+00	0		
84	47	192	136659	0	2011-05-16 15:03:23.368437+00	0		
85	47	14245	642916	0	2011-05-16 15:03:23.368437+00	0		
86	101	370298	632467	0	2011-05-16 15:03:23.368437+00	0		
87	101	370297	632467	0	2011-05-16 15:03:23.368437+00	0		
88	47	454657	639811	0	2011-05-16 15:03:23.368437+00	0		
89	47	11935	181711	0	2011-05-16 15:03:23.368437+00	0		
91	47	329588	910548	0	2011-05-16 15:03:23.368437+00	0		
92	101	728323	207988	0	2011-05-16 15:03:23.368437+00	0		
93	101	463312	30654	0	2011-05-16 15:03:23.368437+00	0		
94	47	156207	802894	0	2011-05-16 15:03:23.368437+00	0		
96	101	460781	614399	0	2011-05-16 15:03:23.368437+00	0		
97	101	460780	614399	0	2011-05-16 15:03:23.368437+00	0		
98	47	3415	807752	0	2011-05-16 15:03:23.368437+00	0		
99	47	114113	85923	0	2011-05-16 15:03:23.368437+00	0		
100	47	236	85923	0	2011-05-16 15:03:23.368437+00	0		
102	101	276954	393827	0	2011-05-16 15:03:23.368437+00	0		
103	47	16521	273289	0	2011-05-16 15:03:23.368437+00	0		
104	47	16521	584221	0	2011-05-16 15:03:23.368437+00	0		
105	101	462817	54589	0	2011-05-16 15:03:23.368437+00	0		
106	101	596837	757286	0	2011-05-16 15:03:23.368437+00	0		
107	282	272497	641584	0	2011-05-16 15:03:23.368437+00	0		
108	101	596835	757286	0	2011-05-16 15:03:23.368437+00	0		
109	101	596836	757286	0	2011-05-16 15:03:23.368437+00	0		
111	101	596838	757286	0	2011-05-16 15:03:23.368437+00	0		
112	101	596839	757286	0	2011-05-16 15:03:23.368437+00	0		
113	101	596843	757286	0	2011-05-16 15:03:23.368437+00	0		
114	282	459666	328696	0	2011-05-16 15:03:23.368437+00	0		
115	101	430659	140154	0	2011-05-16 15:03:23.368437+00	0		
116	47	303	275634	0	2011-05-16 15:03:23.368437+00	0		
117	47	9006	121975	0	2011-05-16 15:03:23.368437+00	0		
118	101	546315	52891	0	2011-05-16 15:03:23.368437+00	0		
119	47	463867	560961	0	2011-05-16 15:03:23.368437+00	0		
120	47	2193	410861	0	2011-05-16 15:03:23.368437+00	0		
121	47	359552	642835	0	2011-05-16 15:03:23.368437+00	0		
122	47	143404	262940	0	2011-05-16 15:03:23.368437+00	0		
3903	47	1165211	1455993	0	2014-12-18 18:00:40.49703+00	0		
124	47	66	614999	0	2011-05-16 15:03:23.368437+00	0		
125	47	2129	609471	0	2011-05-16 15:03:23.368437+00	0		
126	47	134598	642097	0	2011-05-16 15:03:23.368437+00	0		
127	101	460028	347597	0	2011-05-16 15:03:23.368437+00	0		
128	282	93	18725	0	2011-05-16 15:03:23.368437+00	0		
110	47	6649	495081	0	2015-06-22 03:10:42.947326+00	0		
47	47	89	623337	0	2015-08-14 08:04:01.738279+00	0		
129	282	614070	18725	0	2011-05-16 15:03:23.368437+00	0		
130	101	459104	635349	0	2011-05-16 15:03:23.368437+00	0		
131	101	515309	163503	0	2011-05-16 15:03:23.368437+00	0		
135	101	417125	637276	0	2011-05-16 15:03:23.368437+00	0		
136	101	417125	637280	0	2011-05-16 15:03:23.368437+00	0		
101	47	32262	978082	0	2011-06-27 06:02:45.422065+00	0		
79	47	1128	643803	0	2011-07-08 08:02:13.99733+00	0		
123	47	50606	515540	0	2013-03-31 08:00:15.28227+00	0		
134	47	1590	541511	0	2012-07-11 17:06:57.468036+00	0		
57	47	10689	350833	0	2013-04-19 19:01:24.728462+00	0		
137	101	410268	637290	0	2011-05-16 15:03:23.368437+00	0		
138	47	155298	665096	0	2011-05-16 15:03:23.368437+00	0		
139	47	237150	174362	0	2011-05-16 15:03:23.368437+00	0		
140	47	22096	128777	0	2011-05-16 15:03:23.368437+00	0		
141	47	93	563784	0	2011-05-16 15:03:23.368437+00	0		
142	101	457887	636510	0	2011-05-16 15:03:23.368437+00	0		
144	101	460779	614399	0	2011-05-16 15:03:23.368437+00	0		
146	47	284955	631595	0	2011-05-16 15:03:23.368437+00	0		
148	47	453482	631243	0	2011-05-16 15:03:23.368437+00	0		
150	282	403984	40861	0	2011-05-16 15:03:23.368437+00	0		
151	47	10042	628572	0	2011-05-16 15:03:23.368437+00	0		
152	47	10042	402348	0	2011-05-16 15:03:23.368437+00	0		
153	101	454622	551727	0	2011-05-16 15:03:23.368437+00	0		
154	101	410133	207736	0	2011-05-16 15:03:23.368437+00	0		
155	47	207261	368895	0	2011-05-16 15:03:23.368437+00	0		
156	47	430	159104	0	2011-05-16 15:03:23.368437+00	0		
157	47	5208	624432	0	2011-05-16 15:03:23.368437+00	0		
158	47	2662	491694	0	2011-05-16 15:03:23.368437+00	0		
161	101	494567	692329	0	2011-05-16 15:03:23.368437+00	0		
162	47	96478	324136	0	2011-05-16 15:03:23.368437+00	0		
163	101	450722	76469	0	2011-05-16 15:03:23.368437+00	0		
164	47	7486	844190	0	2011-05-16 15:03:23.368437+00	0		
166	47	454022	631880	0	2011-05-16 15:03:23.368437+00	0		
167	101	459251	637853	0	2011-05-16 15:03:23.368437+00	0		
168	282	578279	778803	0	2011-05-16 15:03:23.368437+00	0		
169	47	197	752644	0	2011-05-16 15:03:23.368437+00	0		
170	101	471908	490145	0	2011-05-16 15:03:23.368437+00	0		
171	47	191	634427	0	2011-05-16 15:03:23.368437+00	0		
172	282	420044	778803	0	2011-05-16 15:03:23.368437+00	0		
174	101	494567	694494	0	2011-05-16 15:03:23.368437+00	0		
2517	101	761090	770152	0	2011-10-30 17:03:46.676227+00	0		
177	47	3545	624289	0	2011-05-16 15:03:23.368437+00	0		
180	101	510631	916417	0	2011-05-16 15:03:23.368437+00	0		
181	47	41452	704715	0	2011-05-16 15:03:23.368437+00	0		
182	101	446583	18769	0	2011-05-16 15:03:23.368437+00	0		
184	101	605350	817123	0	2011-05-16 15:03:23.368437+00	0		
185	282	1000	18769	0	2011-05-16 15:03:23.368437+00	0		
186	101	679688	916417	0	2011-05-16 15:03:23.368437+00	0		
187	101	583999	791284	0	2011-05-16 15:03:23.368437+00	0		
188	101	447687	118767	0	2011-05-16 15:03:23.368437+00	0		
189	101	447686	118767	0	2011-05-16 15:03:23.368437+00	0		
190	282	4346	626768	0	2011-05-16 15:03:23.368437+00	0		
191	47	458439	907142	0	2011-05-16 15:03:23.368437+00	0		
192	101	457605	636200	0	2011-05-16 15:03:23.368437+00	0		
194	47	303	631925	0	2011-05-16 15:03:23.368437+00	0		
195	47	81239	396100	0	2011-05-16 15:03:23.368437+00	0		
196	47	31703	333023	0	2011-05-16 15:03:23.368437+00	0		
198	47	1192	97649	0	2011-05-16 15:03:23.368437+00	0		
403	47	815	156463	0	2011-07-13 16:03:10.058926+00	0		
202	47	21320	341127	0	2011-05-16 15:03:23.368437+00	0		
203	47	6081	344881	0	2011-05-16 15:03:23.368437+00	0		
204	101	494567	598037	0	2011-05-16 15:03:23.368437+00	0		
205	47	589889	799170	0	2011-05-16 15:03:23.368437+00	0		
206	47	1197	318549	0	2011-05-16 15:03:23.368437+00	0		
207	47	14245	748475	0	2011-05-16 15:03:23.368437+00	0		
249	101	444775	278625	0	2014-01-04 19:00:53.785428+00	0		
210	282	279813	148994	0	2011-05-16 15:03:23.368437+00	0		
1040	47	815	376065	0	2011-07-13 16:03:10.058926+00	0		
212	47	15684	632393	0	2011-05-16 15:03:23.368437+00	0		
215	47	2101	539717	0	2011-05-16 15:03:23.368437+00	0		
208	47	1587	688620	0	2014-01-07 22:01:48.81667+00	0		
218	47	32020	626574	0	2011-05-16 15:03:23.368437+00	0		
219	47	45489	731803	0	2011-05-16 15:03:23.368437+00	0		
220	47	3257	537066	0	2011-05-16 15:03:23.368437+00	0		
221	47	20861	792863	0	2011-05-16 15:03:23.368437+00	0		
222	282	605672	54354	0	2011-05-16 15:03:23.368437+00	0		
224	101	434156	22944	0	2011-05-16 15:03:23.368437+00	0		
226	101	444173	40483	0	2011-05-16 15:03:23.368437+00	0		
227	101	444174	40483	0	2011-05-16 15:03:23.368437+00	0		
228	101	417125	620683	0	2011-05-16 15:03:23.368437+00	0		
229	101	417125	620685	0	2011-05-16 15:03:23.368437+00	0		
230	47	3248	701093	0	2011-05-16 15:03:23.368437+00	0		
232	47	10536	1047097	0	2011-05-16 15:03:23.368437+00	0		
233	101	410268	682255	0	2011-05-16 15:03:23.368437+00	0		
216	101	451454	1311804	0	2013-10-27 10:00:53.067068+00	0		
2526	47	54	437783	0	2011-11-02 19:33:34.245598+00	0		
143	101	458625	91256	0	2011-11-08 19:03:13.047867+00	0		
213	101	400092	91256	0	2011-11-08 19:03:13.047867+00	0		
240	101	667812	800266	0	2011-05-16 15:03:23.368437+00	0		
241	47	101	621133	0	2011-05-16 15:03:23.368437+00	0		
242	47	32354	693304	0	2011-05-16 15:03:23.368437+00	0		
243	101	542439	738402	0	2011-05-16 15:03:23.368437+00	0		
244	47	303	501570	0	2011-05-16 15:03:23.368437+00	0		
245	47	303	398473	0	2011-05-16 15:03:23.368437+00	0		
247	101	367664	19553	0	2011-05-16 15:03:23.368437+00	0		
2671	47	4344	637922	0	2012-04-09 13:05:48.312411+00	0		
251	47	2107	272598	0	2011-05-16 15:03:23.368437+00	0		
252	282	441991	245492	0	2011-05-16 15:03:23.368437+00	0		
253	101	445529	76064	0	2011-05-16 15:03:23.368437+00	0		
254	47	638300	865601	0	2011-05-16 15:03:23.368437+00	0		
255	101	445381	622481	0	2011-05-16 15:03:23.368437+00	0		
256	47	9764	614549	0	2014-01-14 21:01:32.879897+00	0		
259	47	5031	619886	0	2011-05-16 15:03:23.368437+00	0		
260	47	381	686139	0	2011-05-16 15:03:23.368437+00	0		
261	101	528941	547965	0	2011-05-16 15:03:23.368437+00	0		
262	47	90132	343170	0	2011-05-16 15:03:23.368437+00	0		
263	47	5630	595866	0	2011-05-16 15:03:23.368437+00	0		
264	101	471908	28676	0	2011-05-16 15:03:23.368437+00	0		
265	47	93	763553	0	2011-05-16 15:03:23.368437+00	0		
267	47	1658	623220	0	2011-05-16 15:03:23.368437+00	0		
268	101	268659	66922	0	2011-05-16 15:03:23.368437+00	0		
270	101	446358	103506	0	2011-05-16 15:03:23.368437+00	0		
266	47	444193	547971	0	2012-04-14 16:00:19.260522+00	0		
239	47	1128	129613	0	2011-07-08 08:02:13.99733+00	0		
145	47	184	517362	0	2011-07-08 17:02:41.428505+00	0		
3179	101	429194	597179	0	2013-05-24 18:00:42.860425+00	0		
201	101	487710	869078	0	2011-07-21 21:04:09.918054+00	0		
133	47	964	657783	0	2015-06-22 02:03:18.070362+00	0		
199	282	53979	40601	0	2011-07-24 16:00:14.130056+00	0		
214	47	2997	614053	0	2012-12-14 08:15:01.293441+00	0		
149	101	527143	1093639	0	2011-09-13 22:04:36.736005+00	0		
231	47	248826	129382	0	2011-09-24 21:02:00.835063+00	0		
197	101	378294	18668	0	2011-10-03 22:01:34.75441+00	0		
2529	47	387	447009	0	2011-11-17 10:35:20.832399+00	0		
3180	101	1008037	597179	0	2013-05-24 18:00:42.913974+00	0		
2537	47	387	508258	0	2011-11-17 10:42:21.763602+00	0		
183	47	127104	876961	0	2013-02-20 02:00:43.318373+00	0		
246	101	367664	136182	0	2011-12-27 23:02:21.974165+00	0		
3455	47	680672	1116444	0	2014-01-15 00:00:14.690431+00	0		
2593	5768	504797	1038263	0	2012-01-18 11:00:05.580691+00	0		
223	101	527151	332397	0	2012-09-06 19:11:44.759899+00	0		
159	101	659862	972800	0	2012-03-14 00:07:52.006102+00	0		
234	101	427105	610022	0	2012-12-13 18:16:56.406204+00	0		
165	47	11136	623646	0	2013-04-03 11:00:10.895469+00	0		
3181	101	1008038	597179	0	2013-05-24 18:00:42.933516+00	0		
257	47	303	618577	0	2013-09-12 19:00:42.25714+00	0		
217	47	12438	81597	0	2013-09-29 05:00:13.925228+00	0		
147	47	3515	365546	0	2013-11-15 21:00:57.72314+00	0		
250	47	14410	389735	0	2013-12-04 18:03:22.948792+00	0		
3193	101	639283	1255906	0	2013-12-31 21:00:17.030584+00	0		
225	47	2254	553314	0	2014-05-04 13:00:20.174113+00	0		
273	282	488533	651115	0	2011-05-16 15:03:23.368437+00	0		
274	47	87761	340206	0	2011-05-16 15:03:23.368437+00	0		
275	101	441927	96103	0	2011-05-16 15:03:23.368437+00	0		
276	101	446583	475676	0	2011-05-16 15:03:23.368437+00	0		
277	101	446585	475676	0	2011-05-16 15:03:23.368437+00	0		
278	282	488533	669779	0	2011-05-16 15:03:23.368437+00	0		
279	101	378294	42289	0	2011-05-16 15:03:23.368437+00	0		
280	47	347	907288	0	2011-05-16 15:03:23.368437+00	0		
281	101	501263	956020	0	2011-05-16 15:03:23.368437+00	0		
282	101	91746	473727	0	2011-05-16 15:03:23.368437+00	0		
283	47	96211	981004	0	2011-05-16 15:03:23.368437+00	0		
284	282	443885	620533	0	2011-05-16 15:03:23.368437+00	0		
285	101	527151	547965	0	2011-05-16 15:03:23.368437+00	0		
286	47	446	856166	0	2011-05-16 15:03:23.368437+00	0		
977	101	588998	791259	0	2011-10-31 23:00:07.553277+00	0		
288	47	55488	884713	0	2011-05-16 15:03:23.368437+00	0		
289	47	303	612426	0	2011-05-16 15:03:23.368437+00	0		
290	282	549935	42289	0	2011-05-16 15:03:23.368437+00	0		
291	282	444075	17195	0	2011-05-16 15:03:23.368437+00	0		
292	101	444074	17195	0	2011-05-16 15:03:23.368437+00	0		
293	101	444073	17195	0	2011-05-16 15:03:23.368437+00	0		
294	47	347	456461	0	2011-05-16 15:03:23.368437+00	0		
295	47	46450	137720	0	2011-05-16 15:03:23.368437+00	0		
296	101	447105	601150	0	2011-05-16 15:03:23.368437+00	0		
297	101	444174	161320	0	2011-05-16 15:03:23.368437+00	0		
298	47	387	408657	0	2011-05-16 15:03:23.368437+00	0		
299	101	344931	168623	0	2011-05-16 15:03:23.368437+00	0		
300	47	351524	614448	0	2011-05-16 15:03:23.368437+00	0		
301	47	38930	883579	0	2011-05-16 15:03:23.368437+00	0		
302	47	56946	835603	0	2011-05-16 15:03:23.368437+00	0		
303	101	505976	628071	0	2011-05-16 15:03:23.368437+00	0		
304	101	732809	984165	0	2011-05-16 15:03:23.368437+00	0		
305	282	47631	195079	0	2011-05-16 15:03:23.368437+00	0		
306	282	243610	628071	0	2011-05-16 15:03:23.368437+00	0		
307	47	49429	734047	0	2011-05-16 15:03:23.368437+00	0		
308	282	1218	35921	0	2011-05-16 15:03:23.368437+00	0		
309	47	191	616465	0	2011-05-16 15:03:23.368437+00	0		
310	47	191	236977	0	2011-05-16 15:03:23.368437+00	0		
312	47	48734	831916	0	2011-05-16 15:03:23.368437+00	0		
313	101	667998	800266	0	2011-05-16 15:03:23.368437+00	0		
314	101	543705	308024	0	2011-05-16 15:03:23.368437+00	0		
315	282	243610	690126	0	2011-05-16 15:03:23.368437+00	0		
316	101	550700	308024	0	2011-05-16 15:03:23.368437+00	0		
317	101	447688	118767	0	2011-05-16 15:03:23.368437+00	0		
318	101	550701	308024	0	2011-05-16 15:03:23.368437+00	0		
319	101	638129	494001	0	2011-05-16 15:03:23.368437+00	0		
320	47	1158	577944	0	2011-05-16 15:03:23.368437+00	0		
321	101	573856	494001	0	2011-05-16 15:03:23.368437+00	0		
322	101	656028	494001	0	2011-05-16 15:03:23.368437+00	0		
323	47	9350	615041	0	2011-05-16 15:03:23.368437+00	0		
325	47	14911	107278	0	2011-05-16 15:03:23.368437+00	0		
326	101	440070	164304	0	2011-05-16 15:03:23.368437+00	0		
327	47	12161	427480	0	2011-05-16 15:03:23.368437+00	0		
328	282	439957	734255	0	2011-05-16 15:03:23.368437+00	0		
2916	47	167515	1211818	0	2012-11-13 20:18:18.575266+00	0		
3904	101	1178895	1038148	0	2014-12-19 12:01:15.514397+00	0		
333	47	22096	127287	0	2011-05-16 15:03:23.368437+00	0		
334	47	219701	923842	0	2011-05-16 15:03:23.368437+00	0		
335	282	243610	330942	0	2011-05-16 15:03:23.368437+00	0		
336	47	31703	271061	0	2011-05-16 15:03:23.368437+00	0		
337	282	729211	330942	0	2011-05-16 15:03:23.368437+00	0		
338	47	538041	494497	0	2011-05-16 15:03:23.368437+00	0		
340	47	219701	923855	0	2011-05-16 15:03:23.368437+00	0		
341	47	339867	563363	0	2011-05-16 15:03:23.368437+00	0		
342	47	339867	405264	0	2011-05-16 15:03:23.368437+00	0		
343	101	471908	19124	0	2011-05-16 15:03:23.368437+00	0		
344	47	2101	776580	0	2011-05-16 15:03:23.368437+00	0		
345	47	207261	534039	0	2011-05-16 15:03:23.368437+00	0		
346	101	344931	679572	0	2011-05-16 15:03:23.368437+00	0		
348	47	397	497133	0	2011-05-16 15:03:23.368437+00	0		
349	47	97847	630647	0	2011-05-16 15:03:23.368437+00	0		
350	47	387	302445	0	2011-05-16 15:03:23.368437+00	0		
351	101	438568	17249	0	2011-05-16 15:03:23.368437+00	0		
352	101	435605	232313	0	2011-05-16 15:03:23.368437+00	0		
353	47	34	135189	0	2011-05-16 15:03:23.368437+00	0		
356	47	54	461587	0	2011-05-16 15:03:23.368437+00	0		
358	47	137428	609530	0	2011-05-16 15:03:23.368437+00	0		
359	47	221310	612386	0	2011-05-16 15:03:23.368437+00	0		
360	101	451217	99021	0	2011-05-16 15:03:23.368437+00	0		
361	47	28	342309	0	2011-05-16 15:03:23.368437+00	0		
363	47	926	209354	0	2011-05-16 15:03:23.368437+00	0		
364	47	10302	210674	0	2011-05-16 15:03:23.368437+00	0		
365	47	303	612850	0	2011-05-16 15:03:23.368437+00	0		
366	47	2863	145351	0	2011-05-16 15:03:23.368437+00	0		
367	47	303	295459	0	2011-05-16 15:03:23.368437+00	0		
368	47	2586	492650	0	2011-05-16 15:03:23.368437+00	0		
369	47	1158	612861	0	2011-05-16 15:03:23.368437+00	0		
370	47	1374	612863	0	2011-05-16 15:03:23.368437+00	0		
371	101	494567	744579	0	2011-05-16 15:03:23.368437+00	0		
372	101	437351	612427	0	2011-05-16 15:03:23.368437+00	0		
374	101	732829	588299	0	2011-05-16 15:03:23.368437+00	0		
375	101	732830	588299	0	2011-05-16 15:03:23.368437+00	0		
2721	47	192	951447	0	2012-07-20 22:55:18.765894+00	0		
377	47	9366	517321	0	2011-05-16 15:03:23.368437+00	0		
378	282	413068	697710	0	2011-05-16 15:03:23.368437+00	0		
269	47	29	771676	0	2015-06-21 09:11:07.521203+00	0		
379	101	732831	588299	0	2011-05-16 15:03:23.368437+00	0		
380	101	437148	102294	0	2011-05-16 15:03:23.368437+00	0		
381	101	558090	124853	0	2011-05-16 15:03:23.368437+00	0		
382	47	10170	781842	0	2011-05-16 15:03:23.368437+00	0		
383	282	559008	360164	0	2011-05-16 15:03:23.368437+00	0		
384	101	581643	955886	0	2011-05-16 15:03:23.368437+00	0		
385	101	732882	955886	0	2011-05-16 15:03:23.368437+00	0		
386	101	581645	955886	0	2011-05-16 15:03:23.368437+00	0		
387	47	431	269376	0	2011-05-16 15:03:23.368437+00	0		
388	282	732885	955886	0	2011-05-16 15:03:23.368437+00	0		
389	282	444282	955886	0	2011-05-16 15:03:23.368437+00	0		
390	47	1762	610587	0	2011-05-16 15:03:23.368437+00	0		
391	47	39688	936174	0	2011-05-16 15:03:23.368437+00	0		
392	47	197	410941	0	2011-05-16 15:03:23.368437+00	0		
393	47	64482	609662	0	2011-05-16 15:03:23.368437+00	0		
394	47	148712	603990	0	2011-05-16 15:03:23.368437+00	0		
395	47	44008	609679	0	2011-05-16 15:03:23.368437+00	0		
396	101	680106	152801	0	2011-05-16 15:03:23.368437+00	0		
324	47	1587	315885	0	2014-01-07 22:01:48.81667+00	0		
398	47	1218	609424	0	2011-05-16 15:03:23.368437+00	0		
399	47	813	434030	0	2011-05-16 15:03:23.368437+00	0		
400	47	5794	137019	0	2011-05-16 15:03:23.368437+00	0		
401	47	825	118113	0	2011-05-16 15:03:23.368437+00	0		
402	47	825	131173	0	2011-05-16 15:03:23.368437+00	0		
329	101	436650	382775	0	2012-05-05 22:00:27.683496+00	0		
404	101	735288	980087	0	2011-05-16 15:03:23.368437+00	0		
405	101	431096	566640	0	2011-05-16 15:03:23.368437+00	0		
406	101	476492	980087	0	2011-05-16 15:03:23.368437+00	0		
407	47	1419	609133	0	2011-05-16 15:03:23.368437+00	0		
408	47	241	609139	0	2011-05-16 15:03:23.368437+00	0		
397	47	12101	604358	0	2011-08-28 08:00:12.107916+00	0		
357	47	1786	635507	0	2012-08-12 18:00:09.625437+00	0		
362	47	938	613315	0	2013-04-07 20:03:22.236742+00	0		
311	47	9751	616472	0	2012-12-17 20:12:42.68435+00	0		
373	47	104368	784127	0	2013-12-29 02:00:22.433468+00	0		
339	282	61861	32291	0	2014-02-23 18:00:18.27425+00	0		
409	282	710782	954810	0	2011-05-16 15:03:23.368437+00	0		
410	101	435024	592005	0	2011-05-16 15:03:23.368437+00	0		
411	101	435025	592005	0	2011-05-16 15:03:23.368437+00	0		
412	47	926	608127	0	2011-05-16 15:03:23.368437+00	0		
414	47	12153	607466	0	2011-05-16 15:03:23.368437+00	0		
415	47	251	608096	0	2011-05-16 15:03:23.368437+00	0		
416	47	11330	608014	0	2011-05-16 15:03:23.368437+00	0		
417	47	1352	608566	0	2011-05-16 15:03:23.368437+00	0		
418	47	129	422279	0	2011-05-16 15:03:23.368437+00	0		
421	47	10302	607915	0	2011-05-16 15:03:23.368437+00	0		
422	47	11330	608131	0	2011-05-16 15:03:23.368437+00	0		
423	47	187	608068	0	2011-05-16 15:03:23.368437+00	0		
425	47	1757	116669	0	2011-05-16 15:03:23.368437+00	0		
426	47	192	607747	0	2011-05-16 15:03:23.368437+00	0		
2722	47	408948	1179413	0	2012-07-22 15:03:10.737839+00	0		
428	47	1605	607753	0	2011-05-16 15:03:23.368437+00	0		
429	47	317	607784	0	2011-05-16 15:03:23.368437+00	0		
431	47	61101	607791	0	2011-05-16 15:03:23.368437+00	0		
432	101	592564	637290	0	2011-05-16 15:03:23.368437+00	0		
433	101	732809	549748	0	2011-05-16 15:03:23.368437+00	0		
434	101	378294	74184	0	2011-05-16 15:03:23.368437+00	0		
435	47	3198	829104	0	2011-05-16 15:03:23.368437+00	0		
436	101	430895	556744	0	2011-05-16 15:03:23.368437+00	0		
437	101	272656	556744	0	2011-05-16 15:03:23.368437+00	0		
438	101	279144	556744	0	2011-05-16 15:03:23.368437+00	0		
439	47	94	606140	0	2011-05-16 15:03:23.368437+00	0		
440	47	1183	263865	0	2011-05-16 15:03:23.368437+00	0		
441	101	435767	407796	0	2011-05-16 15:03:23.368437+00	0		
442	47	375875	123978	0	2011-05-16 15:03:23.368437+00	0		
443	47	303	424456	0	2011-05-16 15:03:23.368437+00	0		
445	101	432813	69557	0	2011-05-16 15:03:23.368437+00	0		
446	47	407	585240	0	2011-05-16 15:03:23.368437+00	0		
447	101	435329	139181	0	2011-05-16 15:03:23.368437+00	0		
448	47	34724	604690	0	2011-05-16 15:03:23.368437+00	0		
449	101	432812	69557	0	2011-05-16 15:03:23.368437+00	0		
450	47	303	376956	0	2011-05-16 15:03:23.368437+00	0		
451	101	435330	139181	0	2011-05-16 15:03:23.368437+00	0		
452	47	8430	240543	0	2011-05-16 15:03:23.368437+00	0		
453	101	435338	38256	0	2011-05-16 15:03:23.368437+00	0		
454	101	431972	8947	0	2011-05-16 15:03:23.368437+00	0		
455	101	416571	38256	0	2011-05-16 15:03:23.368437+00	0		
2733	47	1419	1178301	0	2012-07-27 16:56:55.061536+00	0		
457	101	435337	38256	0	2011-05-16 15:03:23.368437+00	0		
458	101	344931	168622	0	2011-05-16 15:03:23.368437+00	0		
459	101	435336	38256	0	2011-05-16 15:03:23.368437+00	0		
460	101	435336	28401	0	2011-05-16 15:03:23.368437+00	0		
461	47	380	608105	0	2011-05-16 15:03:23.368437+00	0		
462	47	813	608080	0	2011-05-16 15:03:23.368437+00	0		
463	47	1492	607944	0	2011-05-16 15:03:23.368437+00	0		
544	47	815	586971	0	2011-07-13 16:03:10.058926+00	0		
465	47	381	349858	0	2011-05-16 15:03:23.368437+00	0		
466	47	1352	477801	0	2011-05-16 15:03:23.368437+00	0		
467	47	825	607935	0	2011-05-16 15:03:23.368437+00	0		
469	101	435337	28401	0	2011-05-16 15:03:23.368437+00	0		
470	47	197	607988	0	2011-05-16 15:03:23.368437+00	0		
471	47	85634	608107	0	2011-05-16 15:03:23.368437+00	0		
472	47	177894	784374	0	2011-05-16 15:03:23.368437+00	0		
419	47	184817	702707	0	2012-09-03 19:11:39.867474+00	0		
475	101	416571	28401	0	2011-05-16 15:03:23.368437+00	0		
476	101	431101	452841	0	2011-05-16 15:03:23.368437+00	0		
477	101	431096	452841	0	2011-05-16 15:03:23.368437+00	0		
478	101	344931	452841	0	2011-05-16 15:03:23.368437+00	0		
479	47	368	608111	0	2011-05-16 15:03:23.368437+00	0		
480	47	1026	602615	0	2011-05-16 15:03:23.368437+00	0		
481	47	1503	330598	0	2011-05-16 15:03:23.368437+00	0		
482	47	21609	377087	0	2011-05-16 15:03:23.368437+00	0		
483	47	510	608118	0	2011-05-16 15:03:23.368437+00	0		
484	47	191	512260	0	2011-05-16 15:03:23.368437+00	0		
485	47	317	608005	0	2011-05-16 15:03:23.368437+00	0		
486	47	36438	560842	0	2011-05-16 15:03:23.368437+00	0		
487	47	237150	534124	0	2011-05-16 15:03:23.368437+00	0		
488	101	387034	40661	0	2011-05-16 15:03:23.368437+00	0		
489	282	642836	127965	0	2011-05-16 15:03:23.368437+00	0		
493	47	1419	602156	0	2011-05-16 15:03:23.368437+00	0		
494	282	642836	711449	0	2011-05-16 15:03:23.368437+00	0		
420	47	17	594890	0	2013-08-07 05:01:08.662147+00	0		
496	47	191	330148	0	2011-05-16 15:03:23.368437+00	0		
497	47	511983	697896	0	2011-05-16 15:03:23.368437+00	0		
498	101	286700	131897	0	2011-05-16 15:03:23.368437+00	0		
499	47	4344	596330	0	2011-05-16 15:03:23.368437+00	0		
531	47	6595	802734	0	2014-12-18 15:00:58.655812+00	0		
501	47	3198	334255	0	2011-05-16 15:03:23.368437+00	0		
503	47	5556	577548	0	2011-05-16 15:03:23.368437+00	0		
505	101	531083	796387	0	2011-05-16 15:03:23.368437+00	0		
506	47	426797	550612	0	2011-05-16 15:03:23.368437+00	0		
507	47	317	402451	0	2011-05-16 15:03:23.368437+00	0		
508	47	407	560601	0	2011-05-16 15:03:23.368437+00	0		
509	47	317	470889	0	2011-05-16 15:03:23.368437+00	0		
510	47	926	265203	0	2011-05-16 15:03:23.368437+00	0		
511	47	926	39729	0	2011-05-16 15:03:23.368437+00	0		
512	47	926	113965	0	2011-05-16 15:03:23.368437+00	0		
513	47	926	218612	0	2011-05-16 15:03:23.368437+00	0		
514	47	154555	593700	0	2011-05-16 15:03:23.368437+00	0		
516	47	303	61854	0	2011-05-16 15:03:23.368437+00	0		
517	101	424960	501778	0	2011-05-16 15:03:23.368437+00	0		
518	47	578939	802952	0	2011-05-16 15:03:23.368437+00	0		
519	101	652183	602079	0	2011-05-16 15:03:23.368437+00	0		
520	101	652178	602079	0	2011-05-16 15:03:23.368437+00	0		
521	47	132621	677192	0	2011-05-16 15:03:23.368437+00	0		
523	47	49352	592005	0	2011-05-16 15:03:23.368437+00	0		
524	101	475011	602079	0	2011-05-16 15:03:23.368437+00	0		
525	47	31121	631761	0	2011-05-16 15:03:23.368437+00	0		
526	101	652182	602079	0	2011-05-16 15:03:23.368437+00	0		
527	47	156207	417506	0	2011-05-16 15:03:23.368437+00	0		
528	101	652184	602079	0	2011-05-16 15:03:23.368437+00	0		
529	282	652185	602079	0	2011-05-16 15:03:23.368437+00	0		
530	47	191	592306	0	2011-05-16 15:03:23.368437+00	0		
532	47	222888	589820	0	2011-05-16 15:03:23.368437+00	0		
533	47	9618	586602	0	2011-05-16 15:03:23.368437+00	0		
535	47	66401	531395	0	2011-05-16 15:03:23.368437+00	0		
536	47	94515	419259	0	2011-05-16 15:03:23.368437+00	0		
537	101	611619	58014	0	2011-05-16 15:03:23.368437+00	0		
538	282	423305	356479	0	2011-05-16 15:03:23.368437+00	0		
539	101	705636	948591	0	2011-05-16 15:03:23.368437+00	0		
540	47	21961	589290	0	2011-05-16 15:03:23.368437+00	0		
541	47	192	587522	0	2011-05-16 15:03:23.368437+00	0		
542	47	3025	589301	0	2011-05-16 15:03:23.368437+00	0		
468	47	2990	150221	0	2012-06-04 15:12:03.346166+00	0		
534	47	83497	135854	0	2011-09-13 09:02:21.895928+00	0		
543	47	248826	311675	0	2011-09-24 21:02:00.835063+00	0		
502	282	292350	666641	0	2014-02-06 21:00:57.349395+00	0		
522	47	146368	680608	0	2011-12-17 16:02:44.068385+00	0		
491	47	1419	602148	0	2012-01-23 23:03:40.967319+00	0		
2683	47	78333	822369	0	2012-04-22 14:22:21.43445+00	0		
473	47	22351	373746	0	2012-09-11 12:07:47.874821+00	0		
413	47	846	607466	0	2012-05-07 20:09:04.96592+00	0		
545	47	1419	749014	0	2011-05-16 15:03:23.368437+00	0		
546	101	196253	288740	0	2011-05-16 15:03:23.368437+00	0		
547	47	160792	305846	0	2011-05-16 15:03:23.368437+00	0		
548	101	420871	588267	0	2011-05-16 15:03:23.368437+00	0		
549	47	40822	295244	0	2011-05-16 15:03:23.368437+00	0		
550	101	729734	875710	0	2011-05-16 15:03:23.368437+00	0		
551	101	615801	967945	0	2011-05-16 15:03:23.368437+00	0		
552	101	729735	875710	0	2011-05-16 15:03:23.368437+00	0		
553	101	638129	967945	0	2011-05-16 15:03:23.368437+00	0		
554	47	51703	903814	0	2011-05-16 15:03:23.368437+00	0		
555	101	765172	967945	0	2011-05-16 15:03:23.368437+00	0		
556	47	248369	585285	0	2011-05-16 15:03:23.368437+00	0		
557	47	248369	585324	0	2011-05-16 15:03:23.368437+00	0		
558	47	303	411695	0	2011-05-16 15:03:23.368437+00	0		
559	47	9698	903811	0	2011-05-16 15:03:23.368437+00	0		
560	101	733164	967945	0	2011-05-16 15:03:23.368437+00	0		
561	47	2593	569623	0	2011-05-16 15:03:23.368437+00	0		
562	101	378294	414754	0	2011-05-16 15:03:23.368437+00	0		
563	47	14727	854890	0	2011-05-16 15:03:23.368437+00	0		
565	47	25	458242	0	2011-05-16 15:03:23.368437+00	0		
566	47	303	537236	0	2011-05-16 15:03:23.368437+00	0		
567	282	420044	581223	0	2011-05-16 15:03:23.368437+00	0		
568	101	420049	581223	0	2011-05-16 15:03:23.368437+00	0		
569	101	378294	22696	0	2011-05-16 15:03:23.368437+00	0		
570	47	308686	587012	0	2011-05-16 15:03:23.368437+00	0		
571	47	38419	586406	0	2011-05-16 15:03:23.368437+00	0		
572	47	197369	583333	0	2011-05-16 15:03:23.368437+00	0		
573	47	926	106754	0	2011-05-16 15:03:23.368437+00	0		
574	47	64489	585372	0	2011-05-16 15:03:23.368437+00	0		
575	282	239863	43610	0	2011-05-16 15:03:23.368437+00	0		
576	47	416986	475848	0	2011-05-16 15:03:23.368437+00	0		
577	47	132018	722311	0	2011-05-16 15:03:23.368437+00	0		
578	101	459251	749050	0	2011-05-16 15:03:23.368437+00	0		
2491	47	32262	1080837	0	2011-07-14 18:05:14.862947+00	0		
580	47	825	321847	0	2011-05-16 15:03:23.368437+00	0		
581	47	3416	298252	0	2011-05-16 15:03:23.368437+00	0		
582	282	534219	687086	0	2011-05-16 15:03:23.368437+00	0		
583	101	459251	749052	0	2011-05-16 15:03:23.368437+00	0		
585	101	59906	749054	0	2011-05-16 15:03:23.368437+00	0		
586	47	40922	620667	0	2011-05-16 15:03:23.368437+00	0		
588	101	367908	749011	0	2011-05-16 15:03:23.368437+00	0		
589	47	2124	305905	0	2011-05-16 15:03:23.368437+00	0		
590	101	417125	583152	0	2011-05-16 15:03:23.368437+00	0		
592	101	291215	491779	0	2011-05-16 15:03:23.368437+00	0		
593	47	93	106868	0	2011-05-16 15:03:23.368437+00	0		
594	101	388825	27280	0	2011-05-16 15:03:23.368437+00	0		
595	101	378730	27280	0	2011-05-16 15:03:23.368437+00	0		
596	47	813	778094	0	2011-05-16 15:03:23.368437+00	0		
597	101	471908	664000	0	2011-05-16 15:03:23.368437+00	0		
598	47	2228	171910	0	2011-05-16 15:03:23.368437+00	0		
599	101	416571	104782	0	2011-05-16 15:03:23.368437+00	0		
600	47	243396	965539	0	2011-05-16 15:03:23.368437+00	0		
601	47	314796	466913	0	2011-05-16 15:03:23.368437+00	0		
602	47	1158	885726	0	2011-05-16 15:03:23.368437+00	0		
604	47	241792	767105	0	2011-05-16 15:03:23.368437+00	0		
605	47	303	577602	0	2011-05-16 15:03:23.368437+00	0		
608	47	216622	828391	0	2011-05-16 15:03:23.368437+00	0		
272	47	1590	875770	0	2012-07-11 17:06:57.468036+00	0		
611	101	457885	753539	0	2011-05-16 15:03:23.368437+00	0		
612	101	435336	104782	0	2011-05-16 15:03:23.368437+00	0		
613	47	48723	662045	0	2011-05-16 15:03:23.368437+00	0		
614	282	516567	441933	0	2011-05-16 15:03:23.368437+00	0		
615	101	457885	753541	0	2011-05-16 15:03:23.368437+00	0		
616	47	56574	577598	0	2011-05-16 15:03:23.368437+00	0		
444	101	578633	116085	0	2014-09-07 19:00:29.033803+00	0		
3910	47	950	704997	0	2014-12-19 22:20:55.28633+00	0		
430	47	14411	607791	0	2015-02-09 19:01:00.869882+00	0		
587	101	420651	749054	0	2015-02-23 20:04:52.672261+00	0		
617	47	380	577604	0	2011-05-16 15:03:23.368437+00	0		
618	47	54	577608	0	2011-05-16 15:03:23.368437+00	0		
619	47	502	577607	0	2011-05-16 15:03:23.368437+00	0		
620	47	1014	577606	0	2011-05-16 15:03:23.368437+00	0		
621	101	416572	27280	0	2011-05-16 15:03:23.368437+00	0		
606	47	1671	572504	0	2015-06-22 03:08:11.03617+00	0		
427	47	89	105996	0	2015-08-14 08:04:01.738279+00	0		
622	101	457885	753543	0	2011-05-16 15:03:23.368437+00	0		
623	101	457885	753544	0	2011-05-16 15:03:23.368437+00	0		
624	101	435337	104782	0	2011-05-16 15:03:23.368437+00	0		
625	47	71	81455	0	2011-05-16 15:03:23.368437+00	0		
626	101	457885	753547	0	2011-05-16 15:03:23.368437+00	0		
627	47	481	579260	0	2011-05-16 15:03:23.368437+00	0		
628	47	481	142333	0	2011-05-16 15:03:23.368437+00	0		
629	101	457885	753550	0	2011-05-16 15:03:23.368437+00	0		
630	47	187141	487462	0	2011-05-16 15:03:23.368437+00	0		
631	47	34178	213261	0	2011-05-16 15:03:23.368437+00	0		
632	47	296332	297704	0	2011-05-16 15:03:23.368437+00	0		
634	101	457885	753559	0	2011-05-16 15:03:23.368437+00	0		
635	101	634926	857222	0	2011-05-16 15:03:23.368437+00	0		
636	101	457885	753562	0	2011-05-16 15:03:23.368437+00	0		
666	47	2557	760829	0	2015-03-15 06:00:19.603219+00	0		
639	47	66	532749	0	2011-05-16 15:03:23.368437+00	0		
640	47	66	401451	0	2011-05-16 15:03:23.368437+00	0		
641	101	344931	498041	0	2011-05-16 15:03:23.368437+00	0		
642	101	457885	753563	0	2011-05-16 15:03:23.368437+00	0		
643	47	192	232702	0	2011-05-16 15:03:23.368437+00	0		
644	47	14245	750797	0	2011-05-16 15:03:23.368437+00	0		
645	47	173320	573426	0	2011-05-16 15:03:23.368437+00	0		
646	101	410226	539557	0	2011-05-16 15:03:23.368437+00	0		
647	101	367908	502680	0	2011-05-16 15:03:23.368437+00	0		
2518	47	54	573687	0	2011-11-01 20:00:15.107909+00	0		
633	47	348	578785	0	2014-01-13 20:01:04.189431+00	0		
652	101	367908	224529	0	2011-05-16 15:03:23.368437+00	0		
653	101	410133	27147	0	2011-05-16 15:03:23.368437+00	0		
654	282	41488	755607	0	2011-05-16 15:03:23.368437+00	0		
655	101	365296	83173	0	2011-05-16 15:03:23.368437+00	0		
656	47	15636	283996	0	2011-05-16 15:03:23.368437+00	0		
657	101	382431	83173	0	2011-05-16 15:03:23.368437+00	0		
2530	47	387	1013299	0	2011-11-17 10:36:05.363498+00	0		
659	47	1485	571067	0	2011-05-16 15:03:23.368437+00	0		
660	101	733422	253023	0	2011-05-16 15:03:23.368437+00	0		
661	47	303	573515	0	2011-05-16 15:03:23.368437+00	0		
1470	47	249	463591	0	2011-07-19 09:02:14.268295+00	0		
664	47	973	571338	0	2011-05-16 15:03:23.368437+00	0		
2588	47	257188	1121994	0	2011-12-31 23:48:30.383006+00	0		
668	47	226337	571198	0	2011-05-16 15:03:23.368437+00	0		
671	47	317	450775	0	2011-05-16 15:03:23.368437+00	0		
672	47	1000	438992	0	2011-05-16 15:03:23.368437+00	0		
673	47	347	438998	0	2011-05-16 15:03:23.368437+00	0		
674	47	191	394821	0	2011-05-16 15:03:23.368437+00	0		
675	47	1000	569243	0	2011-05-16 15:03:23.368437+00	0		
678	47	317	571473	0	2011-05-16 15:03:23.368437+00	0		
679	47	2501	463074	0	2011-05-16 15:03:23.368437+00	0		
665	47	226337	571203	0	2013-01-02 13:29:29.342553+00	0		
649	47	32262	136102	0	2011-06-27 06:02:45.422065+00	0		
607	47	184	572504	0	2011-07-08 17:02:41.428505+00	0		
676	47	2382	252235	0	2012-07-14 12:25:01.146603+00	0		
3194	101	1010916	1255906	0	2013-12-31 21:00:17.030584+00	0		
663	47	2908	571354	0	2013-01-07 21:21:12.212881+00	0		
603	47	17	886470	0	2013-08-07 05:01:08.662147+00	0		
3456	101	1076394	1309725	0	2014-01-17 18:00:31.763259+00	0		
2917	101	928758	1111717	0	2013-09-09 07:00:59.748482+00	0		
681	47	54	456447	0	2011-05-16 15:03:23.368437+00	0		
682	47	242	200717	0	2011-05-16 15:03:23.368437+00	0		
684	47	1419	434112	0	2011-05-16 15:03:23.368437+00	0		
685	101	403921	78340	0	2011-05-16 15:03:23.368437+00	0		
686	47	233	157444	0	2011-05-16 15:03:23.368437+00	0		
687	101	571245	81883	0	2011-05-16 15:03:23.368437+00	0		
688	47	88	142768	0	2011-05-16 15:03:23.368437+00	0		
689	47	15016	302024	0	2011-05-16 15:03:23.368437+00	0		
691	47	723642	965681	0	2011-05-16 15:03:23.368437+00	0		
692	101	650347	180288	0	2011-05-16 15:03:23.368437+00	0		
693	47	2175	911731	0	2011-05-16 15:03:23.368437+00	0		
694	101	675634	911731	0	2011-05-16 15:03:23.368437+00	0		
695	47	36438	421211	0	2011-05-16 15:03:23.368437+00	0		
696	47	68644	718036	0	2011-05-16 15:03:23.368437+00	0		
697	101	661831	566998	0	2011-05-16 15:03:23.368437+00	0		
698	101	675637	911731	0	2011-05-16 15:03:23.368437+00	0		
699	101	661834	566998	0	2011-05-16 15:03:23.368437+00	0		
700	47	6656	679601	0	2011-05-16 15:03:23.368437+00	0		
701	101	661833	566998	0	2011-05-16 15:03:23.368437+00	0		
703	101	652182	566998	0	2011-05-16 15:03:23.368437+00	0		
704	282	652185	566998	0	2011-05-16 15:03:23.368437+00	0		
705	47	11790	497509	0	2011-05-16 15:03:23.368437+00	0		
706	47	31246	795604	0	2011-05-16 15:03:23.368437+00	0		
709	47	918	217933	0	2011-05-16 15:03:23.368437+00	0		
710	47	360	187241	0	2011-05-16 15:03:23.368437+00	0		
711	47	192	492509	0	2011-05-16 15:03:23.368437+00	0		
712	47	1158	295188	0	2011-05-16 15:03:23.368437+00	0		
714	47	191	533972	0	2011-05-16 15:03:23.368437+00	0		
715	47	481	536110	0	2011-05-16 15:03:23.368437+00	0		
716	47	48734	532784	0	2011-05-16 15:03:23.368437+00	0		
717	47	14423	551801	0	2011-05-16 15:03:23.368437+00	0		
718	47	32354	302671	0	2011-05-16 15:03:23.368437+00	0		
719	47	197	358619	0	2011-05-16 15:03:23.368437+00	0		
720	47	243617	541408	0	2011-05-16 15:03:23.368437+00	0		
721	47	40	530401	0	2011-05-16 15:03:23.368437+00	0		
722	47	197	551274	0	2011-05-16 15:03:23.368437+00	0		
723	47	1000	518382	0	2011-05-16 15:03:23.368437+00	0		
724	47	43501	542137	0	2011-05-16 15:03:23.368437+00	0		
725	47	163142	516171	0	2011-05-16 15:03:23.368437+00	0		
727	47	146720	380154	0	2011-05-16 15:03:23.368437+00	0		
728	47	3257	560487	0	2011-05-16 15:03:23.368437+00	0		
729	47	2591	480127	0	2011-05-16 15:03:23.368437+00	0		
730	47	52557	558370	0	2011-05-16 15:03:23.368437+00	0		
731	47	20660	522232	0	2011-05-16 15:03:23.368437+00	0		
732	47	11170	480131	0	2011-05-16 15:03:23.368437+00	0		
733	47	71	547448	0	2011-05-16 15:03:23.368437+00	0		
736	101	723771	965856	0	2011-05-16 15:03:23.368437+00	0		
738	47	1197	559383	0	2011-05-16 15:03:23.368437+00	0		
739	47	39	861382	0	2011-05-16 15:03:23.368437+00	0		
2723	47	14917	1179234	0	2012-07-23 03:49:08.775977+00	0		
741	47	303	560759	0	2011-05-16 15:03:23.368437+00	0		
742	47	1664	895196	0	2011-05-16 15:03:23.368437+00	0		
677	101	652602	592058	0	2014-06-23 21:00:16.751779+00	0		
737	47	1324	11265	0	2015-04-13 12:03:21.540518+00	0		
743	47	149213	512752	0	2011-05-16 15:03:23.368437+00	0		
744	47	24162	291275	0	2011-05-16 15:03:23.368437+00	0		
745	47	2586	209000	0	2011-05-16 15:03:23.368437+00	0		
751	47	112760	372484	0	2013-05-24 23:00:19.081747+00	0		
747	47	154366	785395	0	2011-05-16 15:03:23.368437+00	0		
748	101	397833	141782	0	2011-05-16 15:03:23.368437+00	0		
749	101	378294	141782	0	2011-05-16 15:03:23.368437+00	0		
669	47	81886	571480	0	2015-06-11 00:01:29.657984+00	0		
670	47	529	492510	0	2015-08-13 17:00:13.538423+00	0		
750	101	367908	141782	0	2011-05-16 15:03:23.368437+00	0		
752	47	2319	8577	0	2011-05-16 15:03:23.368437+00	0		
753	47	42	343156	0	2011-05-16 15:03:23.368437+00	0		
754	47	1352	558692	0	2011-05-16 15:03:23.368437+00	0		
755	47	4645	559233	0	2011-05-16 15:03:23.368437+00	0		
756	47	42	173280	0	2011-05-16 15:03:23.368437+00	0		
757	47	42	558702	0	2011-05-16 15:03:23.368437+00	0		
758	47	42	558697	0	2011-05-16 15:03:23.368437+00	0		
759	47	42	558829	0	2011-05-16 15:03:23.368437+00	0		
760	47	8871	558741	0	2011-05-16 15:03:23.368437+00	0		
761	47	317	560495	0	2011-05-16 15:03:23.368437+00	0		
762	47	303	559969	0	2011-05-16 15:03:23.368437+00	0		
726	47	11783	560489	0	2011-10-13 15:04:06.815261+00	0		
764	101	385412	506684	0	2011-05-16 15:03:23.368437+00	0		
765	101	397234	557370	0	2011-05-16 15:03:23.368437+00	0		
766	101	397235	557370	0	2011-05-16 15:03:23.368437+00	0		
767	101	397237	557380	0	2011-05-16 15:03:23.368437+00	0		
770	47	3198	560491	0	2011-05-16 15:03:23.368437+00	0		
771	47	38930	855520	0	2011-05-16 15:03:23.368437+00	0		
772	47	282252	443054	0	2011-05-16 15:03:23.368437+00	0		
774	47	191	557433	0	2011-05-16 15:03:23.368437+00	0		
776	47	192	393316	0	2011-05-16 15:03:23.368437+00	0		
777	47	172901	556973	0	2011-05-16 15:03:23.368437+00	0		
778	47	51737	797458	0	2011-05-16 15:03:23.368437+00	0		
779	101	673060	147685	0	2011-05-16 15:03:23.368437+00	0		
780	101	673061	147685	0	2011-05-16 15:03:23.368437+00	0		
781	47	1693	258369	0	2011-05-16 15:03:23.368437+00	0		
782	47	238109	554235	0	2011-05-16 15:03:23.368437+00	0		
783	47	1693	509758	0	2011-05-16 15:03:23.368437+00	0		
784	101	673062	147685	0	2011-05-16 15:03:23.368437+00	0		
785	47	10511	253773	0	2011-05-16 15:03:23.368437+00	0		
786	101	661834	147685	0	2011-05-16 15:03:23.368437+00	0		
787	47	205195	557724	0	2011-05-16 15:03:23.368437+00	0		
788	101	475011	147685	0	2011-05-16 15:03:23.368437+00	0		
789	47	303	599158	0	2011-05-16 15:03:23.368437+00	0		
790	47	782	551858	0	2011-05-16 15:03:23.368437+00	0		
792	101	529466	722216	0	2011-05-16 15:03:23.368437+00	0		
793	101	276954	803447	0	2011-05-16 15:03:23.368437+00	0		
795	47	124066	659690	0	2011-05-16 15:03:23.368437+00	0		
796	101	407245	871911	0	2011-05-16 15:03:23.368437+00	0		
797	47	47	523016	0	2011-05-16 15:03:23.368437+00	0		
798	282	522696	711587	0	2011-05-16 15:03:23.368437+00	0		
799	101	614858	491034	0	2011-05-16 15:03:23.368437+00	0		
800	101	643149	871911	0	2011-05-16 15:03:23.368437+00	0		
801	47	30042	491881	0	2011-05-16 15:03:23.368437+00	0		
802	47	30042	223386	0	2011-05-16 15:03:23.368437+00	0		
803	47	4344	37864	0	2011-05-16 15:03:23.368437+00	0		
804	101	459104	264051	0	2011-05-16 15:03:23.368437+00	0		
805	47	244058	486657	0	2011-05-16 15:03:23.368437+00	0		
807	47	1122	273229	0	2011-05-16 15:03:23.368437+00	0		
809	47	2586	266300	0	2011-05-16 15:03:23.368437+00	0		
690	47	330447	187975	0	2012-11-02 23:07:33.389232+00	0		
811	47	454689	718707	0	2011-05-16 15:03:23.368437+00	0		
812	47	2107	537965	0	2011-05-16 15:03:23.368437+00	0		
813	47	10440	337983	0	2011-05-16 15:03:23.368437+00	0		
814	282	330578	36999	0	2011-05-16 15:03:23.368437+00	0		
815	47	248250	535178	0	2011-05-16 15:03:23.368437+00	0		
816	47	15684	531406	0	2011-05-16 15:03:23.368437+00	0		
791	47	2327	205248	0	2013-12-29 10:03:14.536127+00	0		
702	47	359	215421	0	2014-01-19 05:00:22.653903+00	0		
740	47	103459	559794	0	2012-04-23 20:04:46.959382+00	0		
713	47	1022	95882	0	2012-05-22 06:10:11.162282+00	0		
683	47	51948	365801	0	2012-06-13 17:04:09.913381+00	0		
734	47	38298	561546	0	2012-06-29 09:06:23.15085+00	0		
708	47	20479	797382	0	2013-06-02 16:00:29.145559+00	0		
806	47	17	772841	0	2013-08-07 05:01:08.662147+00	0		
773	101	481076	130916	0	2013-08-28 18:03:13.689425+00	0		
775	101	481077	130916	0	2013-08-28 18:03:13.689425+00	0		
769	101	152798	717488	0	2013-11-08 21:00:39.715109+00	0		
819	47	56698	152401	0	2011-05-16 15:03:23.368437+00	0		
820	101	144783	637598	0	2011-05-16 15:03:23.368437+00	0		
821	47	16521	822792	0	2011-05-16 15:03:23.368437+00	0		
822	101	475011	637598	0	2011-05-16 15:03:23.368437+00	0		
824	47	1147	680037	0	2011-05-16 15:03:23.368437+00	0		
825	47	14917	900209	0	2011-05-16 15:03:23.368437+00	0		
827	47	58636	530422	0	2011-05-16 15:03:23.368437+00	0		
828	47	58636	530424	0	2011-05-16 15:03:23.368437+00	0		
2589	47	139794	1122466	0	2012-01-02 21:39:59.726386+00	0		
830	47	45440	168250	0	2011-05-16 15:03:23.368437+00	0		
832	47	158670	93586	0	2011-05-16 15:03:23.368437+00	0		
833	47	98450	895443	0	2011-05-16 15:03:23.368437+00	0		
836	47	2050	506279	0	2011-05-16 15:03:23.368437+00	0		
837	101	450549	772930	0	2011-05-16 15:03:23.368437+00	0		
838	101	639283	527173	0	2011-05-16 15:03:23.368437+00	0		
839	101	128758	735156	0	2011-05-16 15:03:23.368437+00	0		
840	101	475058	115057	0	2011-05-16 15:03:23.368437+00	0		
842	101	243604	115057	0	2011-05-16 15:03:23.368437+00	0		
844	101	475059	115057	0	2011-05-16 15:03:23.368437+00	0		
846	101	631476	137699	0	2011-05-16 15:03:23.368437+00	0		
847	101	475060	115057	0	2011-05-16 15:03:23.368437+00	0		
848	101	635226	137699	0	2011-05-16 15:03:23.368437+00	0		
849	47	77992	306021	0	2011-05-16 15:03:23.368437+00	0		
850	47	42084	409013	0	2011-05-16 15:03:23.368437+00	0		
852	47	2709	493672	0	2011-05-16 15:03:23.368437+00	0		
853	47	22505	155751	0	2011-05-16 15:03:23.368437+00	0		
854	282	570178	772988	0	2011-05-16 15:03:23.368437+00	0		
3457	47	138	470970	0	2014-01-11 10:26:12.41498+00	0		
856	47	303	189180	0	2011-05-16 15:03:23.368437+00	0		
857	47	10302	235886	0	2011-05-16 15:03:23.368437+00	0		
858	282	444281	731264	0	2011-05-16 15:03:23.368437+00	0		
859	282	91	866804	0	2011-05-16 15:03:23.368437+00	0		
860	47	191	174718	0	2011-05-16 15:03:23.368437+00	0		
861	101	619123	836375	0	2011-05-16 15:03:23.368437+00	0		
862	47	11072	549444	0	2011-05-16 15:03:23.368437+00	0		
864	101	619136	836375	0	2011-05-16 15:03:23.368437+00	0		
865	47	79898	546439	0	2011-05-16 15:03:23.368437+00	0		
866	101	619137	836375	0	2011-05-16 15:03:23.368437+00	0		
868	101	431096	875858	0	2011-05-16 15:03:23.368437+00	0		
869	47	21400	148945	0	2011-05-16 15:03:23.368437+00	0		
870	101	673089	305600	0	2011-05-16 15:03:23.368437+00	0		
871	101	724159	601620	0	2011-05-16 15:03:23.368437+00	0		
872	47	1693	149363	0	2011-05-16 15:03:23.368437+00	0		
873	47	147021	545762	0	2011-05-16 15:03:23.368437+00	0		
874	47	9350	121609	0	2011-05-16 15:03:23.368437+00	0		
875	47	20959	478274	0	2011-05-16 15:03:23.368437+00	0		
794	47	51541	326448	0	2015-06-07 12:58:38.636442+00	0		
707	47	956	489384	0	2015-06-18 22:04:56.095528+00	0		
768	101	397237	214148	0	2015-09-14 20:03:50.439206+00	0		
876	47	303	283004	0	2011-05-16 15:03:23.368437+00	0		
877	47	36415	67604	0	2011-05-16 15:03:23.368437+00	0		
878	47	3303	6110	0	2011-05-16 15:03:23.368437+00	0		
879	101	491504	409580	0	2011-05-16 15:03:23.368437+00	0		
880	101	387034	47549	0	2011-05-16 15:03:23.368437+00	0		
881	101	387035	47549	0	2011-05-16 15:03:23.368437+00	0		
882	101	387036	47549	0	2011-05-16 15:03:23.368437+00	0		
883	101	491507	409580	0	2011-05-16 15:03:23.368437+00	0		
1492	47	249	204436	0	2011-07-19 09:02:14.268295+00	0		
886	47	66	543767	0	2011-05-16 15:03:23.368437+00	0		
887	47	3303	164554	0	2011-05-16 15:03:23.368437+00	0		
888	47	1418	833273	0	2011-05-16 15:03:23.368437+00	0		
889	47	924	544473	0	2011-05-16 15:03:23.368437+00	0		
890	47	910	136012	0	2011-05-16 15:03:23.368437+00	0		
891	47	11330	866389	0	2011-05-16 15:03:23.368437+00	0		
892	101	529664	278499	0	2011-05-16 15:03:23.368437+00	0		
893	282	693051	759006	0	2011-05-16 15:03:23.368437+00	0		
894	101	529665	278499	0	2011-05-16 15:03:23.368437+00	0		
895	101	698634	869405	0	2011-05-16 15:03:23.368437+00	0		
896	47	236	511796	0	2011-05-16 15:03:23.368437+00	0		
897	101	385190	114873	0	2011-05-16 15:03:23.368437+00	0		
898	282	385197	114873	0	2011-05-16 15:03:23.368437+00	0		
899	47	7615	540948	0	2011-05-16 15:03:23.368437+00	0		
901	282	559499	759006	0	2011-05-16 15:03:23.368437+00	0		
902	101	446824	786109	0	2011-05-16 15:03:23.368437+00	0		
903	47	36340	117663	0	2011-05-16 15:03:23.368437+00	0		
904	47	15732	423340	0	2011-05-16 15:03:23.368437+00	0		
906	47	3766	937527	0	2011-05-16 15:03:23.368437+00	0		
907	101	471908	572510	0	2011-05-16 15:03:23.368437+00	0		
910	47	127856	545036	0	2011-05-16 15:03:23.368437+00	0		
946	47	15937	327404	0	2012-01-17 21:05:28.717282+00	0		
905	47	1831	423340	0	2013-09-03 00:00:13.884648+00	0		
913	47	2735	172415	0	2011-05-16 15:03:23.368437+00	0		
916	47	5440	11449	0	2011-05-16 15:03:23.368437+00	0		
917	47	825	543314	0	2011-05-16 15:03:23.368437+00	0		
919	47	431	100111	0	2011-05-16 15:03:23.368437+00	0		
920	47	407	468400	0	2011-05-16 15:03:23.368437+00	0		
922	47	303	199343	0	2011-05-16 15:03:23.368437+00	0		
3879	47	940064	1463702	0	2014-11-22 21:17:16.718826+00	0		
925	47	5135	289994	0	2011-05-16 15:03:23.368437+00	0		
843	47	4352	149310	0	2011-11-19 11:00:08.719384+00	0		
927	101	494567	658613	0	2011-05-16 15:03:23.368437+00	0		
928	47	675605	974558	0	2011-05-16 15:03:23.368437+00	0		
929	47	20	542277	0	2011-05-16 15:03:23.368437+00	0		
930	101	385412	4167	0	2011-05-16 15:03:23.368437+00	0		
931	101	529743	833532	0	2011-05-16 15:03:23.368437+00	0		
932	101	350462	23615	0	2011-05-16 15:03:23.368437+00	0		
3015	47	407	950535	0	2013-01-27 14:20:47.192506+00	0		
935	47	191	839743	0	2011-05-16 15:03:23.368437+00	0		
936	101	666117	180224	0	2011-05-16 15:03:23.368437+00	0		
937	47	1637	222863	0	2011-05-16 15:03:23.368437+00	0		
938	47	66	542377	0	2011-05-16 15:03:23.368437+00	0		
939	101	666121	180224	0	2011-05-16 15:03:23.368437+00	0		
940	101	666122	180224	0	2011-05-16 15:03:23.368437+00	0		
941	47	10138	448704	0	2011-05-16 15:03:23.368437+00	0		
942	47	779	267740	0	2011-05-16 15:03:23.368437+00	0		
943	47	177894	298861	0	2011-05-16 15:03:23.368437+00	0		
944	47	1114	261854	0	2011-05-16 15:03:23.368437+00	0		
945	47	71	89386	0	2011-05-16 15:03:23.368437+00	0		
947	47	4818	142640	0	2011-05-16 15:03:23.368437+00	0		
948	47	734438	933758	0	2011-05-16 15:03:23.368437+00	0		
949	101	556839	24798	0	2011-05-16 15:03:23.368437+00	0		
950	47	55097	539256	0	2011-05-16 15:03:23.368437+00	0		
951	101	558780	758239	0	2011-05-16 15:03:23.368437+00	0		
867	47	1128	853713	0	2011-07-08 08:02:13.99733+00	0		
826	47	800494	130553	0	2011-12-15 20:00:07.640354+00	0		
835	47	17	294183	0	2013-08-07 05:01:08.662147+00	0		
915	47	17	148753	0	2013-08-07 05:01:08.662147+00	0		
817	47	182	656504	0	2012-03-30 06:06:16.515093+00	0		
2934	282	575921	1157143	0	2012-12-07 18:00:22.436132+00	0		
900	47	7615	361924	0	2012-04-23 21:03:59.999992+00	0		
2597	47	39033	1127960	0	2012-04-16 12:05:48.689227+00	0		
845	101	471908	19215	0	2012-05-03 16:05:47.420196+00	0		
831	47	1539	321304	0	2013-06-21 18:00:24.718834+00	0		
923	282	369836	19403	0	2013-08-11 18:01:20.659619+00	0		
855	282	93	1311804	0	2013-10-27 10:00:53.067068+00	0		
863	101	733713	1311804	0	2013-10-27 10:00:53.067068+00	0		
953	101	473700	758239	0	2011-05-16 15:03:23.368437+00	0		
954	47	52727	120875	0	2011-05-16 15:03:23.368437+00	0		
955	101	669116	735943	0	2011-05-16 15:03:23.368437+00	0		
956	282	558780	758239	0	2011-05-16 15:03:23.368437+00	0		
957	282	676058	912180	0	2011-05-16 15:03:23.368437+00	0		
958	47	52097	539119	0	2011-05-16 15:03:23.368437+00	0		
959	47	12679	385477	0	2011-05-16 15:03:23.368437+00	0		
960	47	14554	488080	0	2011-05-16 15:03:23.368437+00	0		
962	101	449795	532698	0	2011-05-16 15:03:23.368437+00	0		
964	47	51478	478193	0	2011-05-16 15:03:23.368437+00	0		
965	47	1344	292164	0	2011-05-16 15:03:23.368437+00	0		
2673	47	21388	1152434	0	2012-04-12 01:52:00.511835+00	0		
2724	47	14917	1179552	0	2012-07-23 04:51:28.970263+00	0		
969	47	1477	94909	0	2011-05-16 15:03:23.368437+00	0		
971	47	14423	536948	0	2011-05-16 15:03:23.368437+00	0		
972	47	446	104133	0	2011-05-16 15:03:23.368437+00	0		
973	47	22568	481782	0	2011-05-16 15:03:23.368437+00	0		
974	47	1940	534627	0	2011-05-16 15:03:23.368437+00	0		
975	101	566366	551951	0	2011-05-16 15:03:23.368437+00	0		
2531	47	387	767859	0	2011-11-17 10:37:03.022691+00	0		
978	101	471908	651879	0	2011-05-16 15:03:23.368437+00	0		
841	47	1954	548824	0	2015-03-07 11:02:51.424857+00	0		
3183	47	1128	1269660	0	2013-05-18 09:35:31.167972+00	0		
981	101	385301	237484	0	2011-05-16 15:03:23.368437+00	0		
982	47	14245	856446	0	2011-05-16 15:03:23.368437+00	0		
983	47	24474	967085	0	2011-05-16 15:03:23.368437+00	0		
984	47	80906	336282	0	2011-05-16 15:03:23.368437+00	0		
985	47	14245	856437	0	2011-05-16 15:03:23.368437+00	0		
986	47	63782	354390	0	2011-05-16 15:03:23.368437+00	0		
987	47	306960	259923	0	2011-05-16 15:03:23.368437+00	0		
988	101	506770	256937	0	2011-05-16 15:03:23.368437+00	0		
989	101	631393	717488	0	2011-05-16 15:03:23.368437+00	0		
990	47	2333	531074	0	2011-05-16 15:03:23.368437+00	0		
991	47	14245	856452	0	2011-05-16 15:03:23.368437+00	0		
1014	47	24080	108849	0	2013-07-10 04:00:20.998003+00	0		
1086	47	1921	101938	0	2013-09-13 08:00:17.761117+00	0		
1018	47	34107	412814	0	2014-01-13 20:01:14.873546+00	0		
818	47	956	552772	0	2015-06-18 22:04:56.095528+00	0		
952	47	31713	389687	0	2015-07-09 14:00:50.264085+00	0		
909	101	471908	368614	0	2015-07-19 13:01:34.425287+00	0		
961	101	350462	164638	0	2014-04-26 14:01:01.403573+00	0		
998	47	137445	680220	0	2011-05-16 15:03:23.368437+00	0		
999	47	14245	856464	0	2011-05-16 15:03:23.368437+00	0		
1000	101	505976	265353	0	2011-05-16 15:03:23.368437+00	0		
1003	47	8376	27796	0	2012-04-29 12:06:11.741437+00	0		
1101	47	6595	145875	0	2014-12-18 15:00:58.655812+00	0		
1005	47	298	532675	0	2011-05-16 15:03:23.368437+00	0		
1006	282	506779	599982	0	2011-05-16 15:03:23.368437+00	0		
1007	101	573856	776166	0	2011-05-16 15:03:23.368437+00	0		
1010	47	53180	130010	0	2011-05-16 15:03:23.368437+00	0		
1011	282	506779	265353	0	2011-05-16 15:03:23.368437+00	0		
1012	47	9350	444649	0	2011-05-16 15:03:23.368437+00	0		
1013	101	502433	599982	0	2011-05-16 15:03:23.368437+00	0		
1015	47	15684	531411	0	2011-05-16 15:03:23.368437+00	0		
1016	47	910	284560	0	2011-05-16 15:03:23.368437+00	0		
1017	47	44143	153413	0	2011-05-16 15:03:23.368437+00	0		
1019	47	32938	9287	0	2011-05-16 15:03:23.368437+00	0		
1020	47	2122	376065	0	2011-05-16 15:03:23.368437+00	0		
1021	47	2068	327017	0	2011-05-16 15:03:23.368437+00	0		
1022	47	15684	531404	0	2011-05-16 15:03:23.368437+00	0		
1024	47	24162	149258	0	2011-05-16 15:03:23.368437+00	0		
1025	47	63482	529474	0	2011-05-16 15:03:23.368437+00	0		
1026	47	7197	6477	0	2011-05-16 15:03:23.368437+00	0		
1027	47	45841	118392	0	2011-05-16 15:03:23.368437+00	0		
1028	47	2107	454887	0	2011-05-16 15:03:23.368437+00	0		
1029	47	333036	707523	0	2011-05-16 15:03:23.368437+00	0		
1030	101	370298	363401	0	2011-05-16 15:03:23.368437+00	0		
1031	47	1637	529359	0	2011-05-16 15:03:23.368437+00	0		
1032	101	370297	363401	0	2011-05-16 15:03:23.368437+00	0		
1033	47	89955	164689	0	2011-05-16 15:03:23.368437+00	0		
1034	47	3641	131551	0	2011-05-16 15:03:23.368437+00	0		
1035	47	66179	530403	0	2011-05-16 15:03:23.368437+00	0		
1036	47	49224	512728	0	2011-05-16 15:03:23.368437+00	0		
1037	101	344931	349972	0	2011-05-16 15:03:23.368437+00	0		
1038	47	2122	276420	0	2011-05-16 15:03:23.368437+00	0		
1039	47	303	530413	0	2011-05-16 15:03:23.368437+00	0		
976	101	559430	791259	0	2011-10-31 23:00:07.553277+00	0		
1042	47	1218	528574	0	2011-05-16 15:03:23.368437+00	0		
1043	47	191	532194	0	2011-05-16 15:03:23.368437+00	0		
1044	101	367664	57816	0	2011-05-16 15:03:23.368437+00	0		
1045	282	241292	57816	0	2011-05-16 15:03:23.368437+00	0		
1046	47	22348	354612	0	2011-05-16 15:03:23.368437+00	0		
1047	47	21829	282912	0	2011-05-16 15:03:23.368437+00	0		
1048	101	631476	210980	0	2011-05-16 15:03:23.368437+00	0		
2519	47	54	858073	0	2011-11-01 20:14:17.952887+00	0		
1050	47	41994	525124	0	2011-05-16 15:03:23.368437+00	0		
1051	101	367908	384931	0	2011-05-16 15:03:23.368437+00	0		
1052	47	1528	366666	0	2011-05-16 15:03:23.368437+00	0		
1008	47	2254	393932	0	2014-05-04 13:00:20.174113+00	0		
1056	47	4742	12817	0	2011-05-16 15:03:23.368437+00	0		
1057	47	240030	466927	0	2011-05-16 15:03:23.368437+00	0		
1058	282	559122	752335	0	2011-05-16 15:03:23.368437+00	0		
1061	47	4031	22050	0	2011-05-16 15:03:23.368437+00	0		
1062	47	16531	413046	0	2011-05-16 15:03:23.368437+00	0		
