192081	46	289580	909165	0	2011-11-17 03:00:44.621057+00	0		
277563	29	204	7922	0	2011-05-16 15:59:00.785958+00	0		
277564	29	204	280871	0	2011-05-16 15:59:00.785958+00	0		
23412	29	296	8309	0	2011-05-16 15:59:00.785958+00	0		
216354	29	313	1703	0	2011-05-16 15:59:00.785958+00	0		
216189	29	313	1705	0	2011-05-16 15:59:00.785958+00	0		
214671	29	313	1708	0	2011-05-16 15:59:00.785958+00	0		
216599	29	313	1710	0	2011-05-16 15:59:00.785958+00	0		
213469	29	313	1713	0	2011-05-16 15:59:00.785958+00	0		
213475	29	313	1716	0	2011-05-16 15:59:00.785958+00	0		
216948	29	313	1725	0	2011-05-16 15:59:00.785958+00	0		
213468	29	313	202396	0	2011-05-16 15:59:00.785958+00	0		
213467	29	313	273021	0	2011-05-16 15:59:00.785958+00	0		
214672	29	313	423448	0	2011-05-16 15:59:00.785958+00	0		
216188	29	313	527482	0	2011-05-16 15:59:00.785958+00	0		
213474	29	313	574591	0	2011-05-16 15:59:00.785958+00	0		
213470	29	313	625061	0	2011-05-16 15:59:00.785958+00	0		
213476	29	313	832337	0	2011-05-16 15:59:00.785958+00	0		
410966	331	1186085	1542500	0	2015-01-11 23:01:05.001375+00	0		
213479	29	313	1393462	0	2015-01-27 09:00:59.606339+00	0		
409132	36	1021660	1538724	0	2014-12-25 07:00:36.202253+00	0		
229173	29	1589	28738	0	2011-05-16 15:59:00.785958+00	0		
229174	29	1589	592716	0	2011-05-16 15:59:00.785958+00	0		
229175	29	1589	725888	0	2011-05-16 15:59:00.785958+00	0		
229176	29	1589	725889	0	2011-05-16 15:59:00.785958+00	0		
155974	29	1637	2537	0	2011-05-16 15:59:00.785958+00	0		
155276	29	1637	105903	0	2011-05-16 15:59:00.785958+00	0		
155975	29	1637	150856	0	2011-05-16 15:59:00.785958+00	0		
156762	29	1637	157410	0	2011-05-16 15:59:00.785958+00	0		
155972	29	1637	252910	0	2011-05-16 15:59:00.785958+00	0		
155973	29	1637	252911	0	2011-05-16 15:59:00.785958+00	0		
91966	29	2101	228333	0	2011-05-16 15:59:00.785958+00	0		
219118	29	2124	137	0	2011-05-16 15:59:00.785958+00	0		
270455	113	743214	421705	0	2012-04-09 10:00:08.071276+00	0		
219119	29	2124	43930	0	2011-05-16 15:59:00.785958+00	0		
219120	29	2124	739656	0	2011-05-16 15:59:00.785958+00	0		
109412	29	2494	8390	0	2011-05-16 15:59:00.785958+00	0		
109416	29	2494	274318	0	2011-05-16 15:59:00.785958+00	0		
109413	29	2494	303324	0	2011-05-16 15:59:00.785958+00	0		
109411	29	2494	303325	0	2011-05-16 15:59:00.785958+00	0		
109414	29	2494	397240	0	2011-05-16 15:59:00.785958+00	0		
109417	29	2494	641987	0	2011-05-16 15:59:00.785958+00	0		
102146	27136	415871	229436	0	2011-07-13 11:43:45.498292+00	0		
176290	29	2532	8062	0	2011-05-16 15:59:00.785958+00	0		
176289	29	2532	9157	0	2011-05-16 15:59:00.785958+00	0		
176283	29	2532	295325	0	2011-05-16 15:59:00.785958+00	0		
176284	29	2532	328093	0	2011-05-16 15:59:00.785958+00	0		
176285	29	2532	348508	0	2011-05-16 15:59:00.785958+00	0		
176286	29	2532	377017	0	2011-05-16 15:59:00.785958+00	0		
176287	29	2532	412550	0	2011-05-16 15:59:00.785958+00	0		
176288	29	2532	516775	0	2011-05-16 15:59:00.785958+00	0		
176291	29	2532	593350	0	2011-05-16 15:59:00.785958+00	0		
176292	29	2532	593351	0	2011-05-16 15:59:00.785958+00	0		
176293	29	2532	593352	0	2011-05-16 15:59:00.785958+00	0		
176294	29	2532	593353	0	2011-05-16 15:59:00.785958+00	0		
176295	29	2532	593354	0	2011-05-16 15:59:00.785958+00	0		
176296	29	2532	593355	0	2011-05-16 15:59:00.785958+00	0		
176297	29	2532	593356	0	2011-05-16 15:59:00.785958+00	0		
176298	29	2532	593357	0	2011-05-16 15:59:00.785958+00	0		
176299	29	2532	593358	0	2011-05-16 15:59:00.785958+00	0		
176300	29	2532	593359	0	2011-05-16 15:59:00.785958+00	0		
176301	29	2532	593360	0	2011-05-16 15:59:00.785958+00	0		
176302	29	2532	593361	0	2011-05-16 15:59:00.785958+00	0		
176303	29	2532	593362	0	2011-05-16 15:59:00.785958+00	0		
176304	29	2532	593363	0	2011-05-16 15:59:00.785958+00	0		
176305	29	2532	714648	0	2011-05-16 15:59:00.785958+00	0		
176307	29	2532	773306	0	2011-05-16 15:59:00.785958+00	0		
176306	29	2532	802049	0	2011-05-16 15:59:00.785958+00	0		
231985	29	2535	206400	0	2011-05-16 15:59:00.785958+00	0		
228733	29	2535	675960	0	2011-05-16 15:59:00.785958+00	0		
228734	29	2535	820624	0	2011-05-16 15:59:00.785958+00	0		
228735	29	2535	820625	0	2011-05-16 15:59:00.785958+00	0		
30978	29	2677	14109	0	2011-05-16 15:59:00.785958+00	0		
409133	46	534229	1538724	0	2014-12-25 07:00:36.215096+00	0		
215340	29	3128	371	0	2011-05-16 15:59:00.785958+00	0		
215338	29	3128	372	0	2011-05-16 15:59:00.785958+00	0		
215337	29	3128	373	0	2011-05-16 15:59:00.785958+00	0		
215325	29	3128	375	0	2011-05-16 15:59:00.785958+00	0		
214543	29	3128	376	0	2011-05-16 15:59:00.785958+00	0		
214544	29	3128	377	0	2011-05-16 15:59:00.785958+00	0		
215336	29	3128	284677	0	2011-05-16 15:59:00.785958+00	0		
215335	29	3128	292180	0	2011-05-16 15:59:00.785958+00	0		
215326	29	3128	292181	0	2011-05-16 15:59:00.785958+00	0		
215327	29	3128	292182	0	2011-05-16 15:59:00.785958+00	0		
215339	29	3128	292183	0	2011-05-16 15:59:00.785958+00	0		
215328	29	3128	292184	0	2011-05-16 15:59:00.785958+00	0		
215324	29	3128	292185	0	2011-05-16 15:59:00.785958+00	0		
215329	29	3128	292186	0	2011-05-16 15:59:00.785958+00	0		
215330	29	3128	292187	0	2011-05-16 15:59:00.785958+00	0		
215331	29	3128	292188	0	2011-05-16 15:59:00.785958+00	0		
215332	29	3128	292189	0	2011-05-16 15:59:00.785958+00	0		
215333	29	3128	292190	0	2011-05-16 15:59:00.785958+00	0		
214539	29	3128	292198	0	2011-05-16 15:59:00.785958+00	0		
214540	29	3128	292199	0	2011-05-16 15:59:00.785958+00	0		
214541	29	3128	292200	0	2011-05-16 15:59:00.785958+00	0		
214542	29	3128	292201	0	2011-05-16 15:59:00.785958+00	0		
155404	29	3327	683822	0	2011-05-16 15:59:00.785958+00	0		
195013	29	5010	4077	0	2011-05-16 15:59:00.785958+00	0		
195541	29	5010	4080	0	2011-05-16 15:59:00.785958+00	0		
195540	29	5010	409350	0	2011-05-16 15:59:00.785958+00	0		
195542	29	5010	812824	0	2011-05-16 15:59:00.785958+00	0		
195014	29	5010	829972	0	2011-05-16 15:59:00.785958+00	0		
195015	29	5010	829973	0	2011-05-16 15:59:00.785958+00	0		
195016	29	5010	829974	0	2011-05-16 15:59:00.785958+00	0		
195017	29	5010	829975	0	2011-05-16 15:59:00.785958+00	0		
195018	29	5010	829976	0	2011-05-16 15:59:00.785958+00	0		
195006	29	5010	829977	0	2011-05-16 15:59:00.785958+00	0		
195007	29	5010	829978	0	2011-05-16 15:59:00.785958+00	0		
195008	29	5010	829979	0	2011-05-16 15:59:00.785958+00	0		
195009	29	5010	829980	0	2011-05-16 15:59:00.785958+00	0		
195010	29	5010	829981	0	2011-05-16 15:59:00.785958+00	0		
409134	46	638754	1538724	0	2014-12-25 07:00:36.24638+00	0		
413446	73	1191788	1552655	0	2015-01-26 01:00:40.329587+00	0		
195011	29	5010	829982	0	2011-05-16 15:59:00.785958+00	0		
195012	29	5010	829983	0	2011-05-16 15:59:00.785958+00	0		
326930	131	905861	1178411	0	2012-07-31 20:00:16.738811+00	0		
215334	29	3128	374	0	2015-07-27 22:00:33.012542+00	0		
91964	29	2101	228331	0	2014-04-25 08:00:30.554938+00	0		
333812	75142	123219	187488	0	2012-11-27 14:00:13.004566+00	0		
333813	65	123219	187488	0	2012-11-27 14:00:13.022118+00	0		
333811	75	37924	187488	0	2012-11-27 14:00:12.98167+00	0		
219117	29	2124	21112	0	2011-10-25 23:00:07.559028+00	0		
240628	29	938	1020444	0	2013-04-07 20:03:22.236742+00	0		
353541	117572	723168	1190534	0	2013-05-15 17:00:43.867414+00	0		
353542	117572	723147	1190534	0	2013-05-15 17:00:44.421437+00	0		
118837	29	817	5662	0	2014-05-08 23:01:35.218295+00	0		
28926	29	5033	18767	0	2011-05-16 15:59:00.785958+00	0		
28925	29	5033	562678	0	2011-05-16 15:59:00.785958+00	0		
156021	29	5132	19616	0	2011-05-16 15:59:00.785958+00	0		
137665	29	5132	19621	0	2011-05-16 15:59:00.785958+00	0		
156022	29	5132	779003	0	2011-05-16 15:59:00.785958+00	0		
187455	29	5147	18614	0	2011-05-16 15:59:00.785958+00	0		
41519	29	5232	451878	0	2011-05-16 15:59:00.785958+00	0		
41520	29	5232	451879	0	2011-05-16 15:59:00.785958+00	0		
77702	29	5521	703722	0	2011-05-16 15:59:00.785958+00	0		
209702	29	6083	224555	0	2011-05-16 15:59:00.785958+00	0		
209703	29	6083	552147	0	2011-05-16 15:59:00.785958+00	0		
199439	29	8551	69959	0	2011-05-16 15:59:00.785958+00	0		
291982	29	8672	200526	0	2011-05-16 15:59:00.785958+00	0		
291983	29	8672	720855	0	2011-05-16 15:59:00.785958+00	0		
271767	29	9272	315885	0	2011-05-16 15:59:00.785958+00	0		
271768	29	9272	315886	0	2011-05-16 15:59:00.785958+00	0		
15081	29	9406	8010	0	2011-05-16 15:59:00.785958+00	0		
118960	29	9406	181149	0	2011-05-16 15:59:00.785958+00	0		
15083	29	9406	269342	0	2011-05-16 15:59:00.785958+00	0		
15082	29	9406	269344	0	2011-05-16 15:59:00.785958+00	0		
189074	29	9535	26967	0	2011-05-16 15:59:00.785958+00	0		
189075	29	9535	586138	0	2011-05-16 15:59:00.785958+00	0		
120019	29	10138	137237	0	2011-05-16 15:59:00.785958+00	0		
120018	29	10138	282056	0	2011-05-16 15:59:00.785958+00	0		
120020	29	10138	448277	0	2011-05-16 15:59:00.785958+00	0		
120021	29	10138	619002	0	2011-05-16 15:59:00.785958+00	0		
94428	73	415309	228829	0	2013-05-15 18:00:36.955234+00	0		
298540	29	11584	778320	0	2011-05-16 15:59:00.785958+00	0		
40218	29	11826	16532	0	2011-05-16 15:59:00.785958+00	0		
40215	29	11826	16533	0	2011-05-16 15:59:00.785958+00	0		
40217	29	11826	16534	0	2011-05-16 15:59:00.785958+00	0		
40216	29	11826	16535	0	2011-05-16 15:59:00.785958+00	0		
76140	29	15883	14219	0	2011-05-16 15:59:00.785958+00	0		
253316	29	15883	51984	0	2011-05-16 15:59:00.785958+00	0		
253317	29	15883	741640	0	2011-05-16 15:59:00.785958+00	0		
61395	29	16409	996038	0	2011-05-16 15:59:00.785958+00	0		
187170	29	21720	239099	0	2011-05-16 15:59:00.785958+00	0		
198857	29	21723	10393	0	2011-05-16 15:59:00.785958+00	0		
198856	29	21723	382013	0	2011-05-16 15:59:00.785958+00	0		
333815	150	123219	187488	0	2012-11-27 14:00:13.053351+00	0		
372513	37	708875	1297964	0	2014-01-13 22:00:24.3631+00	0		
171435	29	33866	189288	0	2011-11-15 10:00:04.820041+00	0		
152939	29	22031	173219	0	2011-05-16 15:59:00.785958+00	0		
144209	29	22348	180902	0	2011-05-16 15:59:00.785958+00	0		
144210	29	22348	420206	0	2011-05-16 15:59:00.785958+00	0		
198835	29	22803	570547	0	2011-05-16 15:59:00.785958+00	0		
265032	29	22940	20039	0	2011-05-16 15:59:00.785958+00	0		
261881	29	22940	20041	0	2011-05-16 15:59:00.785958+00	0		
270091	29	22940	75358	0	2011-05-16 15:59:00.785958+00	0		
262092	29	22940	75365	0	2011-05-16 15:59:00.785958+00	0		
270289	29	22940	75377	0	2011-05-16 15:59:00.785958+00	0		
268692	29	22940	75385	0	2011-05-16 15:59:00.785958+00	0		
268773	29	22940	75388	0	2011-05-16 15:59:00.785958+00	0		
267011	29	22940	75389	0	2011-05-16 15:59:00.785958+00	0		
270291	29	22940	79596	0	2011-05-16 15:59:00.785958+00	0		
259224	29	22940	105458	0	2011-05-16 15:59:00.785958+00	0		
262954	29	22940	168509	0	2011-05-16 15:59:00.785958+00	0		
262209	29	22940	174222	0	2011-05-16 15:59:00.785958+00	0		
262640	29	22940	211790	0	2011-05-16 15:59:00.785958+00	0		
262639	29	22940	332627	0	2011-05-16 15:59:00.785958+00	0		
262407	29	22940	332629	0	2011-05-16 15:59:00.785958+00	0		
320825	113	743214	1138997	0	2012-04-09 10:00:08.071276+00	0		
260794	29	22940	332634	0	2011-05-16 15:59:00.785958+00	0		
260416	29	22940	332635	0	2011-05-16 15:59:00.785958+00	0		
259869	29	22940	332637	0	2011-05-16 15:59:00.785958+00	0		
268542	29	23569	112583	0	2011-05-16 15:59:00.785958+00	0		
268543	29	23569	272991	0	2011-05-16 15:59:00.785958+00	0		
264009	29	23569	272992	0	2011-05-16 15:59:00.785958+00	0		
138546	29	23569	292536	0	2011-05-16 15:59:00.785958+00	0		
138548	29	23569	715599	0	2011-05-16 15:59:00.785958+00	0		
138549	29	23569	715600	0	2011-05-16 15:59:00.785958+00	0		
138550	29	23569	715601	0	2011-05-16 15:59:00.785958+00	0		
138547	29	23569	715604	0	2011-05-16 15:59:00.785958+00	0		
240644	29	24274	4178	0	2011-05-16 15:59:00.785958+00	0		
213485	29	24274	39114	0	2011-05-16 15:59:00.785958+00	0		
240643	29	24274	448907	0	2011-05-16 15:59:00.785958+00	0		
240645	29	24274	555605	0	2011-05-16 15:59:00.785958+00	0		
240646	29	24274	561653	0	2011-05-16 15:59:00.785958+00	0		
240647	29	24274	698037	0	2011-05-16 15:59:00.785958+00	0		
240648	29	24274	712105	0	2011-05-16 15:59:00.785958+00	0		
264344	29	31669	535332	0	2011-05-16 15:59:00.785958+00	0		
264343	29	31669	726820	0	2011-05-16 15:59:00.785958+00	0		
180845	29	32965	126125	0	2011-05-16 15:59:00.785958+00	0		
248357	29	33088	8075	0	2011-05-16 15:59:00.785958+00	0		
248716	29	33088	8262	0	2011-05-16 15:59:00.785958+00	0		
248355	29	33088	296530	0	2011-05-16 15:59:00.785958+00	0		
248356	29	33088	506065	0	2011-05-16 15:59:00.785958+00	0		
248358	29	33088	537249	0	2011-05-16 15:59:00.785958+00	0		
248359	29	33088	537250	0	2011-05-16 15:59:00.785958+00	0		
248360	29	33088	537251	0	2011-05-16 15:59:00.785958+00	0		
248361	29	33088	537252	0	2011-05-16 15:59:00.785958+00	0		
159500	29	33691	10207	0	2011-05-16 15:59:00.785958+00	0		
159511	29	33691	36036	0	2011-05-16 15:59:00.785958+00	0		
166756	29	33691	58449	0	2011-05-16 15:59:00.785958+00	0		
166757	29	33691	59731	0	2011-05-16 15:59:00.785958+00	0		
166758	29	33691	268894	0	2011-05-16 15:59:00.785958+00	0		
227966	29	33691	410342	0	2011-05-16 15:59:00.785958+00	0		
159510	29	33691	419528	0	2011-05-16 15:59:00.785958+00	0		
227965	29	33691	434325	0	2011-05-16 15:59:00.785958+00	0		
166759	29	33691	531830	0	2011-05-16 15:59:00.785958+00	0		
250105	29	33789	34217	0	2011-05-16 15:59:00.785958+00	0		
188135	29	11300	8187	0	2015-05-17 20:01:50.981784+00	0		
22594	29	33866	7806	0	2011-05-16 15:59:00.785958+00	0		
22074	29	33866	16001	0	2011-05-16 15:59:00.785958+00	0		
20451	29	33866	16008	0	2011-05-16 15:59:00.785958+00	0		
21010	29	33866	16009	0	2011-05-16 15:59:00.785958+00	0		
21531	29	33866	16010	0	2011-05-16 15:59:00.785958+00	0		
219348	29	24080	317829	0	2013-07-10 04:00:20.998003+00	0		
213899	29	24183	218	0	2015-07-26 13:01:13.33041+00	0		
236689	29	9543	128274	0	2015-08-09 23:01:17.095963+00	0		
171431	29	33866	69896	0	2011-05-16 15:59:00.785958+00	0		
21008	29	33866	164180	0	2011-05-16 15:59:00.785958+00	0		
171434	29	33866	189292	0	2011-05-16 15:59:00.785958+00	0		
171437	29	33866	189293	0	2011-05-16 15:59:00.785958+00	0		
171432	29	33866	251892	0	2011-05-16 15:59:00.785958+00	0		
171433	29	33866	251893	0	2011-05-16 15:59:00.785958+00	0		
137663	29	5132	322428	0	2013-09-01 04:00:14.924441+00	0		
20450	29	33866	338717	0	2011-05-16 15:59:00.785958+00	0		
261633	29	22940	332633	0	2012-01-05 20:01:26.557417+00	0		
89415	29	10681	714197	0	2012-02-29 11:06:20.800321+00	0		
352507	34	414489	228377	0	2013-04-27 02:19:51.677876+00	0		
375505	33	511872	1388057	0	2014-02-14 07:52:48.949279+00	0		
14731	29	10284	304976	0	2012-11-26 19:12:50.031616+00	0		
333814	28689	935875	187488	0	2012-11-27 14:00:13.039435+00	0		
152264	29	21709	65858	0	2013-04-21 21:00:26.678508+00	0		
216606	115473	33866	36494	0	2013-04-22 19:00:38.025431+00	0		
409135	73	426808	1538728	0	2014-12-25 07:01:28.595766+00	0		
21530	29	33866	338719	0	2011-05-16 15:59:00.785958+00	0		
21527	29	33866	338728	0	2011-05-16 15:59:00.785958+00	0		
21528	29	33866	338729	0	2011-05-16 15:59:00.785958+00	0		
21529	29	33866	338730	0	2011-05-16 15:59:00.785958+00	0		
22073	29	33866	338731	0	2011-05-16 15:59:00.785958+00	0		
22075	29	33866	338732	0	2011-05-16 15:59:00.785958+00	0		
22593	29	33866	338740	0	2011-05-16 15:59:00.785958+00	0		
22595	29	33866	338741	0	2011-05-16 15:59:00.785958+00	0		
21009	29	33866	343940	0	2011-05-16 15:59:00.785958+00	0		
22076	29	33866	501659	0	2011-05-16 15:59:00.785958+00	0		
22596	29	33866	656843	0	2011-05-16 15:59:00.785958+00	0		
22592	29	33866	680252	0	2011-05-16 15:59:00.785958+00	0		
22077	29	33866	725589	0	2011-05-16 15:59:00.785958+00	0		
22597	29	33866	725591	0	2011-05-16 15:59:00.785958+00	0		
48407	29	33895	25011	0	2011-05-16 15:59:00.785958+00	0		
314168	33	739332	424592	0	2011-10-30 13:58:00.238779+00	0		
314576	97	839930	287830	0	2011-12-01 06:00:10.544631+00	0		
237691	29	36491	115827	0	2011-05-16 15:59:00.785958+00	0		
237690	29	36491	156685	0	2011-05-16 15:59:00.785958+00	0		
299677	29	36634	784591	0	2011-05-16 15:59:00.785958+00	0		
171075	29	37386	14728	0	2011-05-16 15:59:00.785958+00	0		
171076	29	37386	676612	0	2011-05-16 15:59:00.785958+00	0		
171077	29	37386	678012	0	2011-05-16 15:59:00.785958+00	0		
116225	29	37444	109465	0	2011-05-16 15:59:00.785958+00	0		
265044	29	37444	397312	0	2011-05-16 15:59:00.785958+00	0		
412029	131	1188750	1549327	0	2015-01-11 23:50:40.296794+00	0		
412030	131	1188798	1549327	0	2015-01-11 23:50:40.296794+00	0		
65109	29	40003	277607	0	2011-05-16 15:59:00.785958+00	0		
40144	29	40004	56525	0	2011-05-16 15:59:00.785958+00	0		
113189	29	40350	399398	0	2011-05-16 15:59:00.785958+00	0		
116701	29	40350	510037	0	2011-05-16 15:59:00.785958+00	0		
59378	29	42036	265808	0	2011-05-16 15:59:00.785958+00	0		
59379	29	42036	265814	0	2011-05-16 15:59:00.785958+00	0		
103487	29	44815	8450	0	2011-05-16 15:59:00.785958+00	0		
103484	29	44815	9168	0	2011-05-16 15:59:00.785958+00	0		
103485	29	44815	266187	0	2011-05-16 15:59:00.785958+00	0		
103486	29	44815	365506	0	2011-05-16 15:59:00.785958+00	0		
251381	29	44815	427159	0	2011-05-16 15:59:00.785958+00	0		
103488	29	44815	484790	0	2011-05-16 15:59:00.785958+00	0		
103489	29	44815	678024	0	2011-05-16 15:59:00.785958+00	0		
103491	29	44815	798913	0	2011-05-16 15:59:00.785958+00	0		
103490	29	44815	799309	0	2011-05-16 15:59:00.785958+00	0		
207223	29	45601	27714	0	2011-05-16 15:59:00.785958+00	0		
207081	29	45601	50095	0	2011-05-16 15:59:00.785958+00	0		
208324	29	45601	50132	0	2011-05-16 15:59:00.785958+00	0		
207224	29	45601	50922	0	2011-05-16 15:59:00.785958+00	0		
207225	29	45601	166338	0	2011-05-16 15:59:00.785958+00	0		
207082	29	45601	475422	0	2011-05-16 15:59:00.785958+00	0		
38277	29	45651	349338	0	2011-05-16 15:59:00.785958+00	0		
144799	29	46949	166	0	2011-05-16 15:59:00.785958+00	0		
160863	29	47380	8150	0	2011-05-16 15:59:00.785958+00	0		
107396	29	48235	40329	0	2011-05-16 15:59:00.785958+00	0		
107391	29	48235	262718	0	2011-05-16 15:59:00.785958+00	0		
107394	29	48235	262719	0	2011-05-16 15:59:00.785958+00	0		
107392	29	48235	262720	0	2011-05-16 15:59:00.785958+00	0		
107395	29	48235	262721	0	2011-05-16 15:59:00.785958+00	0		
107393	29	48235	309137	0	2011-05-16 15:59:00.785958+00	0		
107397	29	48235	634493	0	2011-05-16 15:59:00.785958+00	0		
173723	29	48382	46235	0	2011-05-16 15:59:00.785958+00	0		
47930	29	48733	486421	0	2011-05-16 15:59:00.785958+00	0		
47926	29	48733	486451	0	2011-05-16 15:59:00.785958+00	0		
47927	29	48733	486452	0	2011-05-16 15:59:00.785958+00	0		
47928	29	48733	486453	0	2011-05-16 15:59:00.785958+00	0		
47929	29	48733	486454	0	2011-05-16 15:59:00.785958+00	0		
47924	29	48733	486561	0	2011-05-16 15:59:00.785958+00	0		
320841	113	743214	612594	0	2012-04-09 10:00:08.071276+00	0		
58100	29	50841	262025	0	2011-05-16 15:59:00.785958+00	0		
57863	29	50841	262029	0	2011-05-16 15:59:00.785958+00	0		
305376	29	50841	820355	0	2011-05-16 15:59:00.785958+00	0		
110917	29	51541	201802	0	2011-05-16 15:59:00.785958+00	0		
174873	29	52977	9447	0	2011-05-16 15:59:00.785958+00	0		
174893	29	52977	9450	0	2011-05-16 15:59:00.785958+00	0		
174375	29	52977	161308	0	2011-05-16 15:59:00.785958+00	0		
154874	29	52977	372259	0	2011-05-16 15:59:00.785958+00	0		
154875	29	52977	381253	0	2011-05-16 15:59:00.785958+00	0		
174874	29	52977	493620	0	2011-05-16 15:59:00.785958+00	0		
174376	29	52977	803103	0	2011-05-16 15:59:00.785958+00	0		
170311	29	53967	320702	0	2011-05-16 15:59:00.785958+00	0		
315287	34	438061	1100379	0	2011-12-21 13:00:11.375293+00	0		
73660	29	56182	399960	0	2011-05-16 15:59:00.785958+00	0		
234787	29	57818	405642	0	2011-05-16 15:59:00.785958+00	0		
47021	29	58171	235650	0	2011-05-16 15:59:00.785958+00	0		
47925	29	48733	334565	0	2014-07-14 13:00:54.024785+00	0		
78959	29	38813	40766	0	2014-09-14 20:01:58.968769+00	0		
78960	29	38813	458668	0	2014-09-14 20:01:58.968769+00	0		
128622	29	60040	8219	0	2011-05-16 15:59:00.785958+00	0		
128620	29	60040	277060	0	2011-05-16 15:59:00.785958+00	0		
128621	29	60040	591190	0	2011-05-16 15:59:00.785958+00	0		
181490	29	60437	274077	0	2011-05-16 15:59:00.785958+00	0		
181485	29	60440	274077	0	2011-05-16 15:59:00.785958+00	0		
51167	29	61074	185631	0	2011-05-16 15:59:00.785958+00	0		
180203	29	61074	512459	0	2011-05-16 15:59:00.785958+00	0		
232786	29	59656	668982	0	2015-08-07 23:01:48.334938+00	0		
351785	33	652939	136922	0	2013-04-27 03:00:09.179118+00	0		
333816	65	935875	187488	0	2012-11-27 14:00:13.069332+00	0		
351787	114988	335759	136922	0	2013-04-27 03:00:09.249+00	0		
149253	29	61966	157829	0	2012-05-11 18:07:05.283124+00	0		
305717	29	68615	29405	0	2011-05-16 15:59:00.785958+00	0		
279866	29	70492	262621	0	2011-05-16 15:59:00.785958+00	0		
189427	29	71504	110690	0	2011-05-16 15:59:00.785958+00	0		
210604	29	72185	2579	0	2011-05-16 15:59:00.785958+00	0		
212530	29	76273	42971	0	2011-05-16 15:59:00.785958+00	0		
212532	29	76273	180988	0	2011-05-16 15:59:00.785958+00	0		
212531	29	76273	180989	0	2011-05-16 15:59:00.785958+00	0		
212533	29	76273	743059	0	2011-05-16 15:59:00.785958+00	0		
212534	29	76273	790988	0	2011-05-16 15:59:00.785958+00	0		
101105	29	76306	22143	0	2011-05-16 15:59:00.785958+00	0		
101104	29	76306	254905	0	2011-05-16 15:59:00.785958+00	0		
101106	29	76306	699645	0	2011-05-16 15:59:00.785958+00	0		
101107	29	76306	712191	0	2011-05-16 15:59:00.785958+00	0		
101108	29	76306	813481	0	2011-05-16 15:59:00.785958+00	0		
138631	29	76833	9154	0	2011-05-16 15:59:00.785958+00	0		
138632	29	76833	64009	0	2011-05-16 15:59:00.785958+00	0		
146519	29	76833	120689	0	2011-05-16 15:59:00.785958+00	0		
145515	29	76833	165898	0	2011-05-16 15:59:00.785958+00	0		
138633	29	76833	183480	0	2011-05-16 15:59:00.785958+00	0		
9277	29	55817	114015	0	2011-10-03 03:00:59.346275+00	0		
5115	29	55817	13061	0	2011-10-03 22:00:41.080396+00	0		
168098	29	66062	382147	0	2012-01-28 12:00:06.779646+00	0		
170027	29	53489	148049	0	2012-02-04 18:03:11.456553+00	0		
269286	29	50837	56372	0	2012-02-17 14:00:08.487891+00	0		
322727	43	193822	1152752	0	2012-05-15 05:00:11.139432+00	0		
323721	33	738352	1157471	0	2012-05-28 16:00:17.385544+00	0		
146518	29	76833	263232	0	2011-05-16 15:59:00.785958+00	0		
146520	29	76833	263716	0	2011-05-16 15:59:00.785958+00	0		
138965	29	76833	284108	0	2011-05-16 15:59:00.785958+00	0		
138634	29	76833	634115	0	2011-05-16 15:59:00.785958+00	0		
145516	29	76833	634127	0	2011-05-16 15:59:00.785958+00	0		
145517	29	76833	785674	0	2011-05-16 15:59:00.785958+00	0		
200983	29	80431	1041910	0	2011-05-16 15:59:00.785958+00	0		
223933	29	87766	451542	0	2011-05-16 15:59:00.785958+00	0		
95735	29	90665	225339	0	2011-05-16 15:59:00.785958+00	0		
218533	29	95931	561940	0	2011-05-16 15:59:00.785958+00	0		
180249	29	95933	2289	0	2011-05-16 15:59:00.785958+00	0		
86854	29	97630	265942	0	2011-05-16 15:59:00.785958+00	0		
86855	29	97630	271631	0	2011-05-16 15:59:00.785958+00	0		
86853	29	97630	271632	0	2011-05-16 15:59:00.785958+00	0		
86856	29	97630	440292	0	2011-05-16 15:59:00.785958+00	0		
229442	29	99367	28738	0	2011-05-16 15:59:00.785958+00	0		
229443	29	99367	592716	0	2011-05-16 15:59:00.785958+00	0		
229444	29	99367	725888	0	2011-05-16 15:59:00.785958+00	0		
229445	29	99367	725889	0	2011-05-16 15:59:00.785958+00	0		
156019	29	99838	19616	0	2011-05-16 15:59:00.785958+00	0		
138383	29	99838	19621	0	2011-05-16 15:59:00.785958+00	0		
138084	29	99838	457348	0	2011-05-16 15:59:00.785958+00	0		
156020	29	99838	779003	0	2011-05-16 15:59:00.785958+00	0		
372514	145208	708875	1372864	0	2014-01-13 22:00:28.849826+00	0		
375506	33	1088235	1388057	0	2014-02-14 07:52:48.949279+00	0		
218624	29	102693	371	0	2011-05-16 15:59:00.785958+00	0		
218622	29	102693	372	0	2011-05-16 15:59:00.785958+00	0		
218621	29	102693	373	0	2011-05-16 15:59:00.785958+00	0		
218609	29	102693	375	0	2011-05-16 15:59:00.785958+00	0		
218620	29	102693	284677	0	2011-05-16 15:59:00.785958+00	0		
218619	29	102693	292180	0	2011-05-16 15:59:00.785958+00	0		
218610	29	102693	292181	0	2011-05-16 15:59:00.785958+00	0		
218611	29	102693	292182	0	2011-05-16 15:59:00.785958+00	0		
218623	29	102693	292183	0	2011-05-16 15:59:00.785958+00	0		
218612	29	102693	292184	0	2011-05-16 15:59:00.785958+00	0		
218608	29	102693	292185	0	2011-05-16 15:59:00.785958+00	0		
218613	29	102693	292186	0	2011-05-16 15:59:00.785958+00	0		
218614	29	102693	292187	0	2011-05-16 15:59:00.785958+00	0		
218615	29	102693	292188	0	2011-05-16 15:59:00.785958+00	0		
218616	29	102693	292189	0	2011-05-16 15:59:00.785958+00	0		
218617	29	102693	292190	0	2011-05-16 15:59:00.785958+00	0		
185811	29	105616	15004	0	2011-05-16 15:59:00.785958+00	0		
228388	29	107636	4707	0	2011-05-16 15:59:00.785958+00	0		
152558	29	108948	173219	0	2011-05-16 15:59:00.785958+00	0		
190328	29	110008	443037	0	2011-05-16 15:59:00.785958+00	0		
224122	29	111615	451542	0	2011-05-16 15:59:00.785958+00	0		
131201	29	112760	98448	0	2011-05-16 15:59:00.785958+00	0		
131200	29	112760	277107	0	2011-05-16 15:59:00.785958+00	0		
262905	29	112760	378940	0	2011-05-16 15:59:00.785958+00	0		
131202	29	112760	402992	0	2011-05-16 15:59:00.785958+00	0		
227567	29	115893	540478	0	2011-05-16 15:59:00.785958+00	0		
93792	29	116141	160478	0	2011-05-16 15:59:00.785958+00	0		
174493	29	120030	289673	0	2011-05-16 15:59:00.785958+00	0		
127123	29	120677	192445	0	2011-05-16 15:59:00.785958+00	0		
277785	29	122189	7922	0	2011-05-16 15:59:00.785958+00	0		
277786	29	122189	280871	0	2011-05-16 15:59:00.785958+00	0		
271785	29	124722	357322	0	2011-05-16 15:59:00.785958+00	0		
222563	29	125192	43496	0	2011-05-16 15:59:00.785958+00	0		
219270	29	125192	312266	0	2011-05-16 15:59:00.785958+00	0		
215452	29	125192	312267	0	2011-05-16 15:59:00.785958+00	0		
176189	29	126512	10345	0	2011-05-16 15:59:00.785958+00	0		
141561	29	129984	92027	0	2011-05-16 15:59:00.785958+00	0		
141560	29	129984	92028	0	2011-05-16 15:59:00.785958+00	0		
141562	29	129984	92029	0	2011-05-16 15:59:00.785958+00	0		
213740	29	130359	223	0	2011-05-16 15:59:00.785958+00	0		
341351	34	969331	226517	0	2013-01-24 18:35:58.081789+00	0		
225853	29	130672	98466	0	2011-05-16 15:59:00.785958+00	0		
134942	29	130672	385870	0	2011-05-16 15:59:00.785958+00	0		
225854	29	130672	387271	0	2011-05-16 15:59:00.785958+00	0		
275171	29	132242	641939	0	2011-05-16 15:59:00.785958+00	0		
275952	29	132242	641940	0	2011-05-16 15:59:00.785958+00	0		
275718	29	132242	645290	0	2011-05-16 15:59:00.785958+00	0		
409136	34	515055	1538743	0	2014-12-25 08:00:56.109719+00	0		
155281	29	133572	105903	0	2011-05-16 15:59:00.785958+00	0		
228785	29	135955	498807	0	2011-05-16 15:59:00.785958+00	0		
307178	29	136753	29405	0	2011-05-16 15:59:00.785958+00	0		
25644	29	137063	405235	0	2011-05-16 15:59:00.785958+00	0		
226158	29	140051	355201	0	2011-05-16 15:59:00.785958+00	0		
226159	29	140051	355202	0	2011-05-16 15:59:00.785958+00	0		
226160	29	140051	553256	0	2011-05-16 15:59:00.785958+00	0		
100928	29	146480	205258	0	2011-05-16 15:59:00.785958+00	0		
183255	29	148340	400041	0	2011-05-16 15:59:00.785958+00	0		
288908	29	150736	42191	0	2011-05-16 15:59:00.785958+00	0		
218618	29	102693	374	0	2015-07-27 22:00:33.012542+00	0		
265377	29	156840	535332	0	2011-05-16 15:59:00.785958+00	0		
265376	29	156840	726820	0	2011-05-16 15:59:00.785958+00	0		
157400	29	158335	12208	0	2011-05-16 15:59:00.785958+00	0		
174591	29	158335	12210	0	2011-05-16 15:59:00.785958+00	0		
311752	131	275320	229435	0	2011-07-13 11:46:14.612808+00	0		
174542	29	158335	12213	0	2011-05-16 15:59:00.785958+00	0		
174601	29	158335	18624	0	2011-05-16 15:59:00.785958+00	0		
174342	29	158335	18625	0	2011-05-16 15:59:00.785958+00	0		
175111	29	158335	40079	0	2011-05-16 15:59:00.785958+00	0		
175112	29	158335	43927	0	2011-05-16 15:59:00.785958+00	0		
175113	29	158335	44205	0	2011-05-16 15:59:00.785958+00	0		
174385	29	158335	56447	0	2011-05-16 15:59:00.785958+00	0		
174563	29	158335	56453	0	2011-05-16 15:59:00.785958+00	0		
215460	37	620398	756719	0	2011-08-11 11:02:56.962026+00	0		
155542	29	158335	105979	0	2011-05-16 15:59:00.785958+00	0		
152841	29	133575	133554	0	2012-10-26 19:06:34.054213+00	0		
157399	29	158335	315925	0	2011-05-16 15:59:00.785958+00	0		
174386	29	158335	327734	0	2011-05-16 15:59:00.785958+00	0		
174541	29	158335	624793	0	2011-05-16 15:59:00.785958+00	0		
174600	29	158335	643155	0	2011-05-16 15:59:00.785958+00	0		
174564	29	158335	643180	0	2011-05-16 15:59:00.785958+00	0		
162650	29	158335	732392	0	2011-05-16 15:59:00.785958+00	0		
160534	29	159640	92043	0	2011-05-16 15:59:00.785958+00	0		
160535	29	159640	463616	0	2011-05-16 15:59:00.785958+00	0		
216436	29	161264	770138	0	2011-05-16 15:59:00.785958+00	0		
215030	29	161264	943606	0	2011-05-16 15:59:00.785958+00	0		
85198	29	165042	162852	0	2011-05-16 15:59:00.785958+00	0		
222591	29	170524	310733	0	2011-05-16 15:59:00.785958+00	0		
132021	29	170836	105007	0	2011-05-16 15:59:00.785958+00	0		
86538	29	170836	359658	0	2011-05-16 15:59:00.785958+00	0		
86539	29	170836	359659	0	2011-05-16 15:59:00.785958+00	0		
201780	29	171553	31522	0	2011-05-16 15:59:00.785958+00	0		
333818	75143	809856	187488	0	2012-11-27 14:00:13.103831+00	0		
333819	472	187625	187488	0	2012-11-27 14:00:13.115392+00	0		
138381	29	99838	322428	0	2013-09-01 04:00:14.924441+00	0		
197102	29	102264	30282	0	2013-12-01 14:00:35.961788+00	0		
194679	29	102264	30283	0	2013-12-01 14:00:35.961788+00	0		
343095	55	805898	10407	0	2013-02-03 15:40:10.088754+00	0		
201779	29	171553	365020	0	2011-05-16 15:59:00.785958+00	0		
201778	29	171553	609848	0	2011-05-16 15:59:00.785958+00	0		
271600	29	173610	75722	0	2011-05-16 15:59:00.785958+00	0		
96953	29	173610	95860	0	2011-05-16 15:59:00.785958+00	0		
271599	29	173610	327222	0	2011-05-16 15:59:00.785958+00	0		
259058	29	174735	444108	0	2011-05-16 15:59:00.785958+00	0		
138402	29	177086	457348	0	2011-05-16 15:59:00.785958+00	0		
196260	29	177897	73795	0	2011-05-16 15:59:00.785958+00	0		
259832	29	178241	7909	0	2011-05-16 15:59:00.785958+00	0		
249679	29	178558	249515	0	2011-05-16 15:59:00.785958+00	0		
190526	29	178640	27578	0	2011-05-16 15:59:00.785958+00	0		
157481	29	178640	41919	0	2011-05-16 15:59:00.785958+00	0		
158559	29	178640	172795	0	2011-05-16 15:59:00.785958+00	0		
190525	29	178640	194558	0	2011-05-16 15:59:00.785958+00	0		
190524	29	178640	253343	0	2011-05-16 15:59:00.785958+00	0		
158560	29	178640	308822	0	2011-05-16 15:59:00.785958+00	0		
157482	29	178640	353514	0	2011-05-16 15:59:00.785958+00	0		
158561	29	178640	451308	0	2011-05-16 15:59:00.785958+00	0		
157483	29	178640	486383	0	2011-05-16 15:59:00.785958+00	0		
190527	29	178640	567889	0	2011-05-16 15:59:00.785958+00	0		
158562	29	178640	590970	0	2011-05-16 15:59:00.785958+00	0		
157484	29	178640	833395	0	2011-05-16 15:59:00.785958+00	0		
158563	29	178640	833398	0	2011-05-16 15:59:00.785958+00	0		
299492	29	179172	785443	0	2011-05-16 15:59:00.785958+00	0		
72986	29	180985	425282	0	2011-05-16 15:59:00.785958+00	0		
258020	29	181133	128544	0	2011-05-16 15:59:00.785958+00	0		
258713	29	181133	556107	0	2011-05-16 15:59:00.785958+00	0		
177905	29	182566	920872	0	2011-05-16 15:59:00.785958+00	0		
268776	29	183589	18466	0	2011-05-16 15:59:00.785958+00	0		
183261	29	195911	29182	0	2011-05-16 15:59:00.785958+00	0		
231228	29	195911	53986	0	2011-05-16 15:59:00.785958+00	0		
183492	29	200655	400041	0	2011-05-16 15:59:00.785958+00	0		
212300	29	203031	293777	0	2011-05-16 15:59:00.785958+00	0		
211711	29	204560	124676	0	2011-05-16 15:59:00.785958+00	0		
252635	29	204564	20608	0	2011-05-16 15:59:00.785958+00	0		
71272	29	204564	50666	0	2011-05-16 15:59:00.785958+00	0		
73155	29	204564	50672	0	2011-05-16 15:59:00.785958+00	0		
76163	29	204564	50673	0	2011-05-16 15:59:00.785958+00	0		
217305	29	204564	85217	0	2011-05-16 15:59:00.785958+00	0		
217307	29	204564	97635	0	2011-05-16 15:59:00.785958+00	0		
253325	29	204564	188114	0	2011-05-16 15:59:00.785958+00	0		
217306	29	204564	271705	0	2011-05-16 15:59:00.785958+00	0		
252636	29	204564	282978	0	2011-05-16 15:59:00.785958+00	0		
71274	29	204564	334278	0	2011-05-16 15:59:00.785958+00	0		
71273	29	204564	334279	0	2011-05-16 15:59:00.785958+00	0		
253323	29	204564	473453	0	2011-05-16 15:59:00.785958+00	0		
253324	29	204564	473454	0	2011-05-16 15:59:00.785958+00	0		
217308	29	204564	669654	0	2011-05-16 15:59:00.785958+00	0		
252637	29	204564	691840	0	2011-05-16 15:59:00.785958+00	0		
252638	29	204564	734484	0	2011-05-16 15:59:00.785958+00	0		
217310	29	204564	838154	0	2011-05-16 15:59:00.785958+00	0		
217311	29	204564	897459	0	2011-05-16 15:59:00.785958+00	0		
217309	29	204564	973275	0	2011-05-16 15:59:00.785958+00	0		
209820	29	208183	224555	0	2011-05-16 15:59:00.785958+00	0		
209821	29	208183	552147	0	2011-05-16 15:59:00.785958+00	0		
35987	29	211405	265086	0	2011-05-16 15:59:00.785958+00	0		
297883	29	212092	4965	0	2011-05-16 15:59:00.785958+00	0		
189742	29	212092	32345	0	2011-05-16 15:59:00.785958+00	0		
189741	29	212092	338026	0	2011-05-16 15:59:00.785958+00	0		
297884	29	212092	350722	0	2011-05-16 15:59:00.785958+00	0		
297886	29	212092	522843	0	2011-05-16 15:59:00.785958+00	0		
297885	29	212092	614710	0	2011-05-16 15:59:00.785958+00	0		
189743	29	212092	616379	0	2011-05-16 15:59:00.785958+00	0		
297887	29	212092	673553	0	2011-05-16 15:59:00.785958+00	0		
189744	29	212092	678266	0	2011-05-16 15:59:00.785958+00	0		
189745	29	212092	795622	0	2011-05-16 15:59:00.785958+00	0		
164859	29	212146	46247	0	2011-05-16 15:59:00.785958+00	0		
162327	29	212146	76591	0	2011-05-16 15:59:00.785958+00	0		
162370	29	212146	76595	0	2011-05-16 15:59:00.785958+00	0		
162371	29	212146	76596	0	2011-05-16 15:59:00.785958+00	0		
162858	29	212146	76611	0	2011-05-16 15:59:00.785958+00	0		
162857	29	212146	76612	0	2011-05-16 15:59:00.785958+00	0		
164860	29	212146	76620	0	2011-05-16 15:59:00.785958+00	0		
162369	29	212146	76708	0	2011-05-16 15:59:00.785958+00	0		
162326	29	212146	76710	0	2011-05-16 15:59:00.785958+00	0		
89514	29	212146	201478	0	2011-05-16 15:59:00.785958+00	0		
89515	29	212146	340390	0	2011-05-16 15:59:00.785958+00	0		
162859	29	212146	580833	0	2011-05-16 15:59:00.785958+00	0		
145410	29	212206	18833	0	2011-05-16 15:59:00.785958+00	0		
243927	29	216107	361735	0	2011-05-16 15:59:00.785958+00	0		
103496	29	219655	436826	0	2011-05-16 15:59:00.785958+00	0		
227338	29	220033	515997	0	2011-05-16 15:59:00.785958+00	0		
98280	29	220283	522499	0	2011-05-16 15:59:00.785958+00	0		
212293	29	221310	42966	0	2011-05-16 15:59:00.785958+00	0		
213375	29	221310	42970	0	2011-05-16 15:59:00.785958+00	0		
212403	29	221310	42971	0	2011-05-16 15:59:00.785958+00	0		
212282	29	221310	42973	0	2011-05-16 15:59:00.785958+00	0		
212275	29	221310	42976	0	2011-05-16 15:59:00.785958+00	0		
212268	29	221310	42977	0	2011-05-16 15:59:00.785958+00	0		
213373	29	221310	145820	0	2011-05-16 15:59:00.785958+00	0		
213377	29	221310	145821	0	2011-05-16 15:59:00.785958+00	0		
212405	29	221310	180988	0	2011-05-16 15:59:00.785958+00	0		
212404	29	221310	180989	0	2011-05-16 15:59:00.785958+00	0		
212277	29	221310	250000	0	2011-05-16 15:59:00.785958+00	0		
212276	29	221310	250001	0	2011-05-16 15:59:00.785958+00	0		
212290	29	221310	252321	0	2011-05-16 15:59:00.785958+00	0		
213376	29	221310	262715	0	2011-05-16 15:59:00.785958+00	0		
212292	29	221310	263547	0	2011-05-16 15:59:00.785958+00	0		
212267	29	221310	285448	0	2011-05-16 15:59:00.785958+00	0		
212283	29	221310	287613	0	2011-05-16 15:59:00.785958+00	0		
212289	29	221310	288838	0	2011-05-16 15:59:00.785958+00	0		
213374	29	221310	295148	0	2011-05-16 15:59:00.785958+00	0		
212284	29	221310	312942	0	2011-05-16 15:59:00.785958+00	0		
212281	29	221310	480435	0	2011-05-16 15:59:00.785958+00	0		
212291	29	221310	708818	0	2011-05-16 15:59:00.785958+00	0		
213378	29	221310	729166	0	2011-05-16 15:59:00.785958+00	0		
212406	29	221310	743059	0	2011-05-16 15:59:00.785958+00	0		
212270	29	221310	743063	0	2011-05-16 15:59:00.785958+00	0		
212407	29	221310	790988	0	2011-05-16 15:59:00.785958+00	0		
212269	29	221310	834604	0	2011-05-16 15:59:00.785958+00	0		
212299	29	203031	301425	0	2013-06-06 16:00:42.824556+00	0		
241809	29	226202	335725	0	2011-05-16 15:59:00.785958+00	0		
187991	29	231598	110690	0	2011-05-16 15:59:00.785958+00	0		
187719	29	234296	110690	0	2011-05-16 15:59:00.785958+00	0		
74965	29	234296	309454	0	2011-05-16 15:59:00.785958+00	0		
276377	29	235124	316343	0	2011-05-16 15:59:00.785958+00	0		
276378	29	235124	316344	0	2011-05-16 15:59:00.785958+00	0		
254142	29	235489	251527	0	2011-05-16 15:59:00.785958+00	0		
254141	29	235489	489784	0	2011-05-16 15:59:00.785958+00	0		
141855	29	236082	92027	0	2011-05-16 15:59:00.785958+00	0		
141854	29	236082	92028	0	2011-05-16 15:59:00.785958+00	0		
333820	65	942891	187488	0	2012-11-27 14:00:13.182804+00	0		
141856	29	236082	92029	0	2011-05-16 15:59:00.785958+00	0		
133031	29	236086	36091	0	2011-05-16 15:59:00.785958+00	0		
152130	29	236086	36092	0	2011-05-16 15:59:00.785958+00	0		
152128	29	236086	239629	0	2011-05-16 15:59:00.785958+00	0		
152129	29	236086	332989	0	2011-05-16 15:59:00.785958+00	0		
133030	29	236086	445711	0	2011-05-16 15:59:00.785958+00	0		
133029	29	236089	36091	0	2011-05-16 15:59:00.785958+00	0		
152521	29	236089	36092	0	2011-05-16 15:59:00.785958+00	0		
152519	29	236089	239629	0	2011-05-16 15:59:00.785958+00	0		
152520	29	236089	332989	0	2011-05-16 15:59:00.785958+00	0		
133028	29	236089	445711	0	2011-05-16 15:59:00.785958+00	0		
203187	29	236379	2115	0	2011-05-16 15:59:00.785958+00	0		
203185	29	236379	3528	0	2011-05-16 15:59:00.785958+00	0		
203184	29	236379	33443	0	2011-05-16 15:59:00.785958+00	0		
209888	29	236379	244183	0	2011-05-16 15:59:00.785958+00	0		
209889	29	236379	256367	0	2011-05-16 15:59:00.785958+00	0		
203186	29	236379	256414	0	2011-05-16 15:59:00.785958+00	0		
209891	29	236379	280941	0	2011-05-16 15:59:00.785958+00	0		
209890	29	236379	314104	0	2011-05-16 15:59:00.785958+00	0		
130388	29	236655	38924	0	2011-05-16 15:59:00.785958+00	0		
130387	29	236655	48218	0	2011-05-16 15:59:00.785958+00	0		
130008	29	236655	48220	0	2011-05-16 15:59:00.785958+00	0		
51232	29	236883	284280	0	2011-05-16 15:59:00.785958+00	0		
314645	33	414177	1065073	0	2011-12-04 05:00:09.561234+00	0		
51235	29	236883	466273	0	2011-05-16 15:59:00.785958+00	0		
51234	29	236883	466275	0	2011-05-16 15:59:00.785958+00	0		
231500	29	236883	509402	0	2011-05-16 15:59:00.785958+00	0		
231499	29	236883	522292	0	2011-05-16 15:59:00.785958+00	0		
51236	29	236883	544147	0	2011-05-16 15:59:00.785958+00	0		
229730	29	236908	45537	0	2011-05-16 15:59:00.785958+00	0		
221066	29	236908	45538	0	2011-05-16 15:59:00.785958+00	0		
196800	29	236908	45544	0	2011-05-16 15:59:00.785958+00	0		
190115	29	236908	45545	0	2011-05-16 15:59:00.785958+00	0		
234898	29	236908	45547	0	2011-05-16 15:59:00.785958+00	0		
229731	29	236908	71131	0	2011-05-16 15:59:00.785958+00	0		
215124	29	236908	98667	0	2011-05-16 15:59:00.785958+00	0		
405731	191287	1061046	1526680	0	2014-11-25 02:00:39.88949+00	0		
215123	29	236908	411127	0	2011-05-16 15:59:00.785958+00	0		
215122	29	236908	432433	0	2011-05-16 15:59:00.785958+00	0		
220535	29	236911	45538	0	2011-05-16 15:59:00.785958+00	0		
195101	29	236911	45544	0	2011-05-16 15:59:00.785958+00	0		
191238	29	236911	45545	0	2011-05-16 15:59:00.785958+00	0		
233187	29	236911	45547	0	2011-05-16 15:59:00.785958+00	0		
213786	29	236911	98667	0	2011-05-16 15:59:00.785958+00	0		
213785	29	236911	411127	0	2011-05-16 15:59:00.785958+00	0		
213784	29	236911	432433	0	2011-05-16 15:59:00.785958+00	0		
232958	29	236913	45547	0	2011-05-16 15:59:00.785958+00	0		
409137	36	1180539	1538743	0	2014-12-25 08:00:56.132251+00	0		
409138	73	1140360	1538743	0	2014-12-25 08:00:56.140137+00	0		
30337	29	236908	98668	0	2014-10-11 08:00:37.321143+00	0		
119916	29	236587	166809	0	2015-02-16 07:04:18.498542+00	0		
412031	34	1075322	1549325	0	2015-01-19 01:00:29.324952+00	0		
133303	29	222736	98444	0	2015-04-25 03:00:48.092157+00	0		
131205	29	222736	98448	0	2015-04-25 03:00:48.092157+00	0		
409139	43	1180549	1538737	0	2014-12-25 09:00:10.573586+00	0		
409140	43	894048	1538737	0	2014-12-25 09:00:10.58684+00	0		
231741	29	236944	53986	0	2011-05-16 15:59:00.785958+00	0		
263317	29	236944	342409	0	2011-05-16 15:59:00.785958+00	0		
263318	29	236944	641222	0	2011-05-16 15:59:00.785958+00	0		
232035	29	236947	53986	0	2011-05-16 15:59:00.785958+00	0		
261757	29	236947	342409	0	2011-05-16 15:59:00.785958+00	0		
261758	29	236947	641222	0	2011-05-16 15:59:00.785958+00	0		
100355	29	236954	359828	0	2011-05-16 15:59:00.785958+00	0		
100354	29	236954	364432	0	2011-05-16 15:59:00.785958+00	0		
100357	29	236954	444912	0	2011-05-16 15:59:00.785958+00	0		
100356	29	236954	461393	0	2011-05-16 15:59:00.785958+00	0		
93010	29	236962	39643	0	2011-05-16 15:59:00.785958+00	0		
93013	29	236962	40789	0	2011-05-16 15:59:00.785958+00	0		
93011	29	236962	41031	0	2011-05-16 15:59:00.785958+00	0		
94513	29	236962	78008	0	2011-05-16 15:59:00.785958+00	0		
94523	29	236962	453264	0	2011-05-16 15:59:00.785958+00	0		
94517	29	236962	453265	0	2011-05-16 15:59:00.785958+00	0		
94515	29	236962	501977	0	2011-05-16 15:59:00.785958+00	0		
94516	29	236962	501978	0	2011-05-16 15:59:00.785958+00	0		
94521	29	236962	501999	0	2013-07-16 09:00:35.795246+00	0		
372519	5218	1075262	86521	0	2014-01-14 04:00:18.872766+00	0		
372516	43	368149	1066517	0	2014-01-13 23:00:34.063072+00	0		
375507	59	511872	1388057	0	2014-02-14 07:52:48.949279+00	0		
93012	29	236962	579916	0	2011-05-16 15:59:00.785958+00	0		
93014	29	236962	596452	0	2011-05-16 15:59:00.785958+00	0		
93015	29	236962	596453	0	2011-05-16 15:59:00.785958+00	0		
93009	29	236962	704292	0	2011-05-16 15:59:00.785958+00	0		
145212	29	236998	166	0	2011-05-16 15:59:00.785958+00	0		
98326	29	236998	842	0	2011-05-16 15:59:00.785958+00	0		
98327	29	236998	615287	0	2011-05-16 15:59:00.785958+00	0		
39889	29	236998	615382	0	2011-05-16 15:59:00.785958+00	0		
39890	29	236998	628759	0	2011-05-16 15:59:00.785958+00	0		
238273	29	237158	6026	0	2011-05-16 15:59:00.785958+00	0		
238271	29	237158	462503	0	2011-05-16 15:59:00.785958+00	0		
238272	29	237158	837310	0	2011-05-16 15:59:00.785958+00	0		
210067	29	237268	19437	0	2011-05-16 15:59:00.785958+00	0		
209730	29	237268	19920	0	2011-05-16 15:59:00.785958+00	0		
130524	29	237268	181517	0	2011-05-16 15:59:00.785958+00	0		
130525	29	237268	181518	0	2011-05-16 15:59:00.785958+00	0		
130523	29	237268	181519	0	2011-05-16 15:59:00.785958+00	0		
203270	29	237268	445860	0	2011-05-16 15:59:00.785958+00	0		
209729	29	237268	466960	0	2011-05-16 15:59:00.785958+00	0		
130526	29	237268	577430	0	2011-05-16 15:59:00.785958+00	0		
279542	29	237268	702988	0	2011-05-16 15:59:00.785958+00	0		
279539	29	237268	703846	0	2011-05-16 15:59:00.785958+00	0		
279538	29	237268	726940	0	2011-05-16 15:59:00.785958+00	0		
279540	29	237268	732570	0	2011-05-16 15:59:00.785958+00	0		
279541	29	237268	732571	0	2011-05-16 15:59:00.785958+00	0		
279543	29	237268	738061	0	2011-05-16 15:59:00.785958+00	0		
236846	29	237293	269856	0	2011-05-16 15:59:00.785958+00	0		
236847	29	237293	411809	0	2011-05-16 15:59:00.785958+00	0		
209717	29	237521	19441	0	2011-05-16 15:59:00.785958+00	0		
134337	29	237521	181517	0	2011-05-16 15:59:00.785958+00	0		
134338	29	237521	181518	0	2011-05-16 15:59:00.785958+00	0		
134336	29	237521	181519	0	2011-05-16 15:59:00.785958+00	0		
209716	29	237521	283612	0	2011-05-16 15:59:00.785958+00	0		
134339	29	237521	577430	0	2011-05-16 15:59:00.785958+00	0		
279548	29	237521	702988	0	2011-05-16 15:59:00.785958+00	0		
279545	29	237521	703846	0	2011-05-16 15:59:00.785958+00	0		
279544	29	237521	726940	0	2011-05-16 15:59:00.785958+00	0		
279546	29	237521	732570	0	2011-05-16 15:59:00.785958+00	0		
279547	29	237521	732571	0	2011-05-16 15:59:00.785958+00	0		
279549	29	237521	738061	0	2011-05-16 15:59:00.785958+00	0		
209718	29	237521	742242	0	2011-05-16 15:59:00.785958+00	0		
217465	29	237610	283060	0	2011-05-16 15:59:00.785958+00	0		
314577	59	839931	287830	0	2011-12-01 06:00:10.6628+00	0		
94514	29	236962	372431	0	2013-07-16 09:00:39.963523+00	0		
217466	29	237610	379036	0	2011-05-16 15:59:00.785958+00	0		
152074	29	237789	107404	0	2011-05-16 15:59:00.785958+00	0		
152072	29	237789	107405	0	2011-05-16 15:59:00.785958+00	0		
155811	29	237789	132056	0	2011-05-16 15:59:00.785958+00	0		
152076	29	237789	254694	0	2011-05-16 15:59:00.785958+00	0		
152075	29	237789	254699	0	2011-05-16 15:59:00.785958+00	0		
152094	29	237791	107404	0	2011-05-16 15:59:00.785958+00	0		
152092	29	237791	107405	0	2011-05-16 15:59:00.785958+00	0		
156572	29	237791	132056	0	2011-05-16 15:59:00.785958+00	0		
152096	29	237791	254694	0	2011-05-16 15:59:00.785958+00	0		
152095	29	237791	254699	0	2011-05-16 15:59:00.785958+00	0		
274330	29	237791	827969	0	2011-05-16 15:59:00.785958+00	0		
152306	29	237859	173219	0	2011-05-16 15:59:00.785958+00	0		
100869	29	238140	22143	0	2011-05-16 15:59:00.785958+00	0		
100868	29	238140	254905	0	2011-05-16 15:59:00.785958+00	0		
100870	29	238140	699645	0	2011-05-16 15:59:00.785958+00	0		
100871	29	238140	712191	0	2011-05-16 15:59:00.785958+00	0		
100872	29	238140	813481	0	2011-05-16 15:59:00.785958+00	0		
172463	29	238157	22956	0	2011-05-16 15:59:00.785958+00	0		
162659	29	238157	25298	0	2011-05-16 15:59:00.785958+00	0		
162655	29	238157	31584	0	2011-05-16 15:59:00.785958+00	0		
162656	29	238157	31585	0	2011-05-16 15:59:00.785958+00	0		
162658	29	238157	31586	0	2011-05-16 15:59:00.785958+00	0		
192008	29	238157	31587	0	2011-05-16 15:59:00.785958+00	0		
160976	29	238157	54578	0	2011-05-16 15:59:00.785958+00	0		
83954	29	238157	108732	0	2011-05-16 15:59:00.785958+00	0		
172465	29	238157	144936	0	2011-05-16 15:59:00.785958+00	0		
172464	29	238157	144937	0	2011-05-16 15:59:00.785958+00	0		
172466	29	238157	144938	0	2011-05-16 15:59:00.785958+00	0		
83963	29	238157	172858	0	2011-05-16 15:59:00.785958+00	0		
160977	29	238157	212980	0	2011-05-16 15:59:00.785958+00	0		
162664	29	238157	344657	0	2011-05-16 15:59:00.785958+00	0		
172467	29	238157	379615	0	2011-05-16 15:59:00.785958+00	0		
83952	29	238157	393616	0	2011-05-16 15:59:00.785958+00	0		
192010	29	238157	417186	0	2011-05-16 15:59:00.785958+00	0		
162657	29	238157	483866	0	2011-05-16 15:59:00.785958+00	0		
192009	29	238157	531099	0	2011-05-16 15:59:00.785958+00	0		
152073	29	237789	106095	0	2014-06-30 08:00:40.172291+00	0		
152093	29	237791	106095	0	2014-06-30 08:00:40.172291+00	0		
160975	29	238157	581030	0	2014-10-26 00:00:22.373363+00	0		
412032	43	929144	1549325	0	2015-01-19 01:00:29.352666+00	0		
415413	113	1196347	1557884	0	2015-02-05 16:01:08.845926+00	0		
413448	31	530905	1552655	0	2015-01-26 01:00:40.357056+00	0		
413449	69	530905	1552655	0	2015-01-26 01:00:40.366961+00	0		
413450	70	1191779	1552655	0	2015-01-26 01:00:40.375938+00	0		
414476	213382	1193721	693467	0	2015-01-30 12:01:30.758515+00	0		
415414	113	541761	1557884	0	2015-02-05 16:01:08.856112+00	0		
83956	29	238157	531972	0	2011-05-16 15:59:00.785958+00	0		
83957	29	238157	531973	0	2011-05-16 15:59:00.785958+00	0		
83958	29	238157	539341	0	2011-05-16 15:59:00.785958+00	0		
192007	29	238157	539349	0	2011-05-16 15:59:00.785958+00	0		
192011	29	238157	539352	0	2011-05-16 15:59:00.785958+00	0		
192012	29	238157	539370	0	2011-05-16 15:59:00.785958+00	0		
160978	29	238157	539385	0	2011-05-16 15:59:00.785958+00	0		
162660	29	238157	540393	0	2011-05-16 15:59:00.785958+00	0		
83959	29	238157	540395	0	2011-05-16 15:59:00.785958+00	0		
372520	43	355071	1024388	0	2014-01-14 05:00:12.69998+00	0		
83953	29	238157	554846	0	2011-05-16 15:59:00.785958+00	0		
83960	29	238157	580588	0	2011-05-16 15:59:00.785958+00	0		
160981	29	238157	581026	0	2011-05-16 15:59:00.785958+00	0		
160980	29	238157	581027	0	2011-05-16 15:59:00.785958+00	0		
160979	29	238157	581028	0	2011-05-16 15:59:00.785958+00	0		
162663	29	238157	581032	0	2011-05-16 15:59:00.785958+00	0		
160982	29	238157	581033	0	2011-05-16 15:59:00.785958+00	0		
192006	29	238157	581036	0	2011-05-16 15:59:00.785958+00	0		
160974	29	238157	581038	0	2011-05-16 15:59:00.785958+00	0		
160984	29	238157	649405	0	2011-05-16 15:59:00.785958+00	0		
314169	59	739332	424592	0	2011-10-30 13:58:59.512242+00	0		
314646	33	579361	1065073	0	2011-12-04 05:00:09.655435+00	0		
172468	29	238163	22956	0	2011-05-16 15:59:00.785958+00	0		
161901	29	238163	25298	0	2011-05-16 15:59:00.785958+00	0		
161897	29	238163	31584	0	2011-05-16 15:59:00.785958+00	0		
161898	29	238163	31585	0	2011-05-16 15:59:00.785958+00	0		
161900	29	238163	31586	0	2011-05-16 15:59:00.785958+00	0		
192499	29	238163	31587	0	2011-05-16 15:59:00.785958+00	0		
160987	29	238163	54578	0	2011-05-16 15:59:00.785958+00	0		
83978	29	238163	108732	0	2011-05-16 15:59:00.785958+00	0		
172470	29	238163	144936	0	2011-05-16 15:59:00.785958+00	0		
172469	29	238163	144937	0	2011-05-16 15:59:00.785958+00	0		
172471	29	238163	144938	0	2011-05-16 15:59:00.785958+00	0		
83987	29	238163	172858	0	2011-05-16 15:59:00.785958+00	0		
160988	29	238163	212980	0	2011-05-16 15:59:00.785958+00	0		
161906	29	238163	344657	0	2011-05-16 15:59:00.785958+00	0		
172472	29	238163	379615	0	2011-05-16 15:59:00.785958+00	0		
83976	29	238163	393616	0	2011-05-16 15:59:00.785958+00	0		
214622	73	617617	756719	0	2011-08-11 11:02:56.962026+00	0		
192501	29	238163	417186	0	2011-05-16 15:59:00.785958+00	0		
161899	29	238163	483866	0	2011-05-16 15:59:00.785958+00	0		
192500	29	238163	531099	0	2011-05-16 15:59:00.785958+00	0		
83980	29	238163	531972	0	2011-05-16 15:59:00.785958+00	0		
83981	29	238163	531973	0	2011-05-16 15:59:00.785958+00	0		
158016	29	238163	539088	0	2011-05-16 15:59:00.785958+00	0		
83982	29	238163	539341	0	2011-05-16 15:59:00.785958+00	0		
192498	29	238163	539349	0	2011-05-16 15:59:00.785958+00	0		
192502	29	238163	539352	0	2011-05-16 15:59:00.785958+00	0		
192503	29	238163	539370	0	2011-05-16 15:59:00.785958+00	0		
160989	29	238163	539385	0	2011-05-16 15:59:00.785958+00	0		
161902	29	238163	540393	0	2011-05-16 15:59:00.785958+00	0		
83983	29	238163	540395	0	2011-05-16 15:59:00.785958+00	0		
83977	29	238163	554846	0	2011-05-16 15:59:00.785958+00	0		
83984	29	238163	580588	0	2011-05-16 15:59:00.785958+00	0		
160992	29	238163	581026	0	2011-05-16 15:59:00.785958+00	0		
160991	29	238163	581027	0	2011-05-16 15:59:00.785958+00	0		
160990	29	238163	581028	0	2011-05-16 15:59:00.785958+00	0		
161905	29	238163	581032	0	2011-05-16 15:59:00.785958+00	0		
160993	29	238163	581033	0	2011-05-16 15:59:00.785958+00	0		
192497	29	238163	581036	0	2011-05-16 15:59:00.785958+00	0		
160985	29	238163	581038	0	2011-05-16 15:59:00.785958+00	0		
314578	51	839931	287830	0	2011-12-01 07:00:04.026422+00	0		
314647	33	668222	1065073	0	2011-12-04 05:00:09.664909+00	0		
160995	29	238163	649405	0	2011-05-16 15:59:00.785958+00	0		
95696	29	238251	225005	0	2011-05-16 15:59:00.785958+00	0		
95697	29	238251	575451	0	2011-05-16 15:59:00.785958+00	0		
213701	29	238569	943740	0	2011-05-16 15:59:00.785958+00	0		
220799	29	238833	12435	0	2011-05-16 15:59:00.785958+00	0		
223292	29	238833	35789	0	2011-05-16 15:59:00.785958+00	0		
222036	29	238833	35791	0	2011-05-16 15:59:00.785958+00	0		
223291	29	238833	259883	0	2011-05-16 15:59:00.785958+00	0		
220800	29	238833	475321	0	2011-05-16 15:59:00.785958+00	0		
321721	354	882864	1143895	0	2012-04-23 11:00:06.08083+00	0		
162661	29	238157	540407	0	2013-06-01 20:01:29.906216+00	0		
163446	29	239156	22590	0	2011-05-16 15:59:00.785958+00	0		
163605	29	239156	22593	0	2011-05-16 15:59:00.785958+00	0		
163570	29	239156	25341	0	2011-05-16 15:59:00.785958+00	0		
163571	29	239156	159322	0	2011-05-16 15:59:00.785958+00	0		
163606	29	239156	752924	0	2011-05-16 15:59:00.785958+00	0		
163609	29	239158	22593	0	2011-05-16 15:59:00.785958+00	0		
83985	29	238163	753612	0	2011-09-12 10:48:24.001202+00	0		
83962	29	238157	753612	0	2011-09-12 10:48:24.001202+00	0		
311753	131	123380	829240	0	2012-09-02 20:11:49.856304+00	0		
333821	31	942892	187488	0	2012-11-27 14:00:13.199831+00	0		
351790	114989	431872	136922	0	2013-04-27 03:00:09.439695+00	0		
372517	73	970184	414155	0	2014-01-14 00:00:24.673583+00	0		
163610	29	239158	752924	0	2011-05-16 15:59:00.785958+00	0		
163444	29	239170	22590	0	2011-05-16 15:59:00.785958+00	0		
163566	29	239170	25341	0	2011-05-16 15:59:00.785958+00	0		
163567	29	239170	159322	0	2011-05-16 15:59:00.785958+00	0		
137218	29	239217	6025	0	2011-05-16 15:59:00.785958+00	0		
138800	29	239217	8446	0	2011-05-16 15:59:00.785958+00	0		
137217	29	239217	327538	0	2011-05-16 15:59:00.785958+00	0		
230025	29	239311	599731	0	2011-05-16 15:59:00.785958+00	0		
230027	29	239311	605939	0	2011-05-16 15:59:00.785958+00	0		
230026	29	239311	636596	0	2011-05-16 15:59:00.785958+00	0		
230795	29	239315	599731	0	2011-05-16 15:59:00.785958+00	0		
230797	29	239315	605939	0	2011-05-16 15:59:00.785958+00	0		
230796	29	239315	636596	0	2011-05-16 15:59:00.785958+00	0		
184423	29	239787	29182	0	2011-05-16 15:59:00.785958+00	0		
230980	29	239787	53986	0	2011-05-16 15:59:00.785958+00	0		
262827	29	239787	342409	0	2011-05-16 15:59:00.785958+00	0		
262828	29	239787	641222	0	2011-05-16 15:59:00.785958+00	0		
216168	29	239968	6	0	2011-05-16 15:59:00.785958+00	0		
217578	29	239968	227	0	2011-05-16 15:59:00.785958+00	0		
216171	29	239968	3408	0	2011-05-16 15:59:00.785958+00	0		
216170	29	239968	464153	0	2011-05-16 15:59:00.785958+00	0		
160289	29	240086	19584	0	2011-05-16 15:59:00.785958+00	0		
160276	29	240086	33308	0	2011-05-16 15:59:00.785958+00	0		
160290	29	240086	164172	0	2011-05-16 15:59:00.785958+00	0		
160275	29	240086	277500	0	2011-05-16 15:59:00.785958+00	0		
160277	29	240086	571859	0	2011-05-16 15:59:00.785958+00	0		
7142	29	240176	13110	0	2011-05-16 15:59:00.785958+00	0		
165590	29	240176	115715	0	2011-05-16 15:59:00.785958+00	0		
13896	29	240176	137546	0	2011-05-16 15:59:00.785958+00	0		
158017	29	238163	540481	0	2014-10-27 23:01:19.364652+00	0		
409141	37	426728	1057180	0	2014-12-25 09:00:19.01039+00	0		
13897	29	240176	137547	0	2011-05-16 15:59:00.785958+00	0		
248255	29	240176	200452	0	2011-05-16 15:59:00.785958+00	0		
162459	29	240176	204197	0	2011-05-16 15:59:00.785958+00	0		
162458	29	240176	204198	0	2011-05-16 15:59:00.785958+00	0		
3160	29	240176	348800	0	2011-05-16 15:59:00.785958+00	0		
7141	29	240176	349055	0	2011-05-16 15:59:00.785958+00	0		
13895	29	240176	349077	0	2011-05-16 15:59:00.785958+00	0		
13898	29	240176	433034	0	2011-05-16 15:59:00.785958+00	0		
274600	29	240176	505816	0	2011-05-16 15:59:00.785958+00	0		
274598	29	240176	506393	0	2011-05-16 15:59:00.785958+00	0		
274599	29	240176	506394	0	2011-05-16 15:59:00.785958+00	0		
274601	29	240176	507687	0	2011-05-16 15:59:00.785958+00	0		
274602	29	240176	507688	0	2011-05-16 15:59:00.785958+00	0		
7139	29	240176	650219	0	2011-05-16 15:59:00.785958+00	0		
7140	29	240176	650220	0	2011-05-16 15:59:00.785958+00	0		
8420	29	240195	4393	0	2011-05-16 15:59:00.785958+00	0		
18743	29	240195	9298	0	2011-05-16 15:59:00.785958+00	0		
18530	29	240195	23274	0	2011-05-16 15:59:00.785958+00	0		
103404	29	240195	23445	0	2011-05-16 15:59:00.785958+00	0		
206795	29	240195	24401	0	2011-05-16 15:59:00.785958+00	0		
103418	29	240195	24402	0	2011-05-16 15:59:00.785958+00	0		
8381	29	240195	24403	0	2011-05-16 15:59:00.785958+00	0		
14794	29	240195	26377	0	2011-05-16 15:59:00.785958+00	0		
15747	29	240195	26378	0	2011-05-16 15:59:00.785958+00	0		
8397	29	240195	32094	0	2011-05-16 15:59:00.785958+00	0		
14793	29	240195	33025	0	2011-05-16 15:59:00.785958+00	0		
103417	29	240195	43483	0	2011-05-16 15:59:00.785958+00	0		
206794	29	240195	43531	0	2011-05-16 15:59:00.785958+00	0		
8406	29	240195	82212	0	2011-05-16 15:59:00.785958+00	0		
8405	29	240195	82213	0	2011-05-16 15:59:00.785958+00	0		
206793	29	240195	277049	0	2011-05-16 15:59:00.785958+00	0		
8404	29	240195	277050	0	2011-05-16 15:59:00.785958+00	0		
27230	29	240195	286204	0	2011-05-16 15:59:00.785958+00	0		
15748	29	240195	291270	0	2011-05-16 15:59:00.785958+00	0		
372521	235	279570	1372971	0	2014-01-14 08:00:21.046144+00	0		
18744	29	240195	362488	0	2011-05-16 15:59:00.785958+00	0		
14795	29	240195	580075	0	2011-05-16 15:59:00.785958+00	0		
372518	33	653250	896432	0	2014-01-14 00:00:35.645397+00	0		
16816	29	240195	619322	0	2011-05-16 15:59:00.785958+00	0		
103405	29	240195	651097	0	2011-05-16 15:59:00.785958+00	0		
164461	29	240299	46247	0	2011-05-16 15:59:00.785958+00	0		
162329	29	240299	76591	0	2011-05-16 15:59:00.785958+00	0		
162373	29	240299	76595	0	2011-05-16 15:59:00.785958+00	0		
162374	29	240299	76596	0	2011-05-16 15:59:00.785958+00	0		
162861	29	240299	76611	0	2011-05-16 15:59:00.785958+00	0		
162860	29	240299	76612	0	2011-05-16 15:59:00.785958+00	0		
164462	29	240299	76620	0	2011-05-16 15:59:00.785958+00	0		
162372	29	240299	76708	0	2011-05-16 15:59:00.785958+00	0		
162328	29	240299	76710	0	2011-05-16 15:59:00.785958+00	0		
89516	29	240299	201478	0	2011-05-16 15:59:00.785958+00	0		
89517	29	240299	340390	0	2011-05-16 15:59:00.785958+00	0		
162862	29	240299	580833	0	2011-05-16 15:59:00.785958+00	0		
216348	29	240366	22795	0	2011-05-16 15:59:00.785958+00	0		
214687	29	240367	22795	0	2011-05-16 15:59:00.785958+00	0		
157332	29	240535	20693	0	2011-05-16 15:59:00.785958+00	0		
160703	29	240535	20696	0	2011-05-16 15:59:00.785958+00	0		
157331	29	240535	251959	0	2011-05-16 15:59:00.785958+00	0		
160704	29	240535	255456	0	2011-05-16 15:59:00.785958+00	0		
9610	29	240535	271263	0	2011-05-16 15:59:00.785958+00	0		
9611	29	240535	274035	0	2011-05-16 15:59:00.785958+00	0		
160702	29	240535	275630	0	2011-05-16 15:59:00.785958+00	0		
160705	29	240535	367826	0	2011-05-16 15:59:00.785958+00	0		
157333	29	240535	539841	0	2011-05-16 15:59:00.785958+00	0		
179431	29	240606	2289	0	2011-05-16 15:59:00.785958+00	0		
227719	29	240609	45537	0	2011-05-16 15:59:00.785958+00	0		
220355	29	240609	45538	0	2011-05-16 15:59:00.785958+00	0		
194850	29	240609	45544	0	2011-05-16 15:59:00.785958+00	0		
191482	29	240609	45545	0	2011-05-16 15:59:00.785958+00	0		
227720	29	240609	71131	0	2011-05-16 15:59:00.785958+00	0		
213543	29	240609	98667	0	2011-05-16 15:59:00.785958+00	0		
213542	29	240609	411127	0	2011-05-16 15:59:00.785958+00	0		
213541	29	240609	432433	0	2011-05-16 15:59:00.785958+00	0		
227202	29	240612	45537	0	2011-05-16 15:59:00.785958+00	0		
227203	29	240612	71131	0	2011-05-16 15:59:00.785958+00	0		
375508	59	500761	1388057	0	2014-02-14 07:52:48.949279+00	0		
215026	29	240945	34058	0	2011-05-16 15:59:00.785958+00	0		
212927	29	240950	36856	0	2011-05-16 15:59:00.785958+00	0		
212914	29	240960	1705	0	2011-05-16 15:59:00.785958+00	0		
212921	29	240960	1708	0	2011-05-16 15:59:00.785958+00	0		
212920	29	240960	1725	0	2011-05-16 15:59:00.785958+00	0		
212922	29	240960	423448	0	2011-05-16 15:59:00.785958+00	0		
212913	29	240960	527482	0	2011-05-16 15:59:00.785958+00	0		
197991	29	240973	332834	0	2011-05-16 15:59:00.785958+00	0		
212903	29	241088	36996	0	2011-05-16 15:59:00.785958+00	0		
282864	29	241736	759109	0	2011-05-16 15:59:00.785958+00	0		
105142	29	241759	415224	0	2011-05-16 15:59:00.785958+00	0		
105143	29	241759	544214	0	2011-05-16 15:59:00.785958+00	0		
190054	29	241781	36456	0	2011-05-16 15:59:00.785958+00	0		
227443	29	241947	222934	0	2011-05-16 15:59:00.785958+00	0		
236447	29	243083	24463	0	2011-05-16 15:59:00.785958+00	0		
233950	29	243083	558700	0	2011-05-16 15:59:00.785958+00	0		
233951	29	243083	563994	0	2011-05-16 15:59:00.785958+00	0		
98590	29	243165	85680	0	2011-05-16 15:59:00.785958+00	0		
273836	29	243222	47	0	2011-05-16 15:59:00.785958+00	0		
