129	118732	325	1713061	0	2013-05-17 21:33:18.488652+00	0		
3	118732	262	1712870	0	2013-05-17 20:06:09.522015+00	0		
4	118733	262	1712871	0	2013-05-17 20:06:17.181549+00	0		
5	118732	263	1712872	0	2013-05-17 20:06:39.737454+00	0		
132	118733	326	1713064	0	2013-05-17 21:33:32.987197+00	0		
6	118733	263	1712873	0	2013-05-17 20:06:46.912708+00	0		
7	118732	264	1712874	0	2013-05-17 20:07:12.699656+00	0		
175	118732	348	1713108	0	2013-05-17 21:40:04.824029+00	0		
8	118733	264	1712875	0	2013-05-17 20:07:22.025422+00	0		
2	118733	261	1712869	0	2013-05-17 20:07:26.33809+00	0		
1	118732	261	1712868	0	2013-05-17 20:07:29.249542+00	0		
135	118732	328	1713067	0	2013-05-17 21:33:53.083303+00	0		
9	118732	265	1712876	0	2013-05-17 20:07:47.662633+00	0		
10	118733	265	1712877	0	2013-05-17 20:07:54.823344+00	0		
11	118732	266	1712878	0	2013-05-17 20:08:17.598865+00	0		
138	118733	329	1713070	0	2013-05-17 21:34:09.226376+00	0		
12	118733	266	1712879	0	2013-05-17 20:08:25.326791+00	0		
13	118732	267	1712880	0	2013-05-17 20:08:46.167177+00	0		
261	118732	391	1713267	0	2013-05-17 23:27:17.044496+00	0		
14	118733	267	1712881	0	2013-05-17 20:08:53.999201+00	0		
141	118732	331	1713073	0	2013-05-17 21:34:29.187667+00	0		
15	118732	268	1712882	0	2013-05-17 20:09:16.181333+00	0		
16	118733	268	1712883	0	2013-05-17 20:09:23.777639+00	0		
178	118733	349	1713111	0	2013-05-17 21:40:19.105719+00	0		
17	118732	269	1712884	0	2013-05-17 20:09:55.788689+00	0		
145	118732	333	1713077	0	2013-05-17 21:34:52.909199+00	0		
18	118733	269	1712886	0	2013-05-17 20:10:04.455667+00	0		
19	118732	270	1712887	0	2013-05-17 20:10:29.072085+00	0		
20	118733	270	1712888	0	2013-05-17 20:10:36.917305+00	0		
148	118733	334	1713080	0	2013-05-17 21:35:07.944951+00	0		
21	118732	271	1712889	0	2013-05-17 20:10:57.904711+00	0		
22	118733	271	1712890	0	2013-05-17 20:11:06.361361+00	0		
226	118733	373	1713186	0	2013-05-17 22:15:04.763961+00	0		
23	118732	272	1712891	0	2013-05-17 20:11:30.821932+00	0		
151	118732	336	1713083	0	2013-05-17 21:35:28.18631+00	0		
24	118733	272	1712892	0	2013-05-17 20:11:38.475327+00	0		
25	118732	273	1712893	0	2013-05-17 20:12:01.106014+00	0		
181	118732	351	1713114	0	2013-05-17 21:40:38.507647+00	0		
26	118733	273	1712894	0	2013-05-17 20:12:08.941815+00	0		
153	118732	337	1713085	0	2013-05-17 21:35:39.776192+00	0		
27	118732	274	1712895	0	2013-05-17 20:12:34.369378+00	0		
28	118733	274	1712896	0	2013-05-17 20:12:45.509997+00	0		
29	118732	275	1712898	0	2013-05-17 20:13:11.141302+00	0		
155	118732	338	1713087	0	2013-05-17 21:35:51.086329+00	0		
30	118733	275	1712899	0	2013-05-17 20:13:18.661998+00	0		
31	118732	276	1712900	0	2013-05-17 20:13:39.312268+00	0		
32	118733	276	1712901	0	2013-05-17 20:13:47.77962+00	0		
159	118732	340	1713091	0	2013-05-17 21:36:14.941207+00	0		
33	118732	277	1712902	0	2013-05-17 20:14:11.428145+00	0		
34	118733	277	1712903	0	2013-05-17 20:14:20.919122+00	0		
184	118733	352	1713117	0	2013-05-17 21:40:52.818715+00	0		
35	118732	278	1712905	0	2013-05-17 20:14:44.941996+00	0		
163	118732	342	1713096	0	2013-05-17 21:38:58.213552+00	0		
36	118733	278	1712908	0	2013-05-17 20:14:54.316969+00	0		
37	118732	279	1712912	0	2013-05-17 20:15:20.788469+00	0		
38	118733	279	1712913	0	2013-05-17 20:15:29.908032+00	0		
166	118733	343	1713099	0	2013-05-17 21:39:12.153888+00	0		
39	118732	280	1712915	0	2013-05-17 20:15:55.615565+00	0		
40	118733	280	1712916	0	2013-05-17 20:16:03.894406+00	0		
41	118732	281	1712917	0	2013-05-17 20:16:28.006826+00	0		
169	118732	345	1713102	0	2013-05-17 21:39:31.555571+00	0		
42	118733	281	1712918	0	2013-05-17 20:16:37.87187+00	0		
43	118732	282	1712920	0	2013-05-17 20:17:05.615926+00	0		
188	118733	354	1713122	0	2013-05-17 21:41:19.868163+00	0		
44	118733	282	1712921	0	2013-05-17 20:17:12.853331+00	0		
173	118732	347	1713106	0	2013-05-17 21:39:53.821674+00	0		
45	118732	283	1712923	0	2013-05-17 20:17:36.897939+00	0		
229	118732	375	1713190	0	2013-05-17 22:15:23.559725+00	0		
192	118733	356	1713147	0	2013-05-17 22:11:28.880447+00	0		
195	118732	358	1713150	0	2013-05-17 22:11:55.731204+00	0		
199	118732	360	1713155	0	2013-05-17 22:12:25.950953+00	0		
230	118733	375	1713191	0	2013-05-17 22:15:27.37385+00	0		
202	118733	361	1713158	0	2013-05-17 22:12:44.716901+00	0		
204	118733	362	1713160	0	2013-05-17 22:12:57.960802+00	0		
264	118733	392	1713270	0	2013-05-17 23:27:30.943165+00	0		
207	118732	364	1713163	0	2013-05-17 22:13:20.471815+00	0		
233	118732	377	1713222	0	2013-05-17 23:00:15.606788+00	0		
210	118733	365	1713166	0	2013-05-17 22:13:36.69369+00	0		
213	118732	367	1713169	0	2013-05-17 22:13:55.743741+00	0		
216	118733	368	1713172	0	2013-05-17 22:14:09.354061+00	0		
234	118733	377	1713224	0	2013-05-17 23:00:18.790066+00	0		
217	118732	369	1713174	0	2013-05-17 22:14:17.365529+00	0		
220	118733	370	1713177	0	2013-05-17 22:14:31.152127+00	0		
224	118733	372	1713183	0	2013-05-17 22:14:52.803266+00	0		
237	118732	379	1713227	0	2013-05-17 23:00:38.176934+00	0		
267	118732	394	1713273	0	2013-05-17 23:27:52.591864+00	0		
238	118733	379	1713228	0	2013-05-17 23:00:41.166535+00	0		
241	118732	381	1713231	0	2013-05-17 23:01:00.104369+00	0		
294	118733	407	1713300	0	2013-05-17 23:30:24.848793+00	0		
245	118732	383	1713235	0	2013-05-17 23:01:21.861293+00	0		
270	118733	395	1713276	0	2013-05-17 23:28:08.778312+00	0		
249	118732	385	1713255	0	2013-05-17 23:25:53.665641+00	0		
252	118733	386	1713258	0	2013-05-17 23:26:16.368873+00	0		
255	118732	388	1713261	0	2013-05-17 23:26:38.939145+00	0		
273	118732	397	1713279	0	2013-05-17 23:28:27.996242+00	0		
258	118733	389	1713264	0	2013-05-17 23:26:55.367936+00	0		
297	118732	409	1713303	0	2013-05-17 23:30:44.501742+00	0		
277	118732	399	1713283	0	2013-05-17 23:28:52.620996+00	0		
284	118733	402	1713290	0	2013-05-17 23:29:28.467759+00	0		
310	118733	415	1713317	0	2013-05-17 23:31:53.89391+00	0		
287	118732	404	1713293	0	2013-05-17 23:29:48.48159+00	0		
291	118732	406	1713297	0	2013-05-17 23:30:10.875521+00	0		
303	118732	412	1713310	0	2013-05-17 23:31:17.836207+00	0		
318	118733	419	1713325	0	2013-05-17 23:32:38.713073+00	0		
305	118732	413	1713312	0	2013-05-17 23:31:29.006842+00	0		
307	118732	414	1713314	0	2013-05-17 23:31:39.882662+00	0		
311	118732	416	1713318	0	2013-05-17 23:32:02.13876+00	0		
316	118733	418	1713323	0	2013-05-17 23:32:27.37618+00	0		
323	118732	422	1713330	0	2013-05-17 23:33:09.319452+00	0		
326	118733	423	1713333	0	2013-05-17 23:33:23.15413+00	0		
329	118732	425	1713337	0	2013-05-17 23:33:42.675824+00	0		
330	118733	425	1713338	0	2013-05-17 23:33:45.487615+00	0		
333	118732	427	1713341	0	2013-05-17 23:34:05.530385+00	0		
337	118732	429	1713345	0	2013-05-17 23:34:27.974336+00	0		
340	118733	430	1713348	0	2013-05-17 23:34:42.208119+00	0		
344	118733	432	1713367	0	2013-05-18 00:11:58.037216+00	0		
347	118732	434	1713370	0	2013-05-18 00:12:38.489209+00	0		
351	118732	5	1714553	0	2013-05-18 14:58:03.087839+00	0		
350	118733	435	1713373	0	2013-05-18 00:12:54.461972+00	0		
354	118733	220	1714557	0	2013-05-18 14:58:16.909432+00	0		
357	118732	9	1714561	0	2013-05-18 14:58:28.137139+00	0		
360	118733	7	1714566	0	2013-05-18 14:58:47.739858+00	0		
362	118733	2	1714569	0	2013-05-18 14:58:56.563144+00	0		
364	118733	11	1714572	0	2013-05-18 14:59:02.053293+00	0		
366	118733	151	1714574	0	2013-05-18 14:59:09.355029+00	0		
46	118733	283	1712924	0	2013-05-17 20:17:43.370875+00	0		
47	118732	284	1712926	0	2013-05-17 20:18:05.135733+00	0		
48	118733	284	1712927	0	2013-05-17 20:18:09.109613+00	0		
130	118733	325	1713062	0	2013-05-17 21:33:21.434602+00	0		
49	118732	285	1712928	0	2013-05-17 20:18:32.125481+00	0		
50	118733	285	1712929	0	2013-05-17 20:18:38.076443+00	0		
51	118732	286	1712930	0	2013-05-17 20:19:02.492159+00	0		
133	118732	327	1713065	0	2013-05-17 21:33:41.646102+00	0		
52	118733	286	1712931	0	2013-05-17 20:19:09.811456+00	0		
53	118732	287	1712934	0	2013-05-17 20:19:30.738898+00	0		
176	118733	348	1713109	0	2013-05-17 21:40:07.699899+00	0		
54	118733	287	1712935	0	2013-05-17 20:19:38.487574+00	0		
136	118733	328	1713068	0	2013-05-17 21:33:56.000342+00	0		
55	118732	288	1712937	0	2013-05-17 20:20:00.413214+00	0		
56	118733	288	1712938	0	2013-05-17 20:20:07.961864+00	0		
57	118732	289	1712939	0	2013-05-17 20:20:26.298448+00	0		
139	118732	330	1713071	0	2013-05-17 21:34:17.906087+00	0		
58	118733	289	1712940	0	2013-05-17 20:20:34.048334+00	0		
59	118732	290	1712941	0	2013-05-17 20:20:59.592804+00	0		
285	118732	403	1713291	0	2013-05-17 23:29:37.164707+00	0		
60	118733	290	1712942	0	2013-05-17 20:21:07.782609+00	0		
142	118733	331	1713074	0	2013-05-17 21:34:32.541079+00	0		
61	118732	291	1712943	0	2013-05-17 20:21:30.656228+00	0		
62	118733	291	1712945	0	2013-05-17 20:21:38.269203+00	0		
179	118732	350	1713112	0	2013-05-17 21:40:27.169535+00	0		
63	118732	292	1712946	0	2013-05-17 20:21:58.507249+00	0		
143	118732	332	1713075	0	2013-05-17 21:34:41.36466+00	0		
64	118733	292	1712947	0	2013-05-17 20:22:07.699982+00	0		
65	118732	293	1712950	0	2013-05-17 20:22:30.792682+00	0		
66	118733	293	1712951	0	2013-05-17 20:22:35.987628+00	0		
146	118733	333	1713078	0	2013-05-17 21:34:55.96409+00	0		
67	118732	294	1712952	0	2013-05-17 20:22:56.532283+00	0		
68	118733	294	1712953	0	2013-05-17 20:23:03.352723+00	0		
227	118732	374	1713188	0	2013-05-17 22:15:12.746415+00	0		
69	118732	295	1712954	0	2013-05-17 20:23:30.496535+00	0		
149	118732	335	1713081	0	2013-05-17 21:35:16.74793+00	0		
70	118733	295	1712955	0	2013-05-17 20:23:37.752359+00	0		
71	118732	296	1712956	0	2013-05-17 20:24:03.899001+00	0		
182	118733	351	1713115	0	2013-05-17 21:40:41.364539+00	0		
72	118733	296	1712957	0	2013-05-17 20:24:11.137288+00	0		
152	118733	336	1713084	0	2013-05-17 21:35:31.130745+00	0		
73	118732	297	1712958	0	2013-05-17 20:24:35.009037+00	0		
74	118733	297	1712959	0	2013-05-17 20:24:42.437719+00	0		
75	118732	298	1712961	0	2013-05-17 20:25:03.645796+00	0		
156	118733	338	1713088	0	2013-05-17 21:35:54.063983+00	0		
76	118733	298	1712962	0	2013-05-17 20:25:11.785955+00	0		
77	118732	299	1712963	0	2013-05-17 20:25:33.750411+00	0		
78	118733	299	1712965	0	2013-05-17 20:25:40.265939+00	0		
157	118732	339	1713089	0	2013-05-17 21:36:02.867626+00	0		
79	118732	300	1712966	0	2013-05-17 20:26:04.283282+00	0		
80	118733	300	1712968	0	2013-05-17 20:26:15.063645+00	0		
185	118732	353	1713118	0	2013-05-17 21:41:01.256171+00	0		
81	118732	301	1712971	0	2013-05-17 20:26:42.667445+00	0		
160	118733	340	1713092	0	2013-05-17 21:36:17.799677+00	0		
82	118733	301	1712973	0	2013-05-17 20:26:49.58779+00	0		
83	118732	302	1712974	0	2013-05-17 20:27:13.260284+00	0		
84	118733	302	1712975	0	2013-05-17 20:27:21.121544+00	0		
164	118733	342	1713097	0	2013-05-17 21:39:01.181523+00	0		
85	118732	303	1712976	0	2013-05-17 20:27:41.260653+00	0		
86	118733	303	1712977	0	2013-05-17 20:27:45.565971+00	0		
268	118733	394	1713274	0	2013-05-17 23:27:57.887951+00	0		
87	118732	304	1712979	0	2013-05-17 20:28:08.343357+00	0		
167	118732	344	1713100	0	2013-05-17 21:39:20.333623+00	0		
88	118733	304	1712980	0	2013-05-17 20:28:15.662394+00	0		
89	118732	305	1712981	0	2013-05-17 20:28:37.056113+00	0		
186	118733	353	1713119	0	2013-05-17 21:41:04.806345+00	0		
90	118733	305	1712982	0	2013-05-17 20:28:46.59364+00	0		
170	118733	345	1713103	0	2013-05-17 21:39:34.593571+00	0		
171	118732	346	1713104	0	2013-05-17 21:39:42.673508+00	0		
231	118732	376	1713192	0	2013-05-17 22:15:35.353101+00	0		
174	118733	347	1713107	0	2013-05-17 21:39:56.769785+00	0		
190	118733	355	1713124	0	2013-05-17 21:41:36.051191+00	0		
193	118732	357	1713148	0	2013-05-17 22:11:38.365378+00	0		
196	118733	358	1713152	0	2013-05-17 22:12:01.185627+00	0		
235	118732	378	1713225	0	2013-05-17 23:00:26.86786+00	0		
200	118733	360	1713156	0	2013-05-17 22:12:31.206154+00	0		
205	118732	363	1713161	0	2013-05-17 22:13:08.840607+00	0		
208	118733	364	1713164	0	2013-05-17 22:13:25.894506+00	0		
239	118732	380	1713229	0	2013-05-17 23:00:49.203641+00	0		
211	118732	366	1713167	0	2013-05-17 22:13:44.873185+00	0		
214	118733	367	1713170	0	2013-05-17 22:13:58.642986+00	0		
271	118732	396	1713277	0	2013-05-17 23:28:17.099096+00	0		
218	118733	369	1713175	0	2013-05-17 22:14:20.270786+00	0		
242	118733	381	1713232	0	2013-05-17 23:01:02.947589+00	0		
221	118732	371	1713179	0	2013-05-17 22:14:39.180153+00	0		
223	118732	372	1713182	0	2013-05-17 22:14:49.935677+00	0		
225	118732	373	1713185	0	2013-05-17 22:15:01.747667+00	0		
299	118732	410	1713306	0	2013-05-17 23:30:55.659741+00	0		
246	118733	383	1713236	0	2013-05-17 23:01:24.901018+00	0		
274	118733	397	1713280	0	2013-05-17 23:28:30.876623+00	0		
250	118733	385	1713256	0	2013-05-17 23:25:56.904219+00	0		
253	118732	387	1713259	0	2013-05-17 23:26:24.673314+00	0		
288	118733	404	1713294	0	2013-05-17 23:29:51.424945+00	0		
256	118733	388	1713262	0	2013-05-17 23:26:41.883259+00	0		
275	118732	398	1713281	0	2013-05-17 23:28:39.146869+00	0		
259	118732	390	1713265	0	2013-05-17 23:27:03.502376+00	0		
262	118733	391	1713268	0	2013-05-17 23:27:19.940114+00	0		
265	118732	393	1713271	0	2013-05-17 23:27:39.262496+00	0		
279	118732	400	1713285	0	2013-05-17 23:29:03.610758+00	0		
280	118733	400	1713286	0	2013-05-17 23:29:06.4357+00	0		
290	118733	405	1713296	0	2013-05-17 23:30:02.648752+00	0		
282	118733	401	1713288	0	2013-05-17 23:29:17.581291+00	0		
283	118732	402	1713289	0	2013-05-17 23:29:25.658508+00	0		
301	118732	411	1713308	0	2013-05-17 23:31:06.903979+00	0		
292	118733	406	1713298	0	2013-05-17 23:30:13.772888+00	0		
295	118732	408	1713301	0	2013-05-17 23:30:32.886999+00	0		
312	118733	416	1713319	0	2013-05-17 23:32:04.943631+00	0		
304	118733	412	1713311	0	2013-05-17 23:31:20.719282+00	0		
320	118733	420	1713327	0	2013-05-17 23:32:49.822985+00	0		
308	118733	414	1713315	0	2013-05-17 23:31:42.77058+00	0		
319	118732	420	1713326	0	2013-05-17 23:32:46.936351+00	0		
314	118733	417	1713321	0	2013-05-17 23:32:16.101934+00	0		
317	118732	419	1713324	0	2013-05-17 23:32:35.524612+00	0		
324	118733	422	1713331	0	2013-05-17 23:33:12.115167+00	0		
327	118732	424	1713334	0	2013-05-17 23:33:31.486562+00	0		
331	118732	426	1713339	0	2013-05-17 23:33:53.888537+00	0		
334	118733	427	1713342	0	2013-05-17 23:34:08.419294+00	0		
338	118733	429	1713346	0	2013-05-17 23:34:30.898423+00	0		
341	118732	431	1713349	0	2013-05-17 23:34:50.480953+00	0		
342	118733	431	1713350	0	2013-05-17 23:34:53.41822+00	0		
345	118732	433	1713368	0	2013-05-18 00:12:19.618785+00	0		
348	118733	434	1713371	0	2013-05-18 00:12:41.726638+00	0		
352	118733	5	1714554	0	2013-05-18 14:58:06.745843+00	0		
580	118733	113	1714865	0	2013-05-18 15:12:14.578231+00	0		
355	118732	1	1714558	0	2013-05-18 14:58:19.898711+00	0		
358	118733	9	1714562	0	2013-05-18 14:58:35.904236+00	0		
682	118733	170	1715000	0	2013-05-18 15:18:15.248485+00	0		
91	118732	306	1712983	0	2013-05-17 20:29:12.310542+00	0		
92	118733	306	1712984	0	2013-05-17 20:29:20.660425+00	0		
93	118732	307	1712986	0	2013-05-17 20:29:47.535439+00	0		
131	118732	326	1713063	0	2013-05-17 21:33:30.051071+00	0		
94	118733	307	1712987	0	2013-05-17 20:29:55.988159+00	0		
95	118732	308	1712988	0	2013-05-17 20:30:23.921056+00	0		
96	118733	308	1712989	0	2013-05-17 20:30:31.423069+00	0		
134	118733	327	1713066	0	2013-05-17 21:33:44.602227+00	0		
97	118732	309	1712990	0	2013-05-17 20:30:53.632735+00	0		
98	118733	309	1712991	0	2013-05-17 20:31:01.113789+00	0		
177	118732	349	1713110	0	2013-05-17 21:40:16.154584+00	0		
99	118732	310	1712992	0	2013-05-17 20:31:22.276894+00	0		
137	118732	329	1713069	0	2013-05-17 21:34:06.179554+00	0		
100	118733	310	1712993	0	2013-05-17 20:31:28.928436+00	0		
101	118732	311	1712994	0	2013-05-17 20:31:51.844827+00	0		
102	118733	311	1712995	0	2013-05-17 20:32:01.754829+00	0		
140	118733	330	1713072	0	2013-05-17 21:34:20.833413+00	0		
103	118732	312	1713034	0	2013-05-17 21:28:13.19009+00	0		
104	118733	312	1713035	0	2013-05-17 21:28:18.789326+00	0		
306	118733	413	1713313	0	2013-05-17 23:31:31.791576+00	0		
105	118732	313	1713036	0	2013-05-17 21:28:28.023322+00	0		
144	118733	332	1713076	0	2013-05-17 21:34:44.212101+00	0		
106	118733	313	1713037	0	2013-05-17 21:28:31.100747+00	0		
107	118732	314	1713038	0	2013-05-17 21:28:39.411841+00	0		
180	118733	350	1713113	0	2013-05-17 21:40:30.403461+00	0		
108	118733	314	1713039	0	2013-05-17 21:28:42.226442+00	0		
147	118732	334	1713079	0	2013-05-17 21:35:04.913112+00	0		
109	118732	315	1713040	0	2013-05-17 21:28:50.398201+00	0		
110	118733	315	1713041	0	2013-05-17 21:28:53.288944+00	0		
111	118732	316	1713042	0	2013-05-17 21:29:01.486352+00	0		
150	118733	335	1713082	0	2013-05-17 21:35:19.604075+00	0		
112	118733	316	1713043	0	2013-05-17 21:29:04.524316+00	0		
113	118732	317	1713044	0	2013-05-17 21:29:12.978879+00	0		
228	118733	374	1713189	0	2013-05-17 22:15:15.711414+00	0		
114	118733	317	1713045	0	2013-05-17 21:29:16.583257+00	0		
154	118733	337	1713086	0	2013-05-17 21:35:42.620711+00	0		
115	118732	318	1713046	0	2013-05-17 21:29:27.238543+00	0		
116	118733	318	1713047	0	2013-05-17 21:29:30.401246+00	0		
183	118732	352	1713116	0	2013-05-17 21:40:49.694063+00	0		
117	118732	319	1713048	0	2013-05-17 21:29:38.721318+00	0		
158	118733	339	1713090	0	2013-05-17 21:36:05.894709+00	0		
118	118733	319	1713049	0	2013-05-17 21:29:41.778685+00	0		
119	118732	320	1713050	0	2013-05-17 21:29:49.903841+00	0		
120	118733	320	1713051	0	2013-05-17 21:29:52.861723+00	0		
161	118732	341	1713094	0	2013-05-17 21:38:47.290703+00	0		
121	118732	321	1713053	0	2013-05-17 21:30:00.842915+00	0		
122	118733	321	1713054	0	2013-05-17 21:30:03.795246+00	0		
123	118732	322	1713055	0	2013-05-17 21:30:12.353191+00	0		
162	118733	341	1713095	0	2013-05-17 21:38:50.37519+00	0		
124	118733	322	1713056	0	2013-05-17 21:30:15.172483+00	0		
125	118732	323	1713057	0	2013-05-17 21:30:23.437475+00	0		
187	118732	354	1713121	0	2013-05-17 21:41:15.615964+00	0		
126	118733	323	1713058	0	2013-05-17 21:30:26.524267+00	0		
165	118732	343	1713098	0	2013-05-17 21:39:09.16555+00	0		
127	118732	324	1713059	0	2013-05-17 21:30:34.542904+00	0		
128	118733	324	1713060	0	2013-05-17 21:30:37.529819+00	0		
168	118733	344	1713101	0	2013-05-17 21:39:23.276227+00	0		
276	118733	398	1713282	0	2013-05-17 23:28:42.086638+00	0		
172	118733	346	1713105	0	2013-05-17 21:39:45.672635+00	0		
189	118732	355	1713123	0	2013-05-17 21:41:32.079932+00	0		
232	118733	376	1713193	0	2013-05-17 22:15:38.276891+00	0		
191	118732	356	1713146	0	2013-05-17 22:11:23.413469+00	0		
194	118733	357	1713149	0	2013-05-17 22:11:44.686943+00	0		
197	118732	359	1713153	0	2013-05-17 22:12:12.511465+00	0		
236	118733	378	1713226	0	2013-05-17 23:00:29.791988+00	0		
198	118733	359	1713154	0	2013-05-17 22:12:17.936577+00	0		
201	118732	361	1713157	0	2013-05-17 22:12:39.139129+00	0		
203	118732	362	1713159	0	2013-05-17 22:12:55.165882+00	0		
240	118733	380	1713230	0	2013-05-17 23:00:52.194928+00	0		
206	118733	363	1713162	0	2013-05-17 22:13:11.926449+00	0		
209	118732	365	1713165	0	2013-05-17 22:13:33.851974+00	0		
278	118733	399	1713284	0	2013-05-17 23:28:55.546594+00	0		
212	118733	366	1713168	0	2013-05-17 22:13:47.772782+00	0		
243	118732	382	1713233	0	2013-05-17 23:01:10.807212+00	0		
215	118732	368	1713171	0	2013-05-17 22:14:06.509619+00	0		
219	118732	370	1713176	0	2013-05-17 22:14:28.334044+00	0		
222	118733	371	1713180	0	2013-05-17 22:14:42.098184+00	0		
244	118733	382	1713234	0	2013-05-17 23:01:13.856066+00	0		
339	118732	430	1713347	0	2013-05-17 23:34:39.342875+00	0		
247	118732	384	1713237	0	2013-05-17 23:01:32.873443+00	0		
281	118732	401	1713287	0	2013-05-17 23:29:14.614324+00	0		
248	118733	384	1713238	0	2013-05-17 23:01:35.771941+00	0		
251	118732	386	1713257	0	2013-05-17 23:26:11.111412+00	0		
309	118732	415	1713316	0	2013-05-17 23:31:50.951784+00	0		
254	118733	387	1713260	0	2013-05-17 23:26:27.669154+00	0		
286	118733	403	1713292	0	2013-05-17 23:29:39.951622+00	0		
257	118732	389	1713263	0	2013-05-17 23:26:52.497338+00	0		
260	118733	390	1713266	0	2013-05-17 23:27:06.524251+00	0		
263	118732	392	1713269	0	2013-05-17 23:27:28.12645+00	0		
289	118732	405	1713295	0	2013-05-17 23:29:59.803925+00	0		
266	118733	393	1713272	0	2013-05-17 23:27:42.028764+00	0		
269	118732	395	1713275	0	2013-05-17 23:28:05.927045+00	0		
328	118733	424	1713335	0	2013-05-17 23:33:34.299617+00	0		
272	118733	396	1713278	0	2013-05-17 23:28:19.895374+00	0		
293	118732	407	1713299	0	2013-05-17 23:30:21.999434+00	0		
313	118732	417	1713320	0	2013-05-17 23:32:13.31566+00	0		
296	118733	408	1713302	0	2013-05-17 23:30:35.782172+00	0		
298	118733	409	1713304	0	2013-05-17 23:30:47.487595+00	0		
300	118733	410	1713307	0	2013-05-17 23:30:58.586147+00	0		
315	118732	418	1713322	0	2013-05-17 23:32:24.480262+00	0		
302	118733	411	1713309	0	2013-05-17 23:31:09.721376+00	0		
332	118733	426	1713340	0	2013-05-17 23:33:56.937333+00	0		
321	118732	421	1713328	0	2013-05-17 23:32:58.123798+00	0		
322	118733	421	1713329	0	2013-05-17 23:33:00.912728+00	0		
325	118732	423	1713332	0	2013-05-17 23:33:20.295782+00	0		
335	118732	428	1713343	0	2013-05-17 23:34:16.785513+00	0		
343	118732	432	1713366	0	2013-05-18 00:11:51.540903+00	0		
336	118733	428	1713344	0	2013-05-17 23:34:19.68669+00	0		
353	118732	220	1714555	0	2013-05-18 14:58:09.518242+00	0		
346	118733	433	1713369	0	2013-05-18 00:12:23.008113+00	0		
349	118732	435	1713372	0	2013-05-18 00:12:51.069487+00	0		
359	118732	7	1714565	0	2013-05-18 14:58:45.013404+00	0		
356	118733	1	1714560	0	2013-05-18 14:58:25.303484+00	0		
361	118732	2	1714568	0	2013-05-18 14:58:52.638309+00	0		
363	118732	11	1714570	0	2013-05-18 14:58:59.304807+00	0		
365	118732	151	1714573	0	2013-05-18 14:59:04.815166+00	0		
367	118732	6	1714575	0	2013-05-18 14:59:12.098811+00	0		
368	118733	6	1714577	0	2013-05-18 14:59:20.239306+00	0		
369	118732	8	1714578	0	2013-05-18 14:59:30.614115+00	0		
370	118733	8	1714580	0	2013-05-18 14:59:36.544643+00	0		
371	118732	10	1714581	0	2013-05-18 14:59:43.841977+00	0		
372	118733	10	1714582	0	2013-05-18 14:59:48.572369+00	0		
587	118732	116	1714874	0	2013-05-18 15:12:39.634274+00	0		
373	118732	14	1714584	0	2013-05-18 14:59:51.447129+00	0		
581	118732	114	1714866	0	2013-05-18 15:12:17.32394+00	0		
810	118733	238	1715166	0	2013-05-18 15:26:19.268337+00	0		
2451	118732	1253	1717801	0	2013-05-19 20:48:07.257858+00	0		
374	118733	14	1714585	0	2013-05-18 14:59:54.260744+00	0		
375	118732	13	1714586	0	2013-05-18 15:00:00.078402+00	0		
683	118732	169	1715001	0	2013-05-18 15:18:21.033794+00	0		
376	118733	13	1714587	0	2013-05-18 15:00:02.991264+00	0		
582	118733	114	1714867	0	2013-05-18 15:12:20.05504+00	0		
377	118732	15	1714589	0	2013-05-18 15:00:05.848963+00	0		
378	118733	15	1714590	0	2013-05-18 15:00:08.607723+00	0		
379	118732	27	1714591	0	2013-05-18 15:00:13.763546+00	0		
588	118733	116	1714875	0	2013-05-18 15:12:43.177811+00	0		
380	118733	27	1714593	0	2013-05-18 15:00:16.631266+00	0		
593	118732	122	1714881	0	2013-05-18 15:12:59.840766+00	0		
381	118732	19	1714594	0	2013-05-18 15:00:23.387437+00	0		
382	118733	19	1714595	0	2013-05-18 15:00:27.071014+00	0		
383	118732	18	1714597	0	2013-05-18 15:00:29.829354+00	0		
598	118733	120	1714888	0	2013-05-18 15:13:14.524556+00	0		
384	118733	18	1714598	0	2013-05-18 15:00:32.682153+00	0		
385	118732	21	1714599	0	2013-05-18 15:00:37.067441+00	0		
688	118733	171	1715008	0	2013-05-18 15:18:44.213634+00	0		
386	118733	21	1714600	0	2013-05-18 15:00:39.825874+00	0		
603	118732	124	1714895	0	2013-05-18 15:13:30.117172+00	0		
387	118732	34	1714602	0	2013-05-18 15:00:49.084912+00	0		
388	118733	34	1714603	0	2013-05-18 15:00:54.691093+00	0		
389	118732	33	1714604	0	2013-05-18 15:00:59.186641+00	0		
609	118732	144	1714902	0	2013-05-18 15:13:48.48912+00	0		
390	118733	33	1714606	0	2013-05-18 15:01:03.27441+00	0		
616	118733	247	1714912	0	2013-05-18 15:14:17.187214+00	0		
693	118732	173	1715014	0	2013-05-18 15:18:57.82564+00	0		
621	118732	126	1714918	0	2013-05-18 15:14:36.180091+00	0		
626	118733	146	1714925	0	2013-05-18 15:14:56.153803+00	0		
811	118732	12	1715245	0	2013-05-18 16:05:13.979685+00	0		
633	118732	132	1714934	0	2013-05-18 15:15:24.760859+00	0		
695	118732	175	1715016	0	2013-05-18 15:19:03.34925+00	0		
641	118732	138	1714944	0	2013-05-18 15:15:54.123154+00	0		
649	118732	155	1714955	0	2013-05-18 15:16:25.051061+00	0		
654	118733	156	1714961	0	2013-05-18 15:16:43.462407+00	0		
701	118732	177	1715024	0	2013-05-18 15:19:24.831184+00	0		
659	118732	160	1714968	0	2013-05-18 15:17:04.66659+00	0		
667	118732	153	1714978	0	2013-05-18 15:17:29.286455+00	0		
816	118733	4	1715251	0	2013-05-18 16:05:51.758282+00	0		
674	118733	167	1714987	0	2013-05-18 15:17:48.35989+00	0		
706	118733	191	1715031	0	2013-05-18 15:19:46.486929+00	0		
681	118732	170	1714998	0	2013-05-18 15:18:09.739771+00	0		
711	118732	202	1715037	0	2013-05-18 15:20:04.591226+00	0		
897	118732	454	1715532	0	2013-05-18 22:29:20.308926+00	0		
716	118733	196	1715044	0	2013-05-18 15:20:32.536235+00	0		
821	118732	75	1715257	0	2013-05-18 16:06:34.553357+00	0		
721	118732	189	1715051	0	2013-05-18 15:20:58.076152+00	0		
727	118732	185	1715059	0	2013-05-18 15:21:25.487574+00	0		
732	118733	199	1715065	0	2013-05-18 15:21:40.860616+00	0		
824	118733	87	1715260	0	2013-05-18 16:06:49.02888+00	0		
738	118733	243	1715072	0	2013-05-18 15:21:58.235996+00	0		
742	118733	204	1715077	0	2013-05-18 15:22:09.402755+00	0		
959	118732	485	1715601	0	2013-05-18 22:46:22.146919+00	0		
745	118732	216	1715082	0	2013-05-18 15:22:21.669443+00	0		
827	118732	96	1715263	0	2013-05-18 16:07:04.2753+00	0		
750	118733	209	1715088	0	2013-05-18 15:22:37.430495+00	0		
755	118732	210	1715094	0	2013-05-18 15:22:54.52415+00	0		
902	118733	456	1715537	0	2013-05-18 22:29:47.08706+00	0		
760	118733	215	1715101	0	2013-05-18 15:23:15.328484+00	0		
830	118733	256	1715267	0	2013-05-18 16:07:23.212623+00	0		
765	118732	214	1715108	0	2013-05-18 15:23:30.724603+00	0		
771	118732	207	1715116	0	2013-05-18 15:23:50.6477+00	0		
777	118732	222	1715123	0	2013-05-18 15:24:07.651973+00	0		
833	118732	159	1715270	0	2013-05-18 16:07:49.699743+00	0		
782	118733	225	1715130	0	2013-05-18 15:24:26.359896+00	0		
783	118732	227	1715131	0	2013-05-18 15:24:29.109886+00	0		
785	118732	180	1715133	0	2013-05-18 15:24:37.354796+00	0		
834	118733	159	1715271	0	2013-05-18 16:07:52.551441+00	0		
791	118732	229	1715141	0	2013-05-18 15:24:56.270725+00	0		
798	118733	245	1715150	0	2013-05-18 15:25:18.222106+00	0		
908	118733	459	1715543	0	2013-05-18 22:30:24.774075+00	0		
803	118732	234	1715156	0	2013-05-18 15:25:38.345796+00	0		
840	118733	76	1715277	0	2013-05-18 16:08:31.255182+00	0		
808	118733	237	1715163	0	2013-05-18 15:26:03.182489+00	0		
809	118732	238	1715164	0	2013-05-18 15:26:12.412265+00	0		
845	118732	174	1715282	0	2013-05-18 16:09:05.514311+00	0		
1012	118733	511	1715762	0	2013-05-19 00:29:44.540387+00	0		
850	118733	77	1715287	0	2013-05-18 16:09:37.077306+00	0		
913	118732	462	1715548	0	2013-05-18 22:30:57.25788+00	0		
856	118733	231	1715293	0	2013-05-18 16:10:08.776024+00	0		
861	118732	436	1715414	0	2013-05-18 20:40:43.56732+00	0		
962	118733	486	1715604	0	2013-05-18 22:46:35.871579+00	0		
867	118732	439	1715420	0	2013-05-18 20:41:21.491161+00	0		
914	118733	462	1715549	0	2013-05-18 22:31:00.16642+00	0		
869	118732	440	1715422	0	2013-05-18 20:41:32.91257+00	0		
874	118733	442	1715427	0	2013-05-18 20:42:02.040294+00	0		
881	118732	446	1715434	0	2013-05-18 20:42:45.042514+00	0		
920	118733	465	1715555	0	2013-05-18 22:31:34.058058+00	0		
887	118732	449	1715440	0	2013-05-18 20:43:19.712598+00	0		
892	118733	451	1715446	0	2013-05-18 20:43:47.142122+00	0		
992	118733	501	1715667	0	2013-05-19 00:00:05.624582+00	0		
928	118733	469	1715568	0	2013-05-18 22:42:16.450226+00	0		
966	118733	488	1715608	0	2013-05-18 22:46:57.68812+00	0		
934	118733	472	1715574	0	2013-05-18 22:42:50.147951+00	0		
941	118732	476	1715582	0	2013-05-18 22:43:33.5978+00	0		
942	118733	476	1715583	0	2013-05-18 22:43:37.603559+00	0		
968	118733	489	1715610	0	2013-05-18 22:47:08.756518+00	0		
948	118733	479	1715589	0	2013-05-18 22:44:41.851741+00	0		
956	118733	483	1715597	0	2013-05-18 22:46:01.086729+00	0		
1001	118732	506	1715750	0	2013-05-19 00:28:45.851919+00	0		
969	118732	490	1715639	0	2013-05-18 23:57:35.18062+00	0		
995	118732	503	1715670	0	2013-05-19 00:00:25.228955+00	0		
974	118733	492	1715644	0	2013-05-18 23:58:12.742514+00	0		
980	118733	495	1715651	0	2013-05-18 23:58:58.369801+00	0		
987	118732	499	1715661	0	2013-05-18 23:59:40.782576+00	0		
996	118733	503	1715671	0	2013-05-19 00:00:28.230601+00	0		
1006	118733	508	1715756	0	2013-05-19 00:29:10.704625+00	0		
999	118732	505	1715674	0	2013-05-19 00:00:47.240554+00	0		
1023	118732	517	1715774	0	2013-05-19 00:30:48.762952+00	0		
1007	118732	509	1715757	0	2013-05-19 00:29:18.66223+00	0		
1017	118732	514	1715768	0	2013-05-19 00:30:15.394326+00	0		
1029	118732	520	1715781	0	2013-05-19 00:31:22.244322+00	0		
1053	118732	532	1715809	0	2013-05-19 00:33:34.867852+00	0		
1030	118733	520	1715782	0	2013-05-19 00:31:25.090703+00	0		
1035	118732	523	1715788	0	2013-05-19 00:31:55.129387+00	0		
2452	118733	1253	1717802	0	2013-05-19 20:48:10.293962+00	0		
1039	118732	525	1715792	0	2013-05-19 00:32:16.910305+00	0		
1041	118732	526	1715794	0	2013-05-19 00:32:28.29452+00	0		
2505	118732	1280	1717858	0	2013-05-19 21:02:26.662279+00	0		
2554	118733	1304	1717908	0	2013-05-19 21:09:22.588343+00	0		
2610	118733	1332	1717967	0	2013-05-19 21:14:51.841306+00	0		
2660	118733	1357	1718018	0	2013-05-19 21:19:50.604108+00	0		
2723	118732	1389	1718086	0	2013-05-19 21:26:12.956466+00	0		
2725	118732	1390	1718088	0	2013-05-19 21:26:24.272186+00	0		
2791	118732	1430	1718186	0	2013-05-19 22:22:07.672394+00	0		
2776	118733	1422	1718170	0	2013-05-19 22:20:35.702352+00	0		
3154	118732	1613	1718757	0	2013-05-20 09:16:39.552657+00	0		
391	118732	17	1714607	0	2013-05-18 15:01:06.037751+00	0		
484	118733	72	1714735	0	2013-05-18 15:06:42.169901+00	0		
392	118733	17	1714608	0	2013-05-18 15:01:09.215312+00	0		
432	118733	52	1714665	0	2013-05-18 15:03:55.258554+00	0		
393	118732	35	1714609	0	2013-05-18 15:01:12.107793+00	0		
394	118733	35	1714610	0	2013-05-18 15:01:15.62327+00	0		
456	118733	56	1714698	0	2013-05-18 15:05:11.66801+00	0		
395	118732	23	1714612	0	2013-05-18 15:01:20.048181+00	0		
433	118732	50	1714667	0	2013-05-18 15:03:58.264887+00	0		
396	118733	23	1714613	0	2013-05-18 15:01:24.815464+00	0		
397	118732	24	1714614	0	2013-05-18 15:01:28.513269+00	0		
398	118733	24	1714617	0	2013-05-18 15:01:33.574075+00	0		
434	118733	50	1714668	0	2013-05-18 15:04:01.233519+00	0		
399	118732	32	1714618	0	2013-05-18 15:01:36.530976+00	0		
400	118733	32	1714619	0	2013-05-18 15:01:39.899313+00	0		
473	118732	63	1714722	0	2013-05-18 15:06:11.252339+00	0		
401	118732	26	1714620	0	2013-05-18 15:01:42.763873+00	0		
435	118732	43	1714669	0	2013-05-18 15:04:04.343238+00	0		
402	118733	26	1714622	0	2013-05-18 15:01:45.462121+00	0		
403	118732	258	1714623	0	2013-05-18 15:01:48.259847+00	0		
457	118732	81	1714700	0	2013-05-18 15:05:17.45774+00	0		
404	118733	258	1714624	0	2013-05-18 15:01:52.174532+00	0		
436	118733	43	1714670	0	2013-05-18 15:04:07.459286+00	0		
405	118732	30	1714625	0	2013-05-18 15:01:57.452223+00	0		
406	118733	30	1714629	0	2013-05-18 15:02:04.277404+00	0		
407	118732	16	1714630	0	2013-05-18 15:02:09.243658+00	0		
437	118732	37	1714671	0	2013-05-18 15:04:10.252372+00	0		
408	118733	16	1714632	0	2013-05-18 15:02:16.018847+00	0		
409	118732	25	1714633	0	2013-05-18 15:02:19.860983+00	0		
410	118733	25	1714634	0	2013-05-18 15:02:22.691986+00	0		
438	118733	37	1714675	0	2013-05-18 15:04:14.061549+00	0		
411	118732	29	1714635	0	2013-05-18 15:02:25.70657+00	0		
412	118733	29	1714637	0	2013-05-18 15:02:32.398188+00	0		
458	118733	81	1714702	0	2013-05-18 15:05:21.928228+00	0		
413	118732	28	1714638	0	2013-05-18 15:02:35.252756+00	0		
439	118732	44	1714676	0	2013-05-18 15:04:16.894682+00	0		
414	118733	28	1714639	0	2013-05-18 15:02:38.76638+00	0		
415	118732	20	1714641	0	2013-05-18 15:02:43.84544+00	0		
416	118733	20	1714642	0	2013-05-18 15:02:47.633716+00	0		
440	118733	44	1714677	0	2013-05-18 15:04:19.579975+00	0		
417	118732	22	1714643	0	2013-05-18 15:02:56.529488+00	0		
418	118733	22	1714645	0	2013-05-18 15:03:03.574899+00	0		
419	118732	38	1714646	0	2013-05-18 15:03:06.397904+00	0		
441	118732	47	1714678	0	2013-05-18 15:04:24.396727+00	0		
420	118733	38	1714648	0	2013-05-18 15:03:11.811733+00	0		
421	118732	46	1714651	0	2013-05-18 15:03:19.450084+00	0		
459	118732	58	1714703	0	2013-05-18 15:05:27.393158+00	0		
422	118733	46	1714652	0	2013-05-18 15:03:24.094992+00	0		
442	118733	47	1714681	0	2013-05-18 15:04:28.32868+00	0		
423	118732	236	1714653	0	2013-05-18 15:03:27.665751+00	0		
424	118733	236	1714655	0	2013-05-18 15:03:30.401702+00	0		
425	118732	41	1714656	0	2013-05-18 15:03:33.972104+00	0		
443	118732	51	1714682	0	2013-05-18 15:04:32.079819+00	0		
426	118733	41	1714658	0	2013-05-18 15:03:36.851008+00	0		
427	118732	49	1714659	0	2013-05-18 15:03:40.12543+00	0		
474	118733	63	1714723	0	2013-05-18 15:06:13.941025+00	0		
428	118733	49	1714660	0	2013-05-18 15:03:43.347589+00	0		
460	118733	58	1714704	0	2013-05-18 15:05:30.527445+00	0		
429	118732	203	1714662	0	2013-05-18 15:03:46.36212+00	0		
430	118733	203	1714663	0	2013-05-18 15:03:49.582834+00	0		
431	118732	52	1714664	0	2013-05-18 15:03:52.350322+00	0		
444	118733	51	1714683	0	2013-05-18 15:04:34.793944+00	0		
461	118732	57	1714706	0	2013-05-18 15:05:33.786913+00	0		
445	118732	242	1714684	0	2013-05-18 15:04:39.332211+00	0		
446	118733	242	1714685	0	2013-05-18 15:04:42.727585+00	0		
501	118732	80	1714760	0	2013-05-18 15:07:39.475889+00	0		
447	118732	54	1714687	0	2013-05-18 15:04:45.88989+00	0		
462	118733	57	1714707	0	2013-05-18 15:05:38.959186+00	0		
448	118733	54	1714688	0	2013-05-18 15:04:48.820362+00	0		
449	118732	39	1714689	0	2013-05-18 15:04:51.534586+00	0		
475	118732	233	1714724	0	2013-05-18 15:06:16.64833+00	0		
450	118733	39	1714690	0	2013-05-18 15:04:54.229788+00	0		
463	118732	59	1714708	0	2013-05-18 15:05:42.700174+00	0		
451	118732	45	1714692	0	2013-05-18 15:04:56.964867+00	0		
452	118733	45	1714693	0	2013-05-18 15:04:59.944857+00	0		
453	118732	55	1714694	0	2013-05-18 15:05:02.963599+00	0		
464	118733	59	1714709	0	2013-05-18 15:05:45.749695+00	0		
454	118733	55	1714695	0	2013-05-18 15:05:05.993662+00	0		
485	118732	71	1714736	0	2013-05-18 15:06:45.127782+00	0		
455	118732	56	1714697	0	2013-05-18 15:05:08.87035+00	0		
476	118733	233	1714725	0	2013-05-18 15:06:19.370461+00	0		
465	118732	60	1714711	0	2013-05-18 15:05:48.554369+00	0		
466	118733	60	1714712	0	2013-05-18 15:05:51.274459+00	0		
467	118732	3	1714713	0	2013-05-18 15:05:54.018012+00	0		
477	118732	66	1714726	0	2013-05-18 15:06:22.190229+00	0		
468	118733	3	1714714	0	2013-05-18 15:05:56.762033+00	0		
469	118732	62	1714716	0	2013-05-18 15:05:59.564962+00	0		
494	118733	73	1714749	0	2013-05-18 15:07:11.613729+00	0		
470	118733	62	1714717	0	2013-05-18 15:06:02.360254+00	0		
478	118733	66	1714728	0	2013-05-18 15:06:25.089183+00	0		
471	118732	67	1714719	0	2013-05-18 15:06:05.123938+00	0		
472	118733	67	1714720	0	2013-05-18 15:06:08.097103+00	0		
486	118733	71	1714737	0	2013-05-18 15:06:47.939403+00	0		
479	118732	194	1714729	0	2013-05-18 15:06:28.055359+00	0		
480	118733	194	1714730	0	2013-05-18 15:06:30.944001+00	0		
481	118732	68	1714731	0	2013-05-18 15:06:33.804862+00	0		
490	118733	139	1714744	0	2013-05-18 15:06:59.851569+00	0		
482	118733	68	1714733	0	2013-05-18 15:06:36.556408+00	0		
483	118732	72	1714734	0	2013-05-18 15:06:39.295384+00	0		
500	118733	86	1714759	0	2013-05-18 15:07:36.0952+00	0		
487	118732	69	1714739	0	2013-05-18 15:06:50.715639+00	0		
495	118732	78	1714750	0	2013-05-18 15:07:14.580827+00	0		
488	118733	69	1714740	0	2013-05-18 15:06:53.841216+00	0		
489	118732	139	1714741	0	2013-05-18 15:06:56.908262+00	0		
496	118733	78	1714751	0	2013-05-18 15:07:17.420277+00	0		
491	118732	70	1714745	0	2013-05-18 15:07:02.844716+00	0		
492	118733	70	1714746	0	2013-05-18 15:07:05.736882+00	0		
493	118732	73	1714747	0	2013-05-18 15:07:08.596576+00	0		
497	118732	221	1714753	0	2013-05-18 15:07:20.14317+00	0		
498	118733	221	1714755	0	2013-05-18 15:07:27.612285+00	0		
499	118732	86	1714757	0	2013-05-18 15:07:33.189297+00	0		
503	118732	251	1714763	0	2013-05-18 15:07:46.617176+00	0		
502	118733	80	1714762	0	2013-05-18 15:07:43.743801+00	0		
504	118733	251	1714764	0	2013-05-18 15:07:51.576579+00	0		
505	118732	82	1714766	0	2013-05-18 15:07:59.305168+00	0		
506	118733	82	1714767	0	2013-05-18 15:08:05.119399+00	0		
507	118732	83	1714768	0	2013-05-18 15:08:08.022952+00	0		
508	118733	83	1714770	0	2013-05-18 15:08:12.494533+00	0		
509	118732	85	1714771	0	2013-05-18 15:08:19.044371+00	0		
510	118733	85	1714772	0	2013-05-18 15:08:25.504845+00	0		
3545	118732	1809	1719211	0	2013-05-20 11:48:23.16558+00	0		
511	118732	79	1714774	0	2013-05-18 15:08:28.145641+00	0		
512	118733	79	1714775	0	2013-05-18 15:08:31.114231+00	0		
513	118732	90	1714777	0	2013-05-18 15:08:37.057266+00	0		
514	118733	90	1714779	0	2013-05-18 15:08:46.737902+00	0		
515	118732	65	1714780	0	2013-05-18 15:08:50.452592+00	0		
3994	118732	2042	1719844	0	2013-05-20 15:47:46.286529+00	0		
583	118732	40	1714869	0	2013-05-18 15:12:25.350314+00	0		
516	118733	65	1714781	0	2013-05-18 15:08:53.277216+00	0		
517	118732	84	1714782	0	2013-05-18 15:08:58.629759+00	0		
684	118733	169	1715002	0	2013-05-18 15:18:26.026666+00	0		
518	118733	84	1714784	0	2013-05-18 15:09:03.815532+00	0		
589	118732	118	1714876	0	2013-05-18 15:12:46.173983+00	0		
519	118732	248	1714785	0	2013-05-18 15:09:06.646924+00	0		
520	118733	248	1714786	0	2013-05-18 15:09:11.991261+00	0		
521	118732	89	1714787	0	2013-05-18 15:09:14.895414+00	0		
594	118733	122	1714883	0	2013-05-18 15:13:02.511986+00	0		
522	118733	89	1714789	0	2013-05-18 15:09:18.094558+00	0		
523	118732	91	1714790	0	2013-05-18 15:09:20.879617+00	0		
812	118733	12	1715246	0	2013-05-18 16:05:20.951132+00	0		
524	118733	91	1714791	0	2013-05-18 15:09:23.752978+00	0		
599	118732	119	1714889	0	2013-05-18 15:13:17.449161+00	0		
525	118732	92	1714794	0	2013-05-18 15:09:27.509267+00	0		
526	118733	92	1714795	0	2013-05-18 15:09:30.751238+00	0		
689	118732	163	1715009	0	2013-05-18 15:18:47.047127+00	0		
527	118732	94	1714796	0	2013-05-18 15:09:33.78639+00	0		
604	118733	124	1714896	0	2013-05-18 15:13:34.46703+00	0		
528	118733	94	1714798	0	2013-05-18 15:09:36.742671+00	0		
529	118732	95	1714799	0	2013-05-18 15:09:39.819942+00	0		
530	118733	95	1714800	0	2013-05-18 15:09:45.75959+00	0		
606	118733	117	1714899	0	2013-05-18 15:13:40.028393+00	0		
531	118732	53	1714801	0	2013-05-18 15:09:48.916025+00	0		
532	118733	53	1714803	0	2013-05-18 15:09:54.083645+00	0		
786	118733	180	1715135	0	2013-05-18 15:24:40.007228+00	0		
533	118732	93	1714804	0	2013-05-18 15:09:56.947827+00	0		
610	118733	144	1714904	0	2013-05-18 15:13:51.131906+00	0		
534	118733	93	1714805	0	2013-05-18 15:09:59.795005+00	0		
535	118732	97	1714807	0	2013-05-18 15:10:02.460576+00	0		
694	118733	173	1715015	0	2013-05-18 15:19:00.689757+00	0		
536	118733	97	1714808	0	2013-05-18 15:10:05.62095+00	0		
617	118732	127	1714913	0	2013-05-18 15:14:19.868433+00	0		
537	118732	100	1714809	0	2013-05-18 15:10:08.41917+00	0		
538	118733	100	1714810	0	2013-05-18 15:10:11.36074+00	0		
539	118732	103	1714812	0	2013-05-18 15:10:14.240879+00	0		
622	118733	126	1714919	0	2013-05-18 15:14:38.86095+00	0		
540	118733	103	1714814	0	2013-05-18 15:10:19.222102+00	0		
552	118733	101	1714830	0	2013-05-18 15:10:54.134846+00	0		
557	118732	253	1714836	0	2013-05-18 15:11:08.202271+00	0		
628	118733	142	1714927	0	2013-05-18 15:15:05.882427+00	0		
558	118733	253	1714838	0	2013-05-18 15:11:11.153705+00	0		
696	118733	175	1715018	0	2013-05-18 15:19:06.029159+00	0		
629	118732	135	1714929	0	2013-05-18 15:15:11.006609+00	0		
635	118732	136	1714937	0	2013-05-18 15:15:30.43139+00	0		
643	118732	129	1714947	0	2013-05-18 15:16:02.19283+00	0		
698	118733	254	1715020	0	2013-05-18 15:19:12.390322+00	0		
644	118733	129	1714948	0	2013-05-18 15:16:04.854208+00	0		
645	118732	145	1714950	0	2013-05-18 15:16:12.177767+00	0		
792	118733	229	1715142	0	2013-05-18 15:24:59.005118+00	0		
650	118733	155	1714956	0	2013-05-18 15:16:27.957597+00	0		
702	118733	177	1715025	0	2013-05-18 15:19:27.793758+00	0		
655	118732	154	1714963	0	2013-05-18 15:16:52.277108+00	0		
660	118733	160	1714969	0	2013-05-18 15:17:07.683767+00	0		
668	118733	153	1714980	0	2013-05-18 15:17:32.129465+00	0		
707	118732	186	1715032	0	2013-05-18 15:19:49.228834+00	0		
675	118732	165	1714989	0	2013-05-18 15:17:51.036046+00	0		
679	118732	162	1714996	0	2013-05-18 15:18:03.846924+00	0		
875	118732	443	1715428	0	2013-05-18 20:42:10.21046+00	0		
712	118733	202	1715039	0	2013-05-18 15:20:12.839943+00	0		
793	118732	226	1715144	0	2013-05-18 15:25:03.349301+00	0		
717	118732	190	1715046	0	2013-05-18 15:20:35.755428+00	0		
722	118733	189	1715052	0	2013-05-18 15:21:04.19406+00	0		
817	118732	255	1715252	0	2013-05-18 16:06:07.127815+00	0		
723	118732	187	1715053	0	2013-05-18 15:21:06.918061+00	0		
796	118733	181	1715147	0	2013-05-18 15:25:12.587565+00	0		
728	118733	185	1715060	0	2013-05-18 15:21:28.195497+00	0		
733	118732	257	1715066	0	2013-05-18 15:21:44.203257+00	0		
739	118732	64	1715074	0	2013-05-18 15:22:00.977641+00	0		
799	118732	241	1715151	0	2013-05-18 15:25:21.980496+00	0		
741	118732	204	1715076	0	2013-05-18 15:22:06.318467+00	0		
746	118733	216	1715083	0	2013-05-18 15:22:24.709285+00	0		
751	118732	208	1715090	0	2013-05-18 15:22:40.212804+00	0		
804	118733	234	1715158	0	2013-05-18 15:25:43.802044+00	0		
756	118733	210	1715096	0	2013-05-18 15:22:57.403322+00	0		
822	118733	75	1715258	0	2013-05-18 16:06:40.241279+00	0		
761	118732	213	1715102	0	2013-05-18 15:23:18.207373+00	0		
766	118733	214	1715110	0	2013-05-18 15:23:34.748525+00	0		
770	118733	217	1715115	0	2013-05-18 15:23:45.909877+00	0		
828	118733	96	1715264	0	2013-05-18 16:07:07.98309+00	0		
772	118733	207	1715117	0	2013-05-18 15:23:53.514287+00	0		
778	118733	222	1715124	0	2013-05-18 15:24:12.118136+00	0		
876	118733	443	1715429	0	2013-05-18 20:42:13.35859+00	0		
784	118733	227	1715132	0	2013-05-18 15:24:34.430914+00	0		
836	118733	134	1715273	0	2013-05-18 16:08:02.269091+00	0		
841	118732	197	1715278	0	2013-05-18 16:08:43.058525+00	0		
909	118732	460	1715544	0	2013-05-18 22:30:32.98683+00	0		
846	118733	174	1715283	0	2013-05-18 16:09:11.322876+00	0		
882	118733	446	1715435	0	2013-05-18 20:42:48.173356+00	0		
851	118732	205	1715288	0	2013-05-18 16:09:42.526113+00	0		
854	118733	223	1715291	0	2013-05-18 16:09:57.30464+00	0		
857	118732	232	1715294	0	2013-05-18 16:10:13.664888+00	0		
888	118733	449	1715441	0	2013-05-18 20:43:22.864068+00	0		
862	118733	436	1715415	0	2013-05-18 20:40:46.906889+00	0		
868	118733	439	1715421	0	2013-05-18 20:41:24.606171+00	0		
930	118733	470	1715570	0	2013-05-18 22:42:27.717715+00	0		
871	118732	441	1715424	0	2013-05-18 20:41:47.487322+00	0		
915	118732	463	1715550	0	2013-05-18 22:31:08.433497+00	0		
893	118732	452	1715448	0	2013-05-18 20:43:55.690659+00	0		
898	118733	454	1715533	0	2013-05-18 22:29:23.34476+00	0		
903	118732	457	1715538	0	2013-05-18 22:29:55.325792+00	0		
921	118732	466	1715557	0	2013-05-18 22:31:42.382031+00	0		
904	118733	457	1715539	0	2013-05-18 22:29:58.468883+00	0		
922	118733	466	1715558	0	2013-05-18 22:31:45.362247+00	0		
311717	136242	12918	2824456	0	2014-12-18 14:54:57.605595+00	0		
929	118732	470	1715569	0	2013-05-18 22:42:24.777414+00	0		
936	118733	473	1715577	0	2013-05-18 22:43:01.36935+00	0		
963	118732	487	1715605	0	2013-05-18 22:46:43.735312+00	0		
943	118732	477	1715584	0	2013-05-18 22:43:49.049457+00	0		
957	118732	484	1715598	0	2013-05-18 22:46:09.025287+00	0		
949	118732	480	1715590	0	2013-05-18 22:44:55.814504+00	0		
951	118732	481	1715592	0	2013-05-18 22:45:20.429023+00	0		
970	118733	490	1715640	0	2013-05-18 23:57:38.872874+00	0		
975	118732	493	1715645	0	2013-05-18 23:58:23.448667+00	0		
981	118732	496	1715653	0	2013-05-18 23:59:06.99384+00	0		
984	118733	497	1715656	0	2013-05-18 23:59:20.912504+00	0		
988	118733	499	1715662	0	2013-05-18 23:59:43.690624+00	0		
993	118732	502	1715668	0	2013-05-19 00:00:13.791863+00	0		
1000	118733	505	1715675	0	2013-05-19 00:00:50.110193+00	0		
1002	118733	506	1715751	0	2013-05-19 00:28:48.948469+00	0		
1008	118733	509	1715758	0	2013-05-19 00:29:21.644845+00	0		
1013	118732	512	1715763	0	2013-05-19 00:29:52.716286+00	0		
1018	118733	514	1715769	0	2013-05-19 00:30:18.378173+00	0		
2453	118732	1254	1717804	0	2013-05-19 20:48:18.246692+00	0		
1024	118733	517	1715775	0	2013-05-19 00:30:51.955064+00	0		
2792	118733	1430	1718187	0	2013-05-19 22:22:10.670138+00	0		
541	118732	104	1714815	0	2013-05-18 15:10:23.389284+00	0		
542	118733	104	1714817	0	2013-05-18 15:10:26.445557+00	0		
584	118733	40	1714870	0	2013-05-18 15:12:29.466669+00	0		
543	118732	252	1714818	0	2013-05-18 15:10:29.291108+00	0		
544	118733	252	1714819	0	2013-05-18 15:10:31.97139+00	0		
545	118732	99	1714820	0	2013-05-18 15:10:34.725269+00	0		
590	118733	118	1714878	0	2013-05-18 15:12:49.029052+00	0		
547	118732	31	1714823	0	2013-05-18 15:10:40.367696+00	0		
685	118732	249	1715004	0	2013-05-18 15:18:28.9899+00	0		
595	118732	195	1714884	0	2013-05-18 15:13:05.193156+00	0		
600	118733	119	1714890	0	2013-05-18 15:13:20.410947+00	0		
605	118732	117	1714898	0	2013-05-18 15:13:37.348135+00	0		
690	118733	163	1715010	0	2013-05-18 15:18:49.73215+00	0		
613	118732	140	1714908	0	2013-05-18 15:14:02.408835+00	0		
618	118733	127	1714914	0	2013-05-18 15:14:22.605993+00	0		
813	118732	250	1715247	0	2013-05-18 16:05:27.132321+00	0		
623	118732	131	1714921	0	2013-05-18 15:14:41.572765+00	0		
697	118732	254	1715019	0	2013-05-18 15:19:08.725178+00	0		
627	118732	142	1714926	0	2013-05-18 15:15:01.039978+00	0		
630	118733	135	1714930	0	2013-05-18 15:15:14.932573+00	0		
636	118733	136	1714938	0	2013-05-18 15:15:33.119736+00	0		
703	118732	184	1715027	0	2013-05-18 15:19:31.761909+00	0		
637	118732	130	1714939	0	2013-05-18 15:15:36.903701+00	0		
642	118733	138	1714946	0	2013-05-18 15:15:58.809237+00	0		
931	118732	471	1715571	0	2013-05-18 22:42:35.901319+00	0		
646	118733	145	1714951	0	2013-05-18 15:16:14.858323+00	0		
708	118733	186	1715033	0	2013-05-18 15:19:52.003877+00	0		
651	118732	158	1714958	0	2013-05-18 15:16:31.44859+00	0		
656	118733	154	1714964	0	2013-05-18 15:16:55.494324+00	0		
818	118733	255	1715253	0	2013-05-18 16:06:14.672288+00	0		
661	118732	149	1714971	0	2013-05-18 15:17:10.505237+00	0		
713	118732	188	1715040	0	2013-05-18 15:20:15.694615+00	0		
662	118733	149	1714972	0	2013-05-18 15:17:13.225404+00	0		
666	118733	157	1714977	0	2013-05-18 15:17:25.615242+00	0		
669	118732	161	1714981	0	2013-05-18 15:17:34.806241+00	0		
718	118733	190	1715047	0	2013-05-18 15:20:39.571809+00	0		
676	118733	165	1714991	0	2013-05-18 15:17:54.009467+00	0		
724	118733	187	1715055	0	2013-05-18 15:21:09.900055+00	0		
823	118732	87	1715259	0	2013-05-18 16:06:46.124134+00	0		
729	118732	192	1715061	0	2013-05-18 15:21:30.899429+00	0		
734	118733	257	1715067	0	2013-05-18 15:21:47.150524+00	0		
1052	118733	531	1715807	0	2013-05-19 00:33:26.599644+00	0		
740	118733	64	1715075	0	2013-05-18 15:22:03.629148+00	0		
829	118732	256	1715265	0	2013-05-18 16:07:16.469438+00	0		
747	118732	42	1715085	0	2013-05-18 15:22:27.396553+00	0		
752	118733	208	1715091	0	2013-05-18 15:22:44.837821+00	0		
937	118732	474	1715578	0	2013-05-18 22:43:10.836238+00	0		
757	118732	61	1715097	0	2013-05-18 15:23:00.495383+00	0		
837	118732	152	1715274	0	2013-05-18 16:08:09.602785+00	0		
762	118733	213	1715103	0	2013-05-18 15:23:20.983691+00	0		
767	118732	212	1715111	0	2013-05-18 15:23:37.533318+00	0		
773	118732	219	1715118	0	2013-05-18 15:23:56.241364+00	0		
842	118733	197	1715279	0	2013-05-18 16:08:45.765586+00	0		
774	118733	219	1715120	0	2013-05-18 15:23:58.991399+00	0		
779	118732	224	1715126	0	2013-05-18 15:24:16.452947+00	0		
1019	118732	515	1715770	0	2013-05-19 00:30:26.514258+00	0		
787	118732	228	1715136	0	2013-05-18 15:24:42.815638+00	0		
847	118732	260	1715284	0	2013-05-18 16:09:16.135413+00	0		
794	118733	226	1715145	0	2013-05-18 15:25:06.876674+00	0		
800	118733	241	1715153	0	2013-05-18 15:25:24.75257+00	0		
939	118732	475	1715580	0	2013-05-18 22:43:22.106555+00	0		
805	118732	193	1715159	0	2013-05-18 15:25:53.794468+00	0		
852	118733	205	1715289	0	2013-05-18 16:09:45.312029+00	0		
858	118733	232	1715295	0	2013-05-18 16:10:16.649999+00	0		
863	118732	437	1715416	0	2013-05-18 20:40:56.883616+00	0		
944	118733	477	1715585	0	2013-05-18 22:43:52.828399+00	0		
865	118732	438	1715418	0	2013-05-18 20:41:09.950766+00	0		
870	118733	440	1715423	0	2013-05-18 20:41:38.73662+00	0		
878	118733	444	1715431	0	2013-05-18 20:42:24.572992+00	0		
950	118733	480	1715591	0	2013-05-18 22:45:02.486768+00	0		
883	118732	447	1715436	0	2013-05-18 20:42:56.319848+00	0		
889	118732	450	1715442	0	2013-05-18 20:43:32.043251+00	0		
1025	118732	518	1715776	0	2013-05-19 00:31:00.143538+00	0		
894	118733	452	1715449	0	2013-05-18 20:43:58.662921+00	0		
958	118733	484	1715599	0	2013-05-18 22:46:11.942156+00	0		
899	118732	455	1715534	0	2013-05-18 22:29:31.611326+00	0		
905	118732	458	1715540	0	2013-05-18 22:30:10.27358+00	0		
910	118733	460	1715545	0	2013-05-18 22:30:36.123789+00	0		
964	118733	487	1715606	0	2013-05-18 22:46:46.65433+00	0		
916	118733	463	1715551	0	2013-05-18 22:31:11.437872+00	0		
923	118732	467	1715559	0	2013-05-18 22:31:53.678861+00	0		
925	118732	468	1715561	0	2013-05-18 22:32:05.663706+00	0		
971	118732	491	1715641	0	2013-05-18 23:57:55.400227+00	0		
926	118733	468	1715562	0	2013-05-18 22:32:08.653415+00	0		
1026	118733	518	1715777	0	2013-05-19 00:31:03.160866+00	0		
976	118733	493	1715646	0	2013-05-18 23:58:28.776433+00	0		
982	118733	496	1715654	0	2013-05-18 23:59:09.911959+00	0		
1056	118733	533	1715814	0	2013-05-19 00:33:48.901507+00	0		
989	118732	500	1715664	0	2013-05-18 23:59:51.732757+00	0		
1031	118732	521	1715783	0	2013-05-19 00:31:33.032527+00	0		
994	118733	502	1715669	0	2013-05-19 00:00:17.044747+00	0		
1003	118732	507	1715752	0	2013-05-19 00:28:56.931139+00	0		
1032	118733	521	1715784	0	2013-05-19 00:31:35.984901+00	0		
1009	118732	510	1715759	0	2013-05-19 00:29:29.733032+00	0		
1047	118732	529	1715801	0	2013-05-19 00:33:01.624204+00	0		
1014	118733	512	1715765	0	2013-05-19 00:29:55.668681+00	0		
1036	118733	523	1715789	0	2013-05-19 00:31:57.987311+00	0		
1040	118733	525	1715793	0	2013-05-19 00:32:19.76363+00	0		
1059	118732	535	1715819	0	2013-05-19 00:34:08.316354+00	0		
1043	118732	527	1715797	0	2013-05-19 00:32:39.238643+00	0		
1045	118732	528	1715799	0	2013-05-19 00:32:50.474785+00	0		
1069	118732	540	1715831	0	2013-05-19 00:35:03.758948+00	0		
1061	118732	536	1715822	0	2013-05-19 00:34:19.007287+00	0		
1076	118733	543	1715838	0	2013-05-19 00:35:39.805929+00	0		
1063	118732	537	1715825	0	2013-05-19 00:34:29.919512+00	0		
1068	118733	539	1715830	0	2013-05-19 00:34:55.703144+00	0		
1072	118733	541	1715834	0	2013-05-19 00:35:17.800052+00	0		
1083	118732	547	1715845	0	2013-05-19 00:36:36.071829+00	0		
1074	118733	542	1715836	0	2013-05-19 00:35:28.837023+00	0		
1077	118732	544	1715839	0	2013-05-19 00:35:50.077829+00	0		
1078	118733	544	1715840	0	2013-05-19 00:35:54.809007+00	0		
1091	118732	551	1715854	0	2013-05-19 00:37:25.753058+00	0		
1085	118732	548	1715847	0	2013-05-19 00:36:47.314177+00	0		
1096	118733	553	1715859	0	2013-05-19 00:37:50.867614+00	0		
1093	118732	552	1715856	0	2013-05-19 00:37:36.910193+00	0		
1101	118732	556	1715864	0	2013-05-19 00:38:21.096998+00	0		
1099	118732	555	1715862	0	2013-05-19 00:38:10.068298+00	0		
1105	118732	558	1715868	0	2013-05-19 00:38:43.386058+00	0		
1109	118732	560	1715873	0	2013-05-19 00:39:05.927674+00	0		
1110	118733	560	1715874	0	2013-05-19 00:39:08.857869+00	0		
1113	118732	562	1715877	0	2013-05-19 00:39:28.22938+00	0		
3155	118733	1613	1718758	0	2013-05-20 09:16:42.421928+00	0		
1115	118732	563	1715879	0	2013-05-19 00:39:39.450355+00	0		
1116	118733	563	1715880	0	2013-05-19 00:39:42.435751+00	0		
2454	118733	1254	1717805	0	2013-05-19 20:48:21.24528+00	0		
2466	118733	1260	1717817	0	2013-05-19 20:49:26.90231+00	0		
4515	118732	2305	1720645	0	2013-05-20 17:17:54.26855+00	0		
546	118733	99	1714822	0	2013-05-18 15:10:37.61602+00	0		
548	118733	31	1714824	0	2013-05-18 15:10:43.160212+00	0		
585	118732	109	1714871	0	2013-05-18 15:12:32.135739+00	0		
549	118732	102	1714826	0	2013-05-18 15:10:46.0719+00	0		
550	118733	102	1714827	0	2013-05-18 15:10:48.782132+00	0		
551	118732	101	1714829	0	2013-05-18 15:10:51.467587+00	0		
591	118732	179	1714879	0	2013-05-18 15:12:53.961418+00	0		
553	118732	98	1714831	0	2013-05-18 15:10:56.833645+00	0		
554	118733	98	1714832	0	2013-05-18 15:10:59.497193+00	0		
686	118733	249	1715005	0	2013-05-18 15:18:31.649431+00	0		
596	118733	195	1714885	0	2013-05-18 15:13:07.976586+00	0		
601	118732	123	1714892	0	2013-05-18 15:13:23.393161+00	0		
607	118732	121	1714900	0	2013-05-18 15:13:42.671211+00	0		
691	118732	166	1715012	0	2013-05-18 15:18:52.436626+00	0		
611	118732	141	1714905	0	2013-05-18 15:13:56.298691+00	0		
614	118733	140	1714909	0	2013-05-18 15:14:09.316511+00	0		
814	118733	250	1715249	0	2013-05-18 16:05:34.285012+00	0		
619	118732	133	1714915	0	2013-05-18 15:14:25.334848+00	0		
699	118732	176	1715022	0	2013-05-18 15:19:16.978871+00	0		
624	118733	131	1714922	0	2013-05-18 15:14:44.253295+00	0		
631	118732	143	1714932	0	2013-05-18 15:15:17.931894+00	0		
638	118733	130	1714941	0	2013-05-18 15:15:41.618812+00	0		
704	118733	184	1715028	0	2013-05-18 15:19:38.088054+00	0		
640	118733	128	1714943	0	2013-05-18 15:15:51.32636+00	0		
647	118732	147	1714952	0	2013-05-18 15:16:17.599894+00	0		
652	118733	158	1714959	0	2013-05-18 15:16:36.569244+00	0		
709	118732	198	1715034	0	2013-05-18 15:19:54.838109+00	0		
657	118732	150	1714966	0	2013-05-18 15:16:58.253391+00	0		
663	118732	148	1714973	0	2013-05-18 15:17:16.253534+00	0		
819	118732	259	1715254	0	2013-05-18 16:06:24.356577+00	0		
670	118733	161	1714982	0	2013-05-18 15:17:37.510119+00	0		
714	118733	188	1715041	0	2013-05-18 15:20:21.402553+00	0		
671	118732	164	1714983	0	2013-05-18 15:17:40.272055+00	0		
672	118733	164	1714985	0	2013-05-18 15:17:42.992593+00	0		
677	118732	168	1714992	0	2013-05-18 15:17:57.218661+00	0		
719	118732	200	1715048	0	2013-05-18 15:20:46.1542+00	0		
678	118733	168	1714993	0	2013-05-18 15:18:01.165194+00	0		
935	118732	473	1715576	0	2013-05-18 22:42:58.392854+00	0		
725	118732	182	1715056	0	2013-05-18 15:21:18.73359+00	0		
825	118732	88	1715261	0	2013-05-18 16:06:53.754694+00	0		
730	118733	192	1715062	0	2013-05-18 15:21:35.037295+00	0		
735	118732	183	1715069	0	2013-05-18 15:21:50.046759+00	0		
743	118732	201	1715079	0	2013-05-18 15:22:16.077991+00	0		
831	118732	125	1715268	0	2013-05-18 16:07:36.300397+00	0		
748	118733	42	1715086	0	2013-05-18 15:22:30.379609+00	0		
753	118732	206	1715092	0	2013-05-18 15:22:48.413437+00	0		
758	118733	61	1715098	0	2013-05-18 15:23:03.437842+00	0		
835	118732	134	1715272	0	2013-05-18 16:07:57.639024+00	0		
763	118732	211	1715106	0	2013-05-18 15:23:23.769478+00	0		
768	118733	212	1715112	0	2013-05-18 15:23:40.22139+00	0		
938	118733	474	1715579	0	2013-05-18 22:43:13.990426+00	0		
775	118732	218	1715121	0	2013-05-18 15:24:02.195825+00	0		
838	118733	152	1715275	0	2013-05-18 16:08:12.262686+00	0		
780	118733	224	1715127	0	2013-05-18 15:24:19.302512+00	0		
788	118733	228	1715137	0	2013-05-18 15:24:45.634172+00	0		
790	118733	230	1715140	0	2013-05-18 15:24:53.306319+00	0		
843	118732	172	1715280	0	2013-05-18 16:08:51.622128+00	0		
795	118732	181	1715146	0	2013-05-18 15:25:09.564173+00	0		
801	118732	244	1715154	0	2013-05-18 15:25:27.557569+00	0		
1004	118733	507	1715754	0	2013-05-19 00:28:59.835898+00	0		
806	118733	193	1715161	0	2013-05-18 15:25:56.624188+00	0		
848	118733	260	1715285	0	2013-05-18 16:09:23.662983+00	0		
311718	118733	105002	2825781	0	2014-12-19 16:32:31.759016+00	0		
853	118732	223	1715290	0	2013-05-18 16:09:52.018664+00	0		
859	118732	137	1715296	0	2013-05-18 16:10:27.8921+00	0		
864	118733	437	1715417	0	2013-05-18 20:41:01.45155+00	0		
952	118733	481	1715593	0	2013-05-18 22:45:29.849965+00	0		
872	118733	441	1715425	0	2013-05-18 20:41:50.60509+00	0		
879	118732	445	1715432	0	2013-05-18 20:42:33.742304+00	0		
1080	118733	545	1715842	0	2013-05-19 00:36:06.826885+00	0		
884	118733	447	1715437	0	2013-05-18 20:42:59.615654+00	0		
954	118733	482	1715595	0	2013-05-18 22:45:47.147388+00	0		
886	118733	448	1715439	0	2013-05-18 20:43:10.641038+00	0		
890	118733	450	1715443	0	2013-05-18 20:43:34.93611+00	0		
1010	118733	510	1715760	0	2013-05-19 00:29:32.727524+00	0		
895	118732	453	1715450	0	2013-05-18 20:44:07.072894+00	0		
960	118733	485	1715602	0	2013-05-18 22:46:24.959899+00	0		
900	118733	455	1715535	0	2013-05-18 22:29:34.494119+00	0		
906	118733	458	1715541	0	2013-05-18 22:30:13.340765+00	0		
911	118732	461	1715546	0	2013-05-18 22:30:44.3241+00	0		
965	118732	488	1715607	0	2013-05-18 22:46:54.499727+00	0		
917	118732	464	1715552	0	2013-05-18 22:31:19.657958+00	0		
924	118733	467	1715560	0	2013-05-18 22:31:56.721618+00	0		
1048	118733	529	1715802	0	2013-05-19 00:33:04.562339+00	0		
932	118733	471	1715572	0	2013-05-18 22:42:38.857537+00	0		
1015	118732	513	1715766	0	2013-05-19 00:30:04.144733+00	0		
972	118733	491	1715642	0	2013-05-18 23:57:58.866978+00	0		
977	118732	494	1715648	0	2013-05-18 23:58:39.46258+00	0		
978	118733	494	1715649	0	2013-05-18 23:58:44.873382+00	0		
1020	118733	515	1715771	0	2013-05-19 00:30:29.441202+00	0		
983	118732	497	1715655	0	2013-05-18 23:59:17.973749+00	0		
985	118732	498	1715659	0	2013-05-18 23:59:29.801099+00	0		
1054	118733	532	1715811	0	2013-05-19 00:33:37.740142+00	0		
990	118733	500	1715665	0	2013-05-18 23:59:54.516786+00	0		
997	118732	504	1715672	0	2013-05-19 00:00:36.358505+00	0		
1027	118732	519	1715779	0	2013-05-19 00:31:11.157636+00	0		
1070	118733	540	1715832	0	2013-05-19 00:35:06.628798+00	0		
1033	118732	522	1715785	0	2013-05-19 00:31:44.101954+00	0		
1057	118732	534	1715816	0	2013-05-19 00:33:57.000303+00	0		
1037	118732	524	1715790	0	2013-05-19 00:32:05.977232+00	0		
1042	118733	526	1715796	0	2013-05-19 00:32:31.305583+00	0		
1046	118733	528	1715800	0	2013-05-19 00:32:53.319776+00	0		
1049	118732	530	1715803	0	2013-05-19 00:33:12.589106+00	0		
1060	118733	535	1715820	0	2013-05-19 00:34:11.147705+00	0		
1050	118733	530	1715804	0	2013-05-19 00:33:15.582936+00	0		
1064	118733	537	1715826	0	2013-05-19 00:34:32.775722+00	0		
1073	118732	542	1715835	0	2013-05-19 00:35:25.925048+00	0		
1066	118733	538	1715828	0	2013-05-19 00:34:44.409049+00	0		
1086	118733	548	1715848	0	2013-05-19 00:36:50.140378+00	0		
1079	118732	545	1715841	0	2013-05-19 00:36:02.917791+00	0		
1084	118733	547	1715846	0	2013-05-19 00:36:38.905687+00	0		
1088	118733	549	1715851	0	2013-05-19 00:37:01.76221+00	0		
1087	118732	549	1715850	0	2013-05-19 00:36:58.651743+00	0		
