315229	12744	60	9982919	0	2011-05-16 16:27:39.450042+00	0		
315231	12744	60	9982922	0	2011-05-16 16:27:39.450042+00	0		
315232	12744	60	9982923	0	2011-05-16 16:27:39.450042+00	0		
315233	12744	60	9982924	0	2011-05-16 16:27:39.450042+00	0		
315234	12744	60	9982926	0	2011-05-16 16:27:39.450042+00	0		
315235	12744	60	9982928	0	2011-05-16 16:27:39.450042+00	0		
315236	12744	60	9982931	0	2011-05-16 16:27:39.450042+00	0		
64961	12744	35536	5395966	0	2013-05-10 14:00:20.48865+00	0		
148986	12744	167	1056892	0	2011-05-16 16:27:39.450042+00	0		
233758	12744	493	5883314	0	2011-05-16 16:27:39.450042+00	0		
471224	31355	253362	12443207	0	2011-11-12 07:29:54.963423+00	0		
452932	12757	22568	12431603	0	2011-07-18 23:00:23.226313+00	0		
167026	12744	977	8595439	0	2011-05-16 16:27:39.450042+00	0		
414567	12744	2171	12114998	0	2011-05-16 16:27:39.450042+00	0		
276769	12744	2212	10387112	0	2011-05-16 16:27:39.450042+00	0		
249196	12744	2794	168452	0	2011-05-16 16:27:39.450042+00	0		
254855	12744	1001	219597	0	2012-07-15 10:08:47.516929+00	0		
132706	12744	1517	581877	0	2012-12-17 05:13:52.077373+00	0		
216487	12744	8616	274732	0	2011-07-23 18:00:09.595743+00	0		
454145	12757	15074	12432349	0	2011-07-27 03:00:06.532915+00	0		
332303	12744	9523	1029156	0	2011-05-16 16:27:39.450042+00	0		
390101	12744	10848	9328375	0	2011-05-16 16:27:39.450042+00	0		
64135	12744	11390	7424521	0	2011-05-16 16:27:39.450042+00	0		
64470	12744	11390	7424523	0	2011-05-16 16:27:39.450042+00	0		
232534	12744	11390	9010502	0	2011-05-16 16:27:39.450042+00	0		
232535	12744	11390	9010505	0	2011-05-16 16:27:39.450042+00	0		
232536	12744	11390	9010508	0	2011-05-16 16:27:39.450042+00	0		
99300	12744	11460	182447	0	2011-05-16 16:27:39.450042+00	0		
170868	12744	12290	9115946	0	2011-05-16 16:27:39.450042+00	0		
740857	12888	597658	12616396	0	2013-05-15 17:00:18.569232+00	0		
3786	12744	14529	1845354	0	2011-05-16 16:27:39.450042+00	0		
3787	12744	14529	1845355	0	2011-05-16 16:27:39.450042+00	0		
3785	12744	14529	8450819	0	2011-05-16 16:27:39.450042+00	0		
420262	12744	23881	12117680	0	2011-05-16 16:27:39.450042+00	0		
420224	12744	23881	12117683	0	2011-05-16 16:27:39.450042+00	0		
16300	12744	23921	2986593	0	2011-05-16 16:27:39.450042+00	0		
375438	12744	30724	11710175	0	2011-05-16 16:27:39.450042+00	0		
151192	12744	32258	8724219	0	2011-05-16 16:27:39.450042+00	0		
740858	12888	987729	12616396	0	2013-05-15 17:00:18.662041+00	0		
170894	12744	36803	9115950	0	2011-05-16 16:27:39.450042+00	0		
471899	12776	273402	12443645	0	2011-12-01 04:00:04.007838+00	0		
456627	12757	193903	12434044	0	2011-08-23 18:00:09.245213+00	0		
456784	12776	237524	12434116	0	2011-08-24 20:00:06.563703+00	0		
476214	28691	17	249532	0	2013-08-07 05:01:08.662147+00	0		
460550	12888	348147	12436569	0	2011-09-03 13:39:54.540799+00	0		
458676	12776	55645	12435229	0	2011-09-08 02:00:16.108836+00	0		
861393	12757	708875	12688724	0	2014-01-13 22:00:28.376382+00	0		
474273	12757	38012	6859043	0	2011-12-03 01:57:09.821156+00	0		
463739	12776	36803	12438495	0	2011-09-17 13:27:10.940311+00	0		
480071	12776	848606	12448940	0	2011-12-21 00:40:57.248727+00	0		
315230	12744	60	9982920	0	2014-01-22 20:00:23.046201+00	0		
740859	12757	5689	12616397	0	2013-05-15 17:00:18.946295+00	0		
375609	12776	697083	10894163	0	2011-09-28 19:00:06.435656+00	0		
59291	12744	2396	408570	0	2012-12-22 23:00:06.886258+00	0		
463624	12757	181409	12438409	0	2011-09-30 23:00:10.01481+00	0		
466919	14046	831904	12440390	0	2011-10-10 16:50:05.784057+00	0		
488110	12757	167788	12456420	0	2012-01-07 18:48:24.594794+00	0		
482087	12776	307037	12450232	0	2011-12-26 13:52:17.303896+00	0		
140757	12744	519	11841694	0	2013-09-02 23:00:14.56021+00	0		
489392	15486	116003	12457440	0	2012-04-06 16:00:26.88141+00	0		
479546	33358	14580	12448741	0	2011-12-19 03:22:41.396943+00	0		
299938	12744	3414	3867042	0	2011-12-19 21:02:07.509687+00	0		
483773	12888	243430	12451432	0	2011-12-30 06:00:41.986425+00	0		
360689	12757	12441	11437301	0	2012-06-22 19:05:56.031557+00	0		
56491	12744	142	4446301	0	2012-11-27 11:39:56.695027+00	0		
486758	35725	2863	12447051	0	2012-01-05 22:16:27.366209+00	0		
492170	12776	14199	12459423	0	2012-01-28 02:00:07.533309+00	0		
403739	12744	4346	1741572	0	2011-06-15 14:02:25.323334+00	0		
418165	27700	37740	5567622	0	2011-06-24 19:02:02.735607+00	0		
168578	12744	9386	2639453	0	2011-06-30 11:00:44.81714+00	0		
331864	12744	37062	1029112	0	2011-07-05 11:03:23.868684+00	0		
485287	12776	111577	12452402	0	2012-01-16 13:10:37.57732+00	0		
148959	12744	4041	5195484	0	2012-01-24 06:03:52.801566+00	0		
490850	12776	810235	12458659	0	2012-01-25 17:00:15.172102+00	0		
493565	12757	550399	12460454	0	2012-01-30 10:00:07.593029+00	0		
370683	12744	60	12465591	0	2012-01-30 11:09:20.495869+00	0		
494692	12776	857854	12461618	0	2012-02-02 00:00:14.079084+00	0		
501158	12888	863490	12466893	0	2012-02-05 01:45:06.045166+00	0		
498587	37421	51957	12464625	0	2012-02-10 08:00:34.308827+00	0		
500094	12757	537574	12466249	0	2012-02-15 00:00:07.449955+00	0		
503043	12776	152534	12468193	0	2012-02-12 07:15:42.785372+00	0		
500193	12888	345212	12466299	0	2012-02-15 17:00:07.98481+00	0		
504124	12776	286087	12468961	0	2012-02-15 08:06:43.363538+00	0		
501198	12888	374460	1547168	0	2012-02-19 11:00:06.05496+00	0		
505109	12757	296082	12469718	0	2012-02-19 05:03:30.553951+00	0		
508793	12776	871507	12471843	0	2012-03-15 21:00:08.675777+00	0		
509518	28691	5186	12472366	0	2012-03-17 11:00:20.383173+00	0		
510668	40624	67276	12473336	0	2012-03-20 07:00:21.816425+00	0		
505207	12776	868325	12469732	0	2012-03-04 14:00:06.375717+00	0		
510055	40548	67276	12472614	0	2012-03-05 11:06:57.33847+00	0		
511242	12757	372600	12473810	0	2012-03-21 23:00:10.594284+00	0		
477871	12776	316656	12447741	0	2012-04-04 22:00:15.112709+00	0		
507144	12776	792268	12470960	0	2012-03-10 17:00:14.4009+00	0		
508043	12776	2593	12471476	0	2012-03-13 18:00:15.818523+00	0		
511851	12776	185502	12474380	0	2012-03-24 16:00:07.146723+00	0		
614976	12757	37924	12547063	0	2012-11-27 14:00:12.193326+00	0		
69	12744	43	367840	0	2013-01-22 04:09:39.264893+00	0		
496195	12888	557542	12462600	0	2013-02-08 17:00:12.261249+00	0		
465356	15812	1021	12439473	0	2013-04-13 23:00:16.858032+00	0		
17999	12757	3259	12320531	0	2013-07-10 19:00:31.380884+00	0		
434	12882	341499	12320531	0	2013-07-10 19:00:31.380884+00	0		
89690	12744	9705	3227516	0	2013-07-23 12:00:50.801652+00	0		
740860	12776	5689	12616397	0	2013-05-15 17:00:18.997447+00	0		
271794	12744	45799	1600144	0	2011-05-16 16:27:39.450042+00	0		
244918	12744	46949	631936	0	2011-05-16 16:27:39.450042+00	0		
101533	15338	4352	1237751	0	2012-04-09 05:04:06.999129+00	0		
452933	12776	22568	12431603	0	2011-07-18 23:00:23.25931+00	0		
454146	12757	815789	12432350	0	2011-07-27 03:00:07.078677+00	0		
5999	12744	34759	2243347	0	2014-09-28 17:02:08.563623+00	0		
1009509	12757	60736	12781156	0	2014-11-24 23:01:40.15295+00	0		
13534	12776	283236	2211372	0	2015-05-11 22:07:12.456039+00	0		
493566	12757	249401	12460455	0	2012-01-16 09:53:17.340866+00	0		
471225	12757	122757	12443208	0	2011-11-26 08:00:09.265165+00	0		
456628	12776	358748	12434044	0	2011-08-23 18:00:09.264249+00	0		
344447	12744	311	4032925	0	2015-06-27 07:02:03.938625+00	0		
506435	12776	985	12470105	0	2015-08-05 13:01:01.320395+00	0		
471900	12757	273403	12443645	0	2011-12-01 04:00:07.649071+00	0		
485288	12757	852338	12452403	0	2012-01-16 14:00:05.813143+00	0		
460551	12888	438709	12436569	0	2011-09-03 13:40:09.400458+00	0		
458677	12757	55645	12435230	0	2011-09-08 02:00:16.601101+00	0		
463740	12776	36803	12438491	0	2011-09-17 13:27:16.073694+00	0		
479547	12757	17	12448747	0	2013-08-07 05:01:08.662147+00	0		
465357	15812	1021	12439475	0	2011-09-27 17:26:55.175017+00	0		
474274	12757	38012	6859044	0	2011-12-03 01:58:41.489837+00	0		
463625	12776	181409	12438409	0	2011-09-30 23:00:10.023168+00	0		
465426	12757	181409	12439608	0	2011-10-12 20:00:13.906533+00	0		
466920	12888	505991	12440393	0	2011-10-24 17:00:25.765358+00	0		
488111	12757	167788	12456421	0	2012-01-07 18:50:13.250394+00	0		
388211	12744	116919	11841687	0	2012-08-08 11:02:10.422396+00	0		
477872	12776	316676	12447741	0	2011-12-28 11:00:26.81375+00	0		
669557	12757	119482	12578343	0	2013-01-24 17:39:51.645991+00	0		
483774	12888	65422	12451432	0	2011-12-30 06:00:53.766788+00	0		
861394	12757	708875	12688725	0	2014-01-13 22:00:28.413118+00	0		
96317	12744	52486	7038475	0	2011-05-16 16:27:39.450042+00	0		
148987	12744	62325	1056910	0	2012-10-17 07:05:11.254484+00	0		
494693	12757	115890	12461614	0	2012-01-18 23:17:31.877115+00	0		
108917	12744	58635	6629928	0	2011-05-16 16:27:39.450042+00	0		
202097	12744	58692	9363553	0	2011-05-16 16:27:39.450042+00	0		
422461	12744	61166	2554866	0	2011-05-16 16:27:39.450042+00	0		
385485	12744	65599	10610935	0	2011-05-16 16:27:39.450042+00	0		
232203	12744	66393	4187103	0	2011-05-16 16:27:39.450042+00	0		
193444	12744	67276	1027540	0	2011-05-16 16:27:39.450042+00	0		
313531	12744	69224	103391	0	2011-05-16 16:27:39.450042+00	0		
296184	12744	69224	2653841	0	2011-05-16 16:27:39.450042+00	0		
7226	12744	69479	5555723	0	2011-05-16 16:27:39.450042+00	0		
486759	35725	2863	12447058	0	2012-01-05 22:20:43.189231+00	0		
340415	12744	77387	858991	0	2011-05-16 16:27:39.450042+00	0		
340412	12744	77387	858993	0	2011-05-16 16:27:39.450042+00	0		
340383	12744	77387	859000	0	2011-05-16 16:27:39.450042+00	0		
156688	12744	79898	2466750	0	2011-05-16 16:27:39.450042+00	0		
81874	12744	96246	1226451	0	2011-05-16 16:27:39.450042+00	0		
340414	12744	100974	858991	0	2011-05-16 16:27:39.450042+00	0		
340413	12744	100974	858993	0	2011-05-16 16:27:39.450042+00	0		
340382	12744	100974	859000	0	2011-05-16 16:27:39.450042+00	0		
21526	12744	101567	4080997	0	2011-05-16 16:27:39.450042+00	0		
340672	12744	108947	6731511	0	2011-05-16 16:27:39.450042+00	0		
413355	12744	112722	12117673	0	2011-05-16 16:27:39.450042+00	0		
413353	12744	112722	12117674	0	2011-05-16 16:27:39.450042+00	0		
413350	12744	112722	12117675	0	2011-05-16 16:27:39.450042+00	0		
413530	12744	112722	12117676	0	2011-05-16 16:27:39.450042+00	0		
413529	12744	112722	12117677	0	2011-05-16 16:27:39.450042+00	0		
413527	12744	112722	12117678	0	2011-05-16 16:27:39.450042+00	0		
420266	12744	112722	12117679	0	2011-05-16 16:27:39.450042+00	0		
420265	12744	112722	12117681	0	2011-05-16 16:27:39.450042+00	0		
420264	12744	112722	12117682	0	2011-05-16 16:27:39.450042+00	0		
420263	12744	112722	12117684	0	2011-05-16 16:27:39.450042+00	0		
5	12744	112772	1020622	0	2011-05-16 16:27:39.450042+00	0		
740861	12757	49710	12616398	0	2013-05-15 17:00:19.26268+00	0		
3171	12744	118680	934903	0	2011-05-16 16:27:39.450042+00	0		
740862	12776	49710	12616398	0	2013-05-15 17:00:19.306684+00	0		
220417	12744	124846	4286006	0	2011-05-16 16:27:39.450042+00	0		
234402	12744	125847	250257	0	2011-05-16 16:27:39.450042+00	0		
290413	12744	127482	7232737	0	2011-05-16 16:27:39.450042+00	0		
614978	12757	37924	12547064	0	2012-11-27 14:00:12.298421+00	0		
317024	12744	139854	340019	0	2011-05-16 16:27:39.450042+00	0		
19972	12744	140054	912824	0	2011-05-16 16:27:39.450042+00	0		
241523	12744	141754	10239143	0	2011-05-16 16:27:39.450042+00	0		
342088	12744	147515	11300162	0	2011-05-16 16:27:39.450042+00	0		
224110	12744	160187	529603	0	2011-05-16 16:27:39.450042+00	0		
313873	12744	160187	11199164	0	2011-05-16 16:27:39.450042+00	0		
101339	12744	164001	293589	0	2011-05-16 16:27:39.450042+00	0		
217295	12744	164848	9584210	0	2011-05-16 16:27:39.450042+00	0		
188709	12744	172722	9235684	0	2011-05-16 16:27:39.450042+00	0		
4375	12744	52570	3111679	0	2014-04-28 22:00:43.940729+00	0		
505208	12757	634898	12469732	0	2012-03-04 14:00:06.386372+00	0		
254573	12744	44946	7841505	0	2011-06-19 01:00:11.818968+00	0		
239878	12744	123939	163036	0	2011-06-23 12:00:06.63326+00	0		
418060	27700	47004	5567622	0	2011-06-24 19:02:02.735607+00	0		
496196	12776	858601	12462599	0	2012-01-21 10:38:50.408958+00	0		
490851	12757	808331	12458660	0	2012-01-25 17:00:15.190504+00	0		
501159	12888	396686	12466893	0	2012-02-05 01:45:30.435323+00	0		
500195	12776	306960	9347236	0	2012-02-01 16:29:35.579472+00	0		
501199	12757	863555	12463489	0	2012-02-08 23:05:17.143154+00	0		
500095	12776	537574	12466249	0	2012-02-15 00:00:07.489361+00	0		
498588	37587	51957	12464626	0	2012-02-10 08:00:34.430118+00	0		
503044	12757	152534	12468193	0	2012-02-12 07:15:54.797384+00	0		
740863	12888	1005105	12616399	0	2013-05-15 17:00:21.524453+00	0		
504125	12776	286087	12468962	0	2012-02-15 08:06:44.816048+00	0		
309271	12744	47812	11166358	0	2012-11-04 10:07:30.679851+00	0		
507145	12757	670852	12470962	0	2012-02-25 16:35:31.657026+00	0		
508794	12757	33407	12471845	0	2012-03-15 21:00:09.54121+00	0		
509519	12757	33407	6060978	0	2012-03-17 11:00:20.627309+00	0		
510669	41109	842807	12473336	0	2012-03-20 17:00:16.515751+00	0		
254514	12744	116606	10392095	0	2013-02-23 13:03:07.979726+00	0		
510056	35967	67276	12472615	0	2012-03-05 11:06:57.386803+00	0		
511243	12757	372600	12473811	0	2012-03-21 23:00:10.606578+00	0		
489393	15486	116003	12457441	0	2012-04-06 16:00:26.88141+00	0		
3	12744	121563	1020622	0	2015-01-17 19:00:58.420542+00	0		
508044	12757	2593	12471476	0	2012-03-13 18:00:16.041037+00	0		
196144	12744	173132	486017	0	2011-05-16 16:27:39.450042+00	0		
81598	12744	173449	7020063	0	2011-05-16 16:27:39.450042+00	0		
341943	12744	174488	7498112	0	2011-05-16 16:27:39.450042+00	0		
341944	12744	174488	7498113	0	2011-05-16 16:27:39.450042+00	0		
341945	12744	174488	7498114	0	2011-05-16 16:27:39.450042+00	0		
341946	12744	174488	7498115	0	2011-05-16 16:27:39.450042+00	0		
341947	12744	174488	7498116	0	2011-05-16 16:27:39.450042+00	0		
341948	12744	174488	7498117	0	2011-05-16 16:27:39.450042+00	0		
341949	12744	174488	7498118	0	2011-05-16 16:27:39.450042+00	0		
341950	12744	174488	7498120	0	2011-05-16 16:27:39.450042+00	0		
341951	12744	174488	7498121	0	2011-05-16 16:27:39.450042+00	0		
341952	12744	174488	7498122	0	2011-05-16 16:27:39.450042+00	0		
64882	12744	75863	5315775	0	2014-06-16 09:00:29.087824+00	0		
1009510	12757	60736	12781157	0	2014-11-24 23:01:40.253392+00	0		
381147	12744	55755	268291	0	2014-12-07 21:01:09.869119+00	0		
468737	30852	83	12441799	0	2015-02-10 10:02:18.30491+00	0		
1435	12744	79918	3207549	0	2015-02-17 14:02:44.448721+00	0		
492171	12757	138135	12459424	0	2015-03-07 12:01:02.785206+00	0		
456785	12757	1051	12434123	0	2015-03-24 03:03:21.577194+00	0		
341953	12744	174488	7498123	0	2011-05-16 16:27:39.450042+00	0		
341954	12744	174488	7498124	0	2011-05-16 16:27:39.450042+00	0		
341955	12744	174488	7498125	0	2011-05-16 16:27:39.450042+00	0		
341956	12744	174488	7498126	0	2011-05-16 16:27:39.450042+00	0		
4697	12744	186602	412018	0	2011-05-16 16:27:39.450042+00	0		
52498	12744	186836	6957232	0	2015-07-20 01:01:25.766645+00	0		
500194	255979	792824	12466303	0	2015-08-18 22:52:18.19268+00	0		
9847	12744	188854	183444	0	2011-05-16 16:27:39.450042+00	0		
317277	12744	205757	449786	0	2011-05-16 16:27:39.450042+00	0		
254515	12744	209620	10392097	0	2011-05-16 16:27:39.450042+00	0		
740864	12888	1005107	12616399	0	2013-05-15 17:00:21.802117+00	0		
2318	12744	214775	4286006	0	2011-05-16 16:27:39.450042+00	0		
5265	12744	215537	5199060	0	2011-05-16 16:27:39.450042+00	0		
16561	12744	223461	6098224	0	2011-05-16 16:27:39.450042+00	0		
247885	12744	231292	3699721	0	2011-05-16 16:27:39.450042+00	0		
2	12744	236069	1020615	0	2011-05-16 16:27:39.450042+00	0		
1	12744	236070	1020615	0	2011-05-16 16:27:39.450042+00	0		
4	12744	236072	1020622	0	2011-05-16 16:27:39.450042+00	0		
7	12744	236074	1020626	0	2011-05-16 16:27:39.450042+00	0		
21	12744	236524	1301445	0	2011-05-16 16:27:39.450042+00	0		
24	12744	236573	1301446	0	2011-05-16 16:27:39.450042+00	0		
25	12744	236575	1301446	0	2011-05-16 16:27:39.450042+00	0		
368292	12744	237462	3622822	0	2011-05-16 16:27:39.450042+00	0		
12592	12744	237467	5689620	0	2011-05-16 16:27:39.450042+00	0		
12590	12744	237467	5689622	0	2011-05-16 16:27:39.450042+00	0		
12591	12744	237467	5689624	0	2011-05-16 16:27:39.450042+00	0		
454147	12757	815791	12432350	0	2011-07-27 03:00:07.088118+00	0		
382023	12744	238549	1741569	0	2011-05-16 16:27:39.450042+00	0		
568058	12757	1197	12514034	0	2012-08-11 15:00:07.055908+00	0		
159438	12744	244591	8515765	0	2011-07-18 00:00:09.987335+00	0		
567115	12776	373852	12479836	0	2012-07-26 05:36:11.873562+00	0		
471901	12776	273402	12443646	0	2011-12-01 04:00:12.944566+00	0		
456629	12757	193903	12434045	0	2011-08-23 18:00:09.317479+00	0		
391501	12744	238549	3195348	0	2011-05-16 16:27:39.450042+00	0		
391500	12744	238549	3195349	0	2011-05-16 16:27:39.450042+00	0		
199123	12744	238549	1071837	0	2011-08-26 12:00:08.540632+00	0		
244	12744	238551	885467	0	2011-05-16 16:27:39.450042+00	0		
6875	12744	239296	588062	0	2011-05-16 16:27:39.450042+00	0		
6876	12744	239296	588063	0	2011-05-16 16:27:39.450042+00	0		
6877	12744	239296	588070	0	2011-05-16 16:27:39.450042+00	0		
221066	12744	240184	583359	0	2011-05-16 16:27:39.450042+00	0		
221067	12744	240184	583360	0	2011-05-16 16:27:39.450042+00	0		
221068	12744	240184	583361	0	2011-05-16 16:27:39.450042+00	0		
221069	12744	240184	583362	0	2011-05-16 16:27:39.450042+00	0		
221070	12744	240184	583363	0	2011-05-16 16:27:39.450042+00	0		
221071	12744	240184	583364	0	2011-05-16 16:27:39.450042+00	0		
414200	12744	238549	3195346	0	2011-08-26 12:00:08.82978+00	0		
221073	12744	240184	583366	0	2011-05-16 16:27:39.450042+00	0		
460552	12888	800425	12436569	0	2011-09-03 13:40:41.760689+00	0		
221075	12744	240184	583368	0	2011-05-16 16:27:39.450042+00	0		
221076	12744	240184	583369	0	2011-05-16 16:27:39.450042+00	0		
571	12744	241176	3725373	0	2011-05-16 16:27:39.450042+00	0		
6002	12744	241761	8450852	0	2011-05-16 16:27:39.450042+00	0		
740865	12888	376434	12616400	0	2013-05-15 17:00:23.642878+00	0		
66628	12744	244348	224280	0	2011-05-16 16:27:39.450042+00	0		
7730	12744	244955	5882072	0	2011-05-16 16:27:39.450042+00	0		
6001	12744	245192	2454667	0	2011-05-16 16:27:39.450042+00	0		
1261	12744	245369	1196635	0	2011-05-16 16:27:39.450042+00	0		
1169	12744	246018	2097202	0	2011-05-16 16:27:39.450042+00	0		
1167	12744	246018	2097203	0	2011-05-16 16:27:39.450042+00	0		
1258	12744	246360	508989	0	2011-05-16 16:27:39.450042+00	0		
355216	12744	247907	2716911	0	2011-05-16 16:27:39.450042+00	0		
1333	12744	248106	3949432	0	2011-05-16 16:27:39.450042+00	0		
1334	12744	248107	3949432	0	2011-05-16 16:27:39.450042+00	0		
134025	12744	250405	4722418	0	2011-05-16 16:27:39.450042+00	0		
134024	12744	250405	4722419	0	2011-05-16 16:27:39.450042+00	0		
134023	12744	250405	4722421	0	2011-05-16 16:27:39.450042+00	0		
134022	12744	250405	4722425	0	2011-05-16 16:27:39.450042+00	0		
79684	12744	250800	7634525	0	2011-05-16 16:27:39.450042+00	0		
26162	12744	251600	4484347	0	2011-05-16 16:27:39.450042+00	0		
359552	12744	252146	2455450	0	2011-05-16 16:27:39.450042+00	0		
359551	12744	252146	2455455	0	2011-05-16 16:27:39.450042+00	0		
1544	12744	252146	4036119	0	2011-05-16 16:27:39.450042+00	0		
1543	12744	252146	4036121	0	2011-05-16 16:27:39.450042+00	0		
1436	12744	252476	3207544	0	2011-05-16 16:27:39.450042+00	0		
166893	12744	252865	294192	0	2011-05-16 16:27:39.450042+00	0		
1511	12744	253321	3689654	0	2011-05-16 16:27:39.450042+00	0		
740866	12888	1005108	12616400	0	2013-05-15 17:00:23.740733+00	0		
565845	12757	333565	12512985	0	2012-08-06 22:00:19.120497+00	0		
861395	12757	708875	12688726	0	2014-01-13 22:00:28.443115+00	0		
3437	12744	253355	4704729	0	2011-05-16 16:27:39.450042+00	0		
614979	12776	37924	12547064	0	2012-11-27 14:00:12.317175+00	0		
471226	12776	122757	12443208	0	2011-11-26 08:00:09.275656+00	0		
400498	12744	253362	11986913	0	2011-05-16 16:27:39.450042+00	0		
80758	12744	253643	6464274	0	2011-05-16 16:27:39.450042+00	0		
456786	12776	842629	12434123	0	2011-12-10 02:00:23.008049+00	0		
474275	12757	38012	6859045	0	2011-12-03 01:59:52.827229+00	0		
479548	12776	17	12448747	0	2013-08-07 05:01:08.662147+00	0		
340163	12744	256458	6731505	0	2011-05-16 16:27:39.450042+00	0		
253114	12744	256458	7195395	0	2011-05-16 16:27:39.450042+00	0		
483775	12757	310531	12451433	0	2012-01-13 07:00:05.26036+00	0		
84203	12744	258461	7816072	0	2011-05-16 16:27:39.450042+00	0		
221074	12744	240184	2523488	0	2011-05-18 06:00:13.987673+00	0		
458678	12776	55645	12435230	0	2011-09-08 02:00:16.620682+00	0		
391504	12744	238549	1741572	0	2011-06-15 14:02:25.323334+00	0		
199122	12744	238549	3145453	0	2011-06-11 19:02:06.4264+00	0		
414234	12744	238549	1741574	0	2011-06-15 14:02:27.015919+00	0		
404392	12744	238549	1741564	0	2011-06-15 14:02:27.155565+00	0		
465358	15812	1021	12439476	0	2011-09-27 17:33:21.626111+00	0		
405154	12744	238549	1741565	0	2011-09-12 10:47:27.010578+00	0		
462130	28691	569110	12437504	0	2011-09-23 16:00:09.680521+00	0		
466921	12888	506708	12440393	0	2011-10-24 17:00:25.786346+00	0		
463626	12757	338896	12438409	0	2011-09-30 23:00:10.045392+00	0		
6	12744	174839	1020626	0	2014-03-28 23:00:14.83121+00	0		
465427	12776	181409	12439608	0	2011-10-12 20:00:13.925053+00	0		
526813	12776	708888	12486037	0	2012-05-03 08:00:10.826358+00	0		
482089	12888	540904	12450222	0	2012-01-09 14:00:23.375064+00	0		
477873	12757	316653	12447742	0	2011-12-28 11:00:26.847509+00	0		
525066	12776	555880	12484314	0	2012-04-15 13:02:10.608163+00	0		
522725	12776	668534	12482837	0	2012-04-23 08:00:07.216209+00	0		
14933	12744	253321	6337278	0	2012-05-09 20:00:11.233902+00	0		
360617	50090	414910	2503732	0	2012-06-07 21:51:45.913062+00	0		
352519	12744	261460	2177309	0	2011-05-16 16:27:39.450042+00	0		
468738	18459	83	12441806	0	2015-02-10 10:02:18.30491+00	0		
4188	12744	261561	4912305	0	2011-05-16 16:27:39.450042+00	0		
353135	12744	267128	1717650	0	2011-05-16 16:27:39.450042+00	0		
232554	12744	271841	9010504	0	2011-05-16 16:27:39.450042+00	0		
2388	12744	273519	4353250	0	2011-05-16 16:27:39.450042+00	0		
318195	12744	276339	11215886	0	2011-05-16 16:27:39.450042+00	0		
3596	12744	277567	4767480	0	2011-05-16 16:27:39.450042+00	0		
234400	12744	277831	250257	0	2011-05-16 16:27:39.450042+00	0		
52499	12744	186836	6957233	0	2015-07-20 01:01:25.766645+00	0		
7117	255979	253355	4601806	0	2015-08-19 01:12:22.742785+00	0		
388207	12744	20544	11841690	0	2015-09-21 08:00:44.13235+00	0	Curtis Jackson	
234401	12744	277831	250262	0	2011-05-16 16:27:39.450042+00	0		
329179	12744	277985	462135	0	2011-05-16 16:27:39.450042+00	0		
311515	12744	281336	4756	0	2011-05-16 16:27:39.450042+00	0		
287582	12744	283202	10874691	0	2011-05-16 16:27:39.450042+00	0		
3777	12744	286556	1425532	0	2011-05-16 16:27:39.450042+00	0		
558658	12776	666355	12508853	0	2012-07-17 17:00:26.991273+00	0		
471902	12757	273403	12443646	0	2011-12-01 04:00:12.962696+00	0		
7116	12744	357949	4601806	0	2012-04-28 19:00:19.990535+00	0		
119687	12744	296082	706452	0	2011-05-16 16:27:39.450042+00	0		
383395	12744	298142	156479	0	2011-05-16 16:27:39.450042+00	0		
391163	12744	299491	9566598	0	2011-05-16 16:27:39.450042+00	0		
391164	12744	299492	9566598	0	2011-05-16 16:27:39.450042+00	0		
84181	12744	299961	1842816	0	2011-05-16 16:27:39.450042+00	0		
68912	12744	301050	7507030	0	2011-05-16 16:27:39.450042+00	0		
68921	12744	301050	7507034	0	2011-05-16 16:27:39.450042+00	0		
68962	12744	301050	7507038	0	2011-05-16 16:27:39.450042+00	0		
471227	12757	122757	12443209	0	2011-11-26 08:00:09.302521+00	0		
3776	12744	301574	1425532	0	2011-05-16 16:27:39.450042+00	0		
3789	12744	301606	8450820	0	2011-05-16 16:27:39.450042+00	0		
3797	12744	301614	1845332	0	2011-05-16 16:27:39.450042+00	0		
3799	12744	301614	1845335	0	2011-05-16 16:27:39.450042+00	0		
3802	12744	301614	1845338	0	2011-05-16 16:27:39.450042+00	0		
3792	12744	301614	1845354	0	2011-05-16 16:27:39.450042+00	0		
3793	12744	301614	1845355	0	2011-05-16 16:27:39.450042+00	0		
3794	12744	301614	1845356	0	2011-05-16 16:27:39.450042+00	0		
3791	12744	301614	8450820	0	2011-05-16 16:27:39.450042+00	0		
3795	12744	301614	8450838	0	2011-05-16 16:27:39.450042+00	0		
3798	12744	301614	8450840	0	2011-05-16 16:27:39.450042+00	0		
3800	12744	301614	8450841	0	2011-05-16 16:27:39.450042+00	0		
97771	12744	305940	454719	0	2011-05-16 16:27:39.450042+00	0		
97772	12744	305940	454720	0	2011-05-16 16:27:39.450042+00	0		
4104	12744	306616	3658818	0	2011-05-16 16:27:39.450042+00	0		
563696	12888	350546	12511714	0	2012-07-17 17:07:48.223325+00	0		
243978	12744	312807	10267022	0	2011-05-16 16:27:39.450042+00	0		
4776	12744	313728	5044549	0	2011-05-16 16:27:39.450042+00	0		
522726	12757	626601	12482837	0	2012-04-23 08:00:07.398047+00	0		
69429	12744	330447	251922	0	2012-11-02 23:07:33.389232+00	0		
4987	12744	316586	5098195	0	2011-05-16 16:27:39.450042+00	0		
745739	12776	1007372	12618940	0	2013-05-15 20:23:48.927577+00	0		
326105	12744	316924	10413892	0	2011-05-16 16:27:39.450042+00	0		
476217	36132	17	12445905	0	2013-08-07 05:01:08.662147+00	0		
348691	12744	319524	11401400	0	2011-05-16 16:27:39.450042+00	0		
232288	12744	322883	2554274	0	2011-05-16 16:27:39.450042+00	0		
6413	12744	334240	3576107	0	2011-05-16 16:27:39.450042+00	0		
474276	12757	38012	6859046	0	2011-12-03 02:01:20.092327+00	0		
565846	12757	275193	12512985	0	2012-08-06 22:00:19.131437+00	0		
116901	12744	342319	7237244	0	2011-05-16 16:27:39.450042+00	0		
55934	12744	345370	4310161	0	2011-05-16 16:27:39.450042+00	0		
6047	12744	345887	5610839	0	2011-05-16 16:27:39.450042+00	0		
8443	12744	310596	4304306	0	2011-12-28 15:02:25.762078+00	0		
477874	12757	255638	12447742	0	2011-12-28 11:00:26.854035+00	0		
6414	12744	351328	3576110	0	2011-05-16 16:27:39.450042+00	0		
16359	12744	357084	6441374	0	2011-05-16 16:27:39.450042+00	0		
7077	12744	357872	407357	0	2011-05-16 16:27:39.450042+00	0		
669558	12757	119482	12578338	0	2013-01-24 17:39:52.925204+00	0		
7124	12744	357953	5805833	0	2011-05-16 16:27:39.450042+00	0		
7125	12744	357962	5805833	0	2011-05-16 16:27:39.450042+00	0		
7123	12744	357972	5805833	0	2011-05-16 16:27:39.450042+00	0		
7398	12744	361204	4777636	0	2011-05-16 16:27:39.450042+00	0		
191989	12744	362349	7843444	0	2011-05-16 16:27:39.450042+00	0		
240262	12744	362978	3376852	0	2011-05-16 16:27:39.450042+00	0		
7729	12744	363291	5882072	0	2011-05-16 16:27:39.450042+00	0		
7741	12744	363311	5882077	0	2011-05-16 16:27:39.450042+00	0		
7749	12744	364340	5895738	0	2011-05-16 16:27:39.450042+00	0		
232286	12744	366223	2554274	0	2011-05-16 16:27:39.450042+00	0		
88966	12744	367548	7810582	0	2011-05-16 16:27:39.450042+00	0		
88967	12744	367548	7810588	0	2011-05-16 16:27:39.450042+00	0		
295952	12744	368516	10975995	0	2011-05-16 16:27:39.450042+00	0		
14290	12744	369535	4672466	0	2011-05-16 16:27:39.450042+00	0		
263038	12744	369540	10505840	0	2011-05-16 16:27:39.450042+00	0		
346135	12744	370675	1812216	0	2011-05-16 16:27:39.450042+00	0		
9603	12744	371994	5634454	0	2011-05-16 16:27:39.450042+00	0		
342089	12744	382079	11300156	0	2011-05-16 16:27:39.450042+00	0		
342090	12744	382079	11300158	0	2011-05-16 16:27:39.450042+00	0		
91809	12744	383210	406776	0	2011-05-16 16:27:39.450042+00	0		
10985	12744	383550	1204522	0	2011-05-16 16:27:39.450042+00	0		
11636	12744	392032	177404	0	2011-05-16 16:27:39.450042+00	0		
14880	12744	399473	6333091	0	2011-05-16 16:27:39.450042+00	0		
71645	12744	401048	6357938	0	2011-05-16 16:27:39.450042+00	0		
236527	12744	408640	8553637	0	2011-05-16 16:27:39.450042+00	0		
16382	12744	408706	5898234	0	2011-05-16 16:27:39.450042+00	0		
16437	12744	409979	235010	0	2011-05-16 16:27:39.450042+00	0		
16470	12744	410151	3727530	0	2011-05-16 16:27:39.450042+00	0		
480074	12757	263843	12448941	0	2011-12-21 00:48:13.733009+00	0		
6359	12757	349323	3312633	0	2011-08-02 22:51:55.844226+00	0		
20549	12744	426809	6739081	0	2011-05-16 16:27:39.450042+00	0		
20567	12744	426875	6739091	0	2011-05-16 16:27:39.450042+00	0		
68911	12744	426875	7507030	0	2011-05-16 16:27:39.450042+00	0		
68920	12744	426875	7507034	0	2011-05-16 16:27:39.450042+00	0		
20917	12744	429380	6703855	0	2011-05-16 16:27:39.450042+00	0		
254856	12744	431219	219597	0	2011-05-16 16:27:39.450042+00	0		
21111	12744	431339	3449340	0	2011-05-16 16:27:39.450042+00	0		
170893	12744	431421	9115950	0	2011-05-16 16:27:39.450042+00	0		
6357	12757	349300	3312633	0	2011-08-02 22:52:12.518557+00	0		
6356	12757	349300	3312630	0	2011-08-02 23:54:38.279883+00	0		
6355	12757	349300	3312626	0	2011-08-02 23:56:57.169404+00	0		
3796	12744	301614	8450839	0	2011-08-05 02:02:12.942969+00	0		
268827	12744	320217	9160900	0	2011-09-30 19:00:10.002751+00	0		
614980	12757	37924	12547065	0	2012-11-27 14:00:12.367845+00	0		
355726	12744	386861	11521181	0	2014-04-22 04:00:51.601423+00	0		
22231	12744	377892	349469	0	2013-09-20 13:01:49.689824+00	0		
6853	12776	301158	4547362	0	2015-02-20 20:44:05.024326+00	0		
141490	12744	298859	527234	0	2012-11-30 05:10:50.322261+00	0		
22232	12744	377892	349473	0	2013-09-20 13:01:49.689824+00	0		
674362	12757	972633	12580939	0	2013-01-31 14:58:20.846783+00	0		
204956	12744	438182	9517862	0	2011-05-16 16:27:39.450042+00	0		
429942	12744	439300	1194317	0	2011-05-16 16:27:39.450042+00	0		
71966	12776	10522	846114	0	2015-06-10 09:01:50.970807+00	0		
2458	255979	275171	4114056	0	2015-08-18 22:52:44.41686+00	0		
16797	255979	412041	6527272	0	2015-08-18 22:52:51.926578+00	0		
5051	255979	318413	5098197	0	2015-08-18 22:52:57.890158+00	0		
4986	255979	316582	5098200	0	2015-08-18 22:53:04.309694+00	0		
6180	255981	289084	5650403	0	2015-08-18 22:53:10.099553+00	0		
4978	255979	316533	5098199	0	2015-08-18 22:53:21.962185+00	0		
4988	255979	316586	5098196	0	2015-08-18 22:53:27.169563+00	0		
6858	255979	289084	4547364	0	2015-08-19 16:37:29.094503+00	0		
6856	255979	289084	4547362	0	2015-08-19 16:37:30.330769+00	0		
23169	12744	441166	5387163	0	2011-05-16 16:27:39.450042+00	0		
23170	12744	441166	5387166	0	2011-05-16 16:27:39.450042+00	0		
23171	12744	441166	5387167	0	2011-05-16 16:27:39.450042+00	0		
23921	12744	443881	6992474	0	2011-05-16 16:27:39.450042+00	0		
23922	12744	443883	6992474	0	2011-05-16 16:27:39.450042+00	0		
69470	12744	454759	183771	0	2011-05-16 16:27:39.450042+00	0		
26576	12744	454759	194472	0	2011-05-16 16:27:39.450042+00	0		
392553	12744	455706	12020385	0	2011-05-16 16:27:39.450042+00	0		
218115	12744	457855	3870801	0	2011-05-16 16:27:39.450042+00	0		
36488	12744	459887	4412930	0	2011-05-16 16:27:39.450042+00	0		
97766	12744	461245	454719	0	2011-05-16 16:27:39.450042+00	0		
97767	12744	461245	454720	0	2011-05-16 16:27:39.450042+00	0		
454148	12888	82336	12432352	0	2011-07-19 00:09:26.042803+00	0		
52455	12744	465926	7270019	0	2011-05-16 16:27:39.450042+00	0		
52456	12744	465926	7270029	0	2011-05-16 16:27:39.450042+00	0		
271517	12744	469186	772086	0	2011-05-16 16:27:39.450042+00	0		
330368	12744	474313	1068609	0	2011-05-16 16:27:39.450042+00	0		
70320	12744	474566	7539816	0	2011-05-16 16:27:39.450042+00	0		
60466	12744	476122	7412995	0	2011-05-16 16:27:39.450042+00	0		
64125	12744	477205	7424518	0	2011-05-16 16:27:39.450042+00	0		
64131	12744	477205	7424520	0	2011-05-16 16:27:39.450042+00	0		
64490	12744	477205	7424530	0	2011-05-16 16:27:39.450042+00	0		
64128	12744	477208	7424519	0	2011-05-16 16:27:39.450042+00	0		
64134	12744	477208	7424521	0	2011-05-16 16:27:39.450042+00	0		
64474	12744	477208	7424524	0	2011-05-16 16:27:39.450042+00	0		
64485	12744	477208	7424528	0	2011-05-16 16:27:39.450042+00	0		
64495	12744	477208	7424529	0	2011-05-16 16:27:39.450042+00	0		
64472	12744	477324	7424523	0	2011-05-16 16:27:39.450042+00	0		
64493	12744	477324	7424531	0	2011-05-16 16:27:39.450042+00	0		
66584	12744	481034	4841038	0	2011-05-16 16:27:39.450042+00	0		
66585	12744	481034	4841039	0	2011-05-16 16:27:39.450042+00	0		
66586	12744	481034	4841041	0	2011-05-16 16:27:39.450042+00	0		
66587	12744	481034	4841042	0	2011-05-16 16:27:39.450042+00	0		
66588	12744	481034	4841043	0	2011-05-16 16:27:39.450042+00	0		
66589	12744	481034	4841044	0	2011-05-16 16:27:39.450042+00	0		
66590	12744	481034	4841045	0	2011-05-16 16:27:39.450042+00	0		
66591	12744	481034	4841046	0	2011-05-16 16:27:39.450042+00	0		
66592	12744	481034	4841047	0	2011-05-16 16:27:39.450042+00	0		
66593	12744	481034	4841048	0	2011-05-16 16:27:39.450042+00	0		
66594	12744	481034	4841049	0	2011-05-16 16:27:39.450042+00	0		
66595	12744	481034	4841050	0	2011-05-16 16:27:39.450042+00	0		
68434	12744	481381	7460982	0	2011-05-16 16:27:39.450042+00	0		
68437	12744	481381	7460996	0	2011-05-16 16:27:39.450042+00	0		
249026	12744	497162	162775	0	2011-11-28 19:00:11.885268+00	0		
187547	12744	482781	9188914	0	2011-05-16 16:27:39.450042+00	0		
70426	12744	484369	7503017	0	2011-05-16 16:27:39.450042+00	0		
68960	12744	484720	7507038	0	2011-05-16 16:27:39.450042+00	0		
70457	12744	488653	7506187	0	2011-05-16 16:27:39.450042+00	0		
148291	12744	489829	8736658	0	2011-05-16 16:27:39.450042+00	0		
225476	12744	493548	9570200	0	2011-05-16 16:27:39.450042+00	0		
745679	118457	1007347	12618911	0	2013-05-15 17:12:18.504012+00	0		
193323	12744	494955	9331690	0	2011-05-16 16:27:39.450042+00	0		
247574	12744	497013	9269696	0	2011-05-16 16:27:39.450042+00	0		
249025	12744	497162	162768	0	2011-05-16 16:27:39.450042+00	0		
134623	12744	504960	7655810	0	2011-05-16 16:27:39.450042+00	0		
134625	12744	504961	7655809	0	2011-05-16 16:27:39.450042+00	0		
322204	12744	506816	8223157	0	2011-05-16 16:27:39.450042+00	0		
82859	12744	507833	7220174	0	2011-05-16 16:27:39.450042+00	0		
88970	12744	512476	7810582	0	2011-05-16 16:27:39.450042+00	0		
119872	12744	513600	7605609	0	2011-05-16 16:27:39.450042+00	0		
565847	28691	333565	12512970	0	2012-08-06 22:00:20.12717+00	0		
480075	12776	848646	12448941	0	2011-12-21 00:49:19.744309+00	0		
229853	12744	526914	5647748	0	2011-12-07 23:01:53.455011+00	0		
201375	12744	522025	806505	0	2011-05-16 16:27:39.450042+00	0		
112881	12744	522025	3662443	0	2011-05-16 16:27:39.450042+00	0		
112453	12744	522025	3662528	0	2011-05-16 16:27:39.450042+00	0		
112701	12744	522025	3662752	0	2011-05-16 16:27:39.450042+00	0		
353052	12744	522985	2177309	0	2011-05-16 16:27:39.450042+00	0		
112454	12744	524214	3662528	0	2011-05-16 16:27:39.450042+00	0		
96316	12744	525594	7038475	0	2011-05-16 16:27:39.450042+00	0		
229849	12744	526914	3071653	0	2011-05-16 16:27:39.450042+00	0		
229850	12744	526914	3071654	0	2011-05-16 16:27:39.450042+00	0		
229851	12744	526914	3071655	0	2011-05-16 16:27:39.450042+00	0		
229852	12744	526914	3071656	0	2011-05-16 16:27:39.450042+00	0		
563697	12888	140738	12511714	0	2012-07-17 17:09:52.303596+00	0		
229854	12744	526914	3071658	0	2011-05-16 16:27:39.450042+00	0		
669559	12757	119482	12578339	0	2013-01-24 17:39:55.120077+00	0		
229856	12744	526914	3071660	0	2011-05-16 16:27:39.450042+00	0		
229857	12744	526914	3071661	0	2011-05-16 16:27:39.450042+00	0		
229858	12744	526914	3071663	0	2011-05-16 16:27:39.450042+00	0		
229859	12744	526914	3071664	0	2011-05-16 16:27:39.450042+00	0		
229861	12744	526914	3071666	0	2011-05-16 16:27:39.450042+00	0		
229862	12744	526914	3071667	0	2011-05-16 16:27:39.450042+00	0		
229863	12744	526914	3071668	0	2011-05-16 16:27:39.450042+00	0		
229188	12744	526914	5051101	0	2011-05-16 16:27:39.450042+00	0		
229189	12744	526914	5051102	0	2011-05-16 16:27:39.450042+00	0		
229191	12744	526914	5051105	0	2011-05-16 16:27:39.450042+00	0		
229192	12744	526914	5051106	0	2011-05-16 16:27:39.450042+00	0		
229193	12744	526914	5051107	0	2011-05-16 16:27:39.450042+00	0		
229194	12744	526914	5051109	0	2011-05-16 16:27:39.450042+00	0		
229195	12744	526914	5051110	0	2011-05-16 16:27:39.450042+00	0		
227985	12744	526914	8611847	0	2011-05-16 16:27:39.450042+00	0		
227986	12744	526914	8611850	0	2011-05-16 16:27:39.450042+00	0		
227987	12744	526914	8611852	0	2011-05-16 16:27:39.450042+00	0		
227988	12744	526914	8611857	0	2011-05-16 16:27:39.450042+00	0		
232526	12744	526914	9010501	0	2011-05-16 16:27:39.450042+00	0		
232527	12744	526914	9010502	0	2011-05-16 16:27:39.450042+00	0		
232528	12744	526914	9010504	0	2011-05-16 16:27:39.450042+00	0		
232529	12744	526914	9010505	0	2011-05-16 16:27:39.450042+00	0		
232530	12744	526914	9010506	0	2011-05-16 16:27:39.450042+00	0		
232531	12744	526914	9010508	0	2011-05-16 16:27:39.450042+00	0		
232532	12744	526914	9010509	0	2011-05-16 16:27:39.450042+00	0		
98405	12744	527442	8032832	0	2011-05-16 16:27:39.450042+00	0		
111825	12744	530409	7034173	0	2011-05-16 16:27:39.450042+00	0		
1009512	12757	60736	12781159	0	2014-11-24 23:01:40.363864+00	0		
468739	22884	83	12441807	0	2015-02-10 10:02:18.30491+00	0		
111826	12744	530409	7034184	0	2011-05-16 16:27:39.450042+00	0		
111847	12744	530409	8232719	0	2011-05-16 16:27:39.450042+00	0		
116590	12744	530409	8279213	0	2011-05-16 16:27:39.450042+00	0		
123999	12744	530409	8205314	0	2014-02-14 16:00:21.966856+00	0		
861397	12757	708875	12688728	0	2014-01-13 22:00:28.511045+00	0		
110036	12744	538798	8196913	0	2011-05-16 16:27:39.450042+00	0		
179593	12744	541105	884800	0	2011-05-16 16:27:39.450042+00	0		
118983	12744	546561	8305638	0	2011-05-16 16:27:39.450042+00	0		
118984	12744	546561	8305647	0	2011-05-16 16:27:39.450042+00	0		
614981	12776	37924	12547065	0	2012-11-27 14:00:12.37863+00	0		
339318	12744	460216	1029112	0	2011-07-05 11:03:23.868684+00	0		
26994	12744	455795	2265943	0	2011-08-05 10:01:51.109555+00	0		
26574	12888	454759	194470	0	2015-10-16 11:51:16.793054+00	0		
456787	12776	238552	12434123	0	2011-08-24 22:00:09.81538+00	0		
456630	12776	358748	12434045	0	2011-08-23 19:00:03.513246+00	0		
567116	12757	373852	12479838	0	2012-07-26 05:36:12.109192+00	0		
343128	12744	459158	9709735	0	2012-11-04 11:08:13.358627+00	0		
431982	19840	12181	1926665	0	2013-02-04 01:03:57.922097+00	0		
676859	12757	48153	12582359	0	2013-02-17 13:00:20.398948+00	0		
119688	12744	547525	706454	0	2011-05-16 16:27:39.450042+00	0		
120839	12744	548471	4032381	0	2011-05-16 16:27:39.450042+00	0		
121298	12744	549233	8057580	0	2011-05-16 16:27:39.450042+00	0		
126655	12744	554939	8326919	0	2011-05-16 16:27:39.450042+00	0		
295786	12744	559024	4018035	0	2011-05-16 16:27:39.450042+00	0		
745680	118457	411171	12618911	0	2013-05-15 17:12:47.884565+00	0		
750643	12757	783981	9709652	0	2013-05-31 17:00:14.532384+00	0		
173558	12744	604759	8575905	0	2013-07-20 11:00:26.673551+00	0		
293067	12744	562425	2490545	0	2011-05-16 16:27:39.450042+00	0		
293068	12744	562425	9181024	0	2011-05-16 16:27:39.450042+00	0		
293066	12744	562425	9181031	0	2011-05-16 16:27:39.450042+00	0		
135115	12744	563899	8511954	0	2011-05-16 16:27:39.450042+00	0		
389257	12744	564196	6362272	0	2011-05-16 16:27:39.450042+00	0		
196139	12744	567984	486014	0	2011-05-16 16:27:39.450042+00	0		
139766	12744	568823	8410907	0	2011-05-16 16:27:39.450042+00	0		
406901	12744	570665	2482304	0	2011-05-16 16:27:39.450042+00	0		
353909	12744	574847	2455445	0	2011-05-16 16:27:39.450042+00	0		
353979	12744	574847	2455452	0	2011-05-16 16:27:39.450042+00	0		
177031	12744	575728	8625942	0	2011-05-16 16:27:39.450042+00	0		
148256	12744	577389	8735474	0	2011-05-16 16:27:39.450042+00	0		
148286	12744	577435	8736409	0	2011-05-16 16:27:39.450042+00	0		
148289	12744	577436	8736405	0	2011-05-16 16:27:39.450042+00	0		
148292	12744	577449	8736275	0	2011-05-16 16:27:39.450042+00	0		
148293	12744	577449	8736276	0	2011-05-16 16:27:39.450042+00	0		
148290	12744	577449	8736656	0	2011-05-16 16:27:39.450042+00	0		
271518	12744	580494	772086	0	2011-05-16 16:27:39.450042+00	0		
150968	12744	582216	8791276	0	2011-05-16 16:27:39.450042+00	0		
232287	12744	584024	2554274	0	2011-05-16 16:27:39.450042+00	0		
154980	12744	587229	8880549	0	2011-05-16 16:27:39.450042+00	0		
614982	12757	37924	12547066	0	2012-11-27 14:00:12.429075+00	0		
167110	12744	601508	9085604	0	2011-05-16 16:27:39.450042+00	0		
170901	12744	603597	9115952	0	2011-05-16 16:27:39.450042+00	0		
170902	12744	603599	9115952	0	2011-05-16 16:27:39.450042+00	0		
173559	12744	604759	8575907	0	2011-05-16 16:27:39.450042+00	0		
223562	12744	606257	3516922	0	2011-05-16 16:27:39.450042+00	0		
185109	12744	610682	9109270	0	2011-05-16 16:27:39.450042+00	0		
309737	12744	610690	11169346	0	2011-05-16 16:27:39.450042+00	0		
309746	12744	610690	11169351	0	2011-05-16 16:27:39.450042+00	0		
361475	12744	612396	2575072	0	2011-05-16 16:27:39.450042+00	0		
263037	12744	618711	10505839	0	2011-05-16 16:27:39.450042+00	0		
263041	12744	618711	10505841	0	2011-05-16 16:27:39.450042+00	0		
196138	12744	620406	486014	0	2011-05-16 16:27:39.450042+00	0		
202098	12744	625120	9363553	0	2011-05-16 16:27:39.450042+00	0		
210059	12744	628862	3581046	0	2011-05-16 16:27:39.450042+00	0		
223287	12744	645906	3516846	0	2011-05-16 16:27:39.450042+00	0		
233619	12744	661018	7159084	0	2011-05-16 16:27:39.450042+00	0		
233621	12744	661018	7159086	0	2011-05-16 16:27:39.450042+00	0		
233620	12744	661018	7159090	0	2011-05-16 16:27:39.450042+00	0		
233622	12744	661018	7159092	0	2011-05-16 16:27:39.450042+00	0		
233623	12744	661018	7159096	0	2011-05-16 16:27:39.450042+00	0		
233624	12744	661018	7159097	0	2011-05-16 16:27:39.450042+00	0		
267014	12744	670570	10554641	0	2011-05-16 16:27:39.450042+00	0		
471903	12776	273402	12443647	0	2011-12-01 04:00:13.056018+00	0		
266285	12744	688963	5919909	0	2011-07-17 16:00:08.86467+00	0		
247875	12744	673389	3699715	0	2011-05-16 16:27:39.450042+00	0		
247873	12744	673393	3699714	0	2011-05-16 16:27:39.450042+00	0		
247883	12744	673393	3699720	0	2011-05-16 16:27:39.450042+00	0		
247888	12744	673393	3699722	0	2011-05-16 16:27:39.450042+00	0		
247893	12744	673393	3699724	0	2011-05-16 16:27:39.450042+00	0		
861398	12757	708875	12688729	0	2014-01-13 22:00:28.543563+00	0		
255023	12744	679837	10333485	0	2011-05-16 16:27:39.450042+00	0		
255558	12744	680111	10404661	0	2011-05-16 16:27:39.450042+00	0		
563698	12888	469210	162802	0	2012-07-17 17:11:52.180879+00	0		
568060	12757	1197	12514035	0	2012-08-11 15:00:07.362414+00	0		
567117	12757	373852	12471039	0	2012-07-26 05:36:14.496721+00	0		
568121	12776	721293	12514053	0	2012-08-11 22:00:13.682508+00	0		
210946	12744	631816	7610661	0	2012-09-11 21:08:22.147175+00	0		
669560	12757	119482	12578340	0	2013-01-24 17:39:56.760646+00	0		
356159	12744	684614	11446925	0	2011-05-16 16:27:39.450042+00	0		
349360	12744	684614	11446931	0	2011-05-16 16:27:39.450042+00	0		
349359	12744	684614	11446932	0	2011-05-16 16:27:39.450042+00	0		
349358	12744	684614	11446934	0	2011-05-16 16:27:39.450042+00	0		
349357	12744	684614	11446935	0	2011-05-16 16:27:39.450042+00	0		
264886	12744	687816	5350668	0	2011-05-16 16:27:39.450042+00	0		
266127	12744	688861	10544258	0	2011-05-16 16:27:39.450042+00	0		
266128	12744	688861	10544259	0	2011-05-16 16:27:39.450042+00	0		
266286	12744	688963	5919916	0	2011-05-16 16:27:39.450042+00	0		
266287	12744	688963	5919919	0	2011-05-16 16:27:39.450042+00	0		
266387	12744	688963	10546833	0	2011-05-16 16:27:39.450042+00	0		
266292	12744	688965	5919917	0	2011-05-16 16:27:39.450042+00	0		
266653	12744	689429	1954690	0	2011-05-16 16:27:39.450042+00	0		
525067	12757	555880	12484313	0	2012-04-15 13:02:11.544716+00	0		
173502	12744	603695	7927067	0	2011-07-05 11:06:04.731695+00	0		
293065	12744	562425	2490548	0	2011-08-14 23:00:40.340543+00	0		
568906	12757	762646	12514709	0	2015-01-28 13:03:31.776475+00	0		
130760	255979	559368	5092976	0	2015-08-18 22:53:41.901554+00	0		
130764	255979	559368	5092981	0	2015-08-18 22:53:48.665701+00	0		
130762	255979	559368	5092979	0	2015-08-18 22:53:54.87925+00	0		
251154	255979	676434	10352449	0	2015-08-18 22:54:39.193901+00	0		
258704	255979	682133	5112985	0	2015-08-18 22:54:46.383725+00	0		
258715	255979	682133	5112999	0	2015-08-18 22:54:51.262328+00	0		
258714	255979	682133	5112998	0	2015-08-18 22:54:57.733647+00	0		
258713	255979	682133	5112996	0	2015-08-18 22:54:59.010951+00	0		
258712	255979	682133	5112995	0	2015-08-18 22:55:00.270226+00	0		
258710	255979	682133	5112993	0	2015-08-18 22:55:01.494186+00	0		
258709	255979	682133	5112992	0	2015-08-18 22:55:07.250622+00	0		
258708	255979	682133	5112991	0	2015-08-18 22:55:08.453948+00	0		
258707	255979	682133	5112990	0	2015-08-18 22:55:15.569262+00	0		
268334	255979	689454	10568992	0	2015-08-18 22:55:20.849944+00	0		
266118	255979	688859	10544249	0	2015-08-18 22:56:02.854323+00	0		
266290	255979	688964	5919915	0	2015-08-18 22:56:18.353689+00	0		
268163	255979	690397	10566340	0	2015-08-18 22:57:20.423611+00	0		
266116	255979	688859	10544247	0	2015-08-19 01:39:06.154193+00	0		
266117	255979	688859	10544248	0	2015-08-19 01:39:08.173694+00	0		
266120	255979	688859	10544251	0	2015-08-19 01:39:13.715183+00	0		
266119	255979	688859	10544250	0	2015-08-19 01:39:18.968992+00	0		
130761	255979	559368	5092977	0	2015-08-19 18:59:24.915124+00	0		
145013	255979	574500	2741119	0	2015-08-19 20:55:11.655882+00	0		
745681	118458	281172	12618911	0	2013-05-15 17:13:15.99798+00	0		
745740	12888	356726	12618941	0	2013-05-16 21:01:14.258048+00	0		
756214	12888	446209	12523770	0	2013-06-02 10:32:53.599696+00	0		
525069	12757	555880	12484312	0	2012-04-15 13:02:16.160235+00	0		
750644	12776	741244	9709654	0	2013-05-31 17:00:17.388819+00	0		
756227	12888	40676	1245580	0	2013-06-02 10:38:35.905235+00	0		
532438	12888	160588	12489582	0	2012-05-13 21:00:12.298628+00	0		
758818	12882	231464	12627576	0	2013-06-08 12:12:39.180007+00	0		
761434	12776	400552	12629070	0	2013-06-20 23:00:14.192198+00	0		
439951	12744	690507	8413184	0	2011-05-16 16:27:39.450042+00	0		
269667	12744	691777	10387112	0	2011-05-16 16:27:39.450042+00	0		
277261	12744	699013	883670	0	2011-05-16 16:27:39.450042+00	0		
302250	12744	700320	9602356	0	2011-05-16 16:27:39.450042+00	0		
292612	12744	707998	1020479	0	2011-05-16 16:27:39.450042+00	0		
292613	12744	707998	1020480	0	2011-05-16 16:27:39.450042+00	0		
291159	12744	708881	955132	0	2011-05-16 16:27:39.450042+00	0		
296374	12744	712591	10981425	0	2011-05-16 16:27:39.450042+00	0		
317947	12744	727660	11214122	0	2011-05-16 16:27:39.450042+00	0		
338137	12744	733599	5748138	0	2011-05-16 16:27:39.450042+00	0		
352312	12744	740911	3601568	0	2011-05-16 16:27:39.450042+00	0		
347062	12744	743184	11445784	0	2011-05-16 16:27:39.450042+00	0		
347069	12744	743184	11445786	0	2011-05-16 16:27:39.450042+00	0		
861402	12757	708875	12688733	0	2014-01-13 22:00:28.678758+00	0		
353109	12744	746394	11172381	0	2011-05-16 16:27:39.450042+00	0		
348268	12744	751768	11592773	0	2011-05-16 16:27:39.450042+00	0		
348270	12744	751768	11592778	0	2011-05-16 16:27:39.450042+00	0		
368041	12744	757992	11692567	0	2011-05-16 16:27:39.450042+00	0		
365028	12744	759991	11777057	0	2011-05-16 16:27:39.450042+00	0		
371961	12744	760975	7200101	0	2011-05-16 16:27:39.450042+00	0		
371962	12744	760975	11737389	0	2011-05-16 16:27:39.450042+00	0		
379153	12744	765486	11660246	0	2011-05-16 16:27:39.450042+00	0		
382739	12744	769565	11843954	0	2011-05-16 16:27:39.450042+00	0		
405896	12744	779153	11998639	0	2011-05-16 16:27:39.450042+00	0		
403543	12744	781760	4487658	0	2011-05-16 16:27:39.450042+00	0		
418934	12744	785946	12105346	0	2011-05-16 16:27:39.450042+00	0		
412788	12744	785977	2823489	0	2011-05-16 16:27:39.450042+00	0		
415853	12744	787756	12117770	0	2011-05-16 16:27:39.450042+00	0		
420712	12744	790394	7488081	0	2011-05-16 16:27:39.450042+00	0		
425198	12744	790394	7488084	0	2011-05-16 16:27:39.450042+00	0		
429041	12744	795914	9284816	0	2011-05-16 16:27:39.450042+00	0		
438865	12744	799582	11319453	0	2011-05-16 16:27:39.450042+00	0		
192407	12757	10	75892	0	2011-05-16 16:27:39.450042+00	0		
192352	12757	10	75893	0	2011-05-16 16:27:39.450042+00	0		
192353	12757	10	75896	0	2011-05-16 16:27:39.450042+00	0		
192354	12757	10	75897	0	2011-05-16 16:27:39.450042+00	0		
192355	12757	10	75898	0	2011-05-16 16:27:39.450042+00	0		
192412	12757	10	75899	0	2011-05-16 16:27:39.450042+00	0		
192357	12757	10	75901	0	2011-05-16 16:27:39.450042+00	0		
265982	12757	10	830460	0	2011-05-16 16:27:39.450042+00	0		
265984	12757	10	830462	0	2011-05-16 16:27:39.450042+00	0		
265985	12757	10	830463	0	2011-05-16 16:27:39.450042+00	0		
265986	12757	10	830464	0	2011-05-16 16:27:39.450042+00	0		
265987	12757	10	830465	0	2011-05-16 16:27:39.450042+00	0		
265988	12757	10	830466	0	2011-05-16 16:27:39.450042+00	0		
265989	12757	10	830467	0	2011-05-16 16:27:39.450042+00	0		
265990	12757	10	830468	0	2011-05-16 16:27:39.450042+00	0		
265991	12757	10	830469	0	2011-05-16 16:27:39.450042+00	0		
192392	12757	10	1506993	0	2011-05-16 16:27:39.450042+00	0		
192393	12757	10	1506994	0	2011-05-16 16:27:39.450042+00	0		
192394	12757	10	1506995	0	2011-05-16 16:27:39.450042+00	0		
192395	12757	10	1506996	0	2011-05-16 16:27:39.450042+00	0		
522728	12757	883036	12482838	0	2012-04-23 08:00:07.519994+00	0		
192397	12757	10	1506998	0	2011-05-16 16:27:39.450042+00	0		
192398	12757	10	1506999	0	2011-05-16 16:27:39.450042+00	0		
192399	12757	10	1507000	0	2011-05-16 16:27:39.450042+00	0		
192400	12757	10	1507001	0	2011-05-16 16:27:39.450042+00	0		
192401	12757	10	1507002	0	2011-05-16 16:27:39.450042+00	0		
192402	12757	10	1507003	0	2011-05-16 16:27:39.450042+00	0		
192403	12757	10	1507004	0	2011-05-16 16:27:39.450042+00	0		
192404	12757	10	1507005	0	2011-05-16 16:27:39.450042+00	0		
192405	12757	10	1507006	0	2011-05-16 16:27:39.450042+00	0		
192406	12757	10	1507007	0	2011-05-16 16:27:39.450042+00	0		
192410	12757	10	1507011	0	2011-05-16 16:27:39.450042+00	0		
192415	12757	10	1507016	0	2011-05-16 16:27:39.450042+00	0		
192416	12757	10	1507017	0	2011-05-16 16:27:39.450042+00	0		
192417	12757	10	1507018	0	2011-05-16 16:27:39.450042+00	0		
192418	12757	10	1507019	0	2011-05-16 16:27:39.450042+00	0		
192419	12757	10	1507020	0	2011-05-16 16:27:39.450042+00	0		
192420	12757	10	1507021	0	2011-05-16 16:27:39.450042+00	0		
192371	12757	10	9319379	0	2011-05-16 16:27:39.450042+00	0		
192372	12757	10	9319380	0	2011-05-16 16:27:39.450042+00	0		
192373	12757	10	9319381	0	2011-05-16 16:27:39.450042+00	0		
192375	12757	10	9319383	0	2011-05-16 16:27:39.450042+00	0		
192376	12757	10	9319384	0	2011-05-16 16:27:39.450042+00	0		
192378	12757	10	9319386	0	2011-05-16 16:27:39.450042+00	0		
192379	12757	10	9319387	0	2011-05-16 16:27:39.450042+00	0		
192380	12757	10	9319388	0	2011-05-16 16:27:39.450042+00	0		
192381	12757	10	9319389	0	2011-05-16 16:27:39.450042+00	0		
192384	12757	10	9319392	0	2011-05-16 16:27:39.450042+00	0		
192385	12757	10	9319393	0	2011-05-16 16:27:39.450042+00	0		
468741	23717	83	12441809	0	2015-02-10 10:02:18.30491+00	0		
565849	12757	762646	12512986	0	2015-01-28 13:03:31.776475+00	0		
192387	12757	10	9319395	0	2011-05-16 16:27:39.450042+00	0		
192388	12757	10	9319396	0	2011-05-16 16:27:39.450042+00	0		
192389	12757	10	9319397	0	2011-05-16 16:27:39.450042+00	0		
192390	12757	10	9319398	0	2011-05-16 16:27:39.450042+00	0		
192391	12757	10	9319399	0	2011-05-16 16:27:39.450042+00	0		
531428	12757	129217	12488777	0	2012-04-26 17:53:14.1111+00	0		
192358	12757	10	1507015	0	2011-08-17 11:01:36.319985+00	0		
268172	12744	690397	10566363	0	2012-01-16 22:01:46.775053+00	0		
530416	12757	40269	12488195	0	2012-04-30 20:05:17.341845+00	0		
265983	12757	10	830461	0	2011-09-24 21:00:17.593594+00	0		
471228	12776	122757	12443209	0	2011-11-26 08:00:09.310293+00	0		
526814	12757	708888	12486038	0	2012-05-03 08:00:10.841487+00	0		
533386	12757	262797	12490684	0	2012-05-02 00:36:01.805606+00	0		
528129	12757	24080	12486776	0	2013-07-10 04:00:20.998003+00	0		
240924	36135	17	189442	0	2013-08-07 05:01:08.662147+00	0		
529332	12757	883698	12487518	0	2012-05-06 21:00:10.927458+00	0		
268339	255979	689454	10568997	0	2015-08-18 22:55:22.199566+00	0		
268338	255979	689454	10568996	0	2015-08-18 22:55:23.461162+00	0		
268335	255979	689454	10568993	0	2015-08-18 22:55:37.281083+00	0		
268332	255979	689454	10568990	0	2015-08-18 22:55:44.355686+00	0		
268333	255979	689454	10568991	0	2015-08-18 22:55:49.799988+00	0		
268336	255979	689454	10568994	0	2015-08-18 22:55:54.821672+00	0		
268343	255979	689454	10569001	0	2015-08-18 22:56:41.292848+00	0		
268341	255979	689454	10568999	0	2015-08-18 22:56:58.85378+00	0		
347070	12744	743184	11619346	0	2013-08-09 20:01:05.367867+00	0		
762246	12757	919522	12520542	0	2013-06-15 18:44:48.893179+00	0		
563699	12776	58807	12511716	0	2012-07-31 18:00:12.157266+00	0		
861403	12757	708875	12688734	0	2014-01-13 22:00:28.70795+00	0		
760613	12776	238535	12628566	0	2013-06-19 04:00:16.326534+00	0		
192396	12757	10	9319385	0	2012-03-31 11:00:10.639427+00	0		
762247	12757	919522	12520543	0	2013-06-15 18:44:48.893179+00	0		
189514	12757	17	198768	0	2013-08-07 05:01:08.662147+00	0		
762248	12757	919522	12520544	0	2013-06-15 18:44:48.893179+00	0		
189515	12757	17	198769	0	2013-08-07 05:01:08.662147+00	0		
240921	36135	17	283305	0	2013-08-07 05:01:08.662147+00	0		
26430	14587	17	6541532	0	2013-08-07 05:01:08.662147+00	0		
240926	36135	17	189444	0	2013-08-07 05:01:08.662147+00	0		
861399	12757	708875	12688730	0	2014-01-13 22:00:28.576305+00	0		
861400	12757	708875	12688731	0	2014-01-13 22:00:28.619364+00	0		
861401	12757	708875	12688732	0	2014-01-13 22:00:28.64773+00	0		
480076	12776	848647	12448942	0	2011-12-21 00:53:58.851818+00	0		
534415	12757	417032	12469010	0	2012-05-03 21:18:57.531151+00	0		
525070	12776	555880	12484312	0	2012-04-15 13:02:16.619553+00	0		
528130	12776	24080	12486776	0	2013-07-10 04:00:20.998003+00	0		
522729	12776	668534	12482839	0	2012-04-23 08:00:07.725458+00	0		
529333	12888	242729	7478	0	2012-04-22 20:26:55.588647+00	0		
531429	12757	129217	12488778	0	2012-04-26 17:54:22.319794+00	0		
526815	12776	708888	12486038	0	2012-05-03 08:00:10.85334+00	0		
533387	12757	262797	12490685	0	2012-05-02 00:36:02.854441+00	0		
189517	12757	17	198771	0	2013-08-07 05:01:08.662147+00	0		
750646	12776	268908	9709655	0	2013-05-31 17:00:20.049988+00	0		
357864	12757	747953	11527617	0	2011-10-30 16:00:14.732929+00	0		
537438	12757	402154	12492109	0	2012-05-20 07:00:24.747098+00	0		
538358	12757	119826	12492760	0	2012-05-21 18:00:33.309604+00	0		
539113	12776	890845	12493177	0	2012-05-22 20:00:12.593135+00	0		
530417	46454	10729	12488203	0	2012-05-08 14:00:08.815304+00	0		
541555	12757	892160	12494974	0	2012-05-27 14:00:09.935668+00	0		
540035	12757	821556	12494305	0	2012-05-11 02:07:58.578932+00	0		
471904	12757	273403	12443647	0	2011-12-01 04:00:13.064172+00	0		
540919	12757	432804	12494577	0	2012-05-13 07:37:26.247117+00	0		
542319	12757	892769	12495526	0	2012-05-29 18:00:14.00865+00	0		
532439	12888	286239	12489582	0	2012-05-13 21:00:12.308858+00	0		
542463	12757	8818	12495641	0	2012-05-30 10:00:26.149838+00	0		
861404	12757	708875	12688735	0	2014-01-13 22:00:28.742135+00	0		
474277	12757	38012	12444961	0	2011-12-03 02:02:22.811275+00	0		
536632	12776	239009	12491961	0	2012-05-19 21:00:20.677471+00	0		
861405	12757	708875	12688736	0	2014-01-13 22:00:28.768418+00	0		
861406	12757	708875	12688737	0	2014-01-13 22:00:28.808946+00	0		
861407	12757	708875	12688738	0	2014-01-13 22:00:28.839637+00	0		
861408	12757	708875	12688739	0	2014-01-13 22:00:31.848468+00	0		
866809	12888	357883	977361	0	2014-01-16 06:27:23.962676+00	0		
471229	31355	253362	12443210	0	2011-11-12 07:32:51.050959+00	0		
870769	12776	236800	266670	0	2014-01-22 10:32:58.132831+00	0		
869252	12776	1080182	12693438	0	2014-01-27 13:00:14.769567+00	0		
870770	12776	236800	266671	0	2014-01-22 10:32:58.132831+00	0		
870779	12757	471517	12694317	0	2014-01-22 11:35:42.520731+00	0		
870771	12776	236800	266672	0	2014-01-22 10:32:58.132831+00	0		
870772	12776	236800	266673	0	2014-01-22 10:32:58.132831+00	0		
869253	12757	1080182	12693439	0	2014-01-27 13:00:14.795562+00	0		
870773	12776	236800	266674	0	2014-01-22 10:32:58.132831+00	0		
870780	12776	1080867	12694317	0	2014-01-22 11:35:42.520731+00	0		
870774	12776	236800	266675	0	2014-01-22 10:32:58.132831+00	0		
870775	12776	236800	266676	0	2014-01-22 10:32:58.132831+00	0		
869254	12757	1080183	12693439	0	2014-01-27 13:00:14.802354+00	0		
870776	12776	236800	266677	0	2014-01-22 10:32:58.132831+00	0		
870781	12757	512572	12694316	0	2014-01-22 11:35:42.520731+00	0		
870777	12776	236800	266678	0	2014-01-22 10:32:58.132831+00	0		
870778	12776	236800	266679	0	2014-01-22 10:32:58.132831+00	0		
869255	12776	1080183	12693439	0	2014-01-27 13:00:14.8099+00	0		
870782	12776	239740	12694316	0	2014-01-22 11:35:42.520731+00	0		
869256	12776	1080182	12693439	0	2014-01-27 13:00:14.818723+00	0		
870783	12776	460667	12694316	0	2014-01-22 11:35:42.520731+00	0		
869257	12757	1080182	12693440	0	2014-01-27 13:00:14.857121+00	0		
870784	12776	15016	12680727	0	2014-01-22 11:35:42.520731+00	0		
869258	12757	1080183	12693440	0	2014-01-27 13:00:14.865243+00	0		
870785	12757	15016	12694315	0	2014-01-22 11:35:42.520731+00	0		
869259	12776	1080183	12693440	0	2014-01-27 13:00:14.872881+00	0		
870786	12776	15016	12694315	0	2014-01-22 11:35:42.520731+00	0		
869260	12776	1080182	12693440	0	2014-01-27 13:00:14.887268+00	0		
870787	12757	15016	12694314	0	2014-01-22 11:35:42.520731+00	0		
869261	12791	627324	12693440	0	2014-01-27 13:00:14.895266+00	0		
869262	12744	627324	12693440	0	2014-01-27 13:00:14.908574+00	0		
869263	12757	1080182	12693441	0	2014-01-27 13:00:14.938218+00	0		
869264	12757	1080183	12693441	0	2014-01-27 13:00:14.945058+00	0		
869265	12776	1080183	12693441	0	2014-01-27 13:00:14.952344+00	0		
869266	12776	1080182	12693441	0	2014-01-27 13:00:14.958786+00	0		
869267	12757	1080182	12693442	0	2014-01-27 13:00:14.992961+00	0		
869268	12757	1080183	12693442	0	2014-01-27 13:00:15.001397+00	0		
869269	12776	1080183	12693442	0	2014-01-27 13:00:15.009498+00	0		
869270	12776	1080182	12693442	0	2014-01-27 13:00:15.015995+00	0		
869271	12757	1080182	12693443	0	2014-01-27 13:00:15.050393+00	0		
480077	12757	848647	12448942	0	2011-12-21 00:54:05.430411+00	0		
745682	118459	545030	12618912	0	2013-05-15 17:15:10.485591+00	0		
565850	12757	275193	12512987	0	2012-08-06 22:00:21.07417+00	0		
522730	12757	879570	12482839	0	2012-04-23 08:00:07.73458+00	0		
568061	12776	912536	12514031	0	2012-08-11 15:00:07.614972+00	0		
567118	12776	373852	12471039	0	2012-07-26 05:36:18.236249+00	0		
861409	12757	418589	12688722	0	2014-01-06 22:35:33.768651+00	0		
861462	12757	464191	12688857	0	2014-01-14 08:00:23.009603+00	0		
861410	12776	418589	12688722	0	2014-01-06 22:35:33.768651+00	0		
125	12776	10522	885423	0	2015-06-10 09:01:50.970807+00	0		
857657	12882	599731	12686220	0	2014-01-07 00:00:39.300236+00	0		
857658	16923	32797	12686221	0	2014-01-07 00:00:39.319061+00	0		
857659	12882	599731	12686221	0	2014-01-07 00:00:39.326774+00	0		
857660	16923	32797	12686222	0	2014-01-07 00:00:39.341993+00	0		
857661	12882	599731	12686222	0	2014-01-07 00:00:39.360836+00	0		
857701	12757	66503	12686258	0	2014-01-07 01:00:25.944345+00	0		
857702	12757	66503	12686259	0	2014-01-07 01:00:25.973506+00	0		
861423	12776	1075257	12688768	0	2014-01-14 03:00:16.425094+00	0		
861434	12757	3564	12688845	0	2014-01-14 08:00:18.546722+00	0		
861435	12757	3564	12688846	0	2014-01-14 08:00:18.715391+00	0		
861436	12757	3564	12688847	0	2014-01-14 08:00:18.779684+00	0		
861437	12757	3564	12688848	0	2014-01-14 08:00:18.817604+00	0		
471905	12776	273402	12443648	0	2011-12-01 04:00:13.106827+00	0		
861438	12757	3564	12688849	0	2014-01-14 08:00:18.861011+00	0		
456631	12757	193903	12434046	0	2011-08-23 19:00:05.891323+00	0		
454149	12888	460060	12432352	0	2011-07-19 00:09:19.873703+00	0		
456788	12888	815	1696098	0	2011-08-10 21:23:21.450596+00	0		
861439	12757	3564	12688850	0	2014-01-14 08:00:18.899519+00	0		
482090	12888	588998	12450234	0	2012-01-09 14:00:23.598242+00	0		
471230	12757	122757	12443211	0	2011-11-26 08:00:09.650876+00	0		
861464	12776	1075285	12688857	0	2014-01-14 08:00:23.126553+00	0		
866810	12888	11897	977361	0	2014-01-16 06:27:53.380935+00	0		
861425	12757	1075261	12688467	0	2014-01-07 03:11:43.077817+00	0		
861428	12757	252372	12644275	0	2014-01-07 04:29:02.099535+00	0		
460553	12757	210445	12436570	0	2011-09-03 13:43:07.069199+00	0		
458679	12757	55645	12435231	0	2011-09-08 03:00:08.938362+00	0		
465359	12757	1021	12439478	0	2011-09-27 18:07:57.982035+00	0		
463627	29618	23034	12438410	0	2011-09-16 22:31:07.171182+00	0		
463742	12776	36803	12438498	0	2011-09-17 13:28:25.90759+00	0		
861429	12757	64144	12644275	0	2014-01-07 04:29:02.099535+00	0		
462131	28691	569110	12437506	0	2011-09-23 16:00:09.74593+00	0		
474278	12757	38012	12444962	0	2011-12-03 02:03:52.938144+00	0		
465428	12757	338896	12439608	0	2011-10-12 20:00:13.934628+00	0		
861430	12888	85594	12688835	0	2014-01-07 05:22:43.708315+00	0		
861431	12888	417608	12688835	0	2014-01-07 05:22:43.708315+00	0		
861411	12757	16458	12688755	0	2014-01-14 02:00:34.850616+00	0		
861412	12757	16458	12688756	0	2014-01-14 02:00:34.915723+00	0		
861413	12757	16458	12688757	0	2014-01-14 02:00:34.932784+00	0		
861414	12757	16458	12688758	0	2014-01-14 02:00:34.990973+00	0		
861415	12757	16458	12688760	0	2014-01-14 02:00:35.052117+00	0		
861416	12757	16458	12688761	0	2014-01-14 02:00:35.079974+00	0		
861417	12757	16458	12688762	0	2014-01-14 02:00:35.179925+00	0		
861418	12757	16458	12688763	0	2014-01-14 02:00:35.205733+00	0		
861419	12757	16458	12688764	0	2014-01-14 02:00:35.222945+00	0		
861420	12757	16458	12688765	0	2014-01-14 02:00:35.261082+00	0		
861421	12757	16458	12688766	0	2014-01-14 02:00:35.284858+00	0		
861422	12757	16458	12688767	0	2014-01-14 02:00:35.29923+00	0		
466922	12888	757945	12440393	0	2012-04-07 10:34:16.946842+00	0		
869287	12757	105021	12693447	0	2014-01-27 13:00:21.083287+00	0		
869288	12757	105021	12693448	0	2014-01-27 13:00:21.182265+00	0		
869289	12757	105021	12693449	0	2014-01-27 13:00:21.272894+00	0		
869290	12757	10284	12693450	0	2014-01-27 13:00:21.411205+00	0		
869291	12757	105021	12693451	0	2014-01-27 13:00:21.513143+00	0		
468742	18621	83	12441811	0	2015-02-10 10:02:18.30491+00	0		
869292	12757	105021	12693452	0	2014-01-27 13:00:21.605054+00	0		
869293	12757	105021	12693453	0	2014-01-27 13:00:21.690721+00	0		
869294	12757	105021	12693454	0	2014-01-27 13:00:21.769274+00	0		
869295	12757	105021	12693455	0	2014-01-27 13:00:21.931672+00	0		
861440	12776	176722	12688851	0	2014-01-14 08:00:20.019033+00	0		
861426	12888	1061	6829244	0	2014-01-07 03:50:08.201995+00	0		
669561	12757	119482	12578341	0	2013-01-24 17:39:58.279812+00	0		
1021129	12757	145098	12788708	0	2014-12-28 06:01:34.780741+00	0		
492172	12757	138135	12459425	0	2015-03-07 12:01:02.785206+00	0		
1009515	12757	60736	12781162	0	2014-11-24 23:01:40.52853+00	0		
1009516	12757	60736	12781163	0	2014-11-24 23:01:40.583199+00	0		
1009517	12757	60736	12781164	0	2014-11-24 23:01:40.651033+00	0		
1009518	12757	60736	12781165	0	2014-11-24 23:01:40.735092+00	0		
1009519	12757	60736	12781166	0	2014-11-24 23:01:40.804197+00	0		
1009520	12757	60736	12781167	0	2014-11-24 23:01:40.86206+00	0		
861427	12888	418599	6829244	0	2014-01-07 03:50:08.201995+00	0		
861432	12776	941386	9049502	0	2014-01-07 05:49:41.912184+00	0		
563701	12888	554869	12511717	0	2012-07-17 17:34:32.4369+00	0		
568062	12757	1197	12514036	0	2012-08-11 15:00:07.660309+00	0		
468743	12888	558046	12432519	0	2011-10-30 17:10:42.811316+00	0		
567119	12757	373852	12479840	0	2012-07-26 05:36:23.909304+00	0		
454150	12757	82336	12432353	0	2011-10-31 19:00:11.363624+00	0		
568122	12757	414177	12514054	0	2012-08-11 22:00:13.697118+00	0		
745741	12757	59687	12618940	0	2013-05-15 20:24:10.243016+00	0		
479550	12888	17	12448740	0	2013-08-07 05:01:08.662147+00	0		
471231	12776	122757	12443211	0	2011-11-26 08:00:09.658719+00	0		
456789	12888	2122	1696098	0	2011-08-10 21:24:01.607198+00	0		
471906	12757	273403	12443648	0	2011-12-01 04:00:13.135437+00	0		
460554	12888	824946	12436571	0	2011-09-03 13:44:18.088218+00	0		
458680	12776	55645	12435231	0	2011-09-08 03:00:08.952304+00	0		
480078	12757	848643	12448940	0	2011-12-21 00:54:35.983364+00	0		
