219492	26038	4	12092	0	2011-05-16 16:31:52.155025+00	0		
207305	26038	6	22104	0	2011-05-16 16:31:52.155025+00	0		
206858	26038	7	22105	0	2011-05-16 16:31:52.155025+00	0		
206980	26038	8	22107	0	2011-05-16 16:31:52.155025+00	0		
206685	26038	9	22108	0	2011-05-16 16:31:52.155025+00	0		
207002	26038	10	22110	0	2011-05-16 16:31:52.155025+00	0		
206370	26038	11	22112	0	2011-05-16 16:31:52.155025+00	0		
206117	26038	16	22115	0	2011-05-16 16:31:52.155025+00	0		
205602	26038	18	22116	0	2011-05-16 16:31:52.155025+00	0		
205750	26038	20	22117	0	2011-05-16 16:31:52.155025+00	0		
205604	26038	22	22118	0	2011-05-16 16:31:52.155025+00	0		
136444	26038	69	97801	0	2015-02-28 18:02:32.435806+00	0		
205753	26038	25	22119	0	2011-05-16 16:31:52.155025+00	0		
205790	26038	26	22120	0	2011-05-16 16:31:52.155025+00	0		
205319	26038	27	22121	0	2011-05-16 16:31:52.155025+00	0		
205320	26038	28	22122	0	2011-05-16 16:31:52.155025+00	0		
205129	26038	31	22125	0	2011-05-16 16:31:52.155025+00	0		
205130	26038	32	22126	0	2011-05-16 16:31:52.155025+00	0		
205179	26038	34	22127	0	2011-05-16 16:31:52.155025+00	0		
195916	26038	37	28422	0	2011-05-16 16:31:52.155025+00	0		
226719	26038	38	7184	0	2011-05-16 16:31:52.155025+00	0		
74855	26038	39	174062	0	2011-05-16 16:31:52.155025+00	0		
155194	26038	40	76564	0	2011-05-16 16:31:52.155025+00	0		
187986	26038	42	36198	0	2011-05-16 16:31:52.155025+00	0		
191715	26038	44	30497	0	2011-05-16 16:31:52.155025+00	0		
173321	26038	46	53595	0	2011-05-16 16:31:52.155025+00	0		
178113	26038	47	46821	0	2011-05-16 16:31:52.155025+00	0		
91127	26038	48	159837	0	2011-05-16 16:31:52.155025+00	0		
229834	26038	51	6733	0	2011-05-16 16:31:52.155025+00	0		
224826	26038	54	9458	0	2011-05-16 16:31:52.155025+00	0		
88281	26038	57	159310	0	2011-05-16 16:31:52.155025+00	0		
84433	26038	58	163497	0	2011-05-16 16:31:52.155025+00	0		
238741	26038	60	213	0	2011-05-16 16:31:52.155025+00	0		
153102	26038	62	78622	0	2011-05-16 16:31:52.155025+00	0		
203248	26038	65	22182	0	2011-05-16 16:31:52.155025+00	0		
154859	26038	66	76833	0	2011-05-16 16:31:52.155025+00	0		
93311	26038	67	153830	0	2011-05-16 16:31:52.155025+00	0		
29289	26038	70	234096	0	2011-05-16 16:31:52.155025+00	0		
197641	26038	84	28447	0	2011-05-16 16:31:52.155025+00	0		
114107	26038	85	126683	0	2011-05-16 16:31:52.155025+00	0		
289814	26038	86	793423	0	2011-05-16 16:31:52.155025+00	0		
71913	26038	88	178177	0	2011-05-16 16:31:52.155025+00	0		
195914	26038	91	28521	0	2011-05-16 16:31:52.155025+00	0		
115571	26038	92	531741	0	2011-05-16 16:31:52.155025+00	0		
238121	26038	93	285	0	2011-05-16 16:31:52.155025+00	0		
133908	26038	94	100941	0	2011-05-16 16:31:52.155025+00	0		
357912	26038	836470	985899	0	2011-11-17 00:00:15.293992+00	0		
28405	26038	98	273841	0	2011-05-16 16:31:52.155025+00	0		
192525	26038	101	30509	0	2011-05-16 16:31:52.155025+00	0		
80488	26038	110	167913	0	2011-05-16 16:31:52.155025+00	0		
204237	26038	111	20792	0	2011-05-16 16:31:52.155025+00	0		
175193	26038	116	50769	0	2011-05-16 16:31:52.155025+00	0		
56603	26038	119	200754	0	2011-05-16 16:31:52.155025+00	0		
94115	26038	121	152930	0	2011-05-16 16:31:52.155025+00	0		
75789	26038	122	172930	0	2011-05-16 16:31:52.155025+00	0		
105784	26038	123	138130	0	2011-05-16 16:31:52.155025+00	0		
195469	26038	125	31870	0	2011-05-16 16:31:52.155025+00	0		
192027	26038	127	30865	0	2011-05-16 16:31:52.155025+00	0		
48316	26038	129	29877	0	2011-05-16 16:31:52.155025+00	0		
192989	26038	131	31396	0	2011-05-16 16:31:52.155025+00	0		
108909	26038	136	133120	0	2011-05-16 16:31:52.155025+00	0		
194039	26038	138	29904	0	2011-05-16 16:31:52.155025+00	0		
173796	26038	139	54009	0	2011-05-16 16:31:52.155025+00	0		
192211	26038	141	31899	0	2011-05-16 16:31:52.155025+00	0		
137801	26038	143	93290	0	2011-05-16 16:31:52.155025+00	0		
238900	26038	146	2492	0	2011-05-16 16:31:52.155025+00	0		
126730	26038	154	110375	0	2011-05-16 16:31:52.155025+00	0		
222014	26038	155	10220	0	2011-05-16 16:31:52.155025+00	0		
147652	26038	156	85674	0	2011-05-16 16:31:52.155025+00	0		
197211	26038	158	28448	0	2011-05-16 16:31:52.155025+00	0		
34704	26038	160	640014	0	2011-05-16 16:31:52.155025+00	0		
193894	26038	164	31419	0	2011-05-16 16:31:52.155025+00	0		
195153	26038	166	30233	0	2011-05-16 16:31:52.155025+00	0		
213897	26038	167	14913	0	2011-05-16 16:31:52.155025+00	0		
195797	26038	171	28382	0	2011-05-16 16:31:52.155025+00	0		
43884	26038	172	451360	0	2011-05-16 16:31:52.155025+00	0		
54580	26038	176	203405	0	2011-05-16 16:31:52.155025+00	0		
192657	26038	179	39938	0	2011-05-16 16:31:52.155025+00	0		
131579	26038	181	104862	0	2011-05-16 16:31:52.155025+00	0		
181367	26038	183	714149	0	2011-05-16 16:31:52.155025+00	0		
233610	26038	249	3368	0	2011-07-19 09:02:14.268295+00	0		
192028	26038	186	30858	0	2011-05-16 16:31:52.155025+00	0		
194097	26038	187	30479	0	2011-05-16 16:31:52.155025+00	0		
193426	26038	190	30893	0	2011-05-16 16:31:52.155025+00	0		
203271	26038	191	21688	0	2011-05-16 16:31:52.155025+00	0		
195034	26038	192	29608	0	2011-05-16 16:31:52.155025+00	0		
182723	26038	193	41899	0	2011-05-16 16:31:52.155025+00	0		
193293	26038	196	30834	0	2011-05-16 16:31:52.155025+00	0		
230796	26038	197	3017	0	2011-05-16 16:31:52.155025+00	0		
209677	26038	198	18939	0	2011-05-16 16:31:52.155025+00	0		
154871	26038	199	76841	0	2011-05-16 16:31:52.155025+00	0		
219522	26038	202	11816	0	2011-05-16 16:31:52.155025+00	0		
30521	26038	204	233615	0	2011-05-16 16:31:52.155025+00	0		
85995	26038	206	161214	0	2011-05-16 16:31:52.155025+00	0		
92090	26038	227	155245	0	2011-05-16 16:31:52.155025+00	0		
121963	26038	228	513890	0	2011-05-16 16:31:52.155025+00	0		
223851	26038	233	9167	0	2011-05-16 16:31:52.155025+00	0		
323941	26038	235	884420	0	2011-05-16 16:31:52.155025+00	0		
193618	26038	236	30485	0	2011-05-16 16:31:52.155025+00	0		
89900	26038	237	157819	0	2011-05-16 16:31:52.155025+00	0		
211101	26038	241	17502	0	2011-05-16 16:31:52.155025+00	0		
219204	26038	242	12091	0	2011-05-16 16:31:52.155025+00	0		
100675	26038	243	146024	0	2011-05-16 16:31:52.155025+00	0		
195616	26038	244	29315	0	2011-05-16 16:31:52.155025+00	0		
100699	26038	251	284611	0	2011-05-16 16:31:52.155025+00	0		
153414	26038	253	90532	0	2011-05-16 16:31:52.155025+00	0		
229844	26038	255	3302	0	2011-05-16 16:31:52.155025+00	0		
205484	26038	30	22124	0	2014-01-20 00:00:51.026819+00	0		
126551	26038	151	109732	0	2011-08-05 07:01:34.136559+00	0		
158873	26038	99	736015	0	2014-07-16 20:02:32.635686+00	0		
204707	26038	35	22128	0	2014-10-27 17:00:55.095962+00	0		
195143	26038	142	29898	0	2012-11-27 11:39:56.695027+00	0		
2906	26038	178	278448	0	2012-02-12 11:00:10.178977+00	0		
206061	26038	29	22123	0	2015-06-21 09:11:07.521203+00	0		
148744	26038	231	82466	0	2015-07-21 22:02:19.961775+00	0		
209510	26038	89	17603	0	2015-08-14 08:04:01.738279+00	0		
192842	26038	163	29926	0	2015-08-19 08:02:31.942036+00	0		
206521	26038	12	22113	0	2015-09-13 02:01:37.311162+00	0		
25085	26038	182	170544	0	2012-03-30 06:06:16.515093+00	0		
433858	30134	883026	1266522	0	2012-04-23 05:00:08.79425+00	0		
105495	26038	177	135938	0	2012-08-13 08:04:03.954868+00	0		
115664	26038	133	121578	0	2012-11-27 12:10:24.194462+00	0		
162659	26038	43	70800	0	2013-01-22 04:09:39.264893+00	0		
153423	26038	200	78319	0	2013-02-07 23:01:06.858044+00	0		
323785	26038	162	893673	0	2013-03-04 20:00:34.811644+00	0		
230019	26038	239	6180	0	2013-06-07 10:00:14.881297+00	0		
239485	26038	17	65	0	2013-08-07 05:01:08.662147+00	0		
192521	26038	132	30604	0	2013-12-17 00:00:41.98903+00	0		
211860	26038	258	17960	0	2011-05-16 16:31:52.155025+00	0		
93980	26038	261	156518	0	2011-05-16 16:31:52.155025+00	0		
36049	26038	263	273968	0	2011-05-16 16:31:52.155025+00	0		
223227	26038	284	10053	0	2011-05-16 16:31:52.155025+00	0		
193464	26038	293	31437	0	2011-05-16 16:31:52.155025+00	0		
193763	26038	296	31106	0	2011-05-16 16:31:52.155025+00	0		
115006	26038	301	127114	0	2011-05-16 16:31:52.155025+00	0		
214204	26038	303	14999	0	2011-05-16 16:31:52.155025+00	0		
234175	26038	304	3365	0	2011-05-16 16:31:52.155025+00	0		
232936	26038	305	7187	0	2011-05-16 16:31:52.155025+00	0		
245112	26038	306	304635	0	2011-05-16 16:31:52.155025+00	0		
183622	26038	535	40504	0	2013-12-27 00:00:19.132191+00	0		
67000	26038	312	537051	0	2011-05-16 16:31:52.155025+00	0		
85198	26038	313	162460	0	2011-05-16 16:31:52.155025+00	0		
125956	26038	314	110392	0	2011-05-16 16:31:52.155025+00	0		
224835	26038	317	9427	0	2011-05-16 16:31:52.155025+00	0		
193713	26038	319	30463	0	2011-05-16 16:31:52.155025+00	0		
46746	26038	320	780396	0	2011-05-16 16:31:52.155025+00	0		
158531	26038	329	587664	0	2011-05-16 16:31:52.155025+00	0		
54928	26038	330	224737	0	2011-05-16 16:31:52.155025+00	0		
180514	26038	332	271139	0	2011-05-16 16:31:52.155025+00	0		
179819	26038	340	44967	0	2011-05-16 16:31:52.155025+00	0		
99389	26038	343	148373	0	2011-05-16 16:31:52.155025+00	0		
229665	26038	344	535642	0	2011-05-16 16:31:52.155025+00	0		
225282	26038	347	8282	0	2011-05-16 16:31:52.155025+00	0		
195126	26038	349	29872	0	2011-05-16 16:31:52.155025+00	0		
194494	26038	352	30496	0	2011-05-16 16:31:52.155025+00	0		
199977	26038	354	28456	0	2011-05-16 16:31:52.155025+00	0		
195790	26038	357	28406	0	2011-05-16 16:31:52.155025+00	0		
154412	26038	358	76897	0	2011-05-16 16:31:52.155025+00	0		
232467	26038	360	3718	0	2011-05-16 16:31:52.155025+00	0		
194063	26038	361	29892	0	2011-05-16 16:31:52.155025+00	0		
130749	26038	363	741745	0	2011-05-16 16:31:52.155025+00	0		
92366	26038	365	154839	0	2011-05-16 16:31:52.155025+00	0		
200125	26038	366	31859	0	2011-05-16 16:31:52.155025+00	0		
217039	26038	367	15065	0	2011-05-16 16:31:52.155025+00	0		
196076	26038	368	28364	0	2011-05-16 16:31:52.155025+00	0		
207455	26038	369	19778	0	2011-05-16 16:31:52.155025+00	0		
70514	26038	370	179429	0	2011-05-16 16:31:52.155025+00	0		
206746	26038	373	22889	0	2011-05-16 16:31:52.155025+00	0		
68967	26038	374	181907	0	2011-05-16 16:31:52.155025+00	0		
201576	26038	375	28338	0	2011-05-16 16:31:52.155025+00	0		
206374	26038	380	20221	0	2011-05-16 16:31:52.155025+00	0		
196078	26038	381	28351	0	2011-05-16 16:31:52.155025+00	0		
236056	26038	382	1368	0	2011-05-16 16:31:52.155025+00	0		
223451	26038	383	9557	0	2011-05-16 16:31:52.155025+00	0		
191072	26038	385	33492	0	2011-05-16 16:31:52.155025+00	0		
83505	26038	386	164628	0	2011-05-16 16:31:52.155025+00	0		
215163	26038	387	15210	0	2011-05-16 16:31:52.155025+00	0		
224330	26038	388	8720	0	2011-05-16 16:31:52.155025+00	0		
187632	26038	389	39980	0	2011-05-16 16:31:52.155025+00	0		
84762	26038	391	166287	0	2011-05-16 16:31:52.155025+00	0		
243339	26038	393	528122	0	2011-05-16 16:31:52.155025+00	0		
88282	26038	394	159313	0	2011-05-16 16:31:52.155025+00	0		
110788	26038	397	130547	0	2011-05-16 16:31:52.155025+00	0		
197665	26038	399	28318	0	2011-05-16 16:31:52.155025+00	0		
88633	26038	400	158856	0	2011-05-16 16:31:52.155025+00	0		
50812	26038	401	223245	0	2011-05-16 16:31:52.155025+00	0		
86468	26038	402	166113	0	2011-05-16 16:31:52.155025+00	0		
20499	26038	404	550791	0	2011-05-16 16:31:52.155025+00	0		
238293	26038	407	1287	0	2011-05-16 16:31:52.155025+00	0		
228143	26038	411	7657	0	2011-05-16 16:31:52.155025+00	0		
194084	26038	418	30486	0	2011-05-16 16:31:52.155025+00	0		
95841	26038	430	150621	0	2011-05-16 16:31:52.155025+00	0		
233754	26038	431	5237	0	2011-05-16 16:31:52.155025+00	0		
84917	26038	437	163346	0	2011-05-16 16:31:52.155025+00	0		
45042	26038	440	220220	0	2011-05-16 16:31:52.155025+00	0		
63495	26038	442	205926	0	2011-05-16 16:31:52.155025+00	0		
210810	26038	443	18204	0	2011-05-16 16:31:52.155025+00	0		
154418	26038	446	76885	0	2011-05-16 16:31:52.155025+00	0		
208876	26038	447	19248	0	2011-05-16 16:31:52.155025+00	0		
233824	26038	462	623923	0	2011-05-16 16:31:52.155025+00	0		
257704	26038	463	472799	0	2011-05-16 16:31:52.155025+00	0		
154830	26038	464	76809	0	2011-05-16 16:31:52.155025+00	0		
147264	26038	465	483269	0	2011-05-16 16:31:52.155025+00	0		
265951	26038	468	631974	0	2011-05-16 16:31:52.155025+00	0		
81738	26038	469	166359	0	2011-05-16 16:31:52.155025+00	0		
152032	26038	471	79846	0	2011-05-16 16:31:52.155025+00	0		
211478	26038	476	539710	0	2011-05-16 16:31:52.155025+00	0		
152504	26038	479	83079	0	2011-05-16 16:31:52.155025+00	0		
148734	26038	480	85076	0	2011-05-16 16:31:52.155025+00	0		
194234	26038	481	30532	0	2011-05-16 16:31:52.155025+00	0		
228146	26038	482	7176	0	2011-05-16 16:31:52.155025+00	0		
223423	26038	486	10036	0	2011-05-16 16:31:52.155025+00	0		
17641	26038	487	263647	0	2011-05-16 16:31:52.155025+00	0		
193568	26038	488	31579	0	2011-05-16 16:31:52.155025+00	0		
80199	26038	489	170607	0	2011-05-16 16:31:52.155025+00	0		
194244	26038	493	31753	0	2011-05-16 16:31:52.155025+00	0		
229168	26038	497	6485	0	2011-05-16 16:31:52.155025+00	0		
162441	26038	498	603171	0	2011-05-16 16:31:52.155025+00	0		
123613	26038	499	113298	0	2011-05-16 16:31:52.155025+00	0		
143954	26038	500	88395	0	2011-05-16 16:31:52.155025+00	0		
236859	26038	502	2625	0	2011-05-16 16:31:52.155025+00	0		
151599	26038	504	76758	0	2011-05-16 16:31:52.155025+00	0		
125961	26038	506	110781	0	2011-05-16 16:31:52.155025+00	0		
12056	26038	507	506202	0	2011-05-16 16:31:52.155025+00	0		
106606	26038	508	139346	0	2011-05-16 16:31:52.155025+00	0		
103613	26038	509	139384	0	2011-05-16 16:31:52.155025+00	0		
230487	26038	510	6729	0	2011-05-16 16:31:52.155025+00	0		
150990	26038	514	291154	0	2011-05-16 16:31:52.155025+00	0		
357917	26039	836478	985916	0	2011-11-17 00:00:26.649595+00	0		
160602	26038	520	68544	0	2011-05-16 16:31:52.155025+00	0		
155150	26038	522	76275	0	2011-05-16 16:31:52.155025+00	0		
124263	26038	325	112321	0	2015-05-18 04:03:19.905132+00	0		
154832	26038	525	76813	0	2011-05-16 16:31:52.155025+00	0		
157701	26038	528	73012	0	2011-05-16 16:31:52.155025+00	0		
227670	26038	530	7178	0	2011-05-16 16:31:52.155025+00	0		
250014	26038	311	272214	0	2015-06-27 07:02:03.938625+00	0		
197004	26038	529	27962	0	2015-08-13 17:00:13.538423+00	0		
64552	26038	532	185962	0	2011-05-16 16:31:52.155025+00	0		
193286	26038	534	31037	0	2011-05-16 16:31:52.155025+00	0		
99122	26038	495	146150	0	2011-11-26 13:02:15.675926+00	0		
105168	26038	345	137970	0	2011-07-06 11:01:24.966847+00	0		
20011	26038	351	474456	0	2012-11-27 11:39:52.722512+00	0		
281253	26038	341	529225	0	2011-09-13 22:00:44.089286+00	0		
357308	26042	833550	983987	0	2011-11-13 14:00:09.651009+00	0		
170467	26038	324	57712	0	2011-09-25 01:00:05.808189+00	0		
236255	26038	259	1969	0	2012-02-09 01:00:08.555575+00	0		
194836	26038	424	29567	0	2012-03-23 18:00:13.628403+00	0		
183758	26038	379	173073	0	2012-04-08 01:08:31.870164+00	0		
179843	26038	356	45204	0	2012-05-10 20:06:41.708115+00	0		
222366	26038	257	18217	0	2012-08-17 09:00:09.000407+00	0		
226192	26038	318	7636	0	2012-11-27 11:39:55.073522+00	0		
542389	26038	942893	1527843	0	2012-11-27 14:00:08.929622+00	0		
193283	26038	516	31062	0	2012-12-17 20:18:23.092684+00	0		
226545	26038	377	31545	0	2013-05-08 21:01:23.455343+00	0		
814049	28613	1075189	2339025	0	2014-01-13 22:00:19.955242+00	0		
204533	26038	359	20837	0	2014-01-19 05:00:22.653903+00	0		
23230	26038	289	243831	0	2014-03-12 11:02:08.673725+00	0		
27309	26038	554	231782	0	2011-05-16 16:31:52.155025+00	0		
174415	26038	561	52185	0	2011-05-16 16:31:52.155025+00	0		
5643	26038	577	456413	0	2011-05-16 16:31:52.155025+00	0		
210161	26038	581	18779	0	2011-05-16 16:31:52.155025+00	0		
61506	26038	583	310608	0	2011-05-16 16:31:52.155025+00	0		
32606	26038	607	231164	0	2011-05-16 16:31:52.155025+00	0		
255097	26038	612	744217	0	2011-05-16 16:31:52.155025+00	0		
5019	26038	615	456409	0	2011-05-16 16:31:52.155025+00	0		
173266	26038	628	53166	0	2011-05-16 16:31:52.155025+00	0		
305572	26038	633	830338	0	2011-05-16 16:31:52.155025+00	0		
21171	26038	634	243763	0	2011-05-16 16:31:52.155025+00	0		
220732	26038	644	11232	0	2011-05-16 16:31:52.155025+00	0		
194855	26038	650	30038	0	2011-05-16 16:31:52.155025+00	0		
200601	26038	683	25652	0	2014-02-07 15:00:30.859611+00	0		
161919	26038	682	66389	0	2011-05-16 16:31:52.155025+00	0		
16257	26038	686	494481	0	2011-05-16 16:31:52.155025+00	0		
208252	26038	693	19853	0	2011-05-16 16:31:52.155025+00	0		
106405	26038	705	136591	0	2011-05-16 16:31:52.155025+00	0		
44902	26038	708	215088	0	2011-05-16 16:31:52.155025+00	0		
38483	26038	719	217562	0	2011-05-16 16:31:52.155025+00	0		
194976	26038	720	30287	0	2011-05-16 16:31:52.155025+00	0		
116564	26038	725	122320	0	2011-05-16 16:31:52.155025+00	0		
4714	26038	736	494791	0	2011-05-16 16:31:52.155025+00	0		
142113	26038	739	453481	0	2011-05-16 16:31:52.155025+00	0		
132395	26038	802	103133	0	2012-11-26 19:12:46.263143+00	0		
114746	26038	753	122632	0	2011-05-16 16:31:52.155025+00	0		
144403	26038	767	89517	0	2011-05-16 16:31:52.155025+00	0		
84733	26038	768	166207	0	2011-05-16 16:31:52.155025+00	0		
98770	26038	775	146734	0	2011-05-16 16:31:52.155025+00	0		
233237	26038	779	4576	0	2011-05-16 16:31:52.155025+00	0		
9001	26038	782	257470	0	2011-05-16 16:31:52.155025+00	0		
184598	26038	788	424460	0	2011-05-16 16:31:52.155025+00	0		
171040	26038	797	603465	0	2011-05-16 16:31:52.155025+00	0		
161918	26038	798	73682	0	2011-05-16 16:31:52.155025+00	0		
273117	26038	800	340604	0	2011-05-16 16:31:52.155025+00	0		
134208	26038	801	100790	0	2011-05-16 16:31:52.155025+00	0		
94597	26038	803	154370	0	2011-05-16 16:31:52.155025+00	0		
206109	26038	805	22839	0	2011-05-16 16:31:52.155025+00	0		
51295	26038	807	223854	0	2011-05-16 16:31:52.155025+00	0		
182016	26038	809	40151	0	2011-05-16 16:31:52.155025+00	0		
276801	26038	810	437845	0	2011-05-16 16:31:52.155025+00	0		
195502	26038	813	29895	0	2011-05-16 16:31:52.155025+00	0		
173424	26038	823	53628	0	2011-11-18 21:02:53.147347+00	0		
228138	26038	816	7217	0	2011-05-16 16:31:52.155025+00	0		
159280	26038	820	327251	0	2011-05-16 16:31:52.155025+00	0		
206827	26038	822	21206	0	2011-05-16 16:31:52.155025+00	0		
192527	26038	825	30364	0	2011-05-16 16:31:52.155025+00	0		
189342	26038	827	35808	0	2011-05-16 16:31:52.155025+00	0		
193574	26038	829	30866	0	2011-05-16 16:31:52.155025+00	0		
236732	26038	831	1880	0	2011-05-16 16:31:52.155025+00	0		
49609	26038	834	222777	0	2011-05-16 16:31:52.155025+00	0		
195036	26038	838	29896	0	2011-05-16 16:31:52.155025+00	0		
50548	26038	839	207997	0	2011-05-16 16:31:52.155025+00	0		
223640	26038	844	442934	0	2011-05-16 16:31:52.155025+00	0		
138276	26038	848	96701	0	2011-05-16 16:31:52.155025+00	0		
36861	26038	852	463190	0	2011-05-16 16:31:52.155025+00	0		
274850	26038	880	569826	0	2011-05-16 16:31:52.155025+00	0		
86432	26038	888	161651	0	2011-05-16 16:31:52.155025+00	0		
269661	26038	896	575777	0	2011-05-16 16:31:52.155025+00	0		
229842	26038	900	3299	0	2011-05-16 16:31:52.155025+00	0		
184386	26038	909	39263	0	2011-05-16 16:31:52.155025+00	0		
195781	26038	910	29467	0	2011-05-16 16:31:52.155025+00	0		
219666	26038	913	12090	0	2011-05-16 16:31:52.155025+00	0		
8994	26038	915	257462	0	2011-05-16 16:31:52.155025+00	0		
237159	26038	916	1537	0	2011-05-16 16:31:52.155025+00	0		
198462	26038	917	28355	0	2011-05-16 16:31:52.155025+00	0		
201411	26038	918	24063	0	2011-05-16 16:31:52.155025+00	0		
13570	26038	919	251772	0	2011-05-16 16:31:52.155025+00	0		
230315	26038	921	6927	0	2011-05-16 16:31:52.155025+00	0		
219697	26038	922	12093	0	2011-05-16 16:31:52.155025+00	0		
239539	26038	923	2616	0	2011-05-16 16:31:52.155025+00	0		
193844	26038	924	29860	0	2011-05-16 16:31:52.155025+00	0		
154849	26038	926	76860	0	2011-05-16 16:31:52.155025+00	0		
152725	26038	929	423952	0	2011-05-16 16:31:52.155025+00	0		
177524	26038	931	49160	0	2011-05-16 16:31:52.155025+00	0		
213765	26038	932	15192	0	2011-05-16 16:31:52.155025+00	0		
92546	26038	933	158302	0	2011-05-16 16:31:52.155025+00	0		
21125	26038	935	596059	0	2011-05-16 16:31:52.155025+00	0		
163675	26038	936	514644	0	2011-05-16 16:31:52.155025+00	0		
195638	26038	937	28336	0	2011-05-16 16:31:52.155025+00	0		
34136	26038	950	233229	0	2011-05-16 16:31:52.155025+00	0		
190012	26038	953	32619	0	2011-05-16 16:31:52.155025+00	0		
197518	26038	959	28420	0	2011-05-16 16:31:52.155025+00	0		
199658	26038	963	30206	0	2011-05-16 16:31:52.155025+00	0		
299414	26038	824	805943	0	2012-01-17 21:05:27.304731+00	0		
186538	26038	965	38300	0	2011-05-16 16:31:52.155025+00	0		
64266	26038	967	186292	0	2011-05-16 16:31:52.155025+00	0		
88325	26038	971	158987	0	2011-05-16 16:31:52.155025+00	0		
195630	26038	326	28362	0	2014-12-11 22:00:43.466923+00	0		
119566	26038	973	122988	0	2011-05-16 16:31:52.155025+00	0		
79891	26038	976	170957	0	2011-05-16 16:31:52.155025+00	0		
235108	26038	977	2629	0	2011-05-16 16:31:52.155025+00	0		
190290	26038	979	32713	0	2011-05-16 16:31:52.155025+00	0		
166949	26038	980	453833	0	2011-05-16 16:31:52.155025+00	0		
193714	26038	906	30462	0	2015-06-21 02:01:03.674651+00	0		
168025	26038	646	316065	0	2015-07-20 01:02:05.88637+00	0		
10232	26038	618	251689	0	2015-07-24 19:03:27.71371+00	0		
235273	26038	946	2690	0	2015-09-18 04:01:11.014701+00	0		
186283	26038	981	38102	0	2011-05-16 16:31:52.155025+00	0		
206690	26038	983	21205	0	2011-05-16 16:31:52.155025+00	0		
198437	26038	987	28385	0	2011-05-16 16:31:52.155025+00	0		
120364	26038	989	119778	0	2011-05-16 16:31:52.155025+00	0		
202954	26038	991	22088	0	2011-05-16 16:31:52.155025+00	0		
192628	26038	992	32054	0	2011-05-16 16:31:52.155025+00	0		
143581	26038	807084	102511	0	2011-08-06 23:02:30.587822+00	0		
186254	26038	957	38806	0	2011-09-18 23:01:23.061167+00	0		
203912	26038	791	20843	0	2011-10-01 00:02:15.912033+00	0		
157541	26038	911	72775	0	2012-01-18 15:05:42.333675+00	0		
224509	26038	777	10645	0	2012-01-29 11:02:13.860052+00	0		
84718	26038	792	162822	0	2012-02-21 09:00:06.533096+00	0		
213896	26038	962	14917	0	2012-03-30 06:07:14.99138+00	0		
194062	26038	846	29901	0	2012-05-07 20:09:04.96592+00	0		
221710	26038	969	10448	0	2012-05-12 12:07:31.547465+00	0		
91317	26038	808	155810	0	2012-08-07 22:02:21.763175+00	0		
223277	26038	704	10310	0	2012-08-17 12:00:08.209533+00	0		
228728	26038	806	5081	0	2012-08-21 15:00:07.409878+00	0		
71321	26038	939	178274	0	2013-03-24 03:00:16.651143+00	0		
44544	26038	814	647744	0	2012-09-03 04:07:07.018233+00	0		
216374	26038	887	13481	0	2012-12-08 10:11:10.871642+00	0		
233245	26038	876	5265	0	2013-03-04 20:00:48.31922+00	0		
193294	26038	938	30798	0	2013-04-07 20:03:22.236742+00	0		
231402	26038	647	6143	0	2013-07-22 13:00:49.644117+00	0		
174733	26038	819	50709	0	2013-08-11 07:00:33.663446+00	0		
193153	26038	920	30816	0	2013-08-11 15:00:33.102521+00	0		
96731	26038	685	149341	0	2013-11-10 19:01:15.746905+00	0		
198400	26038	574	26136	0	2013-11-10 23:00:24.22449+00	0		
266302	26038	717	449298	0	2013-11-30 12:00:34.98122+00	0		
814050	26041	322081	2339033	0	2014-01-13 22:00:22.118463+00	0		
184518	26038	817	39416	0	2014-05-08 23:01:35.218295+00	0		
219231	26038	994	11681	0	2011-05-16 16:31:52.155025+00	0		
65490	26038	995	185423	0	2011-05-16 16:31:52.155025+00	0		
189722	26038	997	34226	0	2011-05-16 16:31:52.155025+00	0		
236374	26038	998	2487	0	2011-05-16 16:31:52.155025+00	0		
235477	26038	1000	2594	0	2011-05-16 16:31:52.155025+00	0		
120081	26038	1003	423473	0	2011-05-16 16:31:52.155025+00	0		
190644	26038	1005	34174	0	2011-05-16 16:31:52.155025+00	0		
228078	26038	1006	4752	0	2011-05-16 16:31:52.155025+00	0		
229552	26038	1007	7189	0	2011-05-16 16:31:52.155025+00	0		
190817	26038	1008	32473	0	2011-05-16 16:31:52.155025+00	0		
237826	26038	1009	224	0	2011-05-16 16:31:52.155025+00	0		
208882	26038	1012	19777	0	2011-05-16 16:31:52.155025+00	0		
26538	26038	1013	299554	0	2011-05-16 16:31:52.155025+00	0		
184523	26038	1014	39282	0	2011-05-16 16:31:52.155025+00	0		
175102	26038	1015	635727	0	2011-05-16 16:31:52.155025+00	0		
194671	26038	1016	6923	0	2011-05-16 16:31:52.155025+00	0		
193740	26038	1019	30481	0	2011-05-16 16:31:52.155025+00	0		
220616	26038	1020	11611	0	2011-05-16 16:31:52.155025+00	0		
235817	26038	1020	334043	0	2011-05-16 16:31:52.155025+00	0		
284664	26038	1021	298434	0	2011-05-16 16:31:52.155025+00	0		
223140	26038	1025	9772	0	2011-05-16 16:31:52.155025+00	0		
224527	26038	1026	14347	0	2011-05-16 16:31:52.155025+00	0		
75088	26038	1031	310754	0	2011-05-16 16:31:52.155025+00	0		
191872	26038	1035	36007	0	2011-05-16 16:31:52.155025+00	0		
194067	26038	1037	29855	0	2011-05-16 16:31:52.155025+00	0		
130245	26038	1038	531949	0	2011-05-16 16:31:52.155025+00	0		
156871	26038	1043	73668	0	2011-05-16 16:31:52.155025+00	0		
126596	26038	1047	110687	0	2011-05-16 16:31:52.155025+00	0		
224188	26038	1054	9425	0	2011-05-16 16:31:52.155025+00	0		
223555	26038	1060	11004	0	2011-05-16 16:31:52.155025+00	0		
154373	26038	1064	76878	0	2011-05-16 16:31:52.155025+00	0		
194495	26038	1068	31933	0	2011-05-16 16:31:52.155025+00	0		
285871	26038	1069	777263	0	2011-05-16 16:31:52.155025+00	0		
51500	26038	1070	218790	0	2011-05-16 16:31:52.155025+00	0		
32140	26038	1071	236627	0	2011-05-16 16:31:52.155025+00	0		
57436	26038	1073	194421	0	2011-05-16 16:31:52.155025+00	0		
161800	26038	1079	502890	0	2011-05-16 16:31:52.155025+00	0		
193569	26038	1082	30837	0	2011-05-16 16:31:52.155025+00	0		
107986	26038	1083	134347	0	2011-05-16 16:31:52.155025+00	0		
139076	26038	1086	109630	0	2011-05-16 16:31:52.155025+00	0		
184534	26038	1088	38999	0	2011-05-16 16:31:52.155025+00	0		
213279	26038	1089	15459	0	2011-05-16 16:31:52.155025+00	0		
122697	26038	1091	113813	0	2011-05-16 16:31:52.155025+00	0		
195654	26038	1094	28429	0	2011-05-16 16:31:52.155025+00	0		
188269	26038	1096	35970	0	2011-05-16 16:31:52.155025+00	0		
96450	26038	1098	149746	0	2011-05-16 16:31:52.155025+00	0		
157872	26038	1099	315928	0	2011-05-16 16:31:52.155025+00	0		
222004	26038	1100	10343	0	2011-05-16 16:31:52.155025+00	0		
189714	26038	1101	34422	0	2011-05-16 16:31:52.155025+00	0		
207354	26038	1102	20118	0	2011-05-16 16:31:52.155025+00	0		
30099	26038	1103	233378	0	2011-05-16 16:31:52.155025+00	0		
144237	26038	1104	89682	0	2011-05-16 16:31:52.155025+00	0		
165783	26038	1106	62300	0	2011-05-16 16:31:52.155025+00	0		
202506	26038	1108	23757	0	2011-05-16 16:31:52.155025+00	0		
144256	26038	1110	90461	0	2011-05-16 16:31:52.155025+00	0		
195640	26038	1111	28333	0	2011-05-16 16:31:52.155025+00	0		
202819	26038	1112	22554	0	2011-05-16 16:31:52.155025+00	0		
213875	26038	1114	14912	0	2011-05-16 16:31:52.155025+00	0		
280637	26038	1117	709140	0	2011-05-16 16:31:52.155025+00	0		
95840	26038	1119	150607	0	2011-05-16 16:31:52.155025+00	0		
79265	26038	1121	170644	0	2011-05-16 16:31:52.155025+00	0		
87410	26038	1122	159736	0	2011-05-16 16:31:52.155025+00	0		
466	26038	1123	494662	0	2011-05-16 16:31:52.155025+00	0		
292143	26038	1125	792411	0	2011-05-16 16:31:52.155025+00	0		
182352	26038	1126	42026	0	2011-05-16 16:31:52.155025+00	0		
193739	26038	1127	30484	0	2011-05-16 16:31:52.155025+00	0		
191681	26038	1135	32614	0	2011-08-24 18:02:21.660765+00	0		
154377	26038	1132	76852	0	2011-05-16 16:31:52.155025+00	0		
235169	26038	1134	67959	0	2011-05-16 16:31:52.155025+00	0		
49123	26038	1137	202055	0	2011-05-16 16:31:52.155025+00	0		
116204	26038	1143	602498	0	2011-05-16 16:31:52.155025+00	0		
262499	26038	1144	278045	0	2011-05-16 16:31:52.155025+00	0		
222675	26038	1147	10005	0	2011-05-16 16:31:52.155025+00	0		
322141	26038	1149	879203	0	2011-05-16 16:31:52.155025+00	0		
38504	26038	1151	217728	0	2011-05-16 16:31:52.155025+00	0		
36085	26038	1156	517856	0	2011-05-16 16:31:52.155025+00	0		
193102	26038	1158	30796	0	2011-05-16 16:31:52.155025+00	0		
105678	26038	1160	140726	0	2011-05-16 16:31:52.155025+00	0		
95117	26038	1051	525253	0	2015-03-24 03:03:21.577194+00	0		
246620	26038	1162	555496	0	2011-05-16 16:31:52.155025+00	0		
198194	26038	1166	28435	0	2011-05-16 16:31:52.155025+00	0		
194694	26038	1179	29733	0	2011-05-16 16:31:52.155025+00	0		
155135	26038	1181	76407	0	2011-05-16 16:31:52.155025+00	0		
204836	26038	1182	22535	0	2011-05-16 16:31:52.155025+00	0		
77591	26038	1183	325917	0	2011-05-16 16:31:52.155025+00	0		
99224	26038	1138	146464	0	2015-08-03 10:02:18.470991+00	0		
243236	26038	784	282827	0	2015-09-25 20:01:34.487186+00	0		
98452	26038	1192	149809	0	2011-05-16 16:31:52.155025+00	0		
83203	26038	1194	274720	0	2011-05-16 16:31:52.155025+00	0		
253500	26038	1197	438681	0	2011-05-16 16:31:52.155025+00	0		
196413	26038	1198	28346	0	2011-05-16 16:31:52.155025+00	0		
191612	26038	1202	322271	0	2011-05-16 16:31:52.155025+00	0		
196590	26038	1203	28367	0	2011-05-16 16:31:52.155025+00	0		
221887	26038	1205	11068	0	2011-05-16 16:31:52.155025+00	0		
91802	26038	1208	300600	0	2011-05-16 16:31:52.155025+00	0		
180949	26038	1214	43091	0	2011-05-16 16:31:52.155025+00	0		
231692	26038	1216	6043	0	2011-05-16 16:31:52.155025+00	0		
245543	26038	1217	667269	0	2011-05-16 16:31:52.155025+00	0		
193940	26038	1218	31471	0	2011-05-16 16:31:52.155025+00	0		
69416	26038	1225	97166	0	2011-05-16 16:31:52.155025+00	0		
92660	26038	1226	159061	0	2011-05-16 16:31:52.155025+00	0		
238732	26038	1231	723	0	2011-05-16 16:31:52.155025+00	0		
23816	26038	1247	243828	0	2011-05-16 16:31:52.155025+00	0		
164596	26038	1251	159023	0	2011-05-16 16:31:52.155025+00	0		
222355	26038	1253	10273	0	2011-05-16 16:31:52.155025+00	0		
51883	26038	1030	670499	0	2014-03-08 15:00:23.137488+00	0		
225894	26038	1265	8292	0	2011-05-16 16:31:52.155025+00	0		
190602	26038	1267	45069	0	2011-05-16 16:31:52.155025+00	0		
214659	26038	1269	15381	0	2011-05-16 16:31:52.155025+00	0		
15855	26038	1270	248446	0	2011-05-16 16:31:52.155025+00	0		
42306	26038	1294	294709	0	2011-05-16 16:31:52.155025+00	0		
222618	26038	1302	54141	0	2011-05-16 16:31:52.155025+00	0		
219083	26038	1303	12281	0	2011-05-16 16:31:52.155025+00	0		
55032	26038	1315	225121	0	2011-05-16 16:31:52.155025+00	0		
295894	26038	1316	804306	0	2011-05-16 16:31:52.155025+00	0		
1221	26038	1319	595833	0	2011-05-16 16:31:52.155025+00	0		
171886	26038	1321	55335	0	2011-05-16 16:31:52.155025+00	0		
234066	26038	1323	6535	0	2011-05-16 16:31:52.155025+00	0		
154726	26038	1097	76747	0	2012-08-06 17:00:14.314664+00	0		
133897	26038	1077	100928	0	2011-11-02 19:04:14.964362+00	0		
195814	26038	1022	28455	0	2012-05-22 06:10:11.162282+00	0		
134231	26038	1061	100815	0	2012-06-03 21:00:15.760225+00	0		
91249	26038	1165	712309	0	2012-06-12 22:07:36.958535+00	0		
197787	26038	1242	27634	0	2012-06-13 17:04:21.963521+00	0		
171414	26038	1193	55529	0	2012-06-19 22:06:43.642656+00	0		
247701	26038	993	485292	0	2012-07-05 18:06:10.598527+00	0		
186248	26038	1001	38811	0	2012-07-15 10:08:47.516929+00	0		
222490	26038	1010	10236	0	2012-09-16 14:06:57.353073+00	0		
140644	26038	1155	105188	0	2012-11-27 12:10:29.08529+00	0		
542390	26038	942895	1527846	0	2012-11-27 14:00:09.020989+00	0		
168319	26038	1124	59504	0	2013-08-11 16:00:45.654299+00	0		
87255	26038	1133	159631	0	2014-01-06 10:01:09.711969+00	0		
243728	26038	1325	462389	0	2011-05-16 16:31:52.155025+00	0		
66428	26038	1326	184082	0	2011-05-16 16:31:52.155025+00	0		
238390	26038	1338	1339	0	2011-05-16 16:31:52.155025+00	0		
275128	26038	1340	267742	0	2011-05-16 16:31:52.155025+00	0		
209715	26038	1341	18262	0	2011-05-16 16:31:52.155025+00	0		
232800	26038	1343	5052	0	2011-05-16 16:31:52.155025+00	0		
181383	26038	1344	42870	0	2011-05-16 16:31:52.155025+00	0		
211280	26038	1345	19234	0	2011-05-16 16:31:52.155025+00	0		
203923	26038	1347	20079	0	2011-05-16 16:31:52.155025+00	0		
143803	26038	1348	94881	0	2011-05-16 16:31:52.155025+00	0		
189044	26038	1349	34914	0	2011-05-16 16:31:52.155025+00	0		
38987	26038	1351	214956	0	2011-05-16 16:31:52.155025+00	0		
194082	26038	1352	30647	0	2011-05-16 16:31:52.155025+00	0		
229240	26038	1357	6621	0	2011-05-16 16:31:52.155025+00	0		
270465	26038	1359	272853	0	2011-05-16 16:31:52.155025+00	0		
204820	26038	1362	21905	0	2011-05-16 16:31:52.155025+00	0		
186710	26038	1366	40043	0	2011-05-16 16:31:52.155025+00	0		
294602	26038	1371	798363	0	2011-05-16 16:31:52.155025+00	0		
196908	26038	1372	27938	0	2011-05-16 16:31:52.155025+00	0		
184730	26038	1373	37740	0	2011-05-16 16:31:52.155025+00	0		
204802	26038	1374	20765	0	2011-05-16 16:31:52.155025+00	0		
207646	26038	1380	19796	0	2011-05-16 16:31:52.155025+00	0		
79911	26038	1381	167314	0	2011-05-16 16:31:52.155025+00	0		
257203	26038	1385	499792	0	2011-05-16 16:31:52.155025+00	0		
211868	26038	1398	16518	0	2011-05-16 16:31:52.155025+00	0		
177146	26038	1402	706540	0	2011-05-16 16:31:52.155025+00	0		
210018	26038	1418	17978	0	2011-05-16 16:31:52.155025+00	0		
221711	26038	1419	10794	0	2011-05-16 16:31:52.155025+00	0		
116606	26038	1421	124665	0	2011-05-16 16:31:52.155025+00	0		
192032	26038	1433	30806	0	2011-05-16 16:31:52.155025+00	0		
224857	26038	1434	9087	0	2011-05-16 16:31:52.155025+00	0		
206049	26038	1435	22440	0	2011-05-16 16:31:52.155025+00	0		
191407	26038	1436	30620	0	2011-05-16 16:31:52.155025+00	0		
122498	26038	1442	115018	0	2011-05-16 16:31:52.155025+00	0		
248544	26038	1443	282776	0	2011-05-16 16:31:52.155025+00	0		
239176	26038	1444	354	0	2011-05-16 16:31:52.155025+00	0		
209843	26038	1454	18904	0	2011-05-16 16:31:52.155025+00	0		
194083	26038	1455	30478	0	2011-05-16 16:31:52.155025+00	0		
154413	26038	1456	76890	0	2011-05-16 16:31:52.155025+00	0		
215008	26038	1458	14360	0	2011-05-16 16:31:52.155025+00	0		
209665	26038	1460	19235	0	2011-05-16 16:31:52.155025+00	0		
222775	26038	1467	10056	0	2011-05-16 16:31:52.155025+00	0		
215732	26038	1468	13924	0	2011-05-16 16:31:52.155025+00	0		
60833	26038	1469	195222	0	2011-05-16 16:31:52.155025+00	0		
75827	26038	1474	175857	0	2011-05-16 16:31:52.155025+00	0		
97845	26038	1477	147955	0	2011-05-16 16:31:52.155025+00	0		
169750	26038	1478	332683	0	2011-05-16 16:31:52.155025+00	0		
270469	26038	584605	277929	0	2012-11-24 14:15:47.318329+00	0		
165888	26038	1481	650148	0	2011-05-16 16:31:52.155025+00	0		
151751	26038	1482	81052	0	2011-05-16 16:31:52.155025+00	0		
148574	26038	1483	85058	0	2011-05-16 16:31:52.155025+00	0		
222047	26038	1484	10906	0	2011-05-16 16:31:52.155025+00	0		
70346	26038	1485	181472	0	2011-05-16 16:31:52.155025+00	0		
65511	26038	1486	185446	0	2011-05-16 16:31:52.155025+00	0		
170926	26038	1487	58144	0	2011-05-16 16:31:52.155025+00	0		
127976	26038	1492	115623	0	2011-05-16 16:31:52.155025+00	0		
15859	26038	1493	248450	0	2011-05-16 16:31:52.155025+00	0		
93772	26038	1494	152997	0	2011-05-16 16:31:52.155025+00	0		
26303	26038	1499	238833	0	2011-05-16 16:31:52.155025+00	0		
228931	26038	1500	281639	0	2011-05-16 16:31:52.155025+00	0		
312746	26038	1501	852196	0	2011-05-16 16:31:52.155025+00	0		
61700	26038	1502	548994	0	2011-05-16 16:31:52.155025+00	0		
210709	26038	1503	610811	0	2011-05-16 16:31:52.155025+00	0		
89803	26038	1505	565615	0	2011-05-16 16:31:52.155025+00	0		
221890	26038	1441	10455	0	2015-04-14 20:00:30.513759+00	0		
274845	26038	1510	529326	0	2011-05-16 16:31:52.155025+00	0		
76108	26038	1511	175799	0	2011-05-16 16:31:52.155025+00	0		
275333	26038	1519	522637	0	2011-05-16 16:31:52.155025+00	0		
83451	26038	1528	164124	0	2011-05-16 16:31:52.155025+00	0		
95677	26038	1536	150791	0	2011-05-16 16:31:52.155025+00	0		
208125	26038	1537	19396	0	2011-05-16 16:31:52.155025+00	0		
102095	26038	1538	140290	0	2011-05-16 16:31:52.155025+00	0		
149524	26038	1332	83098	0	2015-06-24 23:00:16.530697+00	0		
81016	26038	1559	295421	0	2011-05-16 16:31:52.155025+00	0		
199949	26038	1563	736618	0	2011-05-16 16:31:52.155025+00	0		
70802	26038	1564	179308	0	2011-05-16 16:31:52.155025+00	0		
195637	26038	1569	28347	0	2011-05-16 16:31:52.155025+00	0		
65489	26038	1570	185420	0	2011-05-16 16:31:52.155025+00	0		
67206	26038	1571	187093	0	2011-05-16 16:31:52.155025+00	0		
200620	26038	1576	24599	0	2011-05-16 16:31:52.155025+00	0		
88156	26038	1577	163331	0	2011-05-16 16:31:52.155025+00	0		
235782	26038	1583	2378	0	2011-05-16 16:31:52.155025+00	0		
219841	26038	1585	12116	0	2011-05-16 16:31:52.155025+00	0		
187286	26038	1589	643829	0	2011-05-16 16:31:52.155025+00	0		
68024	26038	1591	182185	0	2011-05-16 16:31:52.155025+00	0		
94758	26038	1601	152409	0	2011-05-16 16:31:52.155025+00	0		
208262	26038	1605	19569	0	2011-05-16 16:31:52.155025+00	0		
219565	26038	1606	302838	0	2011-05-16 16:31:52.155025+00	0		
115942	26038	1613	121398	0	2011-05-16 16:31:52.155025+00	0		
219030	26038	1614	12381	0	2011-05-16 16:31:52.155025+00	0		
278876	26038	1615	408671	0	2011-05-16 16:31:52.155025+00	0		
194222	26038	1616	30609	0	2011-05-16 16:31:52.155025+00	0		
64912	26038	1617	185567	0	2011-05-16 16:31:52.155025+00	0		
149240	26038	1621	86797	0	2011-05-16 16:31:52.155025+00	0		
271901	26038	1623	556327	0	2011-05-16 16:31:52.155025+00	0		
188755	26038	1624	33239	0	2011-05-16 16:31:52.155025+00	0		
192031	26038	1625	30814	0	2011-05-16 16:31:52.155025+00	0		
99332	26038	1636	552385	0	2012-12-17 00:00:15.457882+00	0		
147967	26038	1630	82414	0	2011-05-16 16:31:52.155025+00	0		
373447	26041	53921	1059070	0	2012-01-02 14:00:29.346961+00	0		
134791	26038	1632	519466	0	2011-05-16 16:31:52.155025+00	0		
190346	26038	1633	32769	0	2011-05-16 16:31:52.155025+00	0		
66317	26038	1637	183739	0	2011-05-16 16:31:52.155025+00	0		
204534	26038	1638	20840	0	2011-05-16 16:31:52.155025+00	0		
180041	26038	1641	43300	0	2011-05-16 16:31:52.155025+00	0		
192816	26038	1642	30969	0	2011-05-16 16:31:52.155025+00	0		
200621	26038	1643	24563	0	2011-05-16 16:31:52.155025+00	0		
119212	26038	1644	116199	0	2011-05-16 16:31:52.155025+00	0		
117702	26038	1645	120809	0	2011-05-16 16:31:52.155025+00	0		
228426	26038	1646	6744	0	2011-05-16 16:31:52.155025+00	0		
215893	26038	1654	13457	0	2011-05-16 16:31:52.155025+00	0		
194182	26038	1655	30646	0	2011-05-16 16:31:52.155025+00	0		
21317	26038	1656	243087	0	2011-05-16 16:31:52.155025+00	0		
93345	26038	1658	157716	0	2011-05-16 16:31:52.155025+00	0		
89435	26038	1659	158164	0	2011-05-16 16:31:52.155025+00	0		
79981	26038	1330	671211	0	2012-12-31 06:15:54.780642+00	0		
79271	26038	1626	169385	0	2011-08-26 00:00:07.433113+00	0		
195294	26038	1437	29604	0	2011-11-21 16:02:52.31616+00	0		
223452	26038	1619	9548	0	2013-09-05 20:00:33.136288+00	0		
223551	26038	1647	9545	0	2012-07-23 18:02:23.850185+00	0		
86308	26038	1629	161901	0	2012-02-03 04:04:14.210296+00	0		
208535	26038	1640	714728	0	2012-02-10 08:00:20.240666+00	0		
202527	26038	1518	23440	0	2012-04-09 20:05:10.83336+00	0		
214231	26038	1560	15600	0	2012-05-19 19:08:35.476949+00	0		
158726	26038	1457	148321	0	2012-05-27 10:07:17.864004+00	0		
194068	26038	1607	29852	0	2012-06-20 14:09:58.374497+00	0		
118003	26038	1542	137845	0	2012-06-30 10:13:58.316729+00	0		
102033	26038	1590	141498	0	2012-07-11 17:06:57.468036+00	0		
216104	26038	1517	14334	0	2012-12-17 05:13:52.077373+00	0		
189552	26038	1539	33216	0	2013-06-21 18:00:24.718834+00	0		
123941	26038	1587	112507	0	2014-01-07 22:01:48.81667+00	0		
230004	26038	1660	5425	0	2011-05-16 16:31:52.155025+00	0		
192063	26038	1664	32057	0	2011-05-16 16:31:52.155025+00	0		
632758	26041	891441	1708845	0	2013-05-15 16:36:28.091299+00	0		
132184	26038	1677	107081	0	2011-05-16 16:31:52.155025+00	0		
8403	26038	1684	258348	0	2011-05-16 16:31:52.155025+00	0		
237933	26038	1686	1050	0	2011-05-16 16:31:52.155025+00	0		
46124	26038	1687	210706	0	2011-05-16 16:31:52.155025+00	0		
153301	26038	1693	78516	0	2011-05-16 16:31:52.155025+00	0		
193462	26038	1695	31446	0	2011-05-16 16:31:52.155025+00	0		
69749	26038	1699	177468	0	2011-05-16 16:31:52.155025+00	0		
31519	26038	1707	231991	0	2011-05-16 16:31:52.155025+00	0		
86100	26038	1710	161840	0	2011-05-16 16:31:52.155025+00	0		
302766	26038	1712	816917	0	2011-05-16 16:31:52.155025+00	0		
163276	26038	1721	64795	0	2011-05-16 16:31:52.155025+00	0		
39270	26038	1722	208472	0	2011-05-16 16:31:52.155025+00	0		
64959	26038	1735	440372	0	2011-05-16 16:31:52.155025+00	0		
27303	26038	1740	231789	0	2011-05-16 16:31:52.155025+00	0		
211568	26038	1741	17376	0	2011-05-16 16:31:52.155025+00	0		
191704	26038	1742	32063	0	2011-05-16 16:31:52.155025+00	0		
230644	26038	1744	5227	0	2011-05-16 16:31:52.155025+00	0		
235123	26038	1786	2324	0	2012-08-12 18:00:09.625437+00	0		
94582	26038	1752	151664	0	2011-05-16 16:31:52.155025+00	0		
9168	26038	1756	252980	0	2011-05-16 16:31:52.155025+00	0		
193585	26038	1757	30805	0	2011-05-16 16:31:52.155025+00	0		
85635	26038	1762	165194	0	2011-05-16 16:31:52.155025+00	0		
180643	26038	1763	43241	0	2011-05-16 16:31:52.155025+00	0		
93348	26038	1765	154255	0	2011-05-16 16:31:52.155025+00	0		
195490	26038	1766	29923	0	2011-05-16 16:31:52.155025+00	0		
29754	26038	1770	233899	0	2011-05-16 16:31:52.155025+00	0		
87347	26038	1772	159660	0	2011-05-16 16:31:52.155025+00	0		
89095	26038	1773	158580	0	2011-05-16 16:31:52.155025+00	0		
42486	26038	1777	487881	0	2011-05-16 16:31:52.155025+00	0		
122179	26038	1781	120676	0	2011-05-16 16:31:52.155025+00	0		
302714	26038	1784	823015	0	2011-05-16 16:31:52.155025+00	0		
129137	26038	1787	423585	0	2011-05-16 16:31:52.155025+00	0		
189839	26038	1788	34921	0	2011-05-16 16:31:52.155025+00	0		
148473	26038	1789	82410	0	2011-05-16 16:31:52.155025+00	0		
148531	26038	1792	538468	0	2011-05-16 16:31:52.155025+00	0		
57994	26038	1794	198339	0	2011-05-16 16:31:52.155025+00	0		
174532	26038	1795	50714	0	2011-05-16 16:31:52.155025+00	0		
148054	26038	1799	526339	0	2011-05-16 16:31:52.155025+00	0		
96419	26038	1801	231721	0	2011-05-16 16:31:52.155025+00	0		
94893	26038	1803	152864	0	2011-05-16 16:31:52.155025+00	0		
61922	26038	1804	462535	0	2011-05-16 16:31:52.155025+00	0		
206930	26038	1805	454458	0	2011-05-16 16:31:52.155025+00	0		
80334	26038	1806	168214	0	2011-05-16 16:31:52.155025+00	0		
202470	26038	1807	23309	0	2011-05-16 16:31:52.155025+00	0		
225663	26038	1809	344732	0	2011-05-16 16:31:52.155025+00	0		
240153	26038	1811	146513	0	2011-05-16 16:31:52.155025+00	0		
195774	26038	1812	31434	0	2011-05-16 16:31:52.155025+00	0		
193937	26038	1220000	30882	0	2015-04-06 18:44:50.684141+00	0		
221179	26038	1813	630313	0	2011-05-16 16:31:52.155025+00	0		
189199	26038	1814	33120	0	2011-05-16 16:31:52.155025+00	0		
189048	26038	1817	32610	0	2011-05-16 16:31:52.155025+00	0		
212669	26038	1820	17258	0	2011-05-16 16:31:52.155025+00	0		
120612	26038	1821	120532	0	2011-05-16 16:31:52.155025+00	0		
87663	26038	1824	159551	0	2011-05-16 16:31:52.155025+00	0		
200922	26038	1827	23672	0	2011-05-16 16:31:52.155025+00	0		
29268	26038	1830	760045	0	2011-05-16 16:31:52.155025+00	0		
181023	26038	1843	567431	0	2011-05-16 16:31:52.155025+00	0		
5747	26038	1663	427157	0	2015-07-02 18:06:07.270891+00	0		
47225	26038	1849	221672	0	2011-05-16 16:31:52.155025+00	0		
60683	26038	1852	193470	0	2011-05-16 16:31:52.155025+00	0		
78324	26038	1854	170930	0	2011-05-16 16:31:52.155025+00	0		
154589	26038	1858	315889	0	2011-05-16 16:31:52.155025+00	0		
214353	26038	1859	15370	0	2011-05-16 16:31:52.155025+00	0		
60915	26038	1860	524528	0	2011-05-16 16:31:52.155025+00	0		
85008	26038	1864	162701	0	2011-05-16 16:31:52.155025+00	0		
231771	26038	1868	448817	0	2011-05-16 16:31:52.155025+00	0		
143573	26038	1871	91386	0	2011-05-16 16:31:52.155025+00	0		
171315	26038	1872	332713	0	2011-05-16 16:31:52.155025+00	0		
274983	26038	1877	340586	0	2011-05-16 16:31:52.155025+00	0		
267086	26038	1879	449303	0	2011-05-16 16:31:52.155025+00	0		
196074	26038	1880	28414	0	2011-05-16 16:31:52.155025+00	0		
220269	26038	1881	11693	0	2011-05-16 16:31:52.155025+00	0		
93629	26038	1882	152710	0	2011-05-16 16:31:52.155025+00	0		
170438	26038	1883	756061	0	2011-05-16 16:31:52.155025+00	0		
241980	26038	1884	493953	0	2011-05-16 16:31:52.155025+00	0		
146224	26038	1887	742166	0	2011-05-16 16:31:52.155025+00	0		
231855	26038	1888	3482	0	2011-05-16 16:31:52.155025+00	0		
223428	26038	1890	10047	0	2011-05-16 16:31:52.155025+00	0		
220945	26038	1894	11730	0	2011-05-16 16:31:52.155025+00	0		
186937	26038	1896	424475	0	2011-05-16 16:31:52.155025+00	0		
198904	26038	1899	26188	0	2011-05-16 16:31:52.155025+00	0		
154376	26038	1900	76856	0	2011-05-16 16:31:52.155025+00	0		
114903	26038	1909	124436	0	2011-05-16 16:31:52.155025+00	0		
201881	26038	1912	177199	0	2011-05-16 16:31:52.155025+00	0		
21371	26038	1913	243293	0	2011-05-16 16:31:52.155025+00	0		
128724	26038	1914	755461	0	2011-05-16 16:31:52.155025+00	0		
201314	26038	1917	471963	0	2011-05-16 16:31:52.155025+00	0		
192522	26038	1918	30602	0	2011-05-16 16:31:52.155025+00	0		
81123	26038	1919	167001	0	2011-05-16 16:31:52.155025+00	0		
178226	26038	1926	629457	0	2011-05-16 16:31:52.155025+00	0		
205774	26038	1927	22338	0	2011-05-16 16:31:52.155025+00	0		
239897	26038	1935	504256	0	2011-05-16 16:31:52.155025+00	0		
80696	26038	1936	274676	0	2011-05-16 16:31:52.155025+00	0		
43776	26038	1940	740161	0	2011-05-16 16:31:52.155025+00	0		
98850	26038	1947	464069	0	2011-05-16 16:31:52.155025+00	0		
225730	26038	1948	7957	0	2011-05-16 16:31:52.155025+00	0		
275313	26038	1895	340583	0	2011-10-01 00:02:24.532681+00	0		
236994	26038	1950	1513	0	2011-05-16 16:31:52.155025+00	0		
142330	26038	1951	89971	0	2011-05-16 16:31:52.155025+00	0		
190965	26038	1952	33124	0	2011-05-16 16:31:52.155025+00	0		
154393	26038	1953	76866	0	2011-05-16 16:31:52.155025+00	0		
216643	26038	1956	599118	0	2011-05-16 16:31:52.155025+00	0		
56758	26038	1957	200850	0	2011-05-16 16:31:52.155025+00	0		
200303	26038	1958	28341	0	2011-05-16 16:31:52.155025+00	0		
114678	26038	1959	136141	0	2011-05-16 16:31:52.155025+00	0		
154868	26038	1960	76836	0	2011-05-16 16:31:52.155025+00	0		
190663	26038	1831	49462	0	2013-09-03 00:00:13.884648+00	0		
76	26038	1679	632776	0	2011-10-13 15:03:05.044034+00	0		
96456	26038	1818	152395	0	2011-10-18 20:02:58.441865+00	0		
189811	26038	1861	33671	0	2012-12-10 20:15:02.181028+00	0		
207845	26038	1885	276564	0	2011-11-02 19:01:49.485689+00	0		
81587	26038	1939	166265	0	2011-11-18 21:03:49.89669+00	0		
96432	26038	1743	149666	0	2011-12-31 14:03:31.040366+00	0		
88503	26038	1802	159207	0	2012-08-15 14:01:56.41128+00	0		
170290	26038	1856	57505	0	2012-12-06 21:11:26.084545+00	0		
86736	26038	1694	160752	0	2012-04-29 12:04:26.114552+00	0		
130130	26038	1826	755482	0	2012-05-10 11:06:33.767796+00	0		
53512	26038	1889	198955	0	2013-02-10 19:01:02.074232+00	0		
89441	26038	1676	158173	0	2013-08-14 11:01:35.594213+00	0		
29826	26038	1746	409966	0	2013-02-23 20:01:47.168875+00	0		
225260	26038	1874	8918	0	2013-07-07 11:03:58.197359+00	0		
299500	26038	1921	806031	0	2013-09-13 08:00:17.761117+00	0		
222500	26038	1798	10287	0	2014-01-19 10:00:34.194791+00	0		
42870	26038	1706	212901	0	2014-02-16 05:00:13.323853+00	0		
8526	26038	1962	282902	0	2011-05-16 16:31:52.155025+00	0		
196741	26038	1965	28360	0	2011-05-16 16:31:52.155025+00	0		
185171	26038	1968	40092	0	2011-05-16 16:31:52.155025+00	0		
222008	26038	1969	10339	0	2011-05-16 16:31:52.155025+00	0		
87904	26038	1971	416817	0	2011-05-16 16:31:52.155025+00	0		
95444	26038	1972	621380	0	2011-05-16 16:31:52.155025+00	0		
123172	26038	1981	117176	0	2011-05-16 16:31:52.155025+00	0		
150042	26038	1983	79571	0	2011-05-16 16:31:52.155025+00	0		
212813	26038	1987	17032	0	2011-05-16 16:31:52.155025+00	0		
245706	26038	1989	693933	0	2011-05-16 16:31:52.155025+00	0		
30737	26038	1990	232693	0	2011-05-16 16:31:52.155025+00	0		
267878	26038	1992	522161	0	2011-05-16 16:31:52.155025+00	0		
234201	26038	1993	4766	0	2011-05-16 16:31:52.155025+00	0		
203918	26038	1994	20851	0	2011-05-16 16:31:52.155025+00	0		
110678	26038	1997	130533	0	2011-05-16 16:31:52.155025+00	0		
111422	26038	1999	129780	0	2011-05-16 16:31:52.155025+00	0		
240072	26038	2003	589150	0	2011-05-16 16:31:52.155025+00	0		
204519	26038	2005	20814	0	2011-05-16 16:31:52.155025+00	0		
237451	26038	2007	2114	0	2011-05-16 16:31:52.155025+00	0		
257643	26038	2010	324233	0	2011-05-16 16:31:52.155025+00	0		
108962	26038	2011	134735	0	2011-05-16 16:31:52.155025+00	0		
40977	26038	2016	218471	0	2011-05-16 16:31:52.155025+00	0		
72866	26038	2017	176702	0	2011-05-16 16:31:52.155025+00	0		
113117	26038	2018	127036	0	2011-05-16 16:31:52.155025+00	0		
29329	26038	2161	234045	0	2011-08-10 23:00:31.243291+00	0		
184234	26038	2022	44812	0	2011-05-16 16:31:52.155025+00	0		
219900	26038	2026	503875	0	2011-05-16 16:31:52.155025+00	0		
58017	26038	2027	198385	0	2011-05-16 16:31:52.155025+00	0		
48045	26038	2031	222145	0	2011-05-16 16:31:52.155025+00	0		
283794	26038	2034	323673	0	2011-05-16 16:31:52.155025+00	0		
264918	26038	2038	595043	0	2011-05-16 16:31:52.155025+00	0		
195170	26038	2043	30052	0	2011-05-16 16:31:52.155025+00	0		
191307	26038	2045	424596	0	2011-05-16 16:31:52.155025+00	0		
206165	26038	2046	554892	0	2011-05-16 16:31:52.155025+00	0		
194542	26038	2054	29601	0	2011-05-16 16:31:52.155025+00	0		
9889	26038	2056	632956	0	2011-05-16 16:31:52.155025+00	0		
16842	26038	2058	247530	0	2011-05-16 16:31:52.155025+00	0		
217913	26038	2060	15699	0	2011-05-16 16:31:52.155025+00	0		
225429	26038	2062	8186	0	2011-05-16 16:31:52.155025+00	0		
122247	26038	2063	285064	0	2011-05-16 16:31:52.155025+00	0		
42544	26038	2064	207094	0	2011-05-16 16:31:52.155025+00	0		
193099	26038	1954	30807	0	2015-03-07 11:02:51.424857+00	0		
59729	26038	2068	197466	0	2011-05-16 16:31:52.155025+00	0		
224193	26038	2070	10647	0	2011-05-16 16:31:52.155025+00	0		
282700	26038	2073	277720	0	2011-05-16 16:31:52.155025+00	0		
140207	26038	2074	94614	0	2011-05-16 16:31:52.155025+00	0		
223273	26038	2075	9636	0	2011-05-16 16:31:52.155025+00	0		
115308	26038	2076	125182	0	2011-05-16 16:31:52.155025+00	0		
230938	26038	2077	4763	0	2011-05-16 16:31:52.155025+00	0		
140737	26038	2080	579390	0	2011-05-16 16:31:52.155025+00	0		
64752	26038	2082	183994	0	2011-05-16 16:31:52.155025+00	0		
212776	26038	2085	17361	0	2011-05-16 16:31:52.155025+00	0		
196730	26038	2061	28155	0	2015-10-05 15:03:42.795967+00	0		
164690	26038	2087	67046	0	2011-05-16 16:31:52.155025+00	0		
224854	26038	2090	8192	0	2011-05-16 16:31:52.155025+00	0		
98034	26038	2091	152750	0	2011-05-16 16:31:52.155025+00	0		
94850	26038	2092	523381	0	2011-05-16 16:31:52.155025+00	0		
73460	26038	2096	175424	0	2011-05-16 16:31:52.155025+00	0		
123788	26038	2098	113301	0	2011-05-16 16:31:52.155025+00	0		
149530	26038	2101	90427	0	2011-05-16 16:31:52.155025+00	0		
193589	26038	2102	30473	0	2011-05-16 16:31:52.155025+00	0		
159866	26038	2103	78072	0	2011-05-16 16:31:52.155025+00	0		
95686	26038	2104	335649	0	2011-05-16 16:31:52.155025+00	0		
142007	26038	2105	92199	0	2011-05-16 16:31:52.155025+00	0		
117841	26038	2107	120932	0	2011-05-16 16:31:52.155025+00	0		
8888	26038	2108	252961	0	2011-05-16 16:31:52.155025+00	0		
112778	26038	2109	649125	0	2011-05-16 16:31:52.155025+00	0		
171737	26038	2110	54806	0	2011-05-16 16:31:52.155025+00	0		
183912	26038	2114	39724	0	2011-05-16 16:31:52.155025+00	0		
192518	26038	2116	30653	0	2011-05-16 16:31:52.155025+00	0		
208649	26038	2118	454469	0	2011-05-16 16:31:52.155025+00	0		
224696	26038	2119	9080	0	2011-05-16 16:31:52.155025+00	0		
112828	26038	2122	127678	0	2011-05-16 16:31:52.155025+00	0		
61185	26038	2124	185772	0	2011-05-16 16:31:52.155025+00	0		
192056	26038	2125	31995	0	2011-05-16 16:31:52.155025+00	0		
188281	26038	2126	34444	0	2011-05-16 16:31:52.155025+00	0		
214534	26038	2127	16032	0	2011-05-16 16:31:52.155025+00	0		
147167	26038	2128	87098	0	2011-05-16 16:31:52.155025+00	0		
203616	26038	2129	20901	0	2011-05-16 16:31:52.155025+00	0		
88133	26038	2131	161231	0	2011-05-16 16:31:52.155025+00	0		
28880	26038	2143	310082	0	2011-05-16 16:31:52.155025+00	0		
196390	26038	2144	28331	0	2011-05-16 16:31:52.155025+00	0		
86745	26038	2145	159752	0	2011-05-16 16:31:52.155025+00	0		
188933	26038	2147	35126	0	2011-05-16 16:31:52.155025+00	0		
228448	26038	2148	4751	0	2011-05-16 16:31:52.155025+00	0		
195855	26038	2152	520917	0	2011-05-16 16:31:52.155025+00	0		
76569	26038	2155	172402	0	2011-05-16 16:31:52.155025+00	0		
1662	26038	2157	261523	0	2011-05-16 16:31:52.155025+00	0		
106762	26038	2159	133286	0	2011-05-16 16:31:52.155025+00	0		
115584	26038	2160	602491	0	2011-05-16 16:31:52.155025+00	0		
164832	26038	2164	63137	0	2011-05-16 16:31:52.155025+00	0		
186380	26038	2171	37454	0	2011-05-16 16:31:52.155025+00	0		
200916	26038	2172	24375	0	2011-05-16 16:31:52.155025+00	0		
202194	26038	2175	23654	0	2011-05-16 16:31:52.155025+00	0		
188142	26038	2180	37146	0	2011-05-16 16:31:52.155025+00	0		
106241	26038	2183	768537	0	2011-05-16 16:31:52.155025+00	0		
81741	26038	2187	166366	0	2011-05-16 16:31:52.155025+00	0		
166086	26038	2188	653564	0	2011-05-16 16:31:52.155025+00	0		
276290	26038	2189	272551	0	2011-05-16 16:31:52.155025+00	0		
6881	26038	2191	398443	0	2011-05-16 16:31:52.155025+00	0		
160652	26038	2193	67608	0	2011-05-16 16:31:52.155025+00	0		
233925	26038	2197	5239	0	2011-05-16 16:31:52.155025+00	0		
231992	26038	2198	6526	0	2011-05-16 16:31:52.155025+00	0		
20559	26038	2200	244025	0	2011-05-16 16:31:52.155025+00	0		
178105	26038	2201	46804	0	2011-05-16 16:31:52.155025+00	0		
198614	26038	2202	30242	0	2011-05-16 16:31:52.155025+00	0		
633322	117675	9617	1709464	0	2013-05-15 20:21:37.977641+00	0		
193880	26038	2212	30564	0	2011-05-16 16:31:52.155025+00	0		
57741	26038	2213	199914	0	2011-05-16 16:31:52.155025+00	0		
283473	26038	2214	277780	0	2011-05-16 16:31:52.155025+00	0		
227393	26038	2215	466330	0	2011-05-16 16:31:52.155025+00	0		
240147	26038	2228	138873	0	2011-05-16 16:31:52.155025+00	0		
207	26038	2229	595838	0	2011-05-16 16:31:52.155025+00	0		
215896	26038	2230	14352	0	2011-05-16 16:31:52.155025+00	0		
187228	26038	2231	36001	0	2011-05-16 16:31:52.155025+00	0		
200167	26038	2232	24143	0	2011-05-16 16:31:52.155025+00	0		
814052	26038	424655	2339044	0	2014-01-06 21:32:40.252459+00	0		
195330	26038	2234	28656	0	2011-05-16 16:31:52.155025+00	0		
139385	26038	2236	95119	0	2011-05-16 16:31:52.155025+00	0		
111605	26038	2239	132913	0	2011-05-16 16:31:52.155025+00	0		
161597	26038	2240	66773	0	2011-05-16 16:31:52.155025+00	0		
217515	26038	2241	535700	0	2011-05-16 16:31:52.155025+00	0		
29489	26038	2248	234565	0	2011-05-16 16:31:52.155025+00	0		
161765	26038	2023	70962	0	2012-08-21 21:00:12.208452+00	0		
174412	26038	2238	52160	0	2012-04-01 23:11:30.49821+00	0		
142602	26038	2208	579434	0	2012-07-01 05:00:26.067906+00	0		
63001	26038	2138	198346	0	2012-08-18 00:00:19.118966+00	0		
194699	26038	1975	29566	0	2012-11-27 11:39:46.680046+00	0		
197030	26038	1966	27899	0	2013-07-23 19:00:52.648161+00	0		
232366	26038	2078	6611	0	2013-09-20 13:01:45.747848+00	0		
283474	26038	2185	277781	0	2013-11-30 12:00:30.965068+00	0		
28511	26038	2169	235508	0	2013-12-02 19:00:17.561206+00	0		
184022	26038	2253	39257	0	2011-05-16 16:31:52.155025+00	0		
202526	26038	2257	23439	0	2011-05-16 16:31:52.155025+00	0		
231232	26038	2259	5470	0	2011-05-16 16:31:52.155025+00	0		
190786	26038	2273	32359	0	2011-05-16 16:31:52.155025+00	0		
172994	26038	2278	53593	0	2011-05-16 16:31:52.155025+00	0		
230451	26038	2280	5226	0	2011-05-16 16:31:52.155025+00	0		
143372	26038	2288	502655	0	2011-05-16 16:31:52.155025+00	0		
97837	26038	2292	152808	0	2011-05-16 16:31:52.155025+00	0		
96129	26038	2295	148336	0	2011-05-16 16:31:52.155025+00	0		
88029	26038	2296	159381	0	2011-05-16 16:31:52.155025+00	0		
84117	26038	2297	163825	0	2011-05-16 16:31:52.155025+00	0		
190308	26038	2299	36251	0	2011-05-16 16:31:52.155025+00	0		
110954	26038	2302	132948	0	2011-05-16 16:31:52.155025+00	0		
224518	26038	2303	8502	0	2011-05-16 16:31:52.155025+00	0		
260545	26038	2304	604891	0	2011-05-16 16:31:52.155025+00	0		
221852	26038	2305	10017	0	2011-05-16 16:31:52.155025+00	0		
22408	26038	2309	242080	0	2011-05-16 16:31:52.155025+00	0		
42100	26038	2311	218971	0	2011-05-16 16:31:52.155025+00	0		
193448	26038	2312	30574	0	2011-05-16 16:31:52.155025+00	0		
180612	26038	2313	44784	0	2011-05-16 16:31:52.155025+00	0		
188459	26038	2317	36876	0	2011-05-16 16:31:52.155025+00	0		
203880	26038	2319	20940	0	2011-05-16 16:31:52.155025+00	0		
125186	26038	2320	112242	0	2011-05-16 16:31:52.155025+00	0		
165461	26038	2328	63040	0	2011-05-16 16:31:52.155025+00	0		
188594	26038	2331	33681	0	2011-05-16 16:31:52.155025+00	0		
190600	26038	2333	35511	0	2011-05-16 16:31:52.155025+00	0		
234960	26038	2346	6165	0	2011-05-16 16:31:52.155025+00	0		
102104	26038	2167	290423	0	2014-07-29 17:00:30.757849+00	0		
1002485	28613	101069	2824005	0	2014-12-25 06:01:10.441776+00	0		
249320	26038	2348	738887	0	2011-05-16 16:31:52.155025+00	0		
187306	26038	2349	35213	0	2011-05-16 16:31:52.155025+00	0		
269468	26038	2351	708636	0	2011-05-16 16:31:52.155025+00	0		
223780	26038	2352	308194	0	2011-05-16 16:31:52.155025+00	0		
183632	26038	2361	39765	0	2011-05-16 16:31:52.155025+00	0		
236391	26038	2364	1762	0	2011-05-16 16:31:52.155025+00	0		
25422	26038	2365	233998	0	2011-05-16 16:31:52.155025+00	0		
250977	26038	2374	437143	0	2011-05-16 16:31:52.155025+00	0		
55144	26038	2380	586242	0	2011-05-16 16:31:52.155025+00	0		
182501	26038	2391	42115	0	2011-05-16 16:31:52.155025+00	0		
191565	26038	2388	32841	0	2015-06-22 03:01:09.984018+00	0		
213755	26038	2394	14909	0	2011-05-16 16:31:52.155025+00	0		
137981	26038	2396	96740	0	2011-05-16 16:31:52.155025+00	0		
98867	26038	2399	549633	0	2011-05-16 16:31:52.155025+00	0		
204840	26038	2403	22349	0	2011-05-16 16:31:52.155025+00	0		
107962	26038	2405	134357	0	2011-05-16 16:31:52.155025+00	0		
192216	26038	2408	31894	0	2011-05-16 16:31:52.155025+00	0		
98480	26038	2410	150065	0	2011-05-16 16:31:52.155025+00	0		
193734	26038	2415	30494	0	2011-05-16 16:31:52.155025+00	0		
223861	26038	2416	9188	0	2011-05-16 16:31:52.155025+00	0		
192787	26038	2266	31064	0	2012-08-14 18:00:07.278677+00	0		
236107	26038	2418	2198	0	2011-05-16 16:31:52.155025+00	0		
137225	26038	2419	97626	0	2011-05-16 16:31:52.155025+00	0		
192022	26038	2426	33083	0	2011-05-16 16:31:52.155025+00	0		
34448	26038	2427	227299	0	2011-05-16 16:31:52.155025+00	0		
222640	26038	2428	9566	0	2011-05-16 16:31:52.155025+00	0		
194091	26038	2429	30467	0	2011-05-16 16:31:52.155025+00	0		
81916	26038	2433	166223	0	2011-05-16 16:31:52.155025+00	0		
176241	26038	2437	49716	0	2011-05-16 16:31:52.155025+00	0		
192173	26038	2444	32400	0	2011-05-16 16:31:52.155025+00	0		
195158	26038	2445	29515	0	2011-05-16 16:31:52.155025+00	0		
159959	26038	2446	755949	0	2011-05-16 16:31:52.155025+00	0		
117236	26038	2447	121017	0	2011-05-16 16:31:52.155025+00	0		
174059	26038	2449	52687	0	2011-05-16 16:31:52.155025+00	0		
212194	26038	2450	17040	0	2011-05-16 16:31:52.155025+00	0		
188450	26038	2453	36192	0	2011-05-16 16:31:52.155025+00	0		
152655	26038	2454	90537	0	2011-05-16 16:31:52.155025+00	0		
204867	26038	2455	22393	0	2011-05-16 16:31:52.155025+00	0		
199853	26038	2462	28344	0	2011-05-16 16:31:52.155025+00	0		
92823	26038	2464	158263	0	2011-05-16 16:31:52.155025+00	0		
234384	26038	2465	2976	0	2011-05-16 16:31:52.155025+00	0		
218546	26038	2469	12433	0	2011-05-16 16:31:52.155025+00	0		
233393	26038	2475	3353	0	2011-05-16 16:31:52.155025+00	0		
237348	26038	2476	1549	0	2011-05-16 16:31:52.155025+00	0		
274757	26038	2478	504927	0	2011-05-16 16:31:52.155025+00	0		
24302	26038	2483	240586	0	2011-05-16 16:31:52.155025+00	0		
158653	26038	2485	315934	0	2011-05-16 16:31:52.155025+00	0		
184575	26038	2486	39603	0	2011-05-16 16:31:52.155025+00	0		
166868	26038	2487	60522	0	2011-05-16 16:31:52.155025+00	0		
192526	26038	2491	30382	0	2011-05-16 16:31:52.155025+00	0		
195934	26038	2494	28841	0	2011-05-16 16:31:52.155025+00	0		
83869	26038	2497	543043	0	2011-05-16 16:31:52.155025+00	0		
197968	26038	2501	28315	0	2011-05-16 16:31:52.155025+00	0		
215615	26038	2502	15456	0	2011-05-16 16:31:52.155025+00	0		
231698	26038	2504	6368	0	2011-05-16 16:31:52.155025+00	0		
222164	26038	2507	10212	0	2011-05-16 16:31:52.155025+00	0		
146493	26038	2509	519741	0	2011-05-16 16:31:52.155025+00	0		
81076	26038	2531	712009	0	2011-05-16 16:31:52.155025+00	0		
120212	26038	2532	118250	0	2011-05-16 16:31:52.155025+00	0		
117218	26038	2535	120957	0	2011-05-16 16:31:52.155025+00	0		
273583	26038	2543	467515	0	2011-05-16 16:31:52.155025+00	0		
9261	26038	2545	619693	0	2011-05-16 16:31:52.155025+00	0		
193615	26038	2546	30727	0	2011-05-16 16:31:52.155025+00	0		
