1	183557	431	245	0	2014-08-04 20:10:02.875694+00	0		
37	183557	44	546	0	2014-08-04 20:19:25.474048+00	0		
2	183557	107	616	0	2014-08-04 20:10:08.8049+00	0		
3	183557	107	493	0	2014-08-04 20:10:08.8049+00	0		
4	183557	107	617	0	2014-08-04 20:10:08.8049+00	0		
38	183557	44	220	0	2014-08-04 20:19:25.474048+00	0		
5	183557	107	173	0	2014-08-04 20:10:08.8049+00	0		
6	183557	107	192	0	2014-08-04 20:10:08.8049+00	0		
90	183557	36	584	0	2014-08-04 20:27:02.071276+00	0		
7	183557	107	470	0	2014-08-04 20:10:08.8049+00	0		
39	183557	44	215	0	2014-08-04 20:19:25.474048+00	0		
8	183557	107	70	0	2014-08-04 20:10:08.8049+00	0		
9	183557	107	223	0	2014-08-04 20:10:08.8049+00	0		
10	183557	107	82	0	2014-08-04 20:10:08.8049+00	0		
40	183557	44	216	0	2014-08-04 20:19:25.474048+00	0		
11	183557	107	87	0	2014-08-04 20:10:08.8049+00	0		
12	183557	107	555	0	2014-08-04 20:10:08.8049+00	0		
147	183557	99	612	0	2014-08-04 21:09:49.540258+00	0		
13	183557	107	575	0	2014-08-04 20:10:08.8049+00	0		
41	183557	44	219	0	2014-08-04 20:19:25.474048+00	0		
14	183557	107	565	0	2014-08-04 20:10:08.8049+00	0		
15	183557	107	380	0	2014-08-04 20:10:08.8049+00	0		
91	183557	36	628	0	2014-08-04 20:27:02.071276+00	0		
16	183557	107	557	0	2014-08-04 20:10:08.8049+00	0		
42	183557	44	506	0	2014-08-04 20:19:25.474048+00	0		
17	183557	107	553	0	2014-08-04 20:10:08.8049+00	0		
18	183557	107	558	0	2014-08-04 20:10:08.8049+00	0		
19	183557	107	554	0	2014-08-04 20:10:08.8049+00	0		
43	183557	44	452	0	2014-08-04 20:19:25.474048+00	0		
20	183557	107	378	0	2014-08-04 20:10:08.8049+00	0		
21	183557	107	147	0	2014-08-04 20:10:08.8049+00	0		
127	183557	127	517	0	2014-08-04 20:56:15.944385+00	0		
22	183557	142	564	0	2014-08-04 20:11:57.500507+00	0		
44	183557	44	213	0	2014-08-04 20:19:25.474048+00	0		
23	183557	142	593	0	2014-08-04 20:11:57.500507+00	0		
24	183557	142	224	0	2014-08-04 20:11:57.500507+00	0		
92	183557	36	618	0	2014-08-04 20:27:02.071276+00	0		
25	183557	142	573	0	2014-08-04 20:11:57.500507+00	0		
45	183557	44	549	0	2014-08-04 20:19:25.474048+00	0		
26	183557	153	556	0	2014-08-04 20:13:31.28975+00	0		
27	183557	44	224	0	2014-08-04 20:13:41.453493+00	0		
28	183557	44	483	0	2014-08-04 20:19:25.474048+00	0		
29	183557	44	460	0	2014-08-04 20:19:25.474048+00	0		
93	183557	36	619	0	2014-08-04 20:27:02.071276+00	0		
30	183557	44	547	0	2014-08-04 20:19:25.474048+00	0		
31	183557	44	45	0	2014-08-04 20:19:25.474048+00	0		
32	183557	44	548	0	2014-08-04 20:19:25.474048+00	0		
94	183557	36	287	0	2014-08-04 20:27:02.071276+00	0		
33	183557	44	484	0	2014-08-04 20:19:25.474048+00	0		
34	183557	44	651	0	2014-08-04 20:19:25.474048+00	0		
129	183557	123	422	0	2014-08-04 20:59:17.596377+00	0		
35	183557	44	221	0	2014-08-04 20:19:25.474048+00	0		
96	183557	149	186	0	2014-08-04 20:34:07.548819+00	0		
36	183557	44	218	0	2014-08-04 20:19:25.474048+00	0		
46	183557	44	214	0	2014-08-04 20:19:25.474048+00	0		
47	183557	44	609	0	2014-08-04 20:19:25.474048+00	0		
100	183557	99	508	0	2014-08-04 20:38:40.964269+00	0		
48	183557	44	350	0	2014-08-04 20:19:25.474048+00	0		
49	183557	44	545	0	2014-08-04 20:19:25.474048+00	0		
50	183557	44	244	0	2014-08-04 20:19:25.474048+00	0		
101	183557	99	643	0	2014-08-04 20:38:40.964269+00	0		
51	183557	44	254	0	2014-08-04 20:19:25.474048+00	0		
52	183557	44	222	0	2014-08-04 20:19:25.474048+00	0		
131	183557	214	440	0	2014-08-04 20:59:50.424081+00	0		
53	183557	44	240	0	2014-08-04 20:19:25.474048+00	0		
102	183557	99	528	0	2014-08-04 20:38:40.964269+00	0		
54	183557	44	217	0	2014-08-04 20:19:25.474048+00	0		
55	183557	44	241	0	2014-08-04 20:19:25.474048+00	0		
56	183557	44	581	0	2014-08-04 20:19:25.474048+00	0		
103	183557	99	494	0	2014-08-04 20:38:40.964269+00	0		
57	183557	44	551	0	2014-08-04 20:19:25.474048+00	0		
149	183557	156	457	0	2014-08-04 21:10:29.992872+00	0		
108	183557	63	643	0	2014-08-04 20:40:25.259573+00	0		
132	183557	97	440	0	2014-08-04 20:59:50.424081+00	0		
109	183557	18	643	0	2014-08-04 20:40:25.259573+00	0		
133	183557	175	440	0	2014-08-04 20:59:50.424081+00	0		
178	183557	171	647	0	2014-08-04 21:23:45.099556+00	0		
135	183557	107	578	0	2014-08-04 21:00:47.411606+00	0		
150	183557	131	364	0	2014-08-04 21:10:40.527711+00	0		
137	183557	176	485	0	2014-08-04 21:00:53.91813+00	0		
140	183557	132	589	0	2014-08-04 21:01:02.348822+00	0		
162	183557	138	92	0	2014-08-04 21:20:39.569886+00	0		
141	183557	132	592	0	2014-08-04 21:01:02.376875+00	0		
152	183557	229	302	0	2014-08-04 21:11:34.348477+00	0		
143	183557	84	482	0	2014-08-04 21:04:27.117833+00	0		
145	183557	273	631	0	2014-08-04 21:09:26.329598+00	0		
169	183557	101	629	0	2014-08-04 21:22:06.438306+00	0		
154	183557	156	330	0	2014-08-04 21:14:20.225218+00	0		
164	183557	101	326	0	2014-08-04 21:21:46.459147+00	0		
155	183557	435	74	0	2014-08-04 21:16:33.45038+00	0		
157	183557	103	187	0	2014-08-04 21:16:59.719925+00	0		
160	183557	103	406	0	2014-08-04 21:17:32.387512+00	0		
166	183557	101	399	0	2014-08-04 21:21:58.067283+00	0		
174	183557	101	540	0	2014-08-04 21:22:55.744803+00	0		
167	183557	1	399	0	2014-08-04 21:21:58.067283+00	0		
180	183557	218	363	0	2014-08-04 21:25:43.81011+00	0		
175	183557	214	540	0	2014-08-04 21:22:55.744803+00	0		
183	183557	102	370	0	2014-08-04 21:26:52.400619+00	0		
182	183557	63	370	0	2014-08-04 21:26:52.400619+00	0		
186	183557	1834	431	0	2014-08-04 21:32:23.570914+00	0		
188	183557	30	379	0	2014-08-04 21:33:25.517361+00	0		
190	183557	11	397	0	2014-08-04 21:35:08.4777+00	0		
192	183557	13	155	0	2014-08-04 21:35:35.572334+00	0		
193	183557	219	394	0	2014-08-04 21:37:57.330991+00	0		
195	183557	30	583	0	2014-08-04 21:38:04.338024+00	0		
197	183557	1892	518	0	2014-08-04 21:38:48.662343+00	0		
198	183557	208	618	0	2014-08-04 22:01:54.756122+00	0		
200	183557	208	625	0	2014-08-04 22:03:29.295891+00	0		
202	183557	208	667	0	2014-08-04 22:25:24.306817+00	0		
204	183557	208	670	0	2014-08-04 22:44:27.975+00	0		
216	183557	113	684	0	2015-02-13 18:48:51.739521+00	0		
206	183557	208	672	0	2014-08-04 22:58:21.581829+00	0		
218	183557	113	686	0	2015-02-13 19:04:07.260124+00	0		
58	183557	44	599	0	2014-08-04 20:19:25.474048+00	0		
59	183557	44	550	0	2014-08-04 20:19:25.474048+00	0		
60	183557	116	611	0	2014-08-04 20:23:41.010041+00	0		
95	183557	100	597	0	2014-08-04 20:31:16.256793+00	0		
61	183557	208	611	0	2014-08-04 20:23:41.010041+00	0		
62	183557	229	319	0	2014-08-04 20:23:09.797648+00	0		
187	183557	30	491	0	2014-08-04 21:33:24.680967+00	0		
63	183557	229	317	0	2014-08-04 20:23:09.797648+00	0		
97	183557	149	459	0	2014-08-04 20:34:35.813346+00	0		
64	183557	229	283	0	2014-08-04 20:23:09.797648+00	0		
65	183557	229	303	0	2014-08-04 20:23:09.797648+00	0		
128	183557	72	424	0	2014-08-04 20:59:07.76084+00	0		
66	183557	229	311	0	2014-08-04 20:23:09.797648+00	0		
98	183557	99	459	0	2014-08-04 20:34:35.813346+00	0		
67	183557	229	199	0	2014-08-04 20:23:09.797648+00	0		
68	183557	229	324	0	2014-08-04 20:23:09.797648+00	0		
69	183557	229	309	0	2014-08-04 20:23:09.797648+00	0		
99	183557	162	459	0	2014-08-04 20:34:35.813346+00	0		
70	183557	229	251	0	2014-08-04 20:23:09.797648+00	0		
71	183557	229	242	0	2014-08-04 20:23:09.797648+00	0		
168	183557	101	630	0	2014-08-04 21:22:03.335131+00	0		
72	183557	229	225	0	2014-08-04 20:23:09.797648+00	0		
104	183557	162	508	0	2014-08-04 20:39:51.443579+00	0		
73	183557	229	337	0	2014-08-04 20:23:09.797648+00	0		
74	183557	229	257	0	2014-08-04 20:23:09.797648+00	0		
130	183557	202	513	0	2014-08-04 20:59:29.976014+00	0		
75	183557	229	250	0	2014-08-04 20:23:09.797648+00	0		
105	183557	162	643	0	2014-08-04 20:39:51.443579+00	0		
76	183557	229	608	0	2014-08-04 20:23:09.797648+00	0		
77	183557	229	243	0	2014-08-04 20:23:09.797648+00	0		
78	183557	229	322	0	2014-08-04 20:23:09.797648+00	0		
106	183557	162	528	0	2014-08-04 20:39:51.443579+00	0		
79	183557	229	267	0	2014-08-04 20:23:09.797648+00	0		
80	183557	229	276	0	2014-08-04 20:23:09.797648+00	0		
81	183557	229	284	0	2014-08-04 20:23:09.797648+00	0		
107	183557	162	494	0	2014-08-04 20:39:51.443579+00	0		
82	183557	229	304	0	2014-08-04 20:23:09.797648+00	0		
83	183557	229	305	0	2014-08-04 20:23:09.797648+00	0		
134	183557	107	580	0	2014-08-04 21:00:45.877336+00	0		
110	183557	99	190	0	2014-08-04 20:54:46.166781+00	0		
111	183557	99	418	0	2014-08-04 20:54:46.166781+00	0		
112	183557	99	530	0	2014-08-04 20:54:46.166781+00	0		
136	183557	107	579	0	2014-08-04 21:00:49.825151+00	0		
113	183557	99	529	0	2014-08-04 20:54:46.166781+00	0		
114	183557	99	286	0	2014-08-04 20:54:46.166781+00	0		
170	183557	101	467	0	2014-08-04 21:22:37.7243+00	0		
115	183557	99	476	0	2014-08-04 20:54:46.166781+00	0		
138	183557	176	423	0	2014-08-04 21:00:55.798139+00	0		
116	183557	99	88	0	2014-08-04 20:54:46.166781+00	0		
117	183557	99	535	0	2014-08-04 20:54:46.166781+00	0		
118	183557	99	382	0	2014-08-04 20:54:46.166781+00	0		
139	183557	132	590	0	2014-08-04 21:01:00.479748+00	0		
119	183557	99	331	0	2014-08-04 20:54:46.166781+00	0		
120	183557	99	474	0	2014-08-04 20:54:46.166781+00	0		
121	183557	99	534	0	2014-08-04 20:54:46.166781+00	0		
142	183557	84	298	0	2014-08-04 21:01:16.154579+00	0		
122	183557	99	537	0	2014-08-04 20:54:46.166781+00	0		
123	183557	99	533	0	2014-08-04 20:54:46.166781+00	0		
171	183557	15	467	0	2014-08-04 21:22:37.7243+00	0		
124	183557	99	475	0	2014-08-04 20:54:46.166781+00	0		
144	183557	84	236	0	2014-08-04 21:04:27.780298+00	0		
125	183557	99	502	0	2014-08-04 20:54:46.166781+00	0		
126	183557	99	480	0	2014-08-04 20:54:46.166781+00	0		
146	183557	273	89	0	2014-08-04 21:09:28.761712+00	0		
189	183557	30	644	0	2014-08-04 21:33:26.285704+00	0		
148	183557	99	501	0	2014-08-04 21:10:10.405355+00	0		
172	183557	11	467	0	2014-08-04 21:22:37.7243+00	0		
151	183557	185	646	0	2014-08-04 21:10:54.602472+00	0		
153	183557	38	613	0	2014-08-04 21:13:47.741219+00	0		
156	183557	434	427	0	2014-08-04 21:16:39.901082+00	0		
173	183557	80	467	0	2014-08-04 21:22:37.7243+00	0		
158	183557	434	355	0	2014-08-04 21:16:59.998409+00	0		
159	183557	103	355	0	2014-08-04 21:16:59.998409+00	0		
211	183557	27	680	0	2014-09-26 09:59:19.122443+00	0		
161	183557	189	571	0	2014-08-04 21:17:55.0035+00	0		
176	183557	166	664	0	2014-08-04 21:23:33.318206+00	0		
163	183557	101	328	0	2014-08-04 21:21:44.089571+00	0		
165	183557	101	503	0	2014-08-04 21:21:47.629269+00	0		
191	183557	176	432	0	2014-08-04 21:35:09.362707+00	0		
177	183557	228	664	0	2014-08-04 21:23:33.318206+00	0		
179	183557	167	336	0	2014-08-04 21:25:06.227325+00	0		
205	183557	208	671	0	2014-08-04 22:58:19.529876+00	0		
181	183557	176	67	0	2014-08-04 21:26:31.112301+00	0		
194	183557	219	393	0	2014-08-04 21:37:57.573749+00	0		
184	183557	63	634	0	2014-08-04 21:27:34.938228+00	0		
185	183557	62	568	0	2014-08-04 21:32:11.745311+00	0		
196	183557	175	297	0	2014-08-04 21:38:14.906801+00	0		
207	183557	208	673	0	2014-08-04 22:58:24.840673+00	0		
199	183557	208	627	0	2014-08-04 22:02:26.907849+00	0		
201	183557	208	668	0	2014-08-04 22:22:40.678012+00	0		
203	183557	208	669	0	2014-08-04 22:30:25.68521+00	0		
208	183557	203	679	0	2014-09-26 09:56:33.521707+00	0		
209	183557	2358	680	0	2014-09-26 09:59:19.122443+00	0		
217	183557	113	685	0	2015-02-13 19:01:02.070321+00	0		
210	183557	254	680	0	2014-09-26 09:59:19.122443+00	0		
214	183557	208	666	0	2014-09-26 12:52:14.36291+00	0		
212	183557	2	680	0	2014-09-26 09:59:19.122443+00	0		
213	183557	53	680	0	2014-09-26 09:59:19.122443+00	0		
219	183557	202	228	0	2015-02-14 21:49:18.312933+00	0		
215	183557	1818	582	0	2014-09-26 12:54:22.494017+00	0		
220	183557	160	78	0	2015-02-14 21:52:17.679207+00	0		
221	183557	43	688	0	2015-02-15 07:34:25.713804+00	0		
222	183557	138	687	0	2015-02-15 07:35:50.2411+00	0		
223	183557	25	689	0	2015-02-15 07:42:40.800025+00	0		
224	183557	873	689	0	2015-02-15 07:42:40.800025+00	0		
225	183557	683	689	0	2015-02-15 07:42:40.800025+00	0		
226	183557	688	689	0	2015-02-15 07:42:40.800025+00	0		
227	183557	202	691	0	2015-02-15 08:14:49.040271+00	0		
228	183557	176	692	0	2015-02-15 22:03:23.601593+00	0		
229	183557	117	696	0	2015-02-25 19:53:25.612974+00	0		
230	183557	2420	695	0	2015-02-25 19:53:39.877365+00	0		
231	183557	72	695	0	2015-02-25 19:53:39.877365+00	0		
232	183557	67	544	0	2015-02-25 19:55:41.60846+00	0		
233	183557	84	704	0	2015-02-27 15:43:16.86534+00	0		
234	183557	84	705	0	2015-02-27 15:48:45.788133+00	0		
235	183557	11	705	0	2015-02-27 15:48:45.788133+00	0		
236	183557	214	705	0	2015-02-27 15:48:45.788133+00	0		
237	183557	2458	706	0	2015-02-28 00:15:24.010482+00	0		
238	183557	2458	707	0	2015-02-28 23:39:39.01131+00	0		
239	183557	2458	708	0	2015-03-01 00:05:20.055519+00	0		
240	183557	142	708	0	2015-03-01 00:05:20.055519+00	0		
241	183557	107	709	0	2015-03-01 00:16:19.237753+00	0		
242	183557	385	710	0	2015-03-01 00:20:45.006084+00	0		
243	183557	116	711	0	2015-03-01 00:37:56.605173+00	0		
244	183557	208	711	0	2015-03-01 00:37:56.605173+00	0		
245	183557	208	712	0	2015-03-01 12:00:44.315438+00	0		
246	183557	2458	713	0	2015-03-01 12:11:17.925439+00	0		
247	183557	110	714	0	2015-03-01 12:14:50.03358+00	0		
248	183557	30	715	0	2015-03-01 12:24:13.564319+00	0		
249	183557	99	716	0	2015-03-01 12:28:35.537884+00	0		
250	183557	30	717	0	2015-03-01 15:32:44.76861+00	0		
251	183557	30	718	0	2015-03-01 15:36:41.78089+00	0		
252	183557	30	719	0	2015-03-01 15:44:49.056494+00	0		
253	183557	30	721	0	2015-03-02 01:45:57.345513+00	0		
254	183557	30	722	0	2015-03-02 01:48:57.359267+00	0		
255	183557	30	723	0	2015-03-02 01:52:00.305837+00	0		
256	183557	167	724	0	2015-03-02 02:10:21.152379+00	0		
257	183557	100	725	0	2015-03-02 12:53:18.187603+00	0		
258	183557	32	725	0	2015-03-02 12:53:18.187603+00	0		
259	183557	129	725	0	2015-03-02 12:53:18.187603+00	0		
260	183557	168	725	0	2015-03-02 12:53:18.187603+00	0		
261	183557	188	725	0	2015-03-02 12:53:18.187603+00	0		
262	183557	181	726	0	2015-03-02 13:03:53.688195+00	0		
263	183557	50	726	0	2015-03-02 13:03:53.688195+00	0		
264	183557	107	267	0	2015-03-02 15:44:53.380802+00	0		
265	183557	44	267	0	2015-03-02 15:44:53.380802+00	0		
266	183557	113	267	0	2015-03-02 15:44:53.380802+00	0		
267	183557	112	267	0	2015-03-02 15:44:53.380802+00	0		
268	183557	138	728	0	2015-03-03 13:24:47.791795+00	0		
269	183557	170	730	0	2015-03-03 13:33:31.236577+00	0		
270	183557	99	185	0	2015-03-03 18:18:24.318041+00	0		
271	183557	162	185	0	2015-03-03 18:18:24.318041+00	0		
272	183557	149	185	0	2015-03-03 18:18:24.318041+00	0		
273	183557	1	185	0	2015-03-03 18:18:24.318041+00	0		
274	183557	18	185	0	2015-03-03 18:18:24.318041+00	0		
275	183557	195	185	0	2015-03-03 18:18:24.318041+00	0		
276	183557	68	734	0	2015-03-06 03:22:56.003792+00	0		
277	183557	66	734	0	2015-03-06 03:22:56.003792+00	0		
278	183557	3966	358	0	2015-03-07 20:25:39.13718+00	0		
279	183557	4024	358	0	2015-03-07 20:25:39.13718+00	0		
