1	199467	343352	3	0	2014-11-17 21:50:26.032977+00	0		
2	199468	559605	3	0	2014-11-17 21:50:26.032977+00	0		
3	199467	1097691	7	0	2014-11-17 22:11:39.0969+00	0		
4	199467	418735	8	0	2014-11-17 22:12:01.076522+00	0		
5	199467	997971	10	0	2014-11-17 22:12:18.382741+00	0		
6	199467	53316	11	0	2014-11-17 22:12:35.381887+00	0		
7	199467	2147	12	0	2014-11-17 22:12:52.301678+00	0		
3874	199467	210784	1616	0	2014-12-11 23:20:36.950668+00	0		
9	199467	1884	14	0	2014-11-17 22:13:29.546684+00	0		
4555	206021	11733	1937	0	2014-12-18 05:58:12.472312+00	0		
10	199467	128831	15	0	2014-11-17 22:13:45.964373+00	0		
185	199467	783055	323	0	2014-11-18 09:14:32.790074+00	0		
11	199467	1124921	16	0	2014-11-17 22:14:03.20782+00	0		
12	199467	1125757	17	0	2014-11-17 22:14:20.086027+00	0		
3828	199467	111503	1607	0	2014-12-11 19:24:20.690981+00	0		
187	199467	944747	325	0	2014-11-18 09:15:04.113684+00	0		
15	199467	1125757	18	0	2014-11-17 22:14:33.547755+00	0		
3829	199467	92017	1607	0	2014-12-11 19:24:20.690981+00	0		
16	199467	1125757	19	0	2014-11-17 22:14:53.993796+00	0		
190	199467	35307	328	0	2014-11-18 09:15:48.629466+00	0		
17	199467	1129904	20	0	2014-11-17 22:15:10.945502+00	0		
3955	199659	654526	1304	0	2014-12-14 01:42:33.767017+00	0		
3830	199467	579449	1607	0	2014-12-11 19:24:20.690981+00	0		
3831	199467	2060	1607	0	2014-12-11 19:24:20.690981+00	0		
20	199467	1129904	21	0	2014-11-17 22:15:46.269032+00	0		
4077	199467	148243	1806	0	2014-12-15 06:08:35.892741+00	0		
3832	199467	119879	1607	0	2014-12-11 19:24:20.690981+00	0		
3956	199659	1175768	1304	0	2014-12-14 01:42:33.767017+00	0		
22	199467	1097691	23	0	2014-11-17 22:16:28.865689+00	0		
3833	199467	47645	1607	0	2014-12-11 19:24:20.690981+00	0		
23	199467	1131218	24	0	2014-11-17 22:16:49.344642+00	0		
24	199467	1131218	25	0	2014-11-17 22:17:05.975621+00	0		
25	199467	1131218	26	0	2014-11-17 22:17:20.595916+00	0		
3834	199467	337878	1607	0	2014-12-11 19:24:20.690981+00	0		
26	199467	1131218	27	0	2014-11-17 22:17:38.61148+00	0		
27	199467	1132190	28	0	2014-11-17 22:17:55.059217+00	0		
3989	199643	43008	1732	0	2014-12-14 14:55:26.242041+00	0		
28	199467	1133396	29	0	2014-11-17 22:18:13.719508+00	0		
3835	199467	15260	1607	0	2014-12-11 19:24:20.690981+00	0		
29	199467	1133396	30	0	2014-11-17 22:18:27.38102+00	0		
30	199467	730264	31	0	2014-11-17 22:18:44.860946+00	0		
31	199467	1133374	32	0	2014-11-17 22:19:03.550175+00	0		
205	199467	194291	343	0	2014-11-18 09:19:35.636144+00	0		
32	199467	1133396	33	0	2014-11-17 22:19:19.849288+00	0		
33	199467	1133396	34	0	2014-11-17 22:19:36.563408+00	0		
3836	199467	180723	1607	0	2014-12-11 19:24:20.690981+00	0		
34	199467	1133396	35	0	2014-11-17 22:19:53.091484+00	0		
35	199467	1023398	36	0	2014-11-17 22:20:09.605334+00	0		
3994	199467	1116650	1733	0	2014-12-14 17:15:17.106681+00	0		
36	199467	956162	37	0	2014-11-17 22:20:27.576288+00	0		
3837	199467	183675	1607	0	2014-12-11 19:24:20.690981+00	0		
37	199467	1137025	38	0	2014-11-17 22:20:46.071654+00	0		
3838	199467	126035	1607	0	2014-12-11 19:24:20.690981+00	0		
3995	199643	43008	1733	0	2014-12-14 17:15:17.106681+00	0		
3839	199467	113513	1607	0	2014-12-11 19:24:20.690981+00	0		
3840	199467	7639	1607	0	2014-12-11 19:24:20.690981+00	0		
41	199467	1137018	39	0	2014-11-17 22:21:38.967454+00	0		
3996	199468	1173307	1733	0	2014-12-14 17:15:17.106681+00	0		
3841	199467	32663	1607	0	2014-12-11 19:24:20.690981+00	0		
3875	199467	210784	1617	0	2014-12-11 23:24:14.463942+00	0		
3899	199467	148243	1641	0	2014-12-12 04:59:00.353123+00	0		
3957	199467	148243	1700	0	2014-12-14 07:40:12.385473+00	0		
223	199467	206907	361	0	2014-11-18 09:24:09.122452+00	0		
227	199467	580472	365	0	2014-11-18 09:25:11.835956+00	0		
3953	199467	34434	1698	0	2014-12-12 23:53:20.600363+00	0		
230	199467	45037	368	0	2014-11-18 09:25:55.44024+00	0		
3997	199468	730880	1733	0	2014-12-14 17:15:17.106681+00	0		
234	199467	944747	372	0	2014-11-18 09:26:56.93542+00	0		
237	199467	944747	375	0	2014-11-18 09:27:43.665354+00	0		
3998	199468	947742	1733	0	2014-12-14 17:15:17.106681+00	0		
238	199467	944747	376	0	2014-11-18 09:27:58.991652+00	0		
4004	199467	148243	1734	0	2014-12-14 21:28:13.617135+00	0		
4078	199659	164625	1806	0	2014-12-15 06:08:35.892741+00	0		
241	199467	62065	379	0	2014-11-18 09:28:46.358783+00	0		
243	199467	9814	381	0	2014-11-18 09:29:16.317716+00	0		
4079	199659	1179727	1806	0	2014-12-15 06:08:35.892741+00	0		
4080	199659	1179728	1806	0	2014-12-15 06:08:35.892741+00	0		
4083	199467	725807	1810	0	2014-12-15 11:55:54.241937+00	0		
4084	199468	1177466	1810	0	2014-12-15 11:55:54.241937+00	0		
5663	199467	197	2322	0	2015-01-22 17:19:45.175051+00	0		
6674	199871	171257	3197	0	2015-03-22 19:47:11.277669+00	0		
5676	199467	998628	2334	0	2015-01-25 21:44:51.729771+00	0		
6675	199854	437385	3197	0	2015-03-22 19:47:11.277669+00	0		
5664	199467	86251	2326	0	2015-01-24 05:33:08.218715+00	0		
5666	199467	86251	2329	0	2015-01-24 06:02:55.193753+00	0		
5673	199467	93	2332	0	2015-01-24 22:07:11.56409+00	0		
5674	199659	1642	2332	0	2015-01-24 22:07:11.56409+00	0		
3795	199467	7036	1589	0	2014-12-08 18:37:48.286309+00	0		
4100	205440	468474	1814	0	2014-12-15 16:14:19.357737+00	0		
3796	199468	80450	1589	0	2014-12-08 18:37:48.286309+00	0		
4101	204003	715739	1814	0	2014-12-15 16:14:19.357737+00	0		
3797	199468	1177802	1589	0	2014-12-08 18:37:48.286309+00	0		
4102	204002	478939	1814	0	2014-12-15 16:14:19.357737+00	0		
4103	203994	336844	1814	0	2014-12-15 16:14:19.357737+00	0		
3990	199467	1116650	1732	0	2014-12-14 14:55:26.242041+00	0		
4104	205441	442125	1814	0	2014-12-15 16:14:19.357737+00	0		
4556	206022	445982	1937	0	2014-12-18 05:58:12.472312+00	0		
4105	203993	489981	1814	0	2014-12-15 16:14:19.357737+00	0		
4106	205442	58608	1814	0	2014-12-15 16:14:19.357737+00	0		
3991	199659	374269	1732	0	2014-12-14 14:55:26.242041+00	0		
4557	206023	321147	1937	0	2014-12-18 05:58:12.472312+00	0		
3992	199659	400088	1732	0	2014-12-14 14:55:26.242041+00	0		
4558	205449	151174	1937	0	2014-12-18 05:58:12.472312+00	0		
3993	199659	1108722	1732	0	2014-12-14 14:55:26.242041+00	0		
4559	206024	47129	1937	0	2014-12-18 05:58:12.472312+00	0		
3999	199659	400088	1733	0	2014-12-14 17:15:17.106681+00	0		
4000	199659	247351	1733	0	2014-12-14 17:15:17.106681+00	0		
4001	199659	872891	1733	0	2014-12-14 17:15:17.106681+00	0		
4002	199659	894948	1733	0	2014-12-14 17:15:17.106681+00	0		
4003	199643	1124421	1733	0	2014-12-14 17:15:17.106681+00	0		
5653	199467	925501	1980	0	2015-01-22 03:54:42.811892+00	0		
42	199467	1137012	40	0	2014-11-17 22:22:00.998716+00	0		
43	199467	960363	41	0	2014-11-17 22:22:17.511852+00	0		
44	199467	1137034	42	0	2014-11-17 22:22:34.059038+00	0		
186	199467	944747	324	0	2014-11-18 09:14:48.850944+00	0		
45	199467	1137022	43	0	2014-11-17 22:22:47.465996+00	0		
46	199467	1137016	44	0	2014-11-17 22:23:03.706706+00	0		
54	199467	1137041	52	0	2014-11-17 22:25:16.027628+00	0		
192	199467	10641	330	0	2014-11-18 09:16:19.467257+00	0		
63	199467	1149495	61	0	2014-11-17 22:27:56.876657+00	0		
68	199467	1039917	67	0	2014-11-17 22:29:36.010817+00	0		
5667	213176	757373	2331	0	2015-01-24 07:04:19.269978+00	0		
71	199467	1148267	70	0	2014-11-17 22:30:44.022645+00	0		
193	199467	783055	331	0	2014-11-18 09:16:34.69876+00	0		
74	199467	353685	73	0	2014-11-17 22:31:38.423722+00	0		
76	199467	1150208	75	0	2014-11-17 22:32:14.316234+00	0		
3876	199467	210784	1618	0	2014-12-11 23:25:21.318507+00	0		
4560	205810	40208	1937	0	2014-12-18 05:58:12.472312+00	0		
3842	199467	144645	1608	0	2014-12-11 19:26:49.56853+00	0		
209	199467	491558	347	0	2014-11-18 09:20:35.863575+00	0		
3843	199467	92125	1608	0	2014-12-11 19:26:49.56853+00	0		
3900	199467	148243	1642	0	2014-12-12 05:02:24.42919+00	0		
83	199467	1159394	80	0	2014-11-17 22:33:24.280761+00	0		
3844	199467	375137	1608	0	2014-12-11 19:26:49.56853+00	0		
5665	199467	86251	2327	0	2015-01-24 05:56:15.581688+00	0		
3798	204008	1177801	1555	0	2014-12-08 18:38:52.403684+00	0		
5677	199467	210784	2335	0	2015-01-26 06:47:25.02243+00	0		
4561	206025	31906	1937	0	2014-12-18 05:58:12.472312+00	0		
3845	199467	514961	1608	0	2014-12-11 19:26:49.56853+00	0		
88	199467	1163747	85	0	2014-11-17 22:35:04.666769+00	0		
93	199467	353685	88	0	2014-11-17 22:35:54.570364+00	0		
99	199467	256190	92	0	2014-11-17 22:36:46.55088+00	0		
3846	199467	97633	1608	0	2014-12-11 19:26:49.56853+00	0		
101	199467	2147	94	0	2014-11-17 22:37:26.75131+00	0		
104	199467	89615	97	0	2014-11-17 22:38:19.414711+00	0		
3958	199467	148243	1701	0	2014-12-14 07:43:25.864549+00	0		
105	199467	427028	98	0	2014-11-17 22:38:36.529156+00	0		
3847	199467	15664	1608	0	2014-12-11 19:26:49.56853+00	0		
108	199467	564732	101	0	2014-11-17 22:39:29.714461+00	0		
112	199467	1150172	105	0	2014-11-17 22:40:35.980069+00	0		
4562	206026	1213	1937	0	2014-12-18 05:58:12.472312+00	0		
115	199467	741058	108	0	2014-11-17 22:41:30.962057+00	0		
116	199467	679803	109	0	2014-11-17 22:41:50.194392+00	0		
3848	199467	671625	1608	0	2014-12-11 19:26:49.56853+00	0		
120	199467	1874	113	0	2014-11-17 22:42:35.299252+00	0		
229	199467	515930	367	0	2014-11-18 09:25:39.720025+00	0		
123	199467	635133	117	0	2014-11-17 22:43:34.675066+00	0		
124	199467	115188	117	0	2014-11-17 22:43:34.675066+00	0		
125	199467	165873	117	0	2014-11-17 22:43:34.675066+00	0		
231	199467	45037	369	0	2014-11-18 09:26:10.975163+00	0		
126	199467	1171194	117	0	2014-11-17 22:43:34.675066+00	0		
128	199467	1053799	119	0	2014-11-17 22:44:01.420291+00	0		
129	199467	1171190	119	0	2014-11-17 22:44:01.420291+00	0		
232	199467	944554	370	0	2014-11-18 09:26:26.544395+00	0		
130	199467	1171193	119	0	2014-11-17 22:44:01.420291+00	0		
131	199467	878554	119	0	2014-11-17 22:44:01.420291+00	0		
3849	199467	145248	1608	0	2014-12-11 19:26:49.56853+00	0		
136	199467	1137169	141	0	2014-11-17 22:58:38.199879+00	0		
233	199467	944554	371	0	2014-11-18 09:26:41.721992+00	0		
137	199467	994581	141	0	2014-11-17 22:58:38.199879+00	0		
235	199467	944747	373	0	2014-11-18 09:27:12.284605+00	0		
4005	199467	148243	1735	0	2014-12-14 21:40:38.757196+00	0		
236	199467	944747	374	0	2014-11-18 09:27:28.103704+00	0		
3850	199467	41885	1608	0	2014-12-11 19:26:49.56853+00	0		
240	199467	215951	378	0	2014-11-18 09:28:29.572058+00	0		
242	199467	515930	380	0	2014-11-18 09:29:03.689217+00	0		
244	199467	944747	382	0	2014-11-18 09:29:31.48018+00	0		
4563	206027	322	1937	0	2014-12-18 05:58:12.472312+00	0		
245	199467	944747	383	0	2014-11-18 09:29:46.516753+00	0		
3851	199467	85634	1608	0	2014-12-11 19:26:49.56853+00	0		
246	199467	944747	384	0	2014-11-18 09:30:01.938376+00	0		
247	199467	944747	385	0	2014-11-18 09:30:17.15719+00	0		
248	199467	53552	386	0	2014-11-18 09:30:33.082428+00	0		
3852	199467	51578	1608	0	2014-12-11 19:26:49.56853+00	0		
249	199467	944747	387	0	2014-11-18 09:30:45.105884+00	0		
250	199467	881874	388	0	2014-11-18 09:30:57.436148+00	0		
251	199467	944747	389	0	2014-11-18 09:31:12.917398+00	0		
3853	199467	1560	1608	0	2014-12-11 19:26:49.56853+00	0		
3854	199467	126035	1608	0	2014-12-11 19:26:49.56853+00	0		
4085	199467	725807	1811	0	2014-12-15 12:31:46.193585+00	0		
3855	199467	423246	1608	0	2014-12-11 19:26:49.56853+00	0		
3856	199467	287932	1608	0	2014-12-11 19:26:49.56853+00	0		
3857	199467	42599	1608	0	2014-12-11 19:26:49.56853+00	0		
4107	205443	579314	1814	0	2014-12-15 16:14:19.357737+00	0		
3954	199467	34434	1699	0	2014-12-13 00:15:24.441231+00	0		
4081	199467	725807	1807	0	2014-12-15 06:56:54.136614+00	0		
80	199467	86756	78	0	2014-11-17 22:32:57.767963+00	0		
4108	205444	6081	1814	0	2014-12-15 16:14:19.357737+00	0		
4109	203996	962669	1814	0	2014-12-15 16:14:19.357737+00	0		
4564	206028	34607	1937	0	2014-12-18 05:58:12.472312+00	0		
4110	205445	499835	1814	0	2014-12-15 16:14:19.357737+00	0		
4111	205445	437609	1814	0	2014-12-15 16:14:19.357737+00	0		
4112	205446	72547	1814	0	2014-12-15 16:14:19.357737+00	0		
4565	206029	303164	1937	0	2014-12-18 05:58:12.472312+00	0		
4113	205447	175992	1814	0	2014-12-15 16:14:19.357737+00	0		
81	199467	1085165	78	0	2014-11-17 22:32:57.767963+00	0		
4114	205448	210891	1814	0	2014-12-15 16:14:19.357737+00	0		
6676	199871	171257	3198	0	2015-03-22 20:13:07.373292+00	0		
4115	205449	123237	1814	0	2014-12-15 16:14:19.357737+00	0		
4116	205450	105813	1814	0	2014-12-15 16:14:19.357737+00	0		
79	199467	58897	78	0	2014-11-17 22:32:57.767963+00	0		
4117	205451	589768	1814	0	2014-12-15 16:14:19.357737+00	0		
6677	199854	186889	3198	0	2015-03-22 20:13:07.373292+00	0		
5675	199467	93	2333	0	2015-01-24 22:35:58.488619+00	0		
5655	199467	1055565	194	0	2015-01-22 03:56:32.021675+00	0		
5668	213176	1168155	2331	0	2015-01-24 07:04:19.269978+00	0		
5669	205527	980587	2331	0	2015-01-24 07:04:19.269978+00	0		
5670	205528	1170637	2331	0	2015-01-24 07:04:19.269978+00	0		
8363	207508	112760	3618	0	2015-05-04 07:11:22.87976+00	0		
8364	238226	112760	3618	0	2015-05-04 07:11:22.87976+00	0		
47	199467	1137010	45	0	2014-11-17 22:23:21.506656+00	0		
48	199467	1137040	46	0	2014-11-17 22:23:41.171637+00	0		
4566	199643	1179864	1814	0	2014-12-18 16:54:21.219877+00	0		
50	199467	1137032	48	0	2014-11-17 22:23:59.164919+00	0		
51	199467	1137043	49	0	2014-11-17 22:24:24.031835+00	0		
52	199467	1137020	50	0	2014-11-17 22:24:40.361584+00	0		
53	199467	1137013	51	0	2014-11-17 22:24:57.476072+00	0		
55	199467	1137037	53	0	2014-11-17 22:25:32.078387+00	0		
3858	199467	55880	1609	0	2014-12-11 19:28:20.276602+00	0		
56	199467	1137029	54	0	2014-11-17 22:25:47.790458+00	0		
62	199467	1152214	60	0	2014-11-17 22:27:31.837037+00	0		
69	199467	721040	68	0	2014-11-17 22:29:52.903428+00	0		
5720	199467	397	2368	0	2015-01-31 14:50:21.637088+00	0		
73	199467	191121	72	0	2014-11-17 22:31:20.90752+00	0		
159	199467	920469	296	0	2014-11-18 00:44:03.105421+00	0		
77	199467	1064356	76	0	2014-11-17 22:32:31.727042+00	0		
84	199467	191121	81	0	2014-11-17 22:33:57.85498+00	0		
3859	199467	201224	1609	0	2014-12-11 19:28:20.276602+00	0		
87	199467	1163746	84	0	2014-11-17 22:34:48.280462+00	0		
160	199467	1171207	4	0	2014-11-18 01:20:03.348444+00	0		
89	199467	1163505	86	0	2014-11-17 22:35:21.785+00	0		
97	199467	1156300	90	0	2014-11-17 22:36:12.259635+00	0		
100	199467	679803	93	0	2014-11-17 22:37:06.258952+00	0		
161	199467	1171217	4	0	2014-11-18 01:20:03.348444+00	0		
102	199467	1568	95	0	2014-11-17 22:37:44.83978+00	0		
106	199467	353685	99	0	2014-11-17 22:38:55.734915+00	0		
4119	204010	379010	1814	0	2014-12-15 16:14:19.357737+00	0		
109	199467	559775	102	0	2014-11-17 22:39:46.320715+00	0		
162	199467	698166	4	0	2014-11-18 01:20:03.348444+00	0		
110	199467	419399	103	0	2014-11-17 22:40:03.039938+00	0		
113	199467	1163794	106	0	2014-11-17 22:40:53.344923+00	0		
3860	199467	54132	1609	0	2014-12-11 19:28:20.276602+00	0		
117	199467	353685	110	0	2014-11-17 22:42:06.84854+00	0		
163	199467	1171225	4	0	2014-11-18 01:20:03.348444+00	0		
119	199467	1874	112	0	2014-11-17 22:42:33.492359+00	0		
121	199467	181865	114	0	2014-11-17 22:42:52.371491+00	0		
132	199467	256190	118	0	2014-11-17 22:43:59.981056+00	0		
138	199468	1171200	141	0	2014-11-17 22:58:38.199879+00	0		
164	199467	1171227	4	0	2014-11-18 01:20:03.348444+00	0		
142	199467	989336	151	0	2014-11-17 23:03:49.652073+00	0		
143	199467	1137169	151	0	2014-11-17 23:03:49.652073+00	0		
144	199467	994581	151	0	2014-11-17 23:03:49.652073+00	0		
3861	199467	42236	1609	0	2014-12-11 19:28:20.276602+00	0		
165	199467	1171229	4	0	2014-11-18 01:20:03.348444+00	0		
147	199468	381236	112	0	2014-11-17 23:28:58.146468+00	0		
4567	199643	1179866	1814	0	2014-12-18 16:54:21.219877+00	0		
3862	199467	8866	1609	0	2014-12-11 19:28:20.276602+00	0		
4120	204011	11052	1814	0	2014-12-15 16:14:19.357737+00	0		
3863	199467	201936	1609	0	2014-12-11 19:28:20.276602+00	0		
3864	199467	141746	1609	0	2014-12-11 19:28:20.276602+00	0		
166	199467	1171224	4	0	2014-11-18 01:20:03.348444+00	0		
3865	199467	58746	1609	0	2014-12-11 19:28:20.276602+00	0		
4121	205453	85479	1814	0	2014-12-15 16:14:19.357737+00	0		
175	199467	247719	315	0	2014-11-18 08:54:30.130116+00	0		
3866	199467	10204	1609	0	2014-12-11 19:28:20.276602+00	0		
176	199468	1171327	315	0	2014-11-18 08:54:30.130116+00	0		
179	199467	944747	317	0	2014-11-18 09:13:01.44409+00	0		
181	199467	881874	319	0	2014-11-18 09:13:30.07248+00	0		
183	199467	491558	321	0	2014-11-18 09:14:01.816951+00	0		
188	199467	881874	326	0	2014-11-18 09:15:18.757817+00	0		
191	199467	37172	329	0	2014-11-18 09:16:04.147917+00	0		
5771	199467	210784	2417	0	2015-02-03 04:56:45.942861+00	0		
194	199467	819233	332	0	2014-11-18 09:16:49.933579+00	0		
5681	199467	16013	2339	0	2015-01-27 03:46:50.025606+00	0		
206	199467	194291	344	0	2014-11-18 09:19:50.734093+00	0		
210	199467	491558	348	0	2014-11-18 09:20:51.154234+00	0		
5784	199467	210784	2428	0	2015-02-05 00:36:29.67728+00	0		
4118	205452	407620	1814	0	2014-12-15 16:14:19.357737+00	0		
4122	205454	269954	1814	0	2014-12-15 16:14:19.357737+00	0		
3799	199467	4750	1590	0	2014-12-08 18:40:25.486896+00	0		
3800	199467	136406	1590	0	2014-12-08 18:40:25.486896+00	0		
3801	199468	6941	1590	0	2014-12-08 18:40:25.486896+00	0		
3877	199467	210784	1619	0	2014-12-11 23:26:34.074278+00	0		
3889	199467	210784	1631	0	2014-12-12 00:02:52.807402+00	0		
3891	199467	210784	1633	0	2014-12-12 00:04:52.356302+00	0		
3901	199467	148243	1643	0	2014-12-12 05:03:14.042104+00	0		
3959	199467	148243	1702	0	2014-12-14 07:46:36.309745+00	0		
4006	199467	148243	1736	0	2014-12-14 21:41:26.452887+00	0		
4007	199467	148243	1737	0	2014-12-14 21:51:23.697668+00	0		
4082	199467	148243	1809	0	2014-12-15 08:18:36.53129+00	0		
4086	199467	725807	1812	0	2014-12-15 12:38:28.931817+00	0		
6678	208299	171257	3199	0	2015-03-22 22:28:39.993779+00	0		
5715	199871	20157	2360	0	2015-01-28 06:28:53.746153+00	0		
5654	199467	925501	194	0	2015-01-22 03:54:42.811892+00	0		
5656	199467	707061	194	0	2015-01-22 04:00:34.76006+00	0		
1880	199910	951459	761	0	2014-11-19 16:29:33.084283+00	0		
6679	199871	1215813	3199	0	2015-03-22 22:28:39.993779+00	0		
6680	199854	499421	3199	0	2015-03-22 22:28:39.993779+00	0		
5716	214896	1173182	2364	0	2015-01-30 17:11:19.941354+00	0		
5717	200769	1196777	2364	0	2015-01-30 17:11:19.941354+00	0		
5671	213175	1170074	2331	0	2015-01-24 07:04:19.269978+00	0		
5672	207508	118702	2331	0	2015-01-24 07:04:19.269978+00	0		
5722	199467	210784	2369	0	2015-02-01 11:42:18.073007+00	0		
5744	199467	210784	2391	0	2015-02-02 03:03:13.352118+00	0		
5750	199467	210784	2397	0	2015-02-02 05:58:38.323405+00	0		
5714	199854	360799	2360	0	2015-01-28 06:28:53.746153+00	0		
5769	199467	813	2416	0	2015-02-02 20:34:57.452633+00	0		
5770	199467	1197778	2416	0	2015-02-02 20:34:57.452633+00	0		
5678	199467	210784	2336	0	2015-01-26 06:52:01.099827+00	0		
5680	199467	210784	2338	0	2015-01-26 09:25:14.288161+00	0		
5772	199467	210784	2418	0	2015-02-03 05:53:36.803956+00	0		
5773	199467	210784	2419	0	2015-02-03 11:05:29.961707+00	0		
5682	199467	210784	2340	0	2015-01-27 04:58:21.256323+00	0		
5779	199467	210784	2423	0	2015-02-04 09:35:50.723636+00	0		
5781	199467	210784	2425	0	2015-02-04 09:43:26.211187+00	0		
5710	199467	1195804	2359	0	2015-01-28 03:22:10.854709+00	0		
5711	199467	1130751	2359	0	2015-01-28 03:22:10.854709+00	0		
5712	199467	1157563	2359	0	2015-01-28 03:22:10.854709+00	0		
5786	199467	210784	2430	0	2015-02-05 07:44:21.010155+00	0		
5718	199467	210784	2366	0	2015-01-30 21:15:07.00141+00	0		
5721	199468	333528	2368	0	2015-01-31 14:50:21.637088+00	0		
57	199467	679803	55	0	2014-11-17 22:26:04.851164+00	0		
4322	199467	210784	1844	0	2014-12-16 06:02:35.185321+00	0		
58	199467	191121	56	0	2014-11-17 22:26:25.830326+00	0		
59	199467	564732	57	0	2014-11-17 22:26:41.662101+00	0		
60	199467	274502	58	0	2014-11-17 22:26:58.183909+00	0		
61	199467	1155196	59	0	2014-11-17 22:27:14.689357+00	0		
4368	199467	210784	1850	0	2014-12-16 09:58:53.779986+00	0		
64	199467	1147833	62	0	2014-11-17 22:28:28.156727+00	0		
65	199467	52329	63	0	2014-11-17 22:28:44.401113+00	0		
66	199467	559775	64	0	2014-11-17 22:29:02.047184+00	0		
67	199467	1149504	65	0	2014-11-17 22:29:18.499277+00	0		
70	199467	687469	69	0	2014-11-17 22:30:27.174652+00	0		
3867	204940	995350	1610	0	2014-12-11 21:10:31.862503+00	0		
72	199467	787491	71	0	2014-11-17 22:31:02.091363+00	0		
75	199467	741058	74	0	2014-11-17 22:31:57.250368+00	0		
3868	203956	385760	1610	0	2014-12-11 21:10:31.862503+00	0		
3902	199467	148243	1644	0	2014-12-12 05:08:09.372978+00	0		
85	199467	1156373	82	0	2014-11-17 22:34:14.918235+00	0		
86	199467	979197	83	0	2014-11-17 22:34:31.451763+00	0		
3907	199467	148243	1649	0	2014-12-12 05:26:22.130171+00	0		
90	199467	741058	87	0	2014-11-17 22:35:38.009923+00	0		
91	199467	634898	89	0	2014-11-17 22:35:58.269816+00	0		
92	199467	866205	89	0	2014-11-17 22:35:58.269816+00	0		
152	199467	89	231	0	2014-11-18 00:08:17.756011+00	0		
3960	199467	148243	1703	0	2014-12-14 07:50:31.627151+00	0		
94	199468	989336	89	0	2014-11-17 22:35:58.269816+00	0		
167	199467	1171229	313	0	2014-11-18 01:23:18.808842+00	0		
95	199468	771301	89	0	2014-11-17 22:35:58.269816+00	0		
96	199468	1171187	89	0	2014-11-17 22:35:58.269816+00	0		
98	199467	1155311	91	0	2014-11-17 22:36:28.778042+00	0		
168	199467	1171227	313	0	2014-11-18 01:23:18.808842+00	0		
103	199467	367040	96	0	2014-11-17 22:38:03.077152+00	0		
107	199467	366183	100	0	2014-11-17 22:39:13.579088+00	0		
4008	199467	148243	1738	0	2014-12-14 21:55:22.51864+00	0		
111	199467	787491	104	0	2014-11-17 22:40:19.23974+00	0		
169	199467	1171207	313	0	2014-11-18 01:23:18.808842+00	0		
114	199467	249628	107	0	2014-11-17 22:41:15.439609+00	0		
118	199467	176623	111	0	2014-11-17 22:42:23.639746+00	0		
122	199467	249628	115	0	2014-11-17 22:43:08.87116+00	0		
170	199467	1171225	313	0	2014-11-18 01:23:18.808842+00	0		
127	199467	679803	116	0	2014-11-17 22:43:37.062943+00	0		
4087	199643	712852	1813	0	2014-12-15 12:53:30.49163+00	0		
4260	199467	891739	1836	0	2014-12-16 02:54:33.547037+00	0		
171	199467	1171217	313	0	2014-11-18 01:23:18.808842+00	0		
4261	199467	389685	1836	0	2014-12-16 02:54:33.547037+00	0		
139	199467	994581	147	0	2014-11-17 23:01:49.349664+00	0		
140	199467	1137169	147	0	2014-11-17 23:01:49.349664+00	0		
172	199467	698166	313	0	2014-11-18 01:23:18.808842+00	0		
141	199467	989336	147	0	2014-11-17 23:01:49.349664+00	0		
146	199468	381236	113	0	2014-11-17 23:28:49.476752+00	0		
4262	199467	1180011	1836	0	2014-12-16 02:54:33.547037+00	0		
173	199467	1171224	313	0	2014-11-18 01:23:18.808842+00	0		
4263	205525	900956	1836	0	2014-12-16 02:54:33.547037+00	0		
177	199467	302348	316	0	2014-11-18 08:59:25.856079+00	0		
178	199468	771300	316	0	2014-11-18 08:59:25.856079+00	0		
4264	205525	1034719	1836	0	2014-12-16 02:54:33.547037+00	0		
4265	205526	900947	1836	0	2014-12-16 02:54:33.547037+00	0		
182	199467	491558	320	0	2014-11-18 09:13:46.670189+00	0		
4266	205527	758745	1836	0	2014-12-16 02:54:33.547037+00	0		
184	199467	783055	322	0	2014-11-18 09:14:17.318611+00	0		
189	199467	944747	327	0	2014-11-18 09:15:33.873636+00	0		
4267	205528	900949	1836	0	2014-12-16 02:54:33.547037+00	0		
195	199467	944747	333	0	2014-11-18 09:17:05.072405+00	0		
4369	199467	210784	1851	0	2014-12-16 10:12:22.91754+00	0		
4371	199467	210784	1853	0	2014-12-16 11:13:20.677763+00	0		
4123	199467	15942	1815	0	2014-12-15 16:38:10.230999+00	0		
4124	199467	900643	1815	0	2014-12-15 16:38:10.230999+00	0		
4125	199467	37853	1815	0	2014-12-15 16:38:10.230999+00	0		
226	199467	287747	364	0	2014-11-18 09:24:56.39774+00	0		
4126	199467	210891	1815	0	2014-12-15 16:38:10.230999+00	0		
228	199467	881874	366	0	2014-11-18 09:25:24.46468+00	0		
4313	199643	1179864	1843	0	2014-12-16 05:06:45.120035+00	0		
4127	199467	182997	1815	0	2014-12-15 16:38:10.230999+00	0		
4128	199467	678487	1815	0	2014-12-15 16:38:10.230999+00	0		
3802	199467	9861	1591	0	2014-12-08 18:44:49.71794+00	0		
3803	199468	495162	1591	0	2014-12-08 18:44:49.71794+00	0		
3804	199468	1177809	1591	0	2014-12-08 18:44:49.71794+00	0		
5657	199467	877741	194	0	2015-01-22 04:10:04.610861+00	0		
5723	199467	210784	2370	0	2015-02-01 11:47:11.470549+00	0		
5745	199467	210784	2392	0	2015-02-02 03:07:05.187268+00	0		
4314	199643	1179866	1843	0	2014-12-16 05:06:45.120035+00	0		
5751	199467	210784	2398	0	2015-02-02 07:37:55.191436+00	0		
4088	199643	176926	1813	0	2014-12-15 12:53:30.49163+00	0		
5679	199467	210784	2337	0	2015-01-26 06:54:16.566653+00	0		
5774	199467	210784	2420	0	2015-02-03 11:10:38.741332+00	0		
4089	199871	531587	1813	0	2014-12-15 12:53:30.49163+00	0		
5683	199467	210784	2341	0	2015-01-27 05:15:05.545278+00	0		
4090	199854	1056563	1813	0	2014-12-15 12:53:30.49163+00	0		
5780	199467	210784	2424	0	2015-02-04 09:40:28.392538+00	0		
5713	199467	1195806	2359	0	2015-01-28 03:23:33.133698+00	0		
4091	205411	1092067	1813	0	2014-12-15 12:53:30.49163+00	0		
5785	199467	210784	2429	0	2015-02-05 00:43:24.022856+00	0		
4092	205412	1092068	1813	0	2014-12-15 12:53:30.49163+00	0		
4320	205458	43082	1843	0	2014-12-16 05:06:45.120035+00	0		
4093	205413	1092069	1813	0	2014-12-15 12:53:30.49163+00	0		
4379	199468	245132	1861	0	2014-12-16 19:55:06.127194+00	0		
4378	199467	20049	1861	0	2014-12-16 19:55:06.127194+00	0		
4418	205763	194820	1868	0	2014-12-17 03:11:15.489053+00	0		
3878	199467	210784	1620	0	2014-12-11 23:27:51.704626+00	0		
4419	205763	1175763	1868	0	2014-12-17 03:11:15.489053+00	0		
4569	199643	1180744	1964	0	2014-12-18 17:23:41.325239+00	0		
4420	205763	83482	1868	0	2014-12-17 03:11:15.489053+00	0		
4570	199643	1179866	1964	0	2014-12-18 17:23:41.325239+00	0		
4321	206878	31900	1843	0	2014-12-16 05:06:45.120035+00	0		
4571	199643	1179864	1964	0	2014-12-18 17:23:41.325239+00	0		
4094	199871	62974	1813	0	2014-12-15 12:53:30.49163+00	0		
4319	206021	2968	1843	0	2014-12-16 05:06:45.120035+00	0		
4095	199871	543791	1813	0	2014-12-15 12:53:30.49163+00	0		
4096	199871	287596	1813	0	2014-12-15 12:53:30.49163+00	0		
5719	199467	210784	2367	0	2015-01-30 21:21:37.074645+00	0		
5787	199467	754645	2431	0	2015-02-05 09:02:24.47878+00	0		
252	199467	944747	390	0	2014-11-18 09:31:28.246161+00	0		
253	199467	2147	391	0	2014-11-18 09:31:44.22419+00	0		
4572	199643	1003428	1964	0	2014-12-18 17:23:41.325239+00	0		
3869	199467	148243	1611	0	2014-12-11 22:38:41.91447+00	0		
279	199467	491558	417	0	2014-11-18 09:38:12.698057+00	0		
280	199467	491558	418	0	2014-11-18 09:38:28.947611+00	0		
5658	199467	69241	1980	0	2015-01-22 04:11:49.46978+00	0		
3879	199467	210784	1621	0	2014-12-11 23:33:33.291785+00	0		
4129	199468	1046512	1815	0	2014-12-15 16:53:30.403134+00	0		
3903	199467	148243	1645	0	2014-12-12 05:11:53.409945+00	0		
4130	199468	515987	1815	0	2014-12-15 16:53:30.403134+00	0		
3918	199467	148243	1660	0	2014-12-12 05:54:31.743168+00	0		
4131	199468	503970	1815	0	2014-12-15 16:53:30.403134+00	0		
3961	199467	148243	1704	0	2014-12-14 07:54:51.01411+00	0		
4132	199468	741460	1815	0	2014-12-15 16:53:30.403134+00	0		
4009	199467	148243	1739	0	2014-12-14 21:56:13.352947+00	0		
4133	199468	1001654	1815	0	2014-12-15 16:53:30.403134+00	0		
4134	199643	1179864	1815	0	2014-12-15 16:53:30.403134+00	0		
4135	199643	1179866	1815	0	2014-12-15 16:53:30.403134+00	0		
3805	199467	8167	1592	0	2014-12-08 18:46:29.574374+00	0		
3806	199468	117878	1592	0	2014-12-08 18:46:29.574374+00	0		
5684	199467	210784	2342	0	2015-01-27 07:30:22.324366+00	0		
5775	199871	20157	2421	0	2015-02-03 14:03:48.534588+00	0		
4327	206606	327100	1843	0	2014-12-16 06:07:35.953147+00	0		
4323	205458	50531	1843	0	2014-12-16 06:07:35.953147+00	0		
4324	205458	929069	1843	0	2014-12-16 06:07:35.953147+00	0		
6682	199467	917354	3200	0	2015-03-23 00:09:16.085913+00	0		
5788	199659	963713	2431	0	2015-02-05 09:02:24.47878+00	0		
4326	206877	131771	1843	0	2014-12-16 06:07:35.953147+00	0		
5724	199467	210784	2371	0	2015-02-01 11:52:51.736453+00	0		
5746	199467	210784	2393	0	2015-02-02 03:11:24.964577+00	0		
5752	199467	210784	2399	0	2015-02-02 07:41:16.130499+00	0		
5782	199467	210784	2426	0	2015-02-04 09:46:48.424397+00	0		
6683	199467	1214668	3200	0	2015-03-23 00:09:16.085913+00	0		
6684	199467	1215856	3200	0	2015-03-23 00:09:16.085913+00	0		
4325	206884	194820	1843	0	2014-12-16 06:07:35.953147+00	0		
4421	205458	200709	1868	0	2014-12-17 03:12:59.172105+00	0		
4422	205458	106864	1868	0	2014-12-17 03:12:59.172105+00	0		
4423	205458	385957	1868	0	2014-12-17 03:12:59.172105+00	0		
4328	206886	369573	1843	0	2014-12-16 06:07:35.953147+00	0		
4424	205458	2138	1868	0	2014-12-17 03:12:59.172105+00	0		
4269	205525	900956	1837	0	2014-12-16 03:11:04.156122+00	0		
4270	205525	277762	1837	0	2014-12-16 03:11:04.156122+00	0		
4271	205525	1034719	1837	0	2014-12-16 03:11:04.156122+00	0		
4272	205526	900947	1837	0	2014-12-16 03:11:04.156122+00	0		
4273	205527	758745	1837	0	2014-12-16 03:11:04.156122+00	0		
4274	205528	900946	1837	0	2014-12-16 03:11:04.156122+00	0		
4370	199467	210784	1852	0	2014-12-16 10:27:07.8616+00	0		
4372	199467	210784	1854	0	2014-12-16 11:17:42.384358+00	0		
4380	199854	1180209	1829	0	2014-12-16 19:57:32.259967+00	0		
8366	205528	275200	3618	0	2015-05-04 07:11:22.87976+00	0		
8367	213174	763953	3618	0	2015-05-04 07:11:22.87976+00	0		
8368	205526	763953	3618	0	2015-05-04 07:11:22.87976+00	0		
8369	213174	518603	3618	0	2015-05-04 07:11:22.87976+00	0		
8370	205525	518603	3618	0	2015-05-04 07:11:22.87976+00	0		
5843	199467	4825	2489	0	2015-02-13 17:56:59.407964+00	0		
5659	199467	30649	1980	0	2015-01-22 04:12:43.772936+00	0		
257	199467	819233	395	0	2014-11-18 09:32:42.033395+00	0		
258	199467	1058505	396	0	2014-11-18 09:32:57.847258+00	0		
5753	199467	210784	2400	0	2015-02-02 07:45:51.205144+00	0		
259	199467	225067	397	0	2014-11-18 09:33:13.700804+00	0		
260	199467	1058514	398	0	2014-11-18 09:33:25.944839+00	0		
4613	206448	33733	1993	0	2014-12-19 22:36:23.13981+00	0		
261	199467	641480	399	0	2014-11-18 09:33:40.139676+00	0		
5833	199467	941457	2482	0	2015-02-09 11:15:29.499869+00	0		
5685	199467	210784	2343	0	2015-01-27 08:10:18.182968+00	0		
5776	199854	360799	2422	0	2015-02-03 14:09:39.387708+00	0		
3962	199467	148243	1705	0	2014-12-14 07:59:44.829446+00	0		
4614	206449	644345	1993	0	2014-12-19 22:36:23.13981+00	0		
269	199467	528238	407	0	2014-11-18 09:35:41.240722+00	0		
270	199467	783055	408	0	2014-11-18 09:35:56.584987+00	0		
271	199467	491558	409	0	2014-11-18 09:36:11.952903+00	0		
4637	205459	668647	1995	0	2014-12-20 07:14:20.390813+00	0		
3810	206605	1177820	1555	0	2014-12-08 19:14:49.154024+00	0		
281	199467	583723	419	0	2014-11-18 09:38:45.783763+00	0		
282	199467	251602	420	0	2014-11-18 09:39:02.175104+00	0		
3811	208770	1177827	1555	0	2014-12-08 19:14:49.154024+00	0		
285	199467	599518	423	0	2014-11-18 09:39:48.198463+00	0		
4574	206127	276038	1964	0	2014-12-18 18:01:23.667809+00	0		
4136	199643	1179864	1816	0	2014-12-15 17:01:31.232289+00	0		
4137	199643	1179866	1816	0	2014-12-15 17:01:31.232289+00	0		
4626	206497	107273	1995	0	2014-12-20 05:02:28.792737+00	0		
4138	199467	34851	1816	0	2014-12-15 17:01:31.232289+00	0		
4575	206128	1180750	1964	0	2014-12-18 18:01:23.667809+00	0		
4139	199467	39218	1816	0	2014-12-15 17:01:31.232289+00	0		
4140	199467	360253	1816	0	2014-12-15 17:01:31.232289+00	0		
4141	199467	11052	1816	0	2014-12-15 17:01:31.232289+00	0		
4576	206129	308431	1964	0	2014-12-18 18:01:23.667809+00	0		
4142	199467	515987	1816	0	2014-12-15 17:01:31.232289+00	0		
4143	199467	37853	1816	0	2014-12-15 17:01:31.232289+00	0		
4144	199467	23950	1816	0	2014-12-15 17:01:31.232289+00	0		
3807	204011	1177808	1555	0	2014-12-08 19:14:49.154024+00	0		
3809	203992	1177814	1555	0	2014-12-08 19:14:49.154024+00	0		
3808	208772	1177812	1555	0	2014-12-08 19:14:49.154024+00	0		
3812	204007	1177828	1555	0	2014-12-08 19:14:49.154024+00	0		
4642	205461	1148738	1995	0	2014-12-20 07:14:20.390813+00	0		
5777	199871	20157	2422	0	2015-02-03 14:09:39.387708+00	0		
5778	203956	501252	2422	0	2015-02-03 14:09:39.387708+00	0		
5789	199467	43262	2432	0	2015-02-05 22:14:23.579249+00	0		
5791	199467	2147	2434	0	2015-02-06 07:58:59.445749+00	0		
5792	199468	665106	2434	0	2015-02-06 07:58:59.445749+00	0		
4577	206130	419935	1964	0	2014-12-18 18:01:23.667809+00	0		
4425	205459	550565	1868	0	2014-12-17 03:24:46.139774+00	0		
4426	205459	416643	1868	0	2014-12-17 03:24:46.139774+00	0		
4627	206498	139663	1995	0	2014-12-20 05:02:28.792737+00	0		
4427	205459	411381	1868	0	2014-12-17 03:24:46.139774+00	0		
4578	205797	34851	1964	0	2014-12-18 18:01:23.667809+00	0		
4428	205459	9756	1868	0	2014-12-17 03:24:46.139774+00	0		
4429	205459	36961	1868	0	2014-12-17 03:24:46.139774+00	0		
5794	199467	1045889	2438	0	2015-02-07 10:57:32.073258+00	0		
4579	205797	393453	1964	0	2014-12-18 18:01:23.667809+00	0		
3870	199467	148243	1612	0	2014-12-11 22:43:37.238019+00	0		
3880	199467	210784	1622	0	2014-12-11 23:36:56.389845+00	0		
3881	199467	210784	1623	0	2014-12-11 23:43:59.911922+00	0		
3904	199467	148243	1646	0	2014-12-12 05:14:50.953294+00	0		
5797	199467	912136	2442	0	2015-02-07 17:42:40.374797+00	0		
5798	199467	1199473	2442	0	2015-02-07 17:42:40.374797+00	0		
5811	199467	210784	2459	0	2015-02-08 05:03:28.579333+00	0		
4010	199467	148243	1740	0	2014-12-14 21:57:08.117384+00	0		
8371	199467	3198	3619	0	2015-05-04 07:13:30.331306+00	0		
4594	206370	931595	1964	0	2014-12-19 19:20:10.936543+00	0		
4638	205459	510911	1995	0	2014-12-20 07:14:20.390813+00	0		
4595	203993	49425	1964	0	2014-12-19 19:20:10.936543+00	0		
4629	206369	71580	1995	0	2014-12-20 05:02:28.792737+00	0		
4596	203998	39782	1964	0	2014-12-19 19:20:10.936543+00	0		
4597	205955	470102	1964	0	2014-12-19 19:20:10.936543+00	0		
4598	206371	83482	1964	0	2014-12-19 19:20:10.936543+00	0		
4630	205458	59925	1995	0	2014-12-20 07:14:20.390813+00	0		
4593	206375	517443	1964	0	2014-12-19 19:20:10.936543+00	0		
4573	206376	459257	1964	0	2014-12-18 18:01:23.667809+00	0		
4430	205459	1148319	1868	0	2014-12-17 03:24:46.139774+00	0		
4631	205458	57540	1995	0	2014-12-20 07:14:20.390813+00	0		
4632	205458	429892	1995	0	2014-12-20 07:14:20.390813+00	0		
4276	205528	900946	1838	0	2014-12-16 03:12:29.515826+00	0		
4633	205458	336844	1995	0	2014-12-20 07:14:20.390813+00	0		
4277	205527	758745	1838	0	2014-12-16 03:12:29.515826+00	0		
4634	205459	930274	1995	0	2014-12-20 07:14:20.390813+00	0		
4278	205526	900947	1838	0	2014-12-16 03:12:29.515826+00	0		
4635	205459	144270	1995	0	2014-12-20 07:14:20.390813+00	0		
4279	205525	1034719	1838	0	2014-12-16 03:12:29.515826+00	0		
4636	205459	2104	1995	0	2014-12-20 07:14:20.390813+00	0		
4280	205525	277762	1838	0	2014-12-16 03:12:29.515826+00	0		
4639	205458	426410	1995	0	2014-12-20 07:14:20.390813+00	0		
4281	205525	900956	1838	0	2014-12-16 03:12:29.515826+00	0		
4640	205459	842640	1995	0	2014-12-20 07:14:20.390813+00	0		
4329	199467	210784	1845	0	2014-12-16 06:20:31.161821+00	0		
4592	199467	956	1985	0	2014-12-19 17:52:58.251161+00	0		
4641	205461	168853	1995	0	2014-12-20 07:14:20.390813+00	0		
4373	199467	210784	1855	0	2014-12-16 11:21:02.448679+00	0		
5827	199467	210784	2475	0	2015-02-08 21:45:24.530972+00	0		
4381	199467	1156378	1862	0	2014-12-16 20:23:38.579965+00	0		
4643	205461	190134	1995	0	2014-12-20 07:14:20.390813+00	0		
5725	199467	210784	2372	0	2015-02-01 11:58:22.818229+00	0		
4382	199467	481747	1862	0	2014-12-16 20:23:38.579965+00	0		
4588	199467	210784	1981	0	2014-12-19 08:07:42.498373+00	0		
4591	199643	433368	1985	0	2014-12-19 17:52:58.251161+00	0		
5838	199467	397	2484	0	2015-02-09 20:02:00.442323+00	0		
5747	199467	210784	2394	0	2015-02-02 04:54:04.111866+00	0		
5834	199467	11398	2482	0	2015-02-09 11:15:29.499869+00	0		
5841	199468	270538	2484	0	2015-02-09 20:02:00.442323+00	0		
4628	206499	134858	1995	0	2014-12-20 05:02:28.792737+00	0		
5842	199467	502640	2487	0	2015-02-10 22:53:50.763431+00	0		
5783	199467	210784	2427	0	2015-02-04 09:48:59.064162+00	0		
5844	199468	235127	2489	0	2015-02-13 17:56:59.407964+00	0		
4435	205461	529544	1868	0	2014-12-17 03:27:39.389755+00	0		
267	199467	944747	405	0	2014-11-18 09:35:11.173458+00	0		
268	199467	944747	406	0	2014-11-18 09:35:25.812016+00	0		
272	199467	944747	410	0	2014-11-18 09:36:27.316437+00	0		
4609	206385	427870	1964	0	2014-12-19 19:29:29.341986+00	0		
274	199467	446001	412	0	2014-11-18 09:36:58.200065+00	0		
4152	206846	503970	1817	0	2014-12-15 17:18:25.61492+00	0		
4286	205526	900947	1839	0	2014-12-16 03:13:55.703549+00	0		
4145	199643	1179864	1817	0	2014-12-15 17:18:25.61492+00	0		
286	199467	93	424	0	2014-11-18 09:40:04.617804+00	0		
4146	199643	1179866	1817	0	2014-12-15 17:18:25.61492+00	0		
5828	199467	210784	2476	0	2015-02-08 21:49:28.333106+00	0		
5660	199467	262498	1980	0	2015-01-22 05:30:52.522605+00	0		
4287	205527	758745	1839	0	2014-12-16 03:13:55.703549+00	0		
4330	206864	39218	1843	0	2014-12-16 06:22:38.323861+00	0		
5836	199467	1084340	2483	0	2015-02-09 11:23:45.217672+00	0		
4351	205809	772763	1846	0	2014-12-16 07:02:42.85941+00	0		
3871	199467	148243	1613	0	2014-12-11 22:47:02.583435+00	0		
5837	199467	282812	2483	0	2015-02-09 11:23:45.217672+00	0		
4288	205528	900946	1839	0	2014-12-16 03:13:55.703549+00	0		
4331	206882	14210	1843	0	2014-12-16 06:22:38.323861+00	0		
4374	199467	210784	1856	0	2014-12-16 11:27:59.253764+00	0		
5790	199467	2590	2433	0	2015-02-05 22:21:15.665813+00	0		
5686	199467	210784	2344	0	2015-01-27 08:15:11.065993+00	0		
4352	205451	34607	1846	0	2014-12-16 07:02:42.85941+00	0		
6688	234142	1216026	3202	0	2015-03-23 14:12:50.042934+00	0		
4436	205461	50621	1868	0	2014-12-17 03:27:39.389755+00	0		
5793	199467	2147	2435	0	2015-02-06 09:09:48.307262+00	0		
5795	216048	848932	2439	0	2015-02-07 15:07:05.420192+00	0		
4383	205763	109627	1863	0	2014-12-16 21:02:43.217217+00	0		
5796	199643	931578	2439	0	2015-02-07 15:07:05.420192+00	0		
4350	206776	210212	1846	0	2014-12-16 07:02:42.85941+00	0		
4589	199467	210784	1982	0	2014-12-19 08:14:27.664172+00	0		
4384	205763	137739	1863	0	2014-12-16 21:02:43.217217+00	0		
5726	199467	210784	2373	0	2015-02-01 12:04:24.401732+00	0		
4354	206897	97868	1846	0	2014-12-16 07:02:42.85941+00	0		
3873	199467	148243	1615	0	2014-12-11 22:48:51.759149+00	0		
4385	205763	1213	1863	0	2014-12-16 21:02:43.217217+00	0		
5748	199467	210784	2395	0	2015-02-02 04:59:28.174389+00	0		
4353	206452	24080	1846	0	2014-12-16 07:02:42.85941+00	0		
3813	199467	148243	1593	0	2014-12-08 19:58:29.421773+00	0		
5754	199467	210784	2401	0	2015-02-02 07:59:22.323206+00	0		
5835	199467	355861	2483	0	2015-02-09 11:23:45.217672+00	0		
5799	199467	210784	2443	0	2015-02-08 00:15:04.462711+00	0		
5800	199467	210784	2444	0	2015-02-08 00:32:32.58863+00	0		
5812	199467	210784	2460	0	2015-02-08 05:09:16.554449+00	0		
4437	205461	852206	1868	0	2014-12-17 03:27:39.389755+00	0		
4386	205763	50537	1863	0	2014-12-16 21:02:43.217217+00	0		
4283	205525	900956	1839	0	2014-12-16 03:13:55.703549+00	0		
3822	199467	249628	1603	0	2014-12-11 00:20:32.490341+00	0		
3823	204842	1160349	1603	0	2014-12-11 00:20:32.490341+00	0		
3882	199467	210784	1624	0	2014-12-11 23:44:58.340642+00	0		
4387	205458	196133	1863	0	2014-12-16 21:02:43.217217+00	0		
3905	199467	148243	1647	0	2014-12-12 05:19:12.41798+00	0		
4388	205458	1180221	1863	0	2014-12-16 21:02:43.217217+00	0		
4389	205458	22464	1863	0	2014-12-16 21:02:43.217217+00	0		
4390	205458	952100	1863	0	2014-12-16 21:02:43.217217+00	0		
4391	205458	303164	1863	0	2014-12-16 21:02:43.217217+00	0		
4615	206450	305043	1993	0	2014-12-19 22:47:02.798747+00	0		
4392	205458	37853	1863	0	2014-12-16 21:02:43.217217+00	0		
4599	206377	408123	1964	0	2014-12-19 19:29:29.341986+00	0		
4393	205458	1644	1863	0	2014-12-16 21:02:43.217217+00	0		
4431	205461	936680	1868	0	2014-12-17 03:27:39.389755+00	0		
4432	205461	122759	1868	0	2014-12-17 03:27:39.389755+00	0		
4600	206378	38317	1964	0	2014-12-19 19:29:29.341986+00	0		
4433	205461	547365	1868	0	2014-12-17 03:27:39.389755+00	0		
4434	205461	588027	1868	0	2014-12-17 03:27:39.389755+00	0		
4644	205461	802993	1995	0	2014-12-20 07:14:20.390813+00	0		
4601	206379	6816	1964	0	2014-12-19 19:29:29.341986+00	0		
4616	205955	42686	1993	0	2014-12-19 22:47:02.798747+00	0		
4602	206380	198280	1964	0	2014-12-19 19:29:29.341986+00	0		
4603	205810	53634	1964	0	2014-12-19 19:29:29.341986+00	0		
4604	206381	31822	1964	0	2014-12-19 19:29:29.341986+00	0		
4617	205447	513624	1993	0	2014-12-19 22:47:02.798747+00	0		
4605	206382	7613	1964	0	2014-12-19 19:29:29.341986+00	0		
4606	206383	1085075	1964	0	2014-12-19 19:29:29.341986+00	0		
4607	206383	217687	1964	0	2014-12-19 19:29:29.341986+00	0		
4608	206384	243628	1964	0	2014-12-19 19:29:29.341986+00	0		
4610	206385	1103437	1964	0	2014-12-19 19:29:29.341986+00	0		
4611	206386	4282	1964	0	2014-12-19 19:29:29.341986+00	0		
4645	205461	531977	1995	0	2014-12-20 07:14:20.390813+00	0		
4612	204013	24239	1964	0	2014-12-19 19:29:29.341986+00	0		
4619	206452	8871	1993	0	2014-12-19 22:47:02.798747+00	0		
4620	206453	514422	1993	0	2014-12-19 22:47:02.798747+00	0		
4148	206769	569447	1817	0	2014-12-15 17:18:25.61492+00	0		
4621	206454	212090	1993	0	2014-12-19 22:47:02.798747+00	0		
4646	205461	344921	1995	0	2014-12-20 07:14:20.390813+00	0		
4622	206455	1181181	1993	0	2014-12-19 22:47:02.798747+00	0		
3963	199467	148243	1706	0	2014-12-14 08:00:50.691263+00	0		
4623	205816	1046300	1993	0	2014-12-19 22:47:02.798747+00	0		
4011	199467	148243	1741	0	2014-12-14 21:57:55.804964+00	0		
4284	205525	277762	1839	0	2014-12-16 03:13:55.703549+00	0		
4161	206847	587823	1817	0	2014-12-15 17:18:25.61492+00	0		
4285	205525	1034719	1839	0	2014-12-16 03:13:55.703549+00	0		
4158	206848	308431	1817	0	2014-12-15 17:18:25.61492+00	0		
4163	206386	43080	1817	0	2014-12-15 17:18:25.61492+00	0		
8372	207508	112760	3620	0	2015-05-04 07:19:08.668811+00	0		
4156	206849	6212	1817	0	2014-12-15 17:18:25.61492+00	0		
8373	238226	112760	3620	0	2015-05-04 07:19:08.668811+00	0		
4580	199467	956	2003	0	2014-12-18 19:43:31.885061+00	0		
4618	206451	187616	1993	0	2014-12-19 22:47:02.798747+00	0		
8374	213174	518603	3620	0	2015-05-04 07:19:08.668811+00	0		
8375	205525	518603	3620	0	2015-05-04 07:19:08.668811+00	0		
8376	213174	763953	3620	0	2015-05-04 07:19:08.668811+00	0		
8377	205526	763953	3620	0	2015-05-04 07:19:08.668811+00	0		
8378	213174	275200	3620	0	2015-05-04 07:19:08.668811+00	0		
3492	203021	678437	1308	0	2014-12-01 13:02:28.286983+00	0		
4654	199467	22590	1996	0	2014-12-20 16:08:18.752879+00	0		
3964	199467	148243	1707	0	2014-12-14 08:03:19.179957+00	0		
4747	205763	507035	1993	0	2014-12-21 06:16:41.72325+00	0		
4012	199467	148243	1742	0	2014-12-14 22:09:27.467453+00	0		
4164	199643	1179864	1818	0	2014-12-15 17:36:06.802136+00	0		
5687	199467	210784	2345	0	2015-01-27 08:23:21.361198+00	0		
4165	199643	1179866	1818	0	2014-12-15 17:36:06.802136+00	0		
5661	199467	173125	2319	0	2015-01-22 05:33:31.188602+00	0		
4290	205528	900946	1840	0	2014-12-16 03:21:23.727963+00	0		
4174	205450	44644	1818	0	2014-12-15 17:36:06.802136+00	0		
5839	199467	7548	2484	0	2015-02-09 20:02:00.442323+00	0		
4172	206790	40321	1818	0	2014-12-15 17:36:06.802136+00	0		
5801	199467	210784	2445	0	2015-02-08 00:41:41.258009+00	0		
445	199467	2147	583	0	2014-11-18 10:20:55.97643+00	0		
3824	199467	249628	1604	0	2014-12-11 00:24:26.726782+00	0		
4291	205527	758745	1840	0	2014-12-16 03:21:23.727963+00	0		
5813	199467	210784	2461	0	2015-02-08 06:03:13.597675+00	0		
4394	199643	1179864	1863	0	2014-12-16 21:41:50.895165+00	0		
4178	206792	125751	1818	0	2014-12-15 17:36:06.802136+00	0		
5840	199468	104756	2484	0	2015-02-09 20:02:00.442323+00	0		
4395	199643	1179866	1863	0	2014-12-16 21:41:50.895165+00	0		
5727	199467	210784	2374	0	2015-02-01 12:11:06.892195+00	0		
4335	204009	798303	1843	0	2014-12-16 06:25:34.291069+00	0		
5749	199467	210784	2396	0	2015-02-02 05:02:59.873452+00	0		
3872	199467	148243	1614	0	2014-12-11 22:48:01.535012+00	0		
4292	205526	900947	1840	0	2014-12-16 03:21:23.727963+00	0		
5755	199467	210784	2402	0	2015-02-02 08:03:59.237846+00	0		
4396	199643	1180222	1863	0	2014-12-16 21:41:50.895165+00	0		
5829	199467	210784	2477	0	2015-02-08 21:55:46.530605+00	0		
481	199467	2147	619	0	2014-11-18 10:29:58.23231+00	0		
484	199467	2147	622	0	2014-11-18 10:30:45.15617+00	0		
4176	206455	999632	1818	0	2014-12-15 17:36:06.802136+00	0		
495	199467	1171366	642	0	2014-11-18 11:47:21.662495+00	0		
496	199468	1091166	642	0	2014-11-18 11:47:21.662495+00	0		
5848	199659	23	2505	0	2015-02-18 17:32:08.83079+00	0		
497	199468	1056503	642	0	2014-11-18 11:47:21.662495+00	0		
517	199467	865423	651	0	2014-11-18 12:50:13.046119+00	0		
518	199468	1045893	651	0	2014-11-18 12:50:13.046119+00	0		
519	199468	1171374	651	0	2014-11-18 12:50:13.046119+00	0		
5851	199467	180656	2512	0	2015-02-19 19:09:37.299128+00	0		
532	199467	705768	659	0	2014-11-18 13:10:29.902662+00	0		
5852	199467	210784	2952	0	2015-02-22 07:09:44.042251+00	0		
5849	199871	20157	2508	0	2015-02-18 20:51:02.586102+00	0		
584	199467	1147010	685	0	2014-11-18 14:27:09.731154+00	0		
6689	234146	1216026	3203	0	2015-03-23 14:33:02.674576+00	0		
585	199467	986758	685	0	2014-11-18 14:27:09.731154+00	0		
586	199467	912145	685	0	2014-11-18 14:27:09.731154+00	0		
3883	199467	210784	1625	0	2014-12-11 23:51:43.156493+00	0		
4293	205525	1034719	1840	0	2014-12-16 03:21:23.727963+00	0		
5891	199467	210784	2981	0	2015-02-23 01:40:40.909101+00	0		
3885	199467	210784	1627	0	2014-12-11 23:55:40.321159+00	0		
4294	205525	277762	1840	0	2014-12-16 03:21:23.727963+00	0		
3886	199467	210784	1628	0	2014-12-12 00:00:01.030147+00	0		
4295	205525	900956	1840	0	2014-12-16 03:21:23.727963+00	0		
5893	199467	210784	2986	0	2015-02-23 06:55:37.117825+00	0		
3906	199467	148243	1648	0	2014-12-12 05:22:04.507889+00	0		
4375	199467	210784	1857	0	2014-12-16 11:35:06.993224+00	0		
3908	199467	148243	1650	0	2014-12-12 05:27:11.733136+00	0		
4397	199643	1180223	1863	0	2014-12-16 21:41:50.895165+00	0		
5894	205528	731881	2986	0	2015-02-23 06:55:37.117825+00	0		
4398	205459	741457	1863	0	2014-12-16 21:41:50.895165+00	0		
4399	205459	30201	1863	0	2014-12-16 21:41:50.895165+00	0		
4653	206581	442125	1996	0	2014-12-20 16:08:18.752879+00	0		
4400	205459	281082	1863	0	2014-12-16 21:41:50.895165+00	0		
4624	199467	1181212	1994	0	2014-12-20 00:00:37.167392+00	0		
4401	205459	182997	1863	0	2014-12-16 21:41:50.895165+00	0		
4402	205459	11052	1863	0	2014-12-16 21:41:50.895165+00	0		
4171	205447	37738	1818	0	2014-12-15 17:36:06.802136+00	0		
4403	205459	9156	1863	0	2014-12-16 21:41:50.895165+00	0		
4625	199468	1181213	1994	0	2014-12-20 00:00:37.167392+00	0		
4404	205459	70966	1863	0	2014-12-16 21:41:50.895165+00	0		
4748	205763	8952	1993	0	2014-12-21 06:16:41.72325+00	0		
4647	206578	257038	1996	0	2014-12-20 16:08:18.752879+00	0		
4405	205461	1180227	1863	0	2014-12-16 21:41:50.895165+00	0		
4648	199467	305043	1996	0	2014-12-20 16:08:18.752879+00	0		
4649	199467	538259	1996	0	2014-12-20 16:08:18.752879+00	0		
4749	205458	203031	1993	0	2014-12-21 06:16:41.72325+00	0		
4650	199467	478939	1996	0	2014-12-20 16:08:18.752879+00	0		
4651	199467	43	1996	0	2014-12-20 16:08:18.752879+00	0		
4168	206769	11052	1818	0	2014-12-15 17:36:06.802136+00	0		
4652	199467	398810	1996	0	2014-12-20 16:08:18.752879+00	0		
4750	205458	309938	1993	0	2014-12-21 06:16:41.72325+00	0		
4334	204009	106721	1843	0	2014-12-16 06:25:34.291069+00	0		
4655	206369	216112	1996	0	2014-12-20 16:08:18.752879+00	0		
4751	205458	37023	1993	0	2014-12-21 06:16:41.72325+00	0		
4752	205458	379663	1993	0	2014-12-21 06:16:41.72325+00	0		
4170	206770	550491	1818	0	2014-12-15 17:36:06.802136+00	0		
4753	205458	564460	1993	0	2014-12-21 06:16:41.72325+00	0		
4754	205459	587823	1993	0	2014-12-21 06:16:41.72325+00	0		
4755	205459	44495	1993	0	2014-12-21 06:16:41.72325+00	0		
4166	206771	298	1818	0	2014-12-15 17:36:06.802136+00	0		
4756	205459	670896	1993	0	2014-12-21 06:16:41.72325+00	0		
4169	206775	115132	1818	0	2014-12-15 17:36:06.802136+00	0		
4757	205459	665825	1993	0	2014-12-21 06:16:41.72325+00	0		
5850	199854	360799	2508	0	2015-02-18 20:51:02.586102+00	0		
4758	205459	595010	1993	0	2014-12-21 06:16:41.72325+00	0		
4167	206773	1096961	1818	0	2014-12-15 17:36:06.802136+00	0		
4438	199467	210784	1879	0	2014-12-17 03:28:31.193557+00	0		
4173	206793	87730	1818	0	2014-12-15 17:36:06.802136+00	0		
4336	206879	21189	1843	0	2014-12-16 06:25:34.291069+00	0		
5846	199467	813	2505	0	2015-02-18 11:12:57.108996+00	0		
4581	199467	1180804	1969	0	2014-12-18 21:30:57.020243+00	0		
4332	206880	32411	1843	0	2014-12-16 06:25:34.291069+00	0		
4177	206794	182997	1818	0	2014-12-15 17:36:06.802136+00	0		
4590	199467	210784	1983	0	2014-12-19 08:20:48.477837+00	0		
4175	206795	371539	1818	0	2014-12-15 17:36:06.802136+00	0		
4179	206796	15942	1818	0	2014-12-15 17:36:06.802136+00	0		
4337	206883	417368	1843	0	2014-12-16 06:25:34.291069+00	0		
4333	206885	54795	1843	0	2014-12-16 06:25:34.291069+00	0		
4656	199467	114682	1996	0	2014-12-20 16:15:05.338503+00	0		
3884	199467	210784	1626	0	2014-12-11 23:52:43.481593+00	0		
4349	206892	120508	1846	0	2014-12-16 06:41:08.995143+00	0		
4289	199467	250409	1840	0	2014-12-16 03:21:23.727963+00	0		
4180	199643	1179866	1821	0	2014-12-15 19:04:29.486493+00	0		
4181	199643	1179864	1821	0	2014-12-15 19:04:29.486493+00	0		
3909	199467	148243	1651	0	2014-12-12 05:28:06.20219+00	0		
4182	205461	9756	1821	0	2014-12-15 19:04:29.486493+00	0		
4338	199643	1179864	1846	0	2014-12-16 06:41:08.995143+00	0		
4183	205458	2106	1821	0	2014-12-15 19:04:29.486493+00	0		
4184	205458	1045936	1821	0	2014-12-15 19:04:29.486493+00	0		
4410	205461	31906	1863	0	2014-12-16 21:52:20.248517+00	0		
4185	205458	58608	1821	0	2014-12-15 19:04:29.486493+00	0		
4339	199643	1179866	1846	0	2014-12-16 06:41:08.995143+00	0		
4186	205458	102877	1821	0	2014-12-15 19:04:29.486493+00	0		
4187	205458	433964	1821	0	2014-12-15 19:04:29.486493+00	0		
4188	205458	439800	1821	0	2014-12-15 19:04:29.486493+00	0		
4189	205466	50531	1821	0	2014-12-15 19:04:29.486493+00	0		
5662	199467	1193282	2319	0	2015-01-22 05:35:50.743754+00	0		
482	199467	2147	620	0	2014-11-18 10:30:13.565871+00	0		
4190	205458	31900	1821	0	2014-12-15 19:04:29.486493+00	0		
488	199467	783055	626	0	2014-11-18 10:31:48.715868+00	0		
498	199467	953184	643	0	2014-11-18 11:50:29.251964+00	0		
499	199468	1045893	643	0	2014-11-18 11:50:29.251964+00	0		
4191	205466	929069	1821	0	2014-12-15 19:04:29.486493+00	0		
500	199468	1056513	643	0	2014-11-18 11:50:29.251964+00	0		
520	199467	951548	652	0	2014-11-18 12:52:55.974541+00	0		
4409	205459	308431	1863	0	2014-12-16 21:52:20.248517+00	0		
521	199467	1171375	652	0	2014-11-18 12:52:55.974541+00	0		
4192	205459	371540	1821	0	2014-12-15 19:04:29.486493+00	0		
522	199468	1051123	652	0	2014-11-18 12:52:55.974541+00	0		
4193	205459	122759	1821	0	2014-12-15 19:04:29.486493+00	0		
4411	205461	31822	1863	0	2014-12-16 21:52:20.248517+00	0		
4194	205459	22531	1821	0	2014-12-15 19:04:29.486493+00	0		
4195	205459	40208	1821	0	2014-12-15 19:04:29.486493+00	0		
5756	199467	210784	2403	0	2015-02-02 08:08:28.567094+00	0		
4196	205459	741461	1821	0	2014-12-15 19:04:29.486493+00	0		
4662	206371	762201	1996	0	2014-12-20 16:15:05.338503+00	0		
4297	205525	900956	1841	0	2014-12-16 03:25:14.723346+00	0		
4198	205461	567138	1821	0	2014-12-15 19:04:29.486493+00	0		
4199	205461	752489	1821	0	2014-12-15 19:04:29.486493+00	0		
4298	205525	277762	1841	0	2014-12-16 03:25:14.723346+00	0		
4200	205461	169563	1821	0	2014-12-15 19:04:29.486493+00	0		
5688	199467	210784	2346	0	2015-01-27 09:14:16.574177+00	0		
4201	205461	269954	1821	0	2014-12-15 19:04:29.486493+00	0		
4439	199643	1179864	1881	0	2014-12-17 04:45:00.074135+00	0		
4197	205461	1179913	1821	0	2014-12-15 19:04:29.486493+00	0		
5853	199467	210784	2953	0	2015-02-22 07:55:11.87144+00	0		
5728	199467	210784	2375	0	2015-02-01 12:20:21.08108+00	0		
5802	199467	210784	2446	0	2015-02-08 00:45:27.236423+00	0		
5814	199467	210784	2462	0	2015-02-08 06:10:17.071251+00	0		
5830	199467	210784	2478	0	2015-02-08 22:01:25.642964+00	0		
4299	205525	1034719	1841	0	2014-12-16 03:25:14.723346+00	0		
4300	205526	900947	1841	0	2014-12-16 03:25:14.723346+00	0		
4301	205527	758745	1841	0	2014-12-16 03:25:14.723346+00	0		
5892	199467	210784	2982	0	2015-02-23 01:58:36.36309+00	0		
4440	199643	1179866	1881	0	2014-12-17 04:45:00.074135+00	0		
4302	205528	900946	1841	0	2014-12-16 03:25:14.723346+00	0		
5895	205527	875641	2986	0	2015-02-23 06:55:37.117825+00	0		
4765	205461	305235	1993	0	2014-12-21 06:16:41.72325+00	0		
4406	205461	798300	1863	0	2014-12-16 21:52:20.248517+00	0		
4407	205461	37537	1863	0	2014-12-16 21:52:20.248517+00	0		
3965	199467	148243	1708	0	2014-12-14 08:04:08.954893+00	0		
4408	205461	33145	1863	0	2014-12-16 21:52:20.248517+00	0		
8379	205528	275200	3620	0	2015-05-04 07:19:08.668811+00	0		
4658	199467	806071	1996	0	2014-12-20 16:15:05.338503+00	0		
4759	205459	246402	1993	0	2014-12-21 06:16:41.72325+00	0		
4659	199467	675364	1996	0	2014-12-20 16:15:05.338503+00	0		
4441	205797	50531	1881	0	2014-12-17 04:45:00.074135+00	0		
3825	199467	249628	1605	0	2014-12-11 00:49:53.217173+00	0		
3826	204846	1055104	1605	0	2014-12-11 00:49:53.217173+00	0		
3827	199467	741058	1605	0	2014-12-11 00:49:53.217173+00	0		
4660	199467	197061	1996	0	2014-12-20 16:15:05.338503+00	0		
4303	199659	389685	1841	0	2014-12-16 03:25:14.723346+00	0		
4661	199467	62533	1996	0	2014-12-20 16:15:05.338503+00	0		
4760	205459	261461	1993	0	2014-12-21 06:16:41.72325+00	0		
4663	199467	684301	1996	0	2014-12-20 16:15:05.338503+00	0		
4013	199467	148243	1743	0	2014-12-14 22:25:10.950599+00	0		
4664	199467	931598	1996	0	2014-12-20 16:15:05.338503+00	0		
4761	205461	767080	1993	0	2014-12-21 06:16:41.72325+00	0		
4665	199467	37853	1996	0	2014-12-20 16:15:05.338503+00	0		
4304	205525	5132	1841	0	2014-12-16 03:25:14.723346+00	0		
4657	203999	1131613	1996	0	2014-12-20 16:15:05.338503+00	0		
4762	205461	257620	1993	0	2014-12-21 06:16:41.72325+00	0		
4342	206773	55349	1846	0	2014-12-16 06:41:08.995143+00	0		
4348	206846	276475	1846	0	2014-12-16 06:41:08.995143+00	0		
4376	199467	210784	1858	0	2014-12-16 11:44:49.059443+00	0		
4764	205461	1140427	1993	0	2014-12-21 06:16:41.72325+00	0		
4766	205461	349212	1993	0	2014-12-21 06:16:41.72325+00	0		
4767	205461	690752	1993	0	2014-12-21 06:16:41.72325+00	0		
4344	206851	195669	1846	0	2014-12-16 06:41:08.995143+00	0		
4768	205461	42639	1993	0	2014-12-21 06:16:41.72325+00	0		
4582	199467	466125	1970	0	2014-12-18 21:50:35.268573+00	0		
4769	205461	565347	1993	0	2014-12-21 06:16:41.72325+00	0		
4770	205461	74834	1993	0	2014-12-21 06:16:41.72325+00	0		
4345	206371	11138	1846	0	2014-12-16 06:41:08.995143+00	0		
4340	206894	503969	1846	0	2014-12-16 06:41:08.995143+00	0		
4346	206371	53634	1846	0	2014-12-16 06:41:08.995143+00	0		
6690	203117	294760	3204	0	2015-03-23 17:33:52.931755+00	0		
6691	202897	39657	3204	0	2015-03-23 17:33:52.931755+00	0		
6692	200779	39893	3204	0	2015-03-23 17:33:52.931755+00	0		
6693	202905	105978	3204	0	2015-03-23 17:33:52.931755+00	0		
6694	200782	35996	3204	0	2015-03-23 17:33:52.931755+00	0		
6695	200737	30696	3204	0	2015-03-23 17:33:52.931755+00	0		
4778	205461	21453	1993	0	2014-12-21 06:16:41.72325+00	0		
4360	206893	38219	1846	0	2014-12-16 07:06:30.814217+00	0		
4306	205525	5132	1842	0	2014-12-16 03:29:29.693806+00	0		
4202	199643	1179864	1822	0	2014-12-15 19:14:23.468271+00	0		
4203	199643	1179866	1822	0	2014-12-15 19:14:23.468271+00	0		
4204	205458	53564	1822	0	2014-12-15 19:14:23.468271+00	0		
4205	205458	136791	1822	0	2014-12-15 19:14:23.468271+00	0		
480	199467	2147	618	0	2014-11-18 10:29:42.775402+00	0		
4206	205458	123237	1822	0	2014-12-15 19:14:23.468271+00	0		
4412	199643	1179864	1868	0	2014-12-16 22:58:05.352233+00	0		
4207	205458	414166	1822	0	2014-12-15 19:14:23.468271+00	0		
486	199467	944747	624	0	2014-11-18 10:31:17.146987+00	0		
501	199467	934150	644	0	2014-11-18 11:56:27.975561+00	0		
502	199467	594741	644	0	2014-11-18 11:56:27.975561+00	0		
4208	205458	137739	1822	0	2014-12-15 19:14:23.468271+00	0		
503	199467	820933	644	0	2014-11-18 11:56:27.975561+00	0		
504	199467	1043507	644	0	2014-11-18 11:56:27.975561+00	0		
5757	199467	210784	2404	0	2015-02-02 08:12:57.973926+00	0		
4209	205458	37853	1822	0	2014-12-15 19:14:23.468271+00	0		
4413	199643	1179866	1868	0	2014-12-16 22:58:05.352233+00	0		
4210	205458	122758	1822	0	2014-12-15 19:14:23.468271+00	0		
4211	205459	1023533	1822	0	2014-12-15 19:14:23.468271+00	0		
4212	205459	741461	1822	0	2014-12-15 19:14:23.468271+00	0		
4414	205763	1180235	1868	0	2014-12-16 22:58:05.352233+00	0		
4213	205459	86442	1822	0	2014-12-15 19:14:23.468271+00	0		
4214	205459	60494	1822	0	2014-12-15 19:14:23.468271+00	0		
3887	199467	210784	1629	0	2014-12-12 00:00:59.733824+00	0		
4215	205459	450074	1822	0	2014-12-15 19:14:23.468271+00	0		
3910	199467	148243	1652	0	2014-12-12 05:29:00.34854+00	0		
4216	205459	9156	1822	0	2014-12-15 19:14:23.468271+00	0		
4217	205459	1019	1822	0	2014-12-15 19:14:23.468271+00	0		
5803	199467	210784	2447	0	2015-02-08 00:53:30.90783+00	0		
5897	199467	901451	2996	0	2015-02-24 10:21:55.694023+00	0		
5689	199467	210784	2347	0	2015-01-27 10:21:37.179934+00	0		
5896	218345	833791	2987	0	2015-02-23 12:40:46.955368+00	0		
572	199467	23771	669	0	2014-11-18 14:13:03.550409+00	0		
573	199468	241744	669	0	2014-11-18 14:13:03.550409+00	0		
4307	205528	900946	1842	0	2014-12-16 03:29:29.693806+00	0		
574	199468	977081	669	0	2014-11-18 14:13:03.550409+00	0		
587	199467	478939	683	0	2014-11-18 14:31:32.625411+00	0		
4308	205527	758745	1842	0	2014-12-16 03:29:29.693806+00	0		
5729	199467	210784	2376	0	2015-02-01 12:45:57.512174+00	0		
4666	199467	867075	1996	0	2014-12-20 16:24:15.269043+00	0		
4309	205526	900947	1842	0	2014-12-16 03:29:29.693806+00	0		
4310	205525	1034719	1842	0	2014-12-16 03:29:29.693806+00	0		
4681	206452	171625	1996	0	2014-12-20 16:24:15.269043+00	0		
4311	205525	900956	1842	0	2014-12-16 03:29:29.693806+00	0		
5815	199467	210784	2463	0	2015-02-08 06:16:32.453044+00	0		
4667	199467	125330	1996	0	2014-12-20 16:24:15.269043+00	0		
4312	205525	277762	1842	0	2014-12-16 03:29:29.693806+00	0		
5823	199467	210784	2471	0	2015-02-08 06:49:37.270999+00	0		
4377	199467	210784	1859	0	2014-12-16 11:49:27.42785+00	0		
5831	199467	210784	2479	0	2015-02-08 22:04:57.536825+00	0		
4583	199467	466125	1971	0	2014-12-18 21:52:28.882191+00	0		
5854	199467	38813	2954	0	2015-02-22 10:42:27.764276+00	0		
4668	199467	357574	1996	0	2014-12-20 16:24:15.269043+00	0		
4416	205763	508496	1868	0	2014-12-16 22:58:05.352233+00	0		
3966	199467	148243	1709	0	2014-12-14 08:08:00.017633+00	0		
4415	205763	1180239	1868	0	2014-12-16 22:58:05.352233+00	0		
4669	199467	933746	1996	0	2014-12-20 16:24:15.269043+00	0		
4442	205798	459257	1881	0	2014-12-17 04:55:35.863985+00	0		
4443	205799	223407	1881	0	2014-12-17 04:55:35.863985+00	0		
4771	205461	1085075	1993	0	2014-12-21 06:16:41.72325+00	0		
4444	205800	85479	1881	0	2014-12-17 04:55:35.863985+00	0		
4670	199467	567273	1996	0	2014-12-20 16:24:15.269043+00	0		
4445	205801	3196	1881	0	2014-12-17 04:55:35.863985+00	0		
4671	199467	782369	1996	0	2014-12-20 16:24:15.269043+00	0		
4014	199467	148243	1744	0	2014-12-14 22:26:14.989156+00	0		
4672	199467	1110	1996	0	2014-12-20 16:24:15.269043+00	0		
4772	205461	647291	1993	0	2014-12-21 06:16:41.72325+00	0		
4674	199467	391746	1996	0	2014-12-20 16:24:15.269043+00	0		
4584	199467	466125	1972	0	2014-12-18 21:53:44.502666+00	0		
4675	199467	568030	1996	0	2014-12-20 16:24:15.269043+00	0		
4773	205461	1162758	1993	0	2014-12-21 06:16:41.72325+00	0		
