1	12132	473113	16028	0	2011-05-16 15:03:23.368437+00	0		
2	12132	474797	16278	0	2011-05-16 15:03:23.368437+00	0		
3	12132	289759	16522	0	2011-05-16 15:03:23.368437+00	0		
4	12132	2180	16962	0	2011-05-16 15:03:23.368437+00	0		
6	12133	397208	147	0	2011-05-16 15:03:23.368437+00	0		
52	12146	271189	357	0	2013-03-03 02:00:18.292175+00	0		
8	12132	366366	18522	0	2011-05-16 15:03:23.368437+00	0		
9	12132	9186	80	0	2011-05-16 15:03:23.368437+00	0		
10	12134	314983	4381	0	2011-05-16 15:03:23.368437+00	0		
11	12135	484504	4381	0	2011-05-16 15:03:23.368437+00	0		
12	12132	275019	19521	0	2011-05-16 15:03:23.368437+00	0		
13	12132	117553	19787	0	2011-05-16 15:03:23.368437+00	0		
14	12132	498112	20034	0	2011-05-16 15:03:23.368437+00	0		
15	12134	476847	19165	0	2011-05-16 15:03:23.368437+00	0		
16	12134	493566	6015	0	2011-05-16 15:03:23.368437+00	0		
17	12134	476853	19165	0	2011-05-16 15:03:23.368437+00	0		
18	12132	333713	16261	0	2011-05-16 15:03:23.368437+00	0		
20	12132	163591	20851	0	2011-05-16 15:03:23.368437+00	0		
22	12132	246509	301	0	2011-05-16 15:03:23.368437+00	0		
23	12136	83586	677	0	2011-05-16 15:03:23.368437+00	0		
24	12132	288546	496	0	2011-05-16 15:03:23.368437+00	0		
25	12137	504965	21127	0	2011-05-16 15:03:23.368437+00	0		
26	12132	21279	5639	0	2011-05-16 15:03:23.368437+00	0		
27	12138	328095	8999	0	2011-05-16 15:03:23.368437+00	0		
28	12139	474658	8233	0	2011-05-16 15:03:23.368437+00	0		
30	12132	237324	5156	0	2011-05-16 15:03:23.368437+00	0		
31	12132	281611	23826	0	2011-05-16 15:03:23.368437+00	0		
32	12140	271189	247	0	2011-05-16 15:03:23.368437+00	0		
33	12141	464311	23838	0	2011-05-16 15:03:23.368437+00	0		
34	12134	520376	23580	0	2011-05-16 15:03:23.368437+00	0		
35	12132	533971	8101	0	2011-05-16 15:03:23.368437+00	0		
36	12142	354369	15975	0	2011-05-16 15:03:23.368437+00	0		
37	12132	299481	24688	0	2011-05-16 15:03:23.368437+00	0		
38	12134	358006	25740	0	2011-05-16 15:03:23.368437+00	0		
39	12132	170988	2397	0	2011-05-16 15:03:23.368437+00	0		
40	12132	460991	14406	0	2011-05-16 15:03:23.368437+00	0		
42	12143	430868	803	0	2011-05-16 15:03:23.368437+00	0		
43	12132	536109	5940	0	2011-05-16 15:03:23.368437+00	0		
44	12132	4006	26754	0	2011-05-16 15:03:23.368437+00	0		
45	12132	114212	41937	0	2011-05-16 15:03:23.368437+00	0		
46	12134	21137	46	0	2011-05-16 15:03:23.368437+00	0		
47	12144	663229	42163	0	2011-05-16 15:03:23.368437+00	0		
48	12132	544159	26941	0	2011-05-16 15:03:23.368437+00	0		
49	12132	267759	15625	0	2011-05-16 15:03:23.368437+00	0		
50	12134	117798	2965	0	2011-05-16 15:03:23.368437+00	0		
3369	12297	717090	8667	0	2011-11-17 00:00:29.872648+00	0		
54	12132	550551	27626	0	2011-05-16 15:03:23.368437+00	0		
55	12148	554260	16194	0	2011-05-16 15:03:23.368437+00	0		
56	12149	555482	1002	0	2011-05-16 15:03:23.368437+00	0		
57	12132	461072	21002	0	2011-05-16 15:03:23.368437+00	0		
58	12132	217897	29000	0	2011-05-16 15:03:23.368437+00	0		
59	12134	559045	28733	0	2011-05-16 15:03:23.368437+00	0		
60	12150	536831	29215	0	2011-05-16 15:03:23.368437+00	0		
61	12132	556945	939	0	2011-05-16 15:03:23.368437+00	0		
62	12132	141439	37101	0	2011-05-16 15:03:23.368437+00	0		
64	12132	565141	29501	0	2011-05-16 15:03:23.368437+00	0		
65	12132	31923	26007	0	2011-05-16 15:03:23.368437+00	0		
66	12134	287267	1252	0	2011-05-16 15:03:23.368437+00	0		
67	12132	551797	25414	0	2011-05-16 15:03:23.368437+00	0		
68	12132	357426	18189	0	2011-05-16 15:03:23.368437+00	0		
69	12132	554855	31161	0	2011-05-16 15:03:23.368437+00	0		
70	12132	527976	25414	0	2011-05-16 15:03:23.368437+00	0		
71	12132	572609	30667	0	2011-05-16 15:03:23.368437+00	0		
72	12132	574137	24182	0	2011-05-16 15:03:23.368437+00	0		
73	12134	580479	31685	0	2011-05-16 15:03:23.368437+00	0		
75	12132	278360	32630	0	2011-05-16 15:03:23.368437+00	0		
76	12132	405456	33103	0	2011-05-16 15:03:23.368437+00	0		
77	12132	272250	33440	0	2011-05-16 15:03:23.368437+00	0		
78	12151	60771	2435	0	2011-05-16 15:03:23.368437+00	0		
79	12152	575579	32747	0	2011-05-16 15:03:23.368437+00	0		
81	12154	382939	33771	0	2011-05-16 15:03:23.368437+00	0		
82	12155	83586	1447	0	2011-05-16 15:03:23.368437+00	0		
83	12134	599878	9408	0	2011-05-16 15:03:23.368437+00	0		
84	12134	400559	34347	0	2011-05-16 15:03:23.368437+00	0		
87	12132	603185	34609	0	2011-05-16 15:03:23.368437+00	0		
88	12157	4893	862	0	2011-05-16 15:03:23.368437+00	0		
90	12132	238687	15880	0	2011-05-16 15:03:23.368437+00	0		
89	12158	14914	25	0	2013-04-17 00:00:36.531004+00	0		
93	12160	1443	1223	0	2011-05-16 15:03:23.368437+00	0		
94	12132	42933	36090	0	2011-05-16 15:03:23.368437+00	0		
95	12132	422414	36372	0	2011-05-16 15:03:23.368437+00	0		
96	12134	613389	35914	0	2011-05-16 15:03:23.368437+00	0		
97	12134	112605	36812	0	2011-05-16 15:03:23.368437+00	0		
98	12134	601357	35914	0	2011-05-16 15:03:23.368437+00	0		
99	12132	51501	1438	0	2011-05-16 15:03:23.368437+00	0		
100	12134	396679	35914	0	2011-05-16 15:03:23.368437+00	0		
101	12161	9142	28742	0	2011-05-16 15:03:23.368437+00	0		
102	12162	623927	37392	0	2011-05-16 15:03:23.368437+00	0		
103	12162	315350	37392	0	2011-05-16 15:03:23.368437+00	0		
104	12132	120083	37537	0	2011-05-16 15:03:23.368437+00	0		
105	12132	315916	1287	0	2011-05-16 15:03:23.368437+00	0		
107	12132	369083	8183	0	2011-05-16 15:03:23.368437+00	0		
108	12162	42884	38331	0	2011-05-16 15:03:23.368437+00	0		
109	12132	635774	28502	0	2011-05-16 15:03:23.368437+00	0		
110	12132	495990	1111	0	2011-05-16 15:03:23.368437+00	0		
111	12134	613909	5281	0	2011-05-16 15:03:23.368437+00	0		
112	12132	641396	27693	0	2011-05-16 15:03:23.368437+00	0		
113	12132	644680	5133	0	2011-05-16 15:03:23.368437+00	0		
115	12132	443746	40896	0	2011-05-16 15:03:23.368437+00	0		
116	12132	467500	8639	0	2011-05-16 15:03:23.368437+00	0		
117	12164	640748	39604	0	2011-05-16 15:03:23.368437+00	0		
118	12132	263324	43189	0	2011-05-16 15:03:23.368437+00	0		
119	12165	971	3182	0	2011-05-16 15:03:23.368437+00	0		
120	12166	648237	40680	0	2011-05-16 15:03:23.368437+00	0		
121	12132	656023	41583	0	2011-05-16 15:03:23.368437+00	0		
122	12132	667675	27957	0	2011-05-16 15:03:23.368437+00	0		
123	12132	763470	38097	0	2011-05-16 15:03:23.368437+00	0		
124	12167	658242	41757	0	2011-05-16 15:03:23.368437+00	0		
125	12168	658238	41757	0	2011-05-16 15:03:23.368437+00	0		
126	12162	199047	1138	0	2011-05-16 15:03:23.368437+00	0		
127	12132	296659	5168	0	2011-05-16 15:03:23.368437+00	0		
128	12132	678368	5080	0	2011-05-16 15:03:23.368437+00	0		
129	12169	289149	18446	0	2011-05-16 15:03:23.368437+00	0		
131	12171	640730	41715	0	2011-05-16 15:03:23.368437+00	0		
132	12172	116590	43835	0	2011-05-16 15:03:23.368437+00	0		
133	12132	371918	44665	0	2011-05-16 15:03:23.368437+00	0		
134	12132	493642	14776	0	2011-05-16 15:03:23.368437+00	0		
5463	12382	1226916	72999	0	2015-04-26 17:29:10.851361+00	0		
80	12153	10042	155	0	2013-03-03 02:00:18.666311+00	0		
136	12132	86808	29968	0	2011-05-16 15:03:23.368437+00	0		
21	12132	85980	20367	0	2013-01-02 00:32:26.823828+00	0		
91	12134	596594	118	0	2014-05-13 14:00:26.853278+00	0		
29	12132	67686	23176	0	2012-01-20 18:05:36.912823+00	0		
114	12163	623979	234	0	2012-01-28 18:01:23.887969+00	0		
106	12162	66623	38331	0	2012-02-04 18:04:35.245634+00	0		
4898	12134	883129	6320	0	2012-04-23 13:00:19.622809+00	0		
130	12170	681568	44218	0	2012-03-28 12:00:10.501369+00	0		
19	12132	74763	21443	0	2012-05-11 12:06:43.257892+00	0		
74	12132	193152	28068	0	2012-07-14 12:22:30.717122+00	0		
5462	12132	499050	72980	0	2012-11-27 22:00:09.149052+00	0		
7	12132	79118	39007	0	2013-01-16 16:00:22.894542+00	0		
137	12162	472879	47329	0	2011-05-16 15:03:23.368437+00	0		
139	12132	474801	16283	0	2011-05-16 15:03:23.368437+00	0		
140	12132	478897	48	0	2011-05-16 15:03:23.368437+00	0		
141	12132	142613	15427	0	2011-05-16 15:03:23.368437+00	0		
142	12132	346983	17411	0	2011-05-16 15:03:23.368437+00	0		
143	12134	476378	16558	0	2011-05-16 15:03:23.368437+00	0		
138	12132	15143	15931	0	2013-05-25 05:00:17.173677+00	0		
145	12134	395440	4381	0	2011-05-16 15:03:23.368437+00	0		
147	12132	479960	17161	0	2011-05-16 15:03:23.368437+00	0		
148	12132	491822	18949	0	2011-05-16 15:03:23.368437+00	0		
149	12134	484369	18012	0	2011-05-16 15:03:23.368437+00	0		
150	12134	476848	19165	0	2011-05-16 15:03:23.368437+00	0		
151	12132	135073	19590	0	2011-05-16 15:03:23.368437+00	0		
152	12132	420052	20035	0	2011-05-16 15:03:23.368437+00	0		
153	12132	118996	19805	0	2011-05-16 15:03:23.368437+00	0		
154	12132	2546	19307	0	2011-05-16 15:03:23.368437+00	0		
155	12134	476865	19165	0	2011-05-16 15:03:23.368437+00	0		
156	12132	97921	20539	0	2011-05-16 15:03:23.368437+00	0		
157	12134	300905	18684	0	2011-05-16 15:03:23.368437+00	0		
158	12132	503753	20907	0	2011-05-16 15:03:23.368437+00	0		
159	12132	269063	21668	0	2011-05-16 15:03:23.368437+00	0		
160	12134	506323	760	0	2011-05-16 15:03:23.368437+00	0		
161	12132	236283	22127	0	2011-05-16 15:03:23.368437+00	0		
162	12174	504938	21127	0	2011-05-16 15:03:23.368437+00	0		
163	12132	334695	2919	0	2011-05-16 15:03:23.368437+00	0		
164	12132	389895	21933	0	2011-05-16 15:03:23.368437+00	0		
165	12132	516258	53	0	2011-05-16 15:03:23.368437+00	0		
166	12132	517811	23166	0	2011-05-16 15:03:23.368437+00	0		
167	12132	270196	22967	0	2011-05-16 15:03:23.368437+00	0		
168	12175	521728	23827	0	2011-05-16 15:03:23.368437+00	0		
169	12132	528191	24739	0	2011-05-16 15:03:23.368437+00	0		
170	12134	483739	23850	0	2011-05-16 15:03:23.368437+00	0		
171	12134	307043	21328	0	2011-05-16 15:03:23.368437+00	0		
173	12132	533972	2031	0	2011-05-16 15:03:23.368437+00	0		
174	12134	42842	25740	0	2011-05-16 15:03:23.368437+00	0		
176	12177	504682	25447	0	2011-05-16 15:03:23.368437+00	0		
177	12132	405456	26537	0	2011-05-16 15:03:23.368437+00	0		
178	12132	100035	26758	0	2011-05-16 15:03:23.368437+00	0		
179	12134	192062	18348	0	2011-05-16 15:03:23.368437+00	0		
180	12132	237519	26701	0	2011-05-16 15:03:23.368437+00	0		
182	12132	377090	27457	0	2011-05-16 15:03:23.368437+00	0		
183	12132	667756	40434	0	2011-05-16 15:03:23.368437+00	0		
184	12132	546752	27191	0	2011-05-16 15:03:23.368437+00	0		
185	12134	543701	3182	0	2011-05-16 15:03:23.368437+00	0		
186	12134	392050	2965	0	2011-05-16 15:03:23.368437+00	0		
189	12149	555483	1002	0	2011-05-16 15:03:23.368437+00	0		
190	12132	32237	5302	0	2011-05-16 15:03:23.368437+00	0		
192	12134	561028	29010	0	2011-05-16 15:03:23.368437+00	0		
193	12179	554397	28174	0	2011-05-16 15:03:23.368437+00	0		
194	12180	466571	7839	0	2011-05-16 15:03:23.368437+00	0		
195	12181	536831	29215	0	2011-05-16 15:03:23.368437+00	0		
196	12134	559047	28733	0	2011-05-16 15:03:23.368437+00	0		
197	12134	323038	1252	0	2011-05-16 15:03:23.368437+00	0		
198	12134	565143	29501	0	2011-05-16 15:03:23.368437+00	0		
199	12165	541443	6297	0	2011-05-16 15:03:23.368437+00	0		
200	12132	571578	2297	0	2011-05-16 15:03:23.368437+00	0		
202	12132	365542	6180	0	2011-05-16 15:03:23.368437+00	0		
175	12132	550701	2858	0	2015-03-20 17:02:33.154859+00	0		
206	12132	326567	31745	0	2011-05-16 15:03:23.368437+00	0		
207	12132	10923	33104	0	2011-05-16 15:03:23.368437+00	0		
208	12184	578390	26881	0	2011-05-16 15:03:23.368437+00	0		
209	12132	594067	33441	0	2011-05-16 15:03:23.368437+00	0		
210	12132	111425	23621	0	2011-05-16 15:03:23.368437+00	0		
211	12132	367739	32651	0	2011-05-16 15:03:23.368437+00	0		
212	12185	589559	5776	0	2011-05-16 15:03:23.368437+00	0		
214	12132	11325	6248	0	2011-05-16 15:03:23.368437+00	0		
215	12132	238317	34835	0	2011-05-16 15:03:23.368437+00	0		
216	12132	405456	34619	0	2011-05-16 15:03:23.368437+00	0		
217	12186	14528	827	0	2011-05-16 15:03:23.368437+00	0		
219	12132	584490	35239	0	2011-05-16 15:03:23.368437+00	0		
191	12178	556948	249	0	2013-02-26 00:00:40.419408+00	0		
221	12132	303778	35679	0	2011-05-16 15:03:23.368437+00	0		
223	12190	1443	22870	0	2011-05-16 15:03:23.368437+00	0		
224	12132	606437	34982	0	2011-05-16 15:03:23.368437+00	0		
225	12132	298524	52591	0	2011-05-16 15:03:23.368437+00	0		
226	12134	224422	35914	0	2011-05-16 15:03:23.368437+00	0		
227	12165	9142	8257	0	2011-05-16 15:03:23.368437+00	0		
229	12162	570561	37392	0	2011-05-16 15:03:23.368437+00	0		
230	12191	5336	24397	0	2011-05-16 15:03:23.368437+00	0		
231	12192	623941	37462	0	2011-05-16 15:03:23.368437+00	0		
232	12132	619303	36816	0	2011-05-16 15:03:23.368437+00	0		
233	12132	76418	1287	0	2011-05-16 15:03:23.368437+00	0		
235	12193	230088	38178	0	2011-05-16 15:03:23.368437+00	0		
236	12132	635924	27666	0	2011-05-16 15:03:23.368437+00	0		
238	12162	66625	38332	0	2011-05-16 15:03:23.368437+00	0		
239	12162	66625	38331	0	2011-05-16 15:03:23.368437+00	0		
240	12194	671164	29140	0	2011-05-16 15:03:23.368437+00	0		
241	12132	225631	39361	0	2011-05-16 15:03:23.368437+00	0		
242	12132	97998	34884	0	2011-05-16 15:03:23.368437+00	0		
243	12134	482621	5281	0	2011-05-16 15:03:23.368437+00	0		
244	12132	315686	39678	0	2011-05-16 15:03:23.368437+00	0		
245	12132	644682	4633	0	2011-05-16 15:03:23.368437+00	0		
247	12134	497643	30646	0	2011-05-16 15:03:23.368437+00	0		
249	12132	341469	41391	0	2011-05-16 15:03:23.368437+00	0		
250	12132	656025	41583	0	2011-05-16 15:03:23.368437+00	0		
251	12137	657578	41715	0	2011-05-16 15:03:23.368437+00	0		
252	12132	199047	33426	0	2011-05-16 15:03:23.368437+00	0		
254	12151	671092	7466	0	2011-05-16 15:03:23.368437+00	0		
255	12195	611649	8639	0	2011-05-16 15:03:23.368437+00	0		
256	12196	658230	41757	0	2011-05-16 15:03:23.368437+00	0		
257	12197	661039	41679	0	2011-05-16 15:03:23.368437+00	0		
258	12198	663227	42163	0	2011-05-16 15:03:23.368437+00	0		
172	12176	163403	15975	0	2014-08-17 14:01:49.944942+00	0		
188	12163	530786	6146	0	2014-10-01 13:01:02.682302+00	0		
259	12132	413819	27957	0	2011-05-16 15:03:23.368437+00	0		
261	12134	676646	38459	0	2011-05-16 15:03:23.368437+00	0		
262	12132	390970	43695	0	2011-05-16 15:03:23.368437+00	0		
263	12132	524858	8613	0	2011-05-16 15:03:23.368437+00	0		
264	12199	578356	41715	0	2011-05-16 15:03:23.368437+00	0		
265	12200	554173	28186	0	2011-05-16 15:03:23.368437+00	0		
267	12132	419471	14776	0	2011-05-16 15:03:23.368437+00	0		
269	12203	513249	46226	0	2011-05-16 15:03:23.368437+00	0		
270	12204	685684	44691	0	2011-05-16 15:03:23.368437+00	0		
237	12162	166492	38332	0	2012-07-01 12:05:19.305545+00	0		
272	12132	512610	45463	0	2011-05-16 15:03:23.368437+00	0		
181	12134	23780	46	0	2011-08-02 22:03:08.411633+00	0		
228	12132	98605	37166	0	2013-12-04 18:03:35.310277+00	0		
266	12201	11630	6779	0	2011-12-11 12:04:41.454428+00	0		
4622	12132	545667	16765	0	2011-12-01 20:00:08.1769+00	0		
144	12132	78441	62982	0	2011-12-27 23:05:59.536177+00	0		
253	12132	88402	2717	0	2012-09-15 08:08:42.890334+00	0		
268	12202	338014	45148	0	2012-01-05 20:06:07.902288+00	0		
248	12163	652049	234	0	2012-01-28 18:01:23.887969+00	0		
234	12162	66623	38332	0	2012-02-04 18:04:35.245634+00	0		
205	12134	1881	67	0	2013-01-15 15:14:46.850745+00	0		
203	12132	246749	8303	0	2013-03-04 15:00:25.93651+00	0		
146	12132	116162	18523	0	2014-03-31 20:00:51.990059+00	0		
273	12132	576774	46600	0	2011-05-16 15:03:23.368437+00	0		
274	12132	624747	35027	0	2011-05-16 15:03:23.368437+00	0		
275	12206	698071	38609	0	2011-05-16 15:03:23.368437+00	0		
277	12132	7663	15939	0	2011-05-16 15:03:23.368437+00	0		
278	12207	32965	16052	0	2011-05-16 15:03:23.368437+00	0		
281	12134	474881	16301	0	2011-05-16 15:03:23.368437+00	0		
282	12132	87283	17930	0	2011-05-16 15:03:23.368437+00	0		
283	12132	481643	17424	0	2011-05-16 15:03:23.368437+00	0		
284	12134	1721	4381	0	2011-05-16 15:03:23.368437+00	0		
285	12132	241895	2000	0	2011-05-16 15:03:23.368437+00	0		
286	12208	42820	167	0	2011-05-16 15:03:23.368437+00	0		
287	12132	479916	17151	0	2011-05-16 15:03:23.368437+00	0		
288	12132	184362	19012	0	2011-05-16 15:03:23.368437+00	0		
289	12132	517812	23166	0	2011-05-16 15:03:23.368437+00	0		
290	12134	476858	19165	0	2011-05-16 15:03:23.368437+00	0		
291	12132	229735	19593	0	2011-05-16 15:03:23.368437+00	0		
292	12132	121315	20037	0	2011-05-16 15:03:23.368437+00	0		
293	12132	118830	19805	0	2011-05-16 15:03:23.368437+00	0		
294	12132	2546	6595	0	2011-05-16 15:03:23.368437+00	0		
295	12134	498705	19165	0	2011-05-16 15:03:23.368437+00	0		
296	12134	300905	18683	0	2011-05-16 15:03:23.368437+00	0		
298	12210	4612	316	0	2011-05-16 15:03:23.368437+00	0		
299	12132	338502	19118	0	2011-05-16 15:03:23.368437+00	0		
300	12132	505088	4241	0	2011-05-16 15:03:23.368437+00	0		
301	12211	4591	316	0	2011-05-16 15:03:23.368437+00	0		
302	12132	444711	21676	0	2011-05-16 15:03:23.368437+00	0		
304	12212	506371	21457	0	2011-05-16 15:03:23.368437+00	0		
305	12132	88296	22444	0	2011-05-16 15:03:23.368437+00	0		
306	12132	389895	3889	0	2011-05-16 15:03:23.368437+00	0		
307	12132	727231	46989	0	2011-05-16 15:03:23.368437+00	0		
308	12213	510742	9792	0	2011-05-16 15:03:23.368437+00	0		
309	12175	521703	23827	0	2011-05-16 15:03:23.368437+00	0		
310	12214	528173	24737	0	2011-05-16 15:03:23.368437+00	0		
311	12132	493975	4658	0	2011-05-16 15:03:23.368437+00	0		
6420	12132	364734	1120	0	2014-01-06 23:21:44.095503+00	0		
313	12132	192288	30896	0	2011-05-16 15:03:23.368437+00	0		
314	12134	307042	21328	0	2011-05-16 15:03:23.368437+00	0		
316	12132	533977	2096	0	2011-05-16 15:03:23.368437+00	0		
317	12134	132386	25740	0	2011-05-16 15:03:23.368437+00	0		
318	12134	531807	25277	0	2011-05-16 15:03:23.368437+00	0		
319	12216	536198	25447	0	2011-05-16 15:03:23.368437+00	0		
320	12134	192062	26219	0	2011-05-16 15:03:23.368437+00	0		
321	12134	466947	19194	0	2011-05-16 15:03:23.368437+00	0		
322	12134	44644	25740	0	2011-05-16 15:03:23.368437+00	0		
323	12132	290879	26958	0	2011-05-16 15:03:23.368437+00	0		
324	12132	546753	27191	0	2011-05-16 15:03:23.368437+00	0		
7704	34025	741885	429	0	2014-12-18 20:40:29.376808+00	0		
326	12132	56635	27460	0	2011-05-16 15:03:23.368437+00	0		
327	12132	550814	27691	0	2011-05-16 15:03:23.368437+00	0		
328	12134	543256	367	0	2011-05-16 15:03:23.368437+00	0		
329	12132	543705	3182	0	2011-05-16 15:03:23.368437+00	0		
330	12134	543695	2965	0	2011-05-16 15:03:23.368437+00	0		
331	12132	248351	27980	0	2011-05-16 15:03:23.368437+00	0		
332	12132	480762	28197	0	2011-05-16 15:03:23.368437+00	0		
334	12132	106087	28671	0	2011-05-16 15:03:23.368437+00	0		
335	12134	553399	3467	0	2011-05-16 15:03:23.368437+00	0		
336	12134	559821	2451	0	2011-05-16 15:03:23.368437+00	0		
337	12149	555487	1002	0	2011-05-16 15:03:23.368437+00	0		
338	12132	562973	18962	0	2011-05-16 15:03:23.368437+00	0		
339	12132	112441	29647	0	2011-05-16 15:03:23.368437+00	0		
340	12134	559048	28733	0	2011-05-16 15:03:23.368437+00	0		
342	12132	67045	5726	0	2011-05-16 15:03:23.368437+00	0		
343	12134	323037	1252	0	2011-05-16 15:03:23.368437+00	0		
7713	12132	1180869	61585	0	2014-12-26 06:02:17.516888+00	0		
345	12132	229734	30480	0	2011-05-16 15:03:23.368437+00	0		
346	12134	106927	6951	0	2011-05-16 15:03:23.368437+00	0		
347	12218	768	1335	0	2011-05-16 15:03:23.368437+00	0		
348	12132	365545	6180	0	2011-05-16 15:03:23.368437+00	0		
349	12134	406549	25448	0	2011-05-16 15:03:23.368437+00	0		
350	12134	484369	2194	0	2011-05-16 15:03:23.368437+00	0		
353	12132	129386	24334	0	2011-05-16 15:03:23.368437+00	0		
354	12185	589579	5776	0	2011-05-16 15:03:23.368437+00	0		
355	12134	591235	33126	0	2011-05-16 15:03:23.368437+00	0		
356	12132	471509	29941	0	2011-05-16 15:03:23.368437+00	0		
357	12132	594078	33442	0	2011-05-16 15:03:23.368437+00	0		
358	12134	613391	35914	0	2011-05-16 15:03:23.368437+00	0		
4629	31854	841861	45095	0	2011-12-07 00:00:05.429356+00	0		
363	12132	238316	34835	0	2011-05-16 15:03:23.368437+00	0		
364	12132	31900	34985	0	2011-05-16 15:03:23.368437+00	0		
365	12221	47661	6248	0	2011-05-16 15:03:23.368437+00	0		
367	12132	608294	35239	0	2011-05-16 15:03:23.368437+00	0		
370	12225	615004	36156	0	2011-05-16 15:03:23.368437+00	0		
371	12132	246170	36396	0	2011-05-16 15:03:23.368437+00	0		
372	12226	10042	4608	0	2011-05-16 15:03:23.368437+00	0		
373	12227	270753	94	0	2011-05-16 15:03:23.368437+00	0		
374	12228	9142	18223	0	2011-05-16 15:03:23.368437+00	0		
375	12132	203498	37198	0	2011-05-16 15:03:23.368437+00	0		
376	12162	624327	37392	0	2011-05-16 15:03:23.368437+00	0		
377	12162	623688	37392	0	2011-05-16 15:03:23.368437+00	0		
378	12132	179053	32707	0	2011-05-16 15:03:23.368437+00	0		
380	12132	267821	19515	0	2011-05-16 15:03:23.368437+00	0		
381	12132	723286	47967	0	2011-05-16 15:03:23.368437+00	0		
315	12176	163403	3630	0	2014-08-17 14:01:49.944942+00	0		
260	12134	100962	330	0	2014-11-03 08:00:54.046277+00	0		
382	12132	378471	14705	0	2011-05-16 15:03:23.368437+00	0		
383	12134	429247	34884	0	2011-05-16 15:03:23.368437+00	0		
385	12229	629898	38178	0	2011-05-16 15:03:23.368437+00	0		
386	12132	638776	133	0	2011-05-16 15:03:23.368437+00	0		
387	12134	380532	5281	0	2011-05-16 15:03:23.368437+00	0		
351	12132	242679	31745	0	2015-06-10 08:02:15.193011+00	0		
388	12230	456892	38998	0	2011-05-16 15:03:23.368437+00	0		
389	12192	77492	852	0	2011-05-16 15:03:23.368437+00	0		
390	12132	645286	36956	0	2011-05-16 15:03:23.368437+00	0		
392	12134	611828	30646	0	2011-05-16 15:03:23.368437+00	0		
396	12132	640730	39604	0	2011-05-16 15:03:23.368437+00	0		
397	12132	410681	42190	0	2011-05-16 15:03:23.368437+00	0		
398	12132	667797	42639	0	2011-05-16 15:03:23.368437+00	0		
399	12132	656025	15990	0	2011-05-16 15:03:23.368437+00	0		
400	12233	658243	41757	0	2011-05-16 15:03:23.368437+00	0		
401	12234	410737	8639	0	2011-05-16 15:03:23.368437+00	0		
402	12132	742480	51544	0	2011-05-16 15:03:23.368437+00	0		
403	12132	76047	43015	0	2011-05-16 15:03:23.368437+00	0		
404	12132	57186	20407	0	2011-05-16 15:03:23.368437+00	0		
405	12132	669218	42797	0	2011-05-16 15:03:23.368437+00	0		
406	12132	261511	43629	0	2011-05-16 15:03:23.368437+00	0		
407	12197	410408	8271	0	2011-05-16 15:03:23.368437+00	0		
408	12132	261520	43629	0	2011-05-16 15:03:23.368437+00	0		
368	12223	5593	25	0	2011-07-22 09:02:53.718308+00	0		
279	12132	476468	16573	0	2012-09-09 20:10:01.838429+00	0		
362	12220	241	443	0	2011-11-14 23:02:35.767494+00	0		
4899	44949	883130	27328	0	2012-04-23 13:00:20.802689+00	0		
393	12195	279583	234	0	2012-01-28 18:01:23.887969+00	0		
4623	31574	296727	61999	0	2011-12-02 15:00:09.398363+00	0		
384	12162	166492	38331	0	2012-07-01 12:05:19.305545+00	0		
391	12132	648558	2094	0	2013-02-09 11:00:14.867829+00	0		
359	12132	206426	34619	0	2012-06-08 09:07:26.359919+00	0		
276	12207	98004	46545	0	2012-08-19 14:00:49.918009+00	0		
395	12232	240555	21451	0	2012-09-16 14:10:09.334442+00	0		
379	12132	550613	36816	0	2013-01-07 21:16:44.617994+00	0		
303	12132	212492	785	0	2013-07-01 01:00:34.193495+00	0		
410	12235	671695	44310	0	2011-05-16 15:03:23.368437+00	0		
411	12132	3254	44729	0	2011-05-16 15:03:23.368437+00	0		
412	12236	661564	41987	0	2011-05-16 15:03:23.368437+00	0		
413	12220	11630	7582	0	2011-05-16 15:03:23.368437+00	0		
414	12162	118330	38332	0	2011-05-16 15:03:23.368437+00	0		
415	12132	204245	15948	0	2011-05-16 15:03:23.368437+00	0		
416	12132	93199	16068	0	2011-05-16 15:03:23.368437+00	0		
417	12132	475004	16319	0	2011-05-16 15:03:23.368437+00	0		
418	12132	240152	909	0	2011-05-16 15:03:23.368437+00	0		
419	12132	8192	17195	0	2011-05-16 15:03:23.368437+00	0		
421	12132	407621	17930	0	2011-05-16 15:03:23.368437+00	0		
423	12132	438012	18527	0	2011-05-16 15:03:23.368437+00	0		
424	12134	481754	9051	0	2011-05-16 15:03:23.368437+00	0		
425	12132	319193	19019	0	2011-05-16 15:03:23.368437+00	0		
426	12134	484369	9728	0	2011-05-16 15:03:23.368437+00	0		
427	12132	45701	19406	0	2011-05-16 15:03:23.368437+00	0		
428	12132	15231	19596	0	2011-05-16 15:03:23.368437+00	0		
429	12134	146017	19165	0	2011-05-16 15:03:23.368437+00	0		
431	12134	201955	19165	0	2011-05-16 15:03:23.368437+00	0		
432	12134	220432	19165	0	2011-05-16 15:03:23.368437+00	0		
433	12237	187168	10008	0	2011-05-16 15:03:23.368437+00	0		
434	12134	500782	18684	0	2011-05-16 15:03:23.368437+00	0		
435	12132	256497	21497	0	2011-05-16 15:03:23.368437+00	0		
436	12132	444712	21676	0	2011-05-16 15:03:23.368437+00	0		
437	12132	75954	20647	0	2011-05-16 15:03:23.368437+00	0		
438	12235	504064	20972	0	2011-05-16 15:03:23.368437+00	0		
439	12132	52463	21937	0	2011-05-16 15:03:23.368437+00	0		
441	12132	109889	5523	0	2011-05-16 15:03:23.368437+00	0		
443	12134	352698	23166	0	2011-05-16 15:03:23.368437+00	0		
444	12163	513901	22619	0	2011-05-16 15:03:23.368437+00	0		
445	12175	521711	23827	0	2011-05-16 15:03:23.368437+00	0		
446	12132	124068	24767	0	2011-05-16 15:03:23.368437+00	0		
447	12132	377856	4658	0	2011-05-16 15:03:23.368437+00	0		
448	12238	523443	15975	0	2011-05-16 15:03:23.368437+00	0		
449	12134	56136	21328	0	2011-05-16 15:03:23.368437+00	0		
450	12132	265231	25285	0	2011-05-16 15:03:23.368437+00	0		
451	12132	30564	25570	0	2011-05-16 15:03:23.368437+00	0		
452	12132	387994	25881	0	2011-05-16 15:03:23.368437+00	0		
453	12132	141554	1909	0	2011-05-16 15:03:23.368437+00	0		
454	12134	381653	25740	0	2011-05-16 15:03:23.368437+00	0		
455	12132	120083	26771	0	2011-05-16 15:03:23.368437+00	0		
456	12134	192062	8481	0	2011-05-16 15:03:23.368437+00	0		
457	12132	290880	26958	0	2011-05-16 15:03:23.368437+00	0		
459	12239	374285	27717	0	2011-05-16 15:03:23.368437+00	0		
460	12132	216492	27195	0	2011-05-16 15:03:23.368437+00	0		
462	12132	554506	28197	0	2011-05-16 15:03:23.368437+00	0		
463	12132	226039	27472	0	2011-05-16 15:03:23.368437+00	0		
464	12132	108406	28691	0	2011-05-16 15:03:23.368437+00	0		
465	12132	2309	1834	0	2011-05-16 15:03:23.368437+00	0		
466	12134	196176	3467	0	2011-05-16 15:03:23.368437+00	0		
468	12132	559188	26674	0	2011-05-16 15:03:23.368437+00	0		
469	12192	197403	1002	0	2011-05-16 15:03:23.368437+00	0		
470	12189	5155	3636	0	2011-05-16 15:03:23.368437+00	0		
471	12132	434573	29677	0	2011-05-16 15:03:23.368437+00	0		
472	12134	282373	1252	0	2011-05-16 15:03:23.368437+00	0		
473	12216	376829	24901	0	2011-05-16 15:03:23.368437+00	0		
474	12132	56349	24009	0	2011-05-16 15:03:23.368437+00	0		
475	12132	563098	29270	0	2011-05-16 15:03:23.368437+00	0		
476	12132	563097	29270	0	2011-05-16 15:03:23.368437+00	0		
477	12132	345485	26066	0	2011-05-16 15:03:23.368437+00	0		
478	12134	576542	10513	0	2011-05-16 15:03:23.368437+00	0		
479	12134	578892	31494	0	2011-05-16 15:03:23.368437+00	0		
480	12132	444214	25866	0	2011-05-16 15:03:23.368437+00	0		
482	12132	41686	23979	0	2011-05-16 15:03:23.368437+00	0		
483	12132	581204	31752	0	2011-05-16 15:03:23.368437+00	0		
484	12134	574748	2627	0	2011-05-16 15:03:23.368437+00	0		
485	12185	589575	5776	0	2011-05-16 15:03:23.368437+00	0		
486	12132	250600	33465	0	2011-05-16 15:03:23.368437+00	0		
4609	12132	24227	3695	0	2011-10-30 17:14:50.858984+00	0		
488	12241	571697	10298	0	2011-05-16 15:03:23.368437+00	0		
489	12242	1323	34093	0	2011-05-16 15:03:23.368437+00	0		
491	12243	597290	613	0	2011-05-16 15:03:23.368437+00	0		
494	12132	531984	1769	0	2011-05-16 15:03:23.368437+00	0		
2382	12194	236986	2069	0	2012-04-09 22:11:04.71685+00	0		
496	12246	76032	34095	0	2011-05-16 15:03:23.368437+00	0		
499	12249	135627	5378	0	2011-05-16 15:03:23.368437+00	0		
501	12251	606555	34997	0	2011-05-16 15:03:23.368437+00	0		
502	12132	358583	5357	0	2011-05-16 15:03:23.368437+00	0		
504	12215	238327	77352	0	2013-06-11 14:00:59.211916+00	0		
297	12209	4350	88027	0	2014-12-27 05:39:15.470058+00	0		
506	12132	87329	36822	0	2011-05-16 15:03:23.368437+00	0		
507	12162	623705	37392	0	2011-05-16 15:03:23.368437+00	0		
508	12132	152848	32707	0	2011-05-16 15:03:23.368437+00	0		
509	12162	624345	37392	0	2011-05-16 15:03:23.368437+00	0		
510	12134	264033	17041	0	2011-05-16 15:03:23.368437+00	0		
511	12132	61652	1345	0	2011-05-16 15:03:23.368437+00	0		
514	12134	37243	34884	0	2011-05-16 15:03:23.368437+00	0		
369	12224	52025	764	0	2015-06-03 09:01:40.851382+00	0		
515	12253	631090	38340	0	2011-05-16 15:03:23.368437+00	0		
516	12132	90524	18542	0	2011-05-16 15:03:23.368437+00	0		
517	12134	190759	5281	0	2011-05-16 15:03:23.368437+00	0		
518	12132	401075	39692	0	2011-05-16 15:03:23.368437+00	0		
519	12132	645286	40218	0	2011-05-16 15:03:23.368437+00	0		
521	12254	648571	40724	0	2011-05-16 15:03:23.368437+00	0		
522	12134	611936	30646	0	2011-05-16 15:03:23.368437+00	0		
524	12132	653869	25463	0	2011-05-16 15:03:23.368437+00	0		
525	12132	407947	7	0	2011-05-16 15:03:23.368437+00	0		
526	12255	657595	41715	0	2011-05-16 15:03:23.368437+00	0		
527	12132	334067	4965	0	2011-05-16 15:03:23.368437+00	0		
528	12132	663957	10303	0	2011-05-16 15:03:23.368437+00	0		
529	12256	10476	8196	0	2011-05-16 15:03:23.368437+00	0		
530	12257	410737	1074	0	2011-05-16 15:03:23.368437+00	0		
532	12259	233239	8639	0	2011-05-16 15:03:23.368437+00	0		
533	12260	667808	42640	0	2011-05-16 15:03:23.368437+00	0		
534	12261	669230	22485	0	2011-05-16 15:03:23.368437+00	0		
535	12132	671316	34824	0	2011-05-16 15:03:23.368437+00	0		
536	12132	219726	43211	0	2011-05-16 15:03:23.368437+00	0		
537	12132	2101	20131	0	2011-05-16 15:03:23.368437+00	0		
538	12132	486425	44064	0	2011-05-16 15:03:23.368437+00	0		
539	12132	210967	1917	0	2011-05-16 15:03:23.368437+00	0		
541	12132	577769	31362	0	2011-05-16 15:03:23.368437+00	0		
492	12244	1577	155	0	2013-03-03 02:00:18.666311+00	0		
4469	12134	84150	44109	0	2011-08-29 10:17:21.061923+00	0		
523	12195	652050	234	0	2012-01-28 18:01:23.887969+00	0		
544	12262	4352	45144	0	2011-11-19 11:00:08.719384+00	0		
4616	12132	213601	39092	0	2011-11-21 13:00:09.765403+00	0		
500	12250	2200	36	0	2012-05-07 11:04:53.035096+00	0		
409	12132	111523	44056	0	2012-07-23 18:02:29.783195+00	0		
513	12132	31237	38204	0	2014-11-17 23:28:52.753325+00	0		
420	12134	253545	15003	0	2012-05-16 04:08:22.024552+00	0		
430	12132	189101	20039	0	2012-06-13 17:03:51.388496+00	0		
490	12132	42710	1019	0	2012-07-10 02:06:13.462779+00	0		
5172	12132	362123	47932	0	2012-08-09 19:00:11.146083+00	0		
497	12247	52025	17896	0	2012-09-06 19:11:46.902208+00	0		
5832	118604	344277	613	0	2013-05-23 21:00:37.624356+00	0		
440	12132	511145	785	0	2013-07-01 01:00:34.193495+00	0		
540	12134	232461	30151	0	2014-03-10 03:00:22.095879+00	0		
542	12134	418971	30151	0	2014-03-10 03:00:22.095879+00	0		
545	12132	77832	45613	0	2011-05-16 15:03:23.368437+00	0		
546	12149	617185	6725	0	2011-05-16 15:03:23.368437+00	0		
547	12263	80379	45609	0	2011-05-16 15:03:23.368437+00	0		
548	12132	312644	35404	0	2011-05-16 15:03:23.368437+00	0		
549	12264	700755	2416	0	2011-05-16 15:03:23.368437+00	0		
551	12132	609718	47990	0	2011-05-16 15:03:23.368437+00	0		
553	12132	90520	16081	0	2011-05-16 15:03:23.368437+00	0		
554	12132	221589	5863	0	2011-05-16 15:03:23.368437+00	0		
555	12134	477464	15003	0	2011-05-16 15:03:23.368437+00	0		
556	12132	428491	16998	0	2011-05-16 15:03:23.368437+00	0		
557	12134	1721	8839	0	2011-05-16 15:03:23.368437+00	0		
558	12132	459351	9666	0	2011-05-16 15:03:23.368437+00	0		
559	12134	484369	8365	0	2011-05-16 15:03:23.368437+00	0		
560	12162	410935	37392	0	2011-05-16 15:03:23.368437+00	0		
561	12132	7078	17462	0	2011-05-16 15:03:23.368437+00	0		
562	12265	62725	18552	0	2011-05-16 15:03:23.368437+00	0		
563	12266	442262	5871	0	2011-05-16 15:03:23.368437+00	0		
564	12132	494044	9919	0	2011-05-16 15:03:23.368437+00	0		
565	12132	461944	5997	0	2011-05-16 15:03:23.368437+00	0		
566	12132	165311	19637	0	2011-05-16 15:03:23.368437+00	0		
567	12132	11625	2544	0	2011-05-16 15:03:23.368437+00	0		
568	12220	258988	697	0	2011-05-16 15:03:23.368437+00	0		
569	12132	452384	20426	0	2011-05-16 15:03:23.368437+00	0		
570	12134	404958	19165	0	2011-05-16 15:03:23.368437+00	0		
571	12134	341480	10008	0	2011-05-16 15:03:23.368437+00	0		
572	12132	153653	20690	0	2011-05-16 15:03:23.368437+00	0		
573	12132	205642	21515	0	2011-05-16 15:03:23.368437+00	0		
574	12183	14387	896	0	2011-05-16 15:03:23.368437+00	0		
575	12132	471908	399	0	2011-05-16 15:03:23.368437+00	0		
576	12132	462406	21961	0	2011-05-16 15:03:23.368437+00	0		
577	12132	240107	20980	0	2011-05-16 15:03:23.368437+00	0		
578	12132	313751	21161	0	2011-05-16 15:03:23.368437+00	0		
580	12165	168541	22997	0	2011-05-16 15:03:23.368437+00	0		
581	12134	310956	4754	0	2011-05-16 15:03:23.368437+00	0		
582	12134	574842	7840	0	2011-05-16 15:03:23.368437+00	0		
583	12163	513907	22619	0	2011-05-16 15:03:23.368437+00	0		
584	12175	521705	23827	0	2011-05-16 15:03:23.368437+00	0		
586	12132	69771	23607	0	2011-05-16 15:03:23.368437+00	0		
587	12132	180969	1834	0	2011-05-16 15:03:23.368437+00	0		
588	12132	9630	24888	0	2011-05-16 15:03:23.368437+00	0		
589	12132	519986	25288	0	2011-05-16 15:03:23.368437+00	0		
590	12132	22579	1871	0	2011-05-16 15:03:23.368437+00	0		
591	12132	506402	21465	0	2011-05-16 15:03:23.368437+00	0		
593	12134	148937	25740	0	2011-05-16 15:03:23.368437+00	0		
594	12132	139448	1909	0	2011-05-16 15:03:23.368437+00	0		
2383	12194	236989	2069	0	2012-04-09 22:11:09.187843+00	0		
596	12267	163526	26868	0	2011-05-16 15:03:23.368437+00	0		
597	12134	543696	2965	0	2011-05-16 15:03:23.368437+00	0		
598	12134	14767	46	0	2011-05-16 15:03:23.368437+00	0		
601	12134	546921	27213	0	2011-05-16 15:03:23.368437+00	0		
602	12269	520995	3630	0	2011-05-16 15:03:23.368437+00	0		
603	12165	615731	31245	0	2011-05-16 15:03:23.368437+00	0		
604	12132	329480	27734	0	2011-05-16 15:03:23.368437+00	0		
605	12134	10	46	0	2011-05-16 15:03:23.368437+00	0		
606	12132	549236	27492	0	2011-05-16 15:03:23.368437+00	0		
607	12132	343158	28729	0	2011-05-16 15:03:23.368437+00	0		
608	12270	117878	7778	0	2011-05-16 15:03:23.368437+00	0		
609	12271	520984	15975	0	2011-05-16 15:03:23.368437+00	0		
641	12282	606650	77352	0	2013-06-11 14:00:59.211916+00	0		
611	12134	558690	28748	0	2011-05-16 15:03:23.368437+00	0		
613	12132	365046	29276	0	2011-05-16 15:03:23.368437+00	0		
614	12132	285421	2699	0	2011-05-16 15:03:23.368437+00	0		
615	12132	434572	29677	0	2011-05-16 15:03:23.368437+00	0		
616	12132	23759	29936	0	2011-05-16 15:03:23.368437+00	0		
617	12272	135530	1144	0	2011-05-16 15:03:23.368437+00	0		
618	12273	135530	1166	0	2011-05-16 15:03:23.368437+00	0		
619	12134	112570	1252	0	2011-05-16 15:03:23.368437+00	0		
620	12132	514025	30396	0	2011-05-16 15:03:23.368437+00	0		
621	12132	116655	30712	0	2011-05-16 15:03:23.368437+00	0		
543	12132	375648	45303	0	2014-08-22 12:01:19.809792+00	0		
503	12132	47942	36402	0	2015-02-05 08:06:12.354842+00	0		
622	12274	68420	435	0	2011-05-16 15:03:23.368437+00	0		
623	12132	47184	1939	0	2011-05-16 15:03:23.368437+00	0		
624	12132	56349	17145	0	2011-05-16 15:03:23.368437+00	0		
625	12220	576561	31191	0	2011-05-16 15:03:23.368437+00	0		
626	12231	68420	5205	0	2011-05-16 15:03:23.368437+00	0		
628	12132	276938	4948	0	2011-05-16 15:03:23.368437+00	0		
629	12275	21948	636	0	2011-05-16 15:03:23.368437+00	0		
630	12132	334591	32990	0	2011-05-16 15:03:23.368437+00	0		
631	12134	615498	15944	0	2011-05-16 15:03:23.368437+00	0		
632	12276	112502	1503	0	2011-05-16 15:03:23.368437+00	0		
633	12132	594220	23660	0	2011-05-16 15:03:23.368437+00	0		
634	12277	597385	33848	0	2011-05-16 15:03:23.368437+00	0		
635	12278	368	395	0	2011-05-16 15:03:23.368437+00	0		
636	12132	220533	34480	0	2011-05-16 15:03:23.368437+00	0		
638	12280	599316	34121	0	2011-05-16 15:03:23.368437+00	0		
639	12132	115675	1769	0	2011-05-16 15:03:23.368437+00	0		
640	12281	32020	34095	0	2011-05-16 15:03:23.368437+00	0		
642	12132	203916	21818	0	2011-05-16 15:03:23.368437+00	0		
643	12132	124651	35533	0	2011-05-16 15:03:23.368437+00	0		
7705	12132	752489	71246	0	2014-12-18 22:48:50.727714+00	0		
646	12285	603137	34598	0	2011-05-16 15:03:23.368437+00	0		
7714	12132	1180873	98184	0	2014-12-26 07:00:25.683633+00	0		
649	12132	617916	1472	0	2011-05-16 15:03:23.368437+00	0		
651	12132	252325	37283	0	2011-05-16 15:03:23.368437+00	0		
652	12149	225271	46	0	2011-05-16 15:03:23.368437+00	0		
653	12132	175419	17267	0	2011-05-16 15:03:23.368437+00	0		
654	12162	624344	37392	0	2011-05-16 15:03:23.368437+00	0		
655	12134	505377	17041	0	2011-05-16 15:03:23.368437+00	0		
656	12162	367414	38332	0	2011-05-16 15:03:23.368437+00	0		
585	12132	4029	23961	0	2013-10-02 09:00:32.565219+00	0		
658	12134	483324	34884	0	2011-05-16 15:03:23.368437+00	0		
659	12253	631090	27582	0	2011-05-16 15:03:23.368437+00	0		
660	12132	90524	22328	0	2011-05-16 15:03:23.368437+00	0		
661	12132	522560	3653	0	2011-05-16 15:03:23.368437+00	0		
662	12134	155079	5281	0	2011-05-16 15:03:23.368437+00	0		
663	12286	24454	327	0	2011-05-16 15:03:23.368437+00	0		
664	12132	428187	40245	0	2011-05-16 15:03:23.368437+00	0		
665	12132	101953	29560	0	2011-05-16 15:03:23.368437+00	0		
666	12132	650239	4351	0	2011-05-16 15:03:23.368437+00	0		
667	12132	653877	25463	0	2011-05-16 15:03:23.368437+00	0		
669	12162	640736	39604	0	2011-05-16 15:03:23.368437+00	0		
670	12185	514911	42802	0	2011-05-16 15:03:23.368437+00	0		
671	12132	478499	4965	0	2011-05-16 15:03:23.368437+00	0		
627	12132	1874	10499	0	2013-07-07 11:03:58.197359+00	0		
673	12132	655948	41249	0	2011-05-16 15:03:23.368437+00	0		
675	12132	204333	42073	0	2011-05-16 15:03:23.368437+00	0		
676	12288	667916	8349	0	2011-05-16 15:03:23.368437+00	0		
678	12132	673089	43211	0	2011-05-16 15:03:23.368437+00	0		
679	12132	478893	20131	0	2011-05-16 15:03:23.368437+00	0		
680	12132	36922	43888	0	2011-05-16 15:03:23.368437+00	0		
612	12144	380712	1002	0	2013-02-10 20:00:21.121097+00	0		
644	12283	510	68	0	2011-09-13 22:07:46.694594+00	0		
579	12132	57863	5715	0	2012-03-21 10:00:16.3022+00	0		
600	12268	14462	4380	0	2012-04-21 12:00:09.579691+00	0		
552	12132	137013	15954	0	2013-11-09 15:00:43.396655+00	0		
648	12132	226158	36840	0	2012-06-29 09:04:07.224543+00	0		
674	12287	579686	8639	0	2012-08-14 22:00:14.661142+00	0		
5465	27698	729679	73066	0	2012-11-30 07:00:09.720304+00	0		
650	12132	238612	37654	0	2014-01-05 05:00:14.318308+00	0		
6456	12134	1073473	87198	0	2014-01-19 10:00:39.354456+00	0		
5759	12134	998623	78463	0	2013-04-24 20:00:09.449266+00	0		
550	12149	709508	7946	0	2013-04-25 23:00:55.119662+00	0		
681	12171	299421	41715	0	2011-05-16 15:03:23.368437+00	0		
682	12171	677620	41715	0	2011-05-16 15:03:23.368437+00	0		
683	12289	680737	44119	0	2011-05-16 15:03:23.368437+00	0		
685	12132	686256	44741	0	2011-05-16 15:03:23.368437+00	0		
686	12132	687437	44866	0	2011-05-16 15:03:23.368437+00	0		
687	12132	689986	27372	0	2011-05-16 15:03:23.368437+00	0		
688	12249	513249	31644	0	2011-05-16 15:03:23.368437+00	0		
690	12132	394751	4361	0	2011-05-16 15:03:23.368437+00	0		
692	12132	412993	17278	0	2011-05-16 15:03:23.368437+00	0		
693	12132	462471	17003	0	2011-05-16 15:03:23.368437+00	0		
694	12132	481841	706	0	2011-05-16 15:03:23.368437+00	0		
695	12132	483355	15965	0	2011-05-16 15:03:23.368437+00	0		
696	12132	575103	9705	0	2011-05-16 15:03:23.368437+00	0		
697	12134	354892	18047	0	2011-05-16 15:03:23.368437+00	0		
698	12134	484369	17840	0	2011-05-16 15:03:23.368437+00	0		
699	12132	493019	1079	0	2011-05-16 15:03:23.368437+00	0		
700	12290	243151	4474	0	2011-05-16 15:03:23.368437+00	0		
702	12291	418828	18552	0	2011-05-16 15:03:23.368437+00	0		
703	12132	498429	20056	0	2011-05-16 15:03:23.368437+00	0		
704	12169	494044	6993	0	2011-05-16 15:03:23.368437+00	0		
705	12134	476872	19165	0	2011-05-16 15:03:23.368437+00	0		
706	12165	243151	6940	0	2011-05-16 15:03:23.368437+00	0		
707	12132	495645	19627	0	2011-05-16 15:03:23.368437+00	0		
708	12132	5315	20426	0	2011-05-16 15:03:23.368437+00	0		
709	12132	502617	20723	0	2011-05-16 15:03:23.368437+00	0		
710	12132	99959	21013	0	2011-05-16 15:03:23.368437+00	0		
711	12132	269669	21705	0	2011-05-16 15:03:23.368437+00	0		
712	12132	509481	21961	0	2011-05-16 15:03:23.368437+00	0		
713	12292	505204	21167	0	2011-05-16 15:03:23.368437+00	0		
714	12132	132845	4218	0	2011-05-16 15:03:23.368437+00	0		
715	12132	53988	22137	0	2011-05-16 15:03:23.368437+00	0		
716	12132	34639	23022	0	2011-05-16 15:03:23.368437+00	0		
717	12132	14241	22108	0	2011-05-16 15:03:23.368437+00	0		
718	12293	319038	3786	0	2011-05-16 15:03:23.368437+00	0		
719	12132	141826	23714	0	2011-05-16 15:03:23.368437+00	0		
720	12163	513911	22619	0	2011-05-16 15:03:23.368437+00	0		
721	12175	521730	23827	0	2011-05-16 15:03:23.368437+00	0		
722	12275	518053	10172	0	2011-05-16 15:03:23.368437+00	0		
724	12132	536255	25833	0	2011-05-16 15:03:23.368437+00	0		
725	12294	253902	7390	0	2011-05-16 15:03:23.368437+00	0		
4901	12132	137770	66467	0	2012-04-10 22:27:45.523827+00	0		
727	12225	523657	24010	0	2011-05-16 15:03:23.368437+00	0		
728	12132	128803	24899	0	2011-05-16 15:03:23.368437+00	0		
729	12134	257864	25740	0	2011-05-16 15:03:23.368437+00	0		
731	12132	420608	26256	0	2011-05-16 15:03:23.368437+00	0		
734	12132	370668	26872	0	2011-05-16 15:03:23.368437+00	0		
735	12280	232597	929	0	2011-05-16 15:03:23.368437+00	0		
736	12132	135097	28026	0	2011-05-16 15:03:23.368437+00	0		
737	12172	20660	7334	0	2011-05-16 15:03:23.368437+00	0		
738	12134	131482	46	0	2011-05-16 15:03:23.368437+00	0		
740	12134	354098	16731	0	2011-05-16 15:03:23.368437+00	0		
742	12297	332269	7064	0	2011-05-16 15:03:23.368437+00	0		
743	12297	332270	7064	0	2011-05-16 15:03:23.368437+00	0		
745	12232	56081	6024	0	2011-05-16 15:03:23.368437+00	0		
746	12297	153111	7119	0	2011-05-16 15:03:23.368437+00	0		
747	12134	546904	27213	0	2011-05-16 15:03:23.368437+00	0		
748	12134	420822	3182	0	2011-05-16 15:03:23.368437+00	0		
749	12298	76576	2141	0	2011-05-16 15:03:23.368437+00	0		
750	12132	374200	28729	0	2011-05-16 15:03:23.368437+00	0		
751	12132	271534	28290	0	2011-05-16 15:03:23.368437+00	0		
752	12298	446801	2141	0	2011-05-16 15:03:23.368437+00	0		
753	12299	554553	15975	0	2011-05-16 15:03:23.368437+00	0		
755	12165	501193	1002	0	2011-05-16 15:03:23.368437+00	0		
4928	12241	889341	67052	0	2012-05-03 03:11:16.085393+00	0		
757	12134	558676	28748	0	2011-05-16 15:03:23.368437+00	0		
758	12162	624338	37392	0	2011-05-16 15:03:23.368437+00	0		
759	12132	261992	9386	0	2011-05-16 15:03:23.368437+00	0		
760	12134	510324	22049	0	2011-05-16 15:03:23.368437+00	0		
761	12280	555488	1002	0	2011-05-16 15:03:23.368437+00	0		
762	12134	563994	1252	0	2011-05-16 15:03:23.368437+00	0		
763	12301	255201	8005	0	2011-05-16 15:03:23.368437+00	0		
764	12132	561294	29063	0	2011-05-16 15:03:23.368437+00	0		
765	12302	566404	29679	0	2011-05-16 15:03:23.368437+00	0		
766	12132	514007	30396	0	2011-05-16 15:03:23.368437+00	0		
767	12132	391474	1939	0	2011-05-16 15:03:23.368437+00	0		
768	12132	336866	28275	0	2011-05-16 15:03:23.368437+00	0		
769	12132	355070	30714	0	2011-05-16 15:03:23.368437+00	0		
770	12303	372028	4185	0	2011-05-16 15:03:23.368437+00	0		
771	12213	477483	16766	0	2011-05-16 15:03:23.368437+00	0		
772	12304	384914	2191	0	2011-05-16 15:03:23.368437+00	0		
773	12134	486857	2965	0	2011-05-16 15:03:23.368437+00	0		
775	12132	216530	2842	0	2011-05-16 15:03:23.368437+00	0		
776	12306	589916	28578	0	2011-05-16 15:03:23.368437+00	0		
777	12132	594644	33493	0	2011-05-16 15:03:23.368437+00	0		
778	12149	112502	24334	0	2011-05-16 15:03:23.368437+00	0		
780	12132	14125	41750	0	2011-05-16 15:03:23.368437+00	0		
781	12132	585307	34529	0	2011-05-16 15:03:23.368437+00	0		
782	12308	1577	748	0	2011-05-16 15:03:23.368437+00	0		
783	12132	603936	21554	0	2011-05-16 15:03:23.368437+00	0		
784	12132	77721	1769	0	2011-05-16 15:03:23.368437+00	0		
785	12201	1503	395	0	2011-05-16 15:03:23.368437+00	0		
786	12309	311064	15877	0	2011-05-16 15:03:23.368437+00	0		
787	12305	294383	34095	0	2011-05-16 15:03:23.368437+00	0		
788	12235	610858	35548	0	2011-05-16 15:03:23.368437+00	0		
789	12310	510	435	0	2011-05-16 15:03:23.368437+00	0		
4610	12413	5689	61573	0	2013-02-24 20:00:27.819609+00	0		
792	12132	435152	33044	0	2011-05-16 15:03:23.368437+00	0		
793	12132	282425	35477	0	2011-05-16 15:03:23.368437+00	0		
794	12163	615731	36278	0	2011-05-16 15:03:23.368437+00	0		
795	12165	618287	3435	0	2011-05-16 15:03:23.368437+00	0		
797	12132	627283	4003	0	2011-05-16 15:03:23.368437+00	0		
798	12132	625558	19259	0	2011-05-16 15:03:23.368437+00	0		
799	12149	128547	466	0	2011-05-16 15:03:23.368437+00	0		
800	12162	624343	37392	0	2011-05-16 15:03:23.368437+00	0		
801	12162	624341	37392	0	2011-05-16 15:03:23.368437+00	0		
802	12134	79082	17041	0	2011-05-16 15:03:23.368437+00	0		
803	12312	623154	37303	0	2011-05-16 15:03:23.368437+00	0		
804	12162	367414	38331	0	2011-05-16 15:03:23.368437+00	0		
805	12132	630169	38214	0	2011-05-16 15:03:23.368437+00	0		
806	12134	416634	34884	0	2011-05-16 15:03:23.368437+00	0		
807	12313	631090	38342	0	2011-05-16 15:03:23.368437+00	0		
808	12132	313338	22328	0	2011-05-16 15:03:23.368437+00	0		
809	12132	639513	3428	0	2011-05-16 15:03:23.368437+00	0		
810	12134	592972	5281	0	2011-05-16 15:03:23.368437+00	0		
811	12163	586065	316	0	2011-05-16 15:03:23.368437+00	0		
812	12132	24231	40293	0	2011-05-16 15:03:23.368437+00	0		
813	12132	648840	15593	0	2011-05-16 15:03:23.368437+00	0		
814	12132	242865	4252	0	2011-05-16 15:03:23.368437+00	0		
815	12216	202337	39415	0	2011-05-16 15:03:23.368437+00	0		
816	12144	631414	41410	0	2011-05-16 15:03:23.368437+00	0		
723	12132	193152	25288	0	2012-07-14 12:22:30.717122+00	0		
774	12305	21948	443	0	2011-11-14 23:02:35.767494+00	0		
691	12216	475243	2033	0	2012-02-26 08:00:09.904118+00	0		
796	12134	206786	23153	0	2013-03-18 04:00:25.556626+00	0		
733	12151	187837	5664	0	2012-06-04 22:00:08.181617+00	0		
730	12184	71600	1010	0	2012-07-12 16:08:05.093269+00	0		
341	12217	5155	374	0	2014-01-07 22:01:57.381041+00	0		
689	12132	136442	15957	0	2013-01-14 16:00:27.868145+00	0		
5558	12132	736892	54342	0	2013-02-08 08:00:07.799939+00	0		
701	12132	35189	19851	0	2013-07-02 04:01:44.719139+00	0		
817	12162	640733	39604	0	2011-05-16 15:03:23.368437+00	0		
5153	52626	909248	69246	0	2012-07-18 12:38:43.676978+00	0		
819	12132	306821	20723	0	2011-05-16 15:03:23.368437+00	0		
820	12132	473808	412	0	2011-05-16 15:03:23.368437+00	0		
823	12317	475243	8858	0	2011-05-16 15:03:23.368437+00	0		
5560	106032	969923	75593	0	2013-02-09 13:00:10.39965+00	0		
825	12132	346098	16421	0	2011-05-16 15:03:23.368437+00	0		
826	12132	229966	17005	0	2011-05-16 15:03:23.368437+00	0		
827	12132	94804	24974	0	2011-05-16 15:03:23.368437+00	0		
828	12132	217898	18054	0	2011-05-16 15:03:23.368437+00	0		
831	12317	384914	6876	0	2011-05-16 15:03:23.368437+00	0		
832	12132	489498	18623	0	2011-05-16 15:03:23.368437+00	0		
833	12132	481842	706	0	2011-05-16 15:03:23.368437+00	0		
834	12134	151555	4381	0	2011-05-16 15:03:23.368437+00	0		
835	12132	55244	3401	0	2011-05-16 15:03:23.368437+00	0		
836	12132	457929	5509	0	2011-05-16 15:03:23.368437+00	0		
837	12132	14441	19869	0	2011-05-16 15:03:23.368437+00	0		
838	12320	243151	697	0	2011-05-16 15:03:23.368437+00	0		
839	12132	204693	20223	0	2011-05-16 15:03:23.368437+00	0		
841	12322	495707	19644	0	2011-05-16 15:03:23.368437+00	0		
844	12134	505209	21167	0	2011-05-16 15:03:23.368437+00	0		
845	12132	287495	31065	0	2011-05-16 15:03:23.368437+00	0		
846	12132	243045	6153	0	2011-05-16 15:03:23.368437+00	0		
847	12132	507868	8339	0	2011-05-16 15:03:23.368437+00	0		
848	12132	373852	22490	0	2011-05-16 15:03:23.368437+00	0		
5833	118620	225308	53	0	2013-05-24 02:01:17.954927+00	0		
851	12323	237414	7451	0	2011-05-16 15:03:23.368437+00	0		
852	12132	417646	22216	0	2011-05-16 15:03:23.368437+00	0		
853	12324	509823	10171	0	2011-05-16 15:03:23.368437+00	0		
854	12132	260113	23314	0	2011-05-16 15:03:23.368437+00	0		
855	12132	516521	23022	0	2011-05-16 15:03:23.368437+00	0		
857	12325	521452	23752	0	2011-05-16 15:03:23.368437+00	0		
858	12132	208220	23828	0	2011-05-16 15:03:23.368437+00	0		
859	12132	532363	25337	0	2011-05-16 15:03:23.368437+00	0		
861	12151	523657	1868	0	2011-05-16 15:03:23.368437+00	0		
862	12327	354369	15975	0	2011-05-16 15:03:23.368437+00	0		
863	12132	271037	25635	0	2011-05-16 15:03:23.368437+00	0		
864	12132	30756	23936	0	2011-05-16 15:03:23.368437+00	0		
865	12132	64126	26625	0	2011-05-16 15:03:23.368437+00	0		
866	12134	388192	25740	0	2011-05-16 15:03:23.368437+00	0		
867	12134	272783	2965	0	2011-05-16 15:03:23.368437+00	0		
868	12132	261463	8475	0	2011-05-16 15:03:23.368437+00	0		
791	12132	206471	24784	0	2014-08-29 21:00:54.826933+00	0		
860	12326	1441	17282	0	2015-04-14 20:00:30.513759+00	0		
869	12132	361999	27278	0	2011-05-16 15:03:23.368437+00	0		
870	12328	128547	3530	0	2011-05-16 15:03:23.368437+00	0		
871	12132	428588	1187	0	2011-05-16 15:03:23.368437+00	0		
872	12134	279526	16731	0	2011-05-16 15:03:23.368437+00	0		
873	12329	549632	27532	0	2011-05-16 15:03:23.368437+00	0		
874	12134	323048	3182	0	2011-05-16 15:03:23.368437+00	0		
875	12132	67984	28029	0	2011-05-16 15:03:23.368437+00	0		
876	12132	102868	28304	0	2011-05-16 15:03:23.368437+00	0		
877	12330	554553	2014	0	2011-05-16 15:03:23.368437+00	0		
878	12132	551252	4466	0	2011-05-16 15:03:23.368437+00	0		
879	12134	305099	1074	0	2011-05-16 15:03:23.368437+00	0		
880	12132	301993	28918	0	2011-05-16 15:03:23.368437+00	0		
881	12134	384330	8906	0	2011-05-16 15:03:23.368437+00	0		
882	12132	321144	2070	0	2011-05-16 15:03:23.368437+00	0		
883	12149	32220	1002	0	2011-05-16 15:03:23.368437+00	0		
885	12134	563535	29297	0	2011-05-16 15:03:23.368437+00	0		
886	12331	452777	466	0	2011-05-16 15:03:23.368437+00	0		
887	12132	358409	29067	0	2011-05-16 15:03:23.368437+00	0		
888	12132	513999	30396	0	2011-05-16 15:03:23.368437+00	0		
889	12132	569623	30146	0	2011-05-16 15:03:23.368437+00	0		
890	12332	566404	29680	0	2011-05-16 15:03:23.368437+00	0		
891	12280	21948	50	0	2011-05-16 15:03:23.368437+00	0		
893	12225	9303	1446	0	2011-05-16 15:03:23.368437+00	0		
895	12132	464311	3630	0	2011-05-16 15:03:23.368437+00	0		
896	12132	450788	48106	0	2011-05-16 15:03:23.368437+00	0		
897	12132	61654	16666	0	2011-05-16 15:03:23.368437+00	0		
898	12132	178959	33169	0	2011-05-16 15:03:23.368437+00	0		
899	12132	594720	19145	0	2011-05-16 15:03:23.368437+00	0		
900	12134	183664	33045	0	2011-05-16 15:03:23.368437+00	0		
901	12132	602745	34529	0	2011-05-16 15:03:23.368437+00	0		
902	12132	599350	33365	0	2011-05-16 15:03:23.368437+00	0		
903	12240	1503	384	0	2011-05-16 15:03:23.368437+00	0		
905	12334	1485	8225	0	2011-05-16 15:03:23.368437+00	0		
906	12132	603937	21554	0	2011-05-16 15:03:23.368437+00	0		
908	12132	531984	25915	0	2011-05-16 15:03:23.368437+00	0		
911	12235	610859	35548	0	2011-05-16 15:03:23.368437+00	0		
912	12326	444485	7549	0	2011-05-16 15:03:23.368437+00	0		
913	12132	382220	24784	0	2011-05-16 15:03:23.368437+00	0		
914	12337	597788	17376	0	2011-05-16 15:03:23.368437+00	0		
915	12183	38022	4265	0	2011-05-16 15:03:23.368437+00	0		
916	12132	261651	25583	0	2011-05-16 15:03:23.368437+00	0		
917	12132	349971	36413	0	2011-05-16 15:03:23.368437+00	0		
918	12235	623243	37244	0	2011-05-16 15:03:23.368437+00	0		
919	12132	175743	35477	0	2011-05-16 15:03:23.368437+00	0		
920	12338	721085	47782	0	2011-05-16 15:03:23.368437+00	0		
921	12144	242218	3435	0	2011-05-16 15:03:23.368437+00	0		
922	12144	218376	46	0	2011-05-16 15:03:23.368437+00	0		
923	12162	624337	37392	0	2011-05-16 15:03:23.368437+00	0		
924	12162	175194	38332	0	2011-05-16 15:03:23.368437+00	0		
925	12162	623768	37392	0	2011-05-16 15:03:23.368437+00	0		
926	12134	255187	17041	0	2011-05-16 15:03:23.368437+00	0		
927	12134	505374	17041	0	2011-05-16 15:03:23.368437+00	0		
928	12132	611047	9677	0	2011-05-16 15:03:23.368437+00	0		
929	12134	589762	34884	0	2011-05-16 15:03:23.368437+00	0		
930	12339	204333	16066	0	2011-05-16 15:03:23.368437+00	0		
931	12340	631090	38343	0	2011-05-16 15:03:23.368437+00	0		
932	12132	313369	22328	0	2011-05-16 15:03:23.368437+00	0		
933	12341	456893	38998	0	2011-05-16 15:03:23.368437+00	0		
934	12132	346113	39779	0	2011-05-16 15:03:23.368437+00	0		
935	12134	369148	5281	0	2011-05-16 15:03:23.368437+00	0		
936	12132	7322	40376	0	2011-05-16 15:03:23.368437+00	0		
937	12134	639603	39478	0	2011-05-16 15:03:23.368437+00	0		
939	12132	671762	702	0	2011-05-16 15:03:23.368437+00	0		
940	12132	41161	48028	0	2011-05-16 15:03:23.368437+00	0		
941	12342	488897	8639	0	2011-05-16 15:03:23.368437+00	0		
942	12343	10476	8941	0	2011-05-16 15:03:23.368437+00	0		
943	12134	52303	39415	0	2011-05-16 15:03:23.368437+00	0		
944	12132	552450	41732	0	2011-05-16 15:03:23.368437+00	0		
945	12132	52373	41451	0	2011-05-16 15:03:23.368437+00	0		
946	12162	620826	37017	0	2011-05-16 15:03:23.368437+00	0		
947	12162	640938	39604	0	2011-05-16 15:03:23.368437+00	0		
948	12162	578356	39604	0	2011-05-16 15:03:23.368437+00	0		
949	12132	204333	2887	0	2011-05-16 15:03:23.368437+00	0		
950	12132	677062	193	0	2011-05-16 15:03:23.368437+00	0		
5576	12132	717604	75902	0	2013-02-16 16:00:11.111651+00	0		
910	12275	311064	758	0	2012-01-12 06:03:39.92807+00	0		
840	12321	384914	2033	0	2012-02-26 08:00:09.904118+00	0		
821	12315	377828	2191	0	2012-12-15 09:27:40.499746+00	0		
904	12188	9606	155	0	2013-03-03 02:00:18.666311+00	0		
938	12132	45179	5527	0	2013-06-01 20:01:58.280393+00	0		
5559	12216	736892	70828	0	2013-02-08 08:00:08.477425+00	0		
6422	12132	834009	19494	0	2014-01-07 23:51:52.226434+00	0		
892	12134	219121	2779	0	2013-07-19 02:00:24.487642+00	0		
842	12132	1266	20428	0	2014-01-19 08:00:15.821778+00	0		
6457	12134	1073707	87198	0	2014-01-19 10:00:39.379811+00	0		
953	12132	135555	16002	0	2011-05-16 15:03:23.368437+00	0		
954	12132	21610	10419	0	2011-05-16 15:03:23.368437+00	0		
956	12132	53473	17308	0	2011-05-16 15:03:23.368437+00	0		
957	12132	481977	17476	0	2011-05-16 15:03:23.368437+00	0		
958	12132	3303	18068	0	2011-05-16 15:03:23.368437+00	0		
959	12216	270196	22967	0	2011-05-16 15:03:23.368437+00	0		
960	12132	479083	17007	0	2011-05-16 15:03:23.368437+00	0		
961	12132	141288	18623	0	2011-05-16 15:03:23.368437+00	0		
964	12132	74106	2728	0	2011-05-16 15:03:23.368437+00	0		
966	12132	304806	3401	0	2011-05-16 15:03:23.368437+00	0		
968	12261	45036	9089	0	2011-05-16 15:03:23.368437+00	0		
7595	12350	1171410	45708	0	2014-11-18 15:21:59.71959+00	0		
971	12326	364844	6450	0	2011-05-16 15:03:23.368437+00	0		
972	12132	109952	20223	0	2011-05-16 15:03:23.368437+00	0		
973	12132	67212	15217	0	2011-05-16 15:03:23.368437+00	0		
974	12326	444483	7549	0	2011-05-16 15:03:23.368437+00	0		
975	12132	112852	20747	0	2011-05-16 15:03:23.368437+00	0		
977	12134	507916	19165	0	2011-05-16 15:03:23.368437+00	0		
978	12347	12127	2904	0	2011-05-16 15:03:23.368437+00	0		
979	12348	509823	10171	0	2011-05-16 15:03:23.368437+00	0		
980	12132	212185	4597	0	2011-05-16 15:03:23.368437+00	0		
981	12134	505210	21167	0	2011-05-16 15:03:23.368437+00	0		
982	12132	511210	22230	0	2011-05-16 15:03:23.368437+00	0		
983	12132	475837	23053	0	2011-05-16 15:03:23.368437+00	0		
984	12349	506877	21536	0	2011-05-16 15:03:23.368437+00	0		
985	12350	506877	21536	0	2011-05-16 15:03:23.368437+00	0		
986	12351	464311	23757	0	2011-05-16 15:03:23.368437+00	0		
987	12132	304995	24974	0	2011-05-16 15:03:23.368437+00	0		
988	12132	57712	23835	0	2011-05-16 15:03:23.368437+00	0		
989	12132	518937	23349	0	2011-05-16 15:03:23.368437+00	0		
843	12165	498743	36	0	2014-09-27 01:00:22.002044+00	0		
5843	12132	797787	87149	0	2015-04-18 16:13:14.749859+00	0		
991	12132	11080	25341	0	2011-05-16 15:03:23.368437+00	0		
992	12151	523658	1868	0	2011-05-16 15:03:23.368437+00	0		
993	12132	15099	23936	0	2011-05-16 15:03:23.368437+00	0		
994	12134	66621	25740	0	2011-05-16 15:03:23.368437+00	0		
995	12132	474493	15852	0	2011-05-16 15:03:23.368437+00	0		
996	12352	491608	25377	0	2011-05-16 15:03:23.368437+00	0		
997	12132	448437	26625	0	2011-05-16 15:03:23.368437+00	0		
998	12134	464260	2965	0	2011-05-16 15:03:23.368437+00	0		
999	12353	216530	7355	0	2011-05-16 15:03:23.368437+00	0		
1000	12354	520995	28201	0	2011-05-16 15:03:23.368437+00	0		
1001	12134	118677	46	0	2011-05-16 15:03:23.368437+00	0		
1002	12132	36438	26889	0	2011-05-16 15:03:23.368437+00	0		
1003	12134	544907	16731	0	2011-05-16 15:03:23.368437+00	0		
894	12333	221716	185	0	2015-08-28 06:16:54.66976+00	0		
1005	12134	259329	3182	0	2011-05-16 15:03:23.368437+00	0		
1006	12132	100035	28054	0	2011-05-16 15:03:23.368437+00	0		
1007	12356	357846	4931	0	2011-05-16 15:03:23.368437+00	0		
1008	12132	474493	8591	0	2011-05-16 15:03:23.368437+00	0		
1009	12132	551252	3005	0	2011-05-16 15:03:23.368437+00	0		
1010	12357	283720	4931	0	2011-05-16 15:03:23.368437+00	0		
1012	12134	301241	8906	0	2011-05-16 15:03:23.368437+00	0		
1013	12132	268738	28758	0	2011-05-16 15:03:23.368437+00	0		
1014	12358	581256	20708	0	2011-05-16 15:03:23.368437+00	0		
1015	12359	649238	3530	0	2011-05-16 15:03:23.368437+00	0		
1016	12132	358409	29069	0	2011-05-16 15:03:23.368437+00	0		
1017	12132	7321	29687	0	2011-05-16 15:03:23.368437+00	0		
1018	12338	150762	4020	0	2011-05-16 15:03:23.368437+00	0		
1020	12360	259070	1463	0	2011-05-16 15:03:23.368437+00	0		
1021	12361	477684	16766	0	2011-05-16 15:03:23.368437+00	0		
1022	12362	259070	24208	0	2011-05-16 15:03:23.368437+00	0		
1023	12363	250241	580	0	2011-05-16 15:03:23.368437+00	0		
1025	12132	3333	31068	0	2011-05-16 15:03:23.368437+00	0		
1026	12132	445528	31228	0	2011-05-16 15:03:23.368437+00	0		
1027	12132	582865	31720	0	2011-05-16 15:03:23.368437+00	0		
1029	12132	694923	45672	0	2011-05-16 15:03:23.368437+00	0		
1030	12132	591735	23992	0	2011-05-16 15:03:23.368437+00	0		
1031	12364	594857	33266	0	2011-05-16 15:03:23.368437+00	0		
1032	12134	244041	33045	0	2011-05-16 15:03:23.368437+00	0		
1033	12132	347256	34141	0	2011-05-16 15:03:23.368437+00	0		
1035	12132	605160	25915	0	2011-05-16 15:03:23.368437+00	0		
1038	12132	102811	18332	0	2011-05-16 15:03:23.368437+00	0		
1040	12368	608877	35304	0	2011-05-16 15:03:23.368437+00	0		
1041	12275	2073	395	0	2011-05-16 15:03:23.368437+00	0		
1042	12369	311064	4307	0	2011-05-16 15:03:23.368437+00	0		
1043	12370	597792	17376	0	2011-05-16 15:03:23.368437+00	0		
1044	12270	1323	394	0	2011-05-16 15:03:23.368437+00	0		
1045	12132	558162	28633	0	2011-05-16 15:03:23.368437+00	0		
1046	12132	593229	35942	0	2011-05-16 15:03:23.368437+00	0		
1047	12301	616816	4685	0	2011-05-16 15:03:23.368437+00	0		
1028	12132	1266	23049	0	2014-01-19 08:00:15.821778+00	0		
1049	12235	623244	37244	0	2011-05-16 15:03:23.368437+00	0		
1050	12132	625663	34224	0	2011-05-16 15:03:23.368437+00	0		
1051	12162	263636	37392	0	2011-05-16 15:03:23.368437+00	0		
1052	12162	624340	37392	0	2011-05-16 15:03:23.368437+00	0		
1054	12134	407004	34884	0	2011-05-16 15:03:23.368437+00	0		
1055	12162	175194	38331	0	2011-05-16 15:03:23.368437+00	0		
1056	12132	671984	1668	0	2011-05-16 15:03:23.368437+00	0		
1057	12132	195285	23261	0	2011-05-16 15:03:23.368437+00	0		
1058	12132	362971	38142	0	2011-05-16 15:03:23.368437+00	0		
1059	12341	456894	38998	0	2011-05-16 15:03:23.368437+00	0		
