1	133755	442612	774	0	2013-10-17 15:34:07.697702+00	0		
2	133755	1051543	774	0	2013-10-17 15:34:57.082365+00	0		
46	133953	999594	1142	0	2013-10-19 03:02:42.95189+00	0		
47	133953	1051970	1142	0	2013-10-19 03:05:27.615721+00	0		
48	133959	999594	1143	0	2013-10-19 03:08:45.807449+00	0		
29	133964	416763	1020	0	2013-10-18 01:01:21.724422+00	0		
8	133755	122025	923	0	2013-10-17 16:31:51.799012+00	0		
9	133755	466586	923	0	2013-10-17 16:32:08.256488+00	0		
10	133755	942819	778	0	2013-10-17 18:38:47.044692+00	0		
30	133964	520866	1020	0	2013-10-18 01:01:35.899318+00	0		
11	133755	1051588	902	0	2013-10-17 18:41:16.929342+00	0		
12	133755	1051589	902	0	2013-10-17 18:43:16.067848+00	0		
49	134142	346971	1149	0	2013-10-19 09:26:43.621633+00	0		
13	133755	1051591	902	0	2013-10-17 18:43:50.889137+00	0		
14	133815	623448	955	0	2013-10-17 18:47:21.778747+00	0		
15	133755	237476	956	0	2013-10-17 18:57:25.230879+00	0		
16	133953	687012	1017	0	2013-10-17 23:38:26.837559+00	0		
17	133755	629283	1019	0	2013-10-17 23:57:30.337641+00	0		
18	133755	297629	1019	0	2013-10-17 23:57:45.019188+00	0		
19	133755	500667	1019	0	2013-10-17 23:57:56.383104+00	0		
33	133755	479570	1023	0	2013-10-18 01:13:05.121413+00	0		
50	133755	356705	1150	0	2013-10-19 09:48:34.809917+00	0		
99	133815	541219	1724	0	2013-10-29 10:37:12.675854+00	0		
34	133755	561302	1023	0	2013-10-18 01:13:28.920235+00	0		
1437	204117	1107218	9124	0	2015-01-06 03:00:38.367523+00	0		
35	133755	1051679	1023	0	2013-10-18 01:15:02.36606+00	0		
106	133760	361175	1775	0	2013-10-29 23:50:16.353487+00	0		
36	133760	356419	1024	0	2013-10-18 01:22:02.671846+00	0		
104	133755	275403	1730	0	2013-10-29 14:31:15.483034+00	0		
37	133760	829923	1024	0	2013-10-18 01:22:29.302869+00	0		
38	133760	336468	1024	0	2013-10-18 01:23:06.904539+00	0		
28	133953	1049104	784	0	2013-10-18 00:57:31.050571+00	0		
4	133760	331575	784	0	2013-10-17 15:40:58.725598+00	0		
20	133959	561981	784	0	2013-10-18 00:35:36.907983+00	0		
21	133815	561981	784	0	2013-10-18 00:35:56.966808+00	0		
22	133959	561320	784	0	2013-10-18 00:36:12.062118+00	0		
23	133815	561320	784	0	2013-10-18 00:36:26.812547+00	0		
24	133959	1051676	784	0	2013-10-18 00:38:30.04527+00	0		
25	133815	1051676	784	0	2013-10-18 00:38:44.39415+00	0		
5	133960	388109	784	0	2013-10-17 15:41:14.823701+00	0		
26	133959	739529	784	0	2013-10-18 00:40:45.862427+00	0		
27	133815	739529	784	0	2013-10-18 00:40:59.750885+00	0		
3	133961	331586	784	0	2013-10-17 15:40:43.970639+00	0		
1402	204117	378321	8903	0	2014-12-20 13:57:21.516781+00	0		
41	133755	702170	1032	0	2013-10-18 09:28:42.779892+00	0		
73	133755	418642	1354	0	2013-10-22 22:39:05.803347+00	0		
100	133760	430884	1726	0	2013-10-29 11:21:39.109654+00	0		
1404	133755	1181714	8911	0	2014-12-21 09:54:32.70621+00	0		
43	133760	1050556	1075	0	2013-10-18 14:50:25.576332+00	0		
1403	133959	1181597	8910	0	2014-12-21 01:00:47.896181+00	0		
62	133755	937578	1201	0	2013-10-22 00:18:34.865366+00	0		
95	133760	486506	1664	0	2013-10-28 03:03:30.796486+00	0		
107	135920	1055068	1775	0	2013-10-29 23:54:43.96894+00	0		
108	135926	331709	775	0	2013-10-30 00:05:10.076899+00	0		
114	133755	329373	1839	0	2013-10-30 21:37:05.545143+00	0		
116	133755	528930	1863	0	2013-10-31 03:53:49.138375+00	0		
1406	204117	1181853	8917	0	2014-12-21 19:47:47.107351+00	0		
53	133755	736148	993	0	2013-10-20 11:25:24.547293+00	0		
54	133755	736150	993	0	2013-10-20 11:28:40.090888+00	0		
55	133755	676466	1006	0	2013-10-20 14:33:00.559124+00	0		
56	133755	525757	1223	0	2013-10-20 15:16:15.157692+00	0		
1408	136447	536195	8928	0	2014-12-22 10:07:52.099792+00	0		
57	133755	755471	1223	0	2013-10-20 15:20:29.73369+00	0		
58	133755	928974	1226	0	2013-10-20 18:25:47.030867+00	0		
59	133755	616938	1242	0	2013-10-20 20:41:50.184449+00	0		
1413	133760	391515	8985	0	2014-12-27 06:38:49.946594+00	0		
105	133755	910571	1725	0	2013-10-29 15:34:56.475586+00	0		
1400	133755	1180814	4939	0	2014-12-18 22:05:42.726914+00	0		
1401	204117	756430	8889	0	2014-12-19 17:26:12.221351+00	0		
51	133961	333455	1166	0	2013-10-19 16:21:06.414142+00	0		
52	133961	355071	1166	0	2013-10-19 16:22:48.981544+00	0		
60	133755	410455	1245	0	2013-10-20 21:01:29.431851+00	0		
109	133755	711813	1785	0	2013-10-30 00:52:46.379736+00	0		
97	133815	557363	1724	0	2013-10-29 10:36:46.862972+00	0		
101	133755	497052	1720	0	2013-10-29 12:55:07.859869+00	0		
98	133959	541219	1724	0	2013-10-29 10:37:03.130626+00	0		
65	133755	427530	1333	0	2013-10-22 16:56:08.396396+00	0		
66	134621	595287	1333	0	2013-10-22 16:59:38.466336+00	0		
1415	133755	1183726	9016	0	2014-12-28 13:56:06.118068+00	0		
115	133760	342485	1841	0	2013-10-30 22:36:06.827757+00	0		
67	134622	240589	1333	0	2013-10-22 17:01:17.38887+00	0		
68	133755	595418	1334	0	2013-10-22 17:32:34.999115+00	0		
69	133755	606101	1339	0	2013-10-22 20:06:50.465124+00	0		
70	133755	606106	1341	0	2013-10-22 20:21:36.013767+00	0		
1416	136707	323369	9023	0	2014-12-29 11:05:04.386839+00	0		
72	133755	606222	1341	0	2013-10-22 20:25:04.974487+00	0		
112	133760	252580	1756	0	2013-10-30 21:32:07.987247+00	0		
117	133755	1055430	1886	0	2013-10-31 11:59:01.498221+00	0		
1409	133760	766806	8940	0	2014-12-23 01:39:13.117361+00	0		
118	133755	1055429	1886	0	2013-10-31 11:59:26.592446+00	0		
78	133755	530849	1400	0	2013-10-24 09:21:10.948056+00	0		
119	133755	646975	1888	0	2013-10-31 13:16:13.262071+00	0		
124	133760	1046836	1936	0	2013-11-01 04:56:11.75184+00	0		
125	133959	1054765	1935	0	2013-11-01 04:57:00.784792+00	0		
1440	176267	1186540	9131	0	2015-01-06 08:47:58.042015+00	0		
1431	136447	1184925	4132	0	2015-01-01 20:21:16.58097+00	0		
1411	207235	1182626	8959	0	2014-12-24 17:08:11.887547+00	0		
122	133755	513249	1922	0	2013-11-01 00:15:03.571408+00	0		
1434	133755	1185653	9113	0	2015-01-03 17:40:47.454092+00	0		
1432	136447	1185320	9095	0	2015-01-02 20:12:45.145852+00	0		
1414	204117	375136	8986	0	2014-12-27 12:30:23.380027+00	0		
1435	204117	1156490	9120	0	2015-01-05 17:52:02.544854+00	0		
1438	133755	287349	9126	0	2015-01-06 04:55:40.891452+00	0		
1417	136447	1184118	9036	0	2014-12-29 21:23:49.498846+00	0		
1443	204117	1186661	9137	0	2015-01-06 15:12:20.893803+00	0		
1418	133755	1184198	861	0	2014-12-30 02:12:19.859902+00	0		
1421	133755	192103	9043	0	2014-12-30 06:15:47.13878+00	0		
1422	133760	1184269	5226	0	2014-12-30 10:43:26.480262+00	0		
1423	133760	706685	7471	0	2014-12-31 16:21:33.779895+00	0		
1436	204117	335446	9120	0	2015-01-05 17:52:02.544854+00	0		
113	133760	240365	1562	0	2013-10-30 21:32:49.931478+00	0		
121	139649	1055173	1892	0	2013-10-31 14:04:39.63658+00	0		
120	142955	1055173	1891	0	2013-10-31 14:04:15.861986+00	0		
102	133755	497052	1728	0	2013-10-29 12:59:12.717695+00	0		
164	136447	673795	1373	0	2013-11-01 19:48:54.122611+00	0		
139	133760	561324	1980	0	2013-11-01 18:12:06.849491+00	0		
129	136447	815803	1111	0	2013-11-01 16:43:06.896272+00	0		
191	136586	445929	1127	0	2013-11-01 23:55:32.759854+00	0		
130	136447	882653	1111	0	2013-11-01 16:43:05.515534+00	0		
131	136447	882656	808	0	2013-11-01 16:43:08.916219+00	0		
132	136447	773737	808	0	2013-11-01 16:43:11.244396+00	0		
133	136447	839421	1284	0	2013-11-01 17:13:03.990125+00	0		
166	136508	422994	826	0	2013-11-01 19:57:51.73976+00	0		
134	136447	825419	1287	0	2013-11-01 17:13:06.106407+00	0		
135	136447	648391	1288	0	2013-11-01 17:13:08.116057+00	0		
207	136691	350478	2063	0	2013-11-02 12:21:35.506879+00	0		
167	136447	454626	945	0	2013-11-01 20:01:36.749703+00	0		
1410	204117	78417	8941	0	2014-12-23 01:49:37.425674+00	0		
137	136447	420121	1283	0	2013-11-01 17:13:25.658654+00	0		
138	136447	839422	1286	0	2013-11-01 17:13:42.930257+00	0		
140	136466	764715	1283	0	2013-11-01 18:35:53.536368+00	0		
136	136467	966373	1285	0	2013-11-01 17:13:21.193633+00	0		
233	136447	394456	1198	0	2013-11-02 23:08:26.235502+00	0		
142	136447	489619	773	0	2013-11-01 18:48:17.871473+00	0		
192	136587	506177	1358	0	2013-11-01 23:57:25.958931+00	0		
181	136541	638472	942	0	2013-11-01 21:44:23.501395+00	0		
146	136447	1053162	1371	0	2013-11-01 19:00:25.64578+00	0		
172	133760	812761	2004	0	2013-11-01 20:25:02.307028+00	0		
170	136513	464688	810	0	2013-11-01 20:11:27.946572+00	0		
148	136447	365960	1372	0	2013-11-01 19:02:28.753416+00	0		
208	136482	350478	1278	0	2013-11-02 12:26:25.284943+00	0		
171	136514	464688	1014	0	2013-11-01 20:14:55.484593+00	0		
188	133760	375782	2036	0	2013-11-01 22:59:26.045269+00	0		
193	136590	506177	2043	0	2013-11-02 00:07:10.78608+00	0		
149	136477	511332	1468	0	2013-11-01 19:05:15.309155+00	0		
173	136447	403132	2005	0	2013-11-01 20:25:25.32277+00	0		
150	136478	511332	1469	0	2013-11-01 19:06:18.581906+00	0		
151	136447	912704	1152	0	2013-11-01 19:09:46.771138+00	0		
1407	133755	1181855	8918	0	2014-12-21 19:58:45.746098+00	0		
147	133760	252580	1523	0	2013-11-01 19:00:52.449485+00	0		
174	136447	491542	1090	0	2013-11-01 20:34:47.186607+00	0		
153	136447	1054287	1556	0	2013-11-01 19:12:34.797106+00	0		
154	136447	1054285	1555	0	2013-11-01 19:13:22.807541+00	0		
155	136447	42841	1553	0	2013-11-01 19:14:54.341374+00	0		
175	136447	450521	2012	0	2013-11-01 20:48:55.50488+00	0		
156	136447	1053845	1489	0	2013-11-01 19:19:46.679249+00	0		
157	136482	1053795	1476	0	2013-11-01 19:20:40.893916+00	0		
194	136591	506177	2044	0	2013-11-02 00:10:43.464472+00	0		
158	136488	139	1995	0	2013-11-01 19:30:47.126267+00	0		
176	133760	441944	2013	0	2013-11-01 20:54:15.597818+00	0		
159	136489	791	1996	0	2013-11-01 19:37:36.0132+00	0		
160	136491	208706	1473	0	2013-11-01 19:42:00.535797+00	0		
161	136493	1053769	1463	0	2013-11-01 19:43:51.481113+00	0		
177	136447	1055847	1066	0	2013-11-01 21:08:12.283321+00	0		
162	136493	1053769	1464	0	2013-11-01 19:44:31.514455+00	0		
226	136447	1056244	2089	0	2013-11-02 22:21:40.681257+00	0		
178	136447	1055844	2018	0	2013-11-01 21:21:56.958906+00	0		
179	136493	716313	1352	0	2013-11-01 21:30:15.572949+00	0		
180	136537	638472	2021	0	2013-11-01 21:37:05.166589+00	0		
209	136692	245008	1278	0	2013-11-02 12:27:57.817798+00	0		
211	136694	186618	2065	0	2013-11-02 12:54:33.108043+00	0		
182	136571	192850	932	0	2013-11-01 22:36:02.43167+00	0		
183	136571	422310	932	0	2013-11-01 22:38:39.568369+00	0		
184	136447	9739	1303	0	2013-11-01 22:40:08.888338+00	0		
185	136447	250210	1303	0	2013-11-01 22:40:29.727182+00	0		
186	136447	1055870	1303	0	2013-11-01 22:43:03.205052+00	0		
219	136447	643461	1221	0	2013-11-02 17:40:25.911058+00	0		
187	136447	1055872	1303	0	2013-11-01 22:45:07.317717+00	0		
212	136696	186618	1381	0	2013-11-02 12:56:59.598515+00	0		
127	136447	12299	1120	0	2013-11-01 16:35:10.297517+00	0		
1433	136447	1185363	9097	0	2015-01-02 20:53:59.672561+00	0		
1405	206665	1181717	863	0	2014-12-21 10:20:23.515936+00	0		
190	136586	466631	1127	0	2013-11-01 23:54:33.708968+00	0		
200	133953	1056036	778	0	2013-11-02 11:45:22.462198+00	0		
684	133760	478187	3375	0	2013-12-27 01:42:02.292195+00	0		
210	136586	245008	1172	0	2013-11-02 12:37:42.015251+00	0		
220	136447	1042203	2073	0	2013-11-02 18:32:38.453662+00	0		
201	136681	124934	2060	0	2013-11-02 11:51:30.342424+00	0		
202	136681	246125	2060	0	2013-11-02 11:53:25.026975+00	0		
203	136681	476309	2060	0	2013-11-02 11:54:11.465232+00	0		
204	136681	1056043	2060	0	2013-11-02 11:57:24.659166+00	0		
243	133755	1056339	2102	0	2013-11-03 11:18:46.819059+00	0		
205	136447	1056046	2060	0	2013-11-02 11:59:28.120063+00	0		
206	136447	56312	1120	0	2013-11-02 12:12:35.591463+00	0		
221	136447	260278	1046	0	2013-11-02 19:39:07.17546+00	0		
214	136707	286548	2067	0	2013-11-02 15:38:59.205116+00	0		
227	136767	71102	1165	0	2013-11-02 22:26:25.164635+00	0		
215	133755	1038981	2068	0	2013-11-02 15:44:39.144934+00	0		
222	136447	260278	1112	0	2013-11-02 19:39:41.685252+00	0		
216	136717	629457	840	0	2013-11-02 16:49:04.459564+00	0		
217	136733	485990	1087	0	2013-11-02 17:15:48.800549+00	0		
218	136447	643461	1155	0	2013-11-02 17:38:54.601117+00	0		
223	136447	277063	1440	0	2013-11-02 22:00:33.03472+00	0		
224	136764	34478	934	0	2013-11-02 22:11:58.382219+00	0		
225	136765	34478	2088	0	2013-11-02 22:15:04.350883+00	0		
229	136768	307637	2090	0	2013-11-02 22:34:30.250272+00	0		
230	136769	307637	2091	0	2013-11-02 22:40:55.351685+00	0		
231	136447	1056249	2094	0	2013-11-02 23:04:08.034118+00	0		
234	136447	874035	1512	0	2013-11-02 23:17:40.044749+00	0		
236	136787	333148	1183	0	2013-11-02 23:25:27.530292+00	0		
238	136447	353965	1188	0	2013-11-02 23:33:13.465975+00	0		
237	136447	391688	1185	0	2013-11-02 23:26:40.694874+00	0		
1439	133755	697963	9127	0	2015-01-06 05:02:11.451055+00	0		
241	133755	1056314	2099	0	2013-11-03 07:00:43.285962+00	0		
123	133755	700545	1922	0	2013-11-01 00:15:52.772314+00	0		
189	136574	492943	1126	0	2013-11-01 23:42:17.069369+00	0		
232	136447	458579	1157	0	2013-11-02 23:06:32.325129+00	0		
165	136506	422994	772	0	2013-11-01 19:52:15.881035+00	0		
1412	207236	1182626	8960	0	2014-12-24 17:09:17.446319+00	0		
1419	133755	1184197	9040	0	2014-12-30 02:13:45.780203+00	0		
1444	204117	1186702	9138	0	2015-01-06 17:23:16.055557+00	0		
1441	133755	1186541	9131	0	2015-01-06 08:49:32.540105+00	0		
141	136447	712858	827	0	2013-11-01 18:43:13.930219+00	0		
1424	133755	1184631	9067	0	2014-12-31 16:34:48.349934+00	0		
239	136447	60490	1749	0	2013-11-02 23:36:14.422616+00	0		
163	136447	186889	1071	0	2013-11-01 19:45:38.614318+00	0		
246	133755	457828	2114	0	2013-11-03 14:41:07.572261+00	0		
247	136871	297308	2114	0	2013-11-03 14:42:23.405235+00	0		
244	136447	1056342	2104	0	2013-11-03 11:27:52.765007+00	0		
245	136447	854857	2106	0	2013-11-03 12:00:58.43443+00	0		
248	134621	405961	2115	0	2013-11-03 14:54:34.969289+00	0		
249	133755	802679	2116	0	2013-11-03 15:04:33.001817+00	0		
250	133755	457826	2114	0	2013-11-03 15:22:27.607983+00	0		
235	136707	590381	2095	0	2013-11-02 23:23:55.645104+00	0		
251	133960	357282	2119	0	2013-11-03 15:33:02.485182+00	0		
252	133760	570540	2119	0	2013-11-03 15:33:19.337443+00	0		
288	136447	1056563	2140	0	2013-11-03 22:54:34.331269+00	0		
128	136964	64981	985	0	2013-11-01 16:35:45.147099+00	0		
195	136603	307469	1229	0	2013-11-02 01:14:09.962822+00	0		
346	136447	404976	4181	0	2013-11-08 23:09:36.031923+00	0		
310	136447	1056804	2211	0	2013-11-04 22:50:00.721744+00	0		
296	136733	561820	2147	0	2013-11-03 23:54:43.834662+00	0		
709	133953	1069215	3531	0	2014-01-07 03:46:27.416756+00	0		
311	137127	564687	1186	0	2013-11-04 22:51:45.1885+00	0		
685	133760	1071662	3393	0	2013-12-28 01:24:41.868539+00	0		
1420	133755	685237	861	0	2014-12-30 02:15:58.902185+00	0		
1442	133755	1186542	9131	0	2015-01-06 08:51:26.74796+00	0		
291	136970	462493	2142	0	2013-11-03 23:28:13.660329+00	0		
1425	208260	442495	9068	0	2014-12-31 16:42:31.314834+00	0		
1445	133755	1186702	9138	0	2015-01-06 17:23:16.055557+00	0		
312	137140	1056816	2213	0	2013-11-04 23:21:07.321873+00	0		
290	136696	246036	1293	0	2013-11-03 23:09:33.983621+00	0		
294	136971	246036	1295	0	2013-11-03 23:41:37.298601+00	0		
295	136972	246036	2142	0	2013-11-03 23:43:13.008205+00	0		
289	136966	290356	1215	0	2013-11-03 23:06:15.257305+00	0		
328	136447	63671	2248	0	2013-11-06 00:22:12.714056+00	0		
352	133755	602767	2380	0	2013-11-09 08:56:35.982588+00	0		
292	136971	776634	1076	0	2013-11-03 23:36:44.842707+00	0		
358	136447	992049	2393	0	2013-11-09 21:57:28.287823+00	0		
282	136447	520898	2129	0	2013-11-03 21:49:37.119979+00	0		
283	136963	475645	1189	0	2013-11-03 22:17:16.783052+00	0		
284	136447	856426	2135	0	2013-11-03 22:22:15.494507+00	0		
126	133815	1054765	1935	0	2013-11-01 04:58:47.415094+00	0		
286	136447	1056560	2138	0	2013-11-03 22:38:59.541636+00	0		
287	136447	1056561	2139	0	2013-11-03 22:47:00.555235+00	0		
314	136491	10224	1516	0	2013-11-05 00:00:02.366294+00	0		
349	137802	521601	2375	0	2013-11-08 23:24:24.112667+00	0		
300	136976	353215	1895	0	2013-11-04 00:01:15.367988+00	0		
316	139648	1055173	2226	0	2013-11-05 12:42:22.033464+00	0		
301	136977	353215	2150	0	2013-11-04 00:03:36.924771+00	0		
299	136979	353215	1895	0	2013-11-03 23:58:30.596132+00	0		
302	136980	353215	2151	0	2013-11-04 00:12:44.07803+00	0		
317	133755	194736	2134	0	2013-11-05 14:37:23.177442+00	0		
303	136981	236802	1893	0	2013-11-04 00:14:59.256205+00	0		
305	133755	1056747	2200	0	2013-11-04 17:25:26.388703+00	0		
306	133755	1056747	2201	0	2013-11-04 17:32:35.057237+00	0		
341	133755	1016499	2349	0	2013-11-07 18:59:21.005592+00	0		
307	136447	1056786	2205	0	2013-11-04 21:35:16.905258+00	0		
308	137125	184209	1131	0	2013-11-04 22:35:04.060487+00	0		
309	136513	184209	2210	0	2013-11-04 22:38:46.759174+00	0		
319	133760	581006	2232	0	2013-11-05 17:10:58.700368+00	0		
321	137315	368375	1708	0	2013-11-05 21:41:39.231137+00	0		
339	133755	622466	2280	0	2013-11-07 00:14:01.716564+00	0		
322	137331	469988	1181	0	2013-11-05 22:12:56.618429+00	0		
333	137456	1049196	2281	0	2013-11-06 16:06:52.239349+00	0		
323	133755	242120	2233	0	2013-11-05 22:28:34.562753+00	0		
325	137348	846291	2244	0	2013-11-05 23:38:15.80755+00	0		
332	137457	1049196	2279	0	2013-11-06 16:04:26.467288+00	0		
326	136447	364825	2244	0	2013-11-05 23:39:15.332912+00	0		
327	136447	859744	2244	0	2013-11-05 23:40:17.007137+00	0		
355	137915	546399	2389	0	2013-11-09 21:11:53.77887+00	0		
343	133755	1057614	1089	0	2013-11-08 10:05:50.962875+00	0		
334	137525	246125	2306	0	2013-11-06 21:41:18.163244+00	0		
335	136447	1057306	2319	0	2013-11-06 23:06:23.345403+00	0		
350	136447	254671	2376	0	2013-11-08 23:28:37.079829+00	0		
336	137553	1057307	2319	0	2013-11-06 23:14:45.784126+00	0		
285	133755	360700	2137	0	2013-11-03 22:30:25.005764+00	0		
337	136447	1057309	2319	0	2013-11-06 23:16:25.645848+00	0		
338	136447	1057310	2319	0	2013-11-06 23:19:17.057347+00	0		
340	133755	127967	2332	0	2013-11-07 12:23:51.395997+00	0		
351	137805	503143	1123	0	2013-11-08 23:34:04.44359+00	0		
347	136603	402919	2374	0	2013-11-08 23:13:03.075278+00	0		
348	136447	405157	2375	0	2013-11-08 23:22:33.683315+00	0		
366	133755	497790	2409	0	2013-11-10 10:46:08.094247+00	0		
353	136447	499858	1164	0	2013-11-09 20:45:28.111804+00	0		
356	136447	910852	2390	0	2013-11-09 21:17:24.569109+00	0		
354	136447	1057883	2388	0	2013-11-09 21:06:50.914285+00	0		
362	137951	596855	2404	0	2013-11-10 03:42:01.187076+00	0		
357	136447	948536	2391	0	2013-11-09 21:28:32.416019+00	0		
363	137953	596855	2406	0	2013-11-10 03:55:50.541073+00	0		
359	136447	968691	2394	0	2013-11-09 22:05:23.462017+00	0		
361	137952	596855	2403	0	2013-11-10 03:39:07.375188+00	0		
364	137955	596855	2405	0	2013-11-10 04:02:21.370854+00	0		
365	136447	1057955	2407	0	2013-11-10 04:18:45.672533+00	0		
367	133755	1055194	2410	0	2013-11-10 16:08:08.356332+00	0		
342	133755	985881	1089	0	2013-11-08 10:02:13.298976+00	0		
370	133755	1058193	2440	0	2013-11-11 00:55:42.008221+00	0		
368	138106	333991	2424	0	2013-11-10 21:52:17.086372+00	0		
369	136447	494027	1187	0	2013-11-11 00:39:55.516089+00	0		
372	136447	899078	2458	0	2013-11-11 18:07:25.725453+00	0		
373	136447	1058331	2459	0	2013-11-11 18:34:38.855217+00	0		
374	136447	788604	2460	0	2013-11-11 18:48:26.357665+00	0		
375	136447	690861	2462	0	2013-11-11 18:55:26.715259+00	0		
376	136447	1058349	2465	0	2013-11-11 19:40:45.627405+00	0		
318	133755	1057021	2231	0	2013-11-05 17:07:47.209743+00	0		
320	133755	1057023	2231	0	2013-11-05 17:13:46.02802+00	0		
1426	133959	1028840	9070	0	2014-12-31 17:38:03.698864+00	0		
446	133953	539451	2527	0	2013-11-12 11:27:50.106923+00	0		
1489	133755	767202	9408	0	2015-01-21 21:20:44.023489+00	0		
1451	204117	1187935	9180	0	2015-01-10 09:59:29.211242+00	0		
1452	133959	1187935	9180	0	2015-01-10 09:59:29.211242+00	0		
1453	133815	1187935	9180	0	2015-01-10 09:59:29.211242+00	0		
1552	204117	458134	9761	0	2015-02-11 01:16:09.101561+00	0		
1460	204117	1189107	9227	0	2015-01-12 19:27:07.179793+00	0		
1461	204117	10984	5692	0	2015-01-13 14:42:16.970198+00	0		
1468	133755	1176020	9249	0	2015-01-13 21:29:29.212832+00	0		
1492	133755	1193609	1933	0	2015-01-23 00:29:59.646497+00	0		
1471	204117	2709	6239	0	2015-01-14 19:56:16.31891+00	0		
1446	133755	560670	9159	0	2015-01-08 08:48:02.913655+00	0		
447	133959	1058582	2528	0	2013-11-12 11:31:56.3028+00	0		
1498	213334	1193659	9433	0	2015-01-23 08:09:53.001474+00	0		
1447	133755	1187539	9168	0	2015-01-09 08:09:59.524275+00	0		
1448	133755	1149693	9168	0	2015-01-09 08:09:59.524275+00	0		
1449	210564	687823	9168	0	2015-01-09 14:06:28.894079+00	0		
448	133959	1002907	2528	0	2013-11-12 11:33:05.861957+00	0		
1450	133959	1187895	9175	0	2015-01-10 07:32:01.10215+00	0		
1454	133755	569025	9186	0	2015-01-10 14:11:07.828304+00	0		
1474	133755	1191035	9317	0	2015-01-17 15:31:25.74548+00	0		
1500	133755	385854	9463	0	2015-01-25 05:05:38.739902+00	0		
1512	215270	225413	1175	0	2015-02-01 13:30:42.820206+00	0		
1483	133755	1191344	2843	0	2015-01-18 02:49:06.623574+00	0		
449	133959	1058584	2528	0	2013-11-12 11:33:59.984685+00	0		
1455	133755	141973	8230	0	2015-01-11 06:38:58.964171+00	0		
1457	133755	929144	9206	0	2015-01-11 23:44:12.572804+00	0		
1458	133755	1188876	9211	0	2015-01-12 08:32:01.394962+00	0		
1459	211099	431761	9214	0	2015-01-12 12:33:16.954829+00	0		
1513	136733	225413	1175	0	2015-02-01 13:30:42.820206+00	0		
1514	215271	225413	9573	0	2015-02-01 13:30:42.820206+00	0		
1469	204117	437100	5309	0	2015-01-14 00:24:21.637877+00	0		
450	133755	331589	2529	0	2013-11-12 11:38:53.212024+00	0		
1470	133760	437100	5309	0	2015-01-14 00:24:21.637877+00	0		
1490	133755	1161979	9413	0	2015-01-22 01:36:29.578255+00	0		
1472	133755	1190392	9288	0	2015-01-15 20:15:21.158344+00	0		
442	136447	750768	1706	0	2013-11-12 08:24:10.827494+00	0		
1473	133755	774847	9288	0	2015-01-15 20:15:21.158344+00	0		
1515	215272	225413	9574	0	2015-02-01 13:30:42.820206+00	0		
1527	215627	1198247	7239	0	2015-02-04 02:32:09.807806+00	0		
443	133755	357842	2521	0	2013-11-12 08:49:41.513275+00	0		
1529	133755	412290	6606	0	2015-02-04 09:17:38.924404+00	0		
1478	133755	1191264	9325	0	2015-01-17 22:22:47.724182+00	0		
444	133755	1058544	2524	0	2013-11-12 08:59:20.290872+00	0		
451	138481	182537	2535	0	2013-11-12 12:16:57.740507+00	0		
445	136447	973588	2526	0	2013-11-12 09:42:58.137328+00	0		
1479	133755	1191262	9326	0	2015-01-17 22:34:49.21747+00	0		
452	138482	182537	1112	0	2013-11-12 12:27:47.536967+00	0		
453	136587	182537	1046	0	2013-11-12 12:28:20.654145+00	0		
1480	133755	1191263	9326	0	2015-01-17 22:34:49.21747+00	0		
711	145286	1075502	3544	0	2014-01-07 23:24:52.218643+00	0		
1535	133755	534883	6672	0	2015-02-05 07:07:21.828872+00	0		
1484	133755	599946	9370	0	2015-01-20 02:40:53.14536+00	0		
400	133755	1058193	2494	0	2013-11-12 02:34:41.057751+00	0		
401	133760	367074	2495	0	2013-11-12 02:43:53.829615+00	0		
1485	133755	452182	9370	0	2015-01-20 02:40:53.14536+00	0		
1516	215273	225413	6859	0	2015-02-01 13:30:42.820206+00	0		
1517	133755	301055	8410	0	2015-02-02 12:51:06.578677+00	0		
1518	204117	301055	8410	0	2015-02-02 12:51:06.578677+00	0		
1526	204117	367901	4914	0	2015-02-03 14:19:49.167168+00	0		
1546	133755	1005899	9712	0	2015-02-08 21:48:36.8957+00	0		
1501	133755	1016606	9507	0	2015-01-28 13:24:58.070076+00	0		
1502	204117	409654	9513	0	2015-01-28 21:21:01.242981+00	0		
1503	204117	269012	9513	0	2015-01-28 21:21:01.242981+00	0		
1564	133755	571873	9835	0	2015-02-16 04:11:26.333167+00	0		
1504	133755	368964	9521	0	2015-01-29 16:35:21.550809+00	0		
1505	214749	836671	9528	0	2015-01-29 19:44:04.155093+00	0		
1506	133755	1196950	858	0	2015-01-31 05:23:53.747526+00	0		
1541	216033	64981	9675	0	2015-02-07 10:47:38.811681+00	0		
1566	204117	1035558	9688	0	2015-02-16 15:44:06.524287+00	0		
1556	133755	1201047	5945	0	2015-02-12 13:01:10.466514+00	0		
1537	215934	645964	1129	0	2015-02-06 18:26:53.558581+00	0		
1542	204117	1136590	9686	0	2015-02-07 21:29:25.300018+00	0		
1545	204117	1184819	9702	0	2015-02-08 13:30:09.735043+00	0		
1550	204117	672406	9732	0	2015-02-09 19:29:14.410653+00	0		
1551	216430	1200308	9738	0	2015-02-10 04:26:05.541365+00	0		
1568	133959	1203218	7065	0	2015-02-17 11:53:18.305636+00	0		
1571	133755	380706	9866	0	2015-02-17 20:37:31.394551+00	0		
1588	136447	1207463	10058	0	2015-02-27 00:42:17.870724+00	0		
1559	133755	1201320	9784	0	2015-02-13 07:07:43.266046+00	0		
1560	204117	345905	9782	0	2015-02-13 19:54:07.354475+00	0		
1596	204117	399088	7473	0	2015-02-28 14:00:28.909438+00	0		
1561	133755	782875	861	0	2015-02-14 10:51:32.497659+00	0		
1562	204117	252390	9814	0	2015-02-14 21:59:28.628547+00	0		
1601	133755	315735	10122	0	2015-03-03 08:27:55.345065+00	0		
1563	133755	977965	9833	0	2015-02-16 00:49:47.946901+00	0		
371	138231	336952	2452	0	2013-11-11 14:41:21.697679+00	0		
1567	204117	1203076	9853	0	2015-02-17 05:25:37.27539+00	0		
1589	133755	1207805	6639	0	2015-02-27 21:05:02.205247+00	0		
1573	133755	375620	9887	0	2015-02-19 02:13:18.248813+00	0		
1576	204117	23658	9908	0	2015-02-20 09:26:05.740498+00	0		
1593	133755	1207923	10080	0	2015-02-28 06:38:14.573711+00	0		
1577	204117	618902	9920	0	2015-02-21 00:55:16.740183+00	0		
1578	133815	618902	9920	0	2015-02-21 00:55:16.740183+00	0		
1579	133959	618902	9920	0	2015-02-21 00:55:16.740183+00	0		
1597	133755	373594	5409	0	2015-03-01 05:03:06.380184+00	0		
1598	133755	259252	10111	0	2015-03-02 17:25:56.276665+00	0		
1580	204117	1205348	9950	0	2015-02-22 16:11:06.171163+00	0		
1581	133755	1205348	9950	0	2015-02-22 16:11:06.171163+00	0		
1584	133755	406151	9990	0	2015-02-24 02:36:53.160687+00	0		
1586	133755	1206703	9833	0	2015-02-25 00:38:48.339398+00	0		
1587	133755	1206797	1843	0	2015-02-25 09:16:56.145837+00	0		
1547	204117	431638	9715	0	2015-02-08 23:30:29.39071+00	0		
1427	133755	946347	848	0	2014-12-31 18:52:44.129708+00	0		
1462	204117	344907	5694	0	2015-01-13 14:43:33.129498+00	0		
1475	133760	1138730	9318	0	2015-01-17 15:57:40.299354+00	0		
1481	204117	1191293	9327	0	2015-01-17 22:54:43.134266+00	0		
1456	133755	279030	9199	0	2015-01-11 06:58:29.428673+00	0		
710	145282	1075502	3543	0	2014-01-07 22:39:05.04079+00	0		
713	133760	1075379	3537	0	2014-01-09 06:31:26.371504+00	0		
714	133760	435282	3584	0	2014-01-10 11:07:52.70389+00	0		
712	133755	460771	3545	0	2014-01-08 09:30:30.560857+00	0		
1548	133760	431638	9715	0	2015-02-08 23:30:29.39071+00	0		
1491	133760	1193204	9413	0	2015-01-22 01:37:02.890339+00	0		
715	133760	603881	3584	0	2014-01-10 11:09:45.871413+00	0		
1549	133760	952905	9715	0	2015-02-08 23:30:29.39071+00	0		
1486	133755	429293	9371	0	2015-01-20 02:49:49.58188+00	0		
1493	213306	978291	9429	0	2015-01-23 01:10:59.747646+00	0		
1494	213307	978291	1933	0	2015-01-23 01:10:59.747646+00	0		
1499	213334	1193660	9433	0	2015-01-23 08:11:14.428536+00	0		
894	133959	855584	4963	0	2014-04-07 20:09:31.389331+00	0		
721	136447	1042233	3650	0	2014-01-16 15:09:14.320795+00	0		
717	134142	363184	3600	0	2014-01-11 20:50:11.75594+00	0		
732	149872	576021	775	0	2014-01-22 21:07:00.617888+00	0		
735	133760	415970	775	0	2014-01-22 21:13:49.499757+00	0		
738	133760	1063755	775	0	2014-01-22 21:16:40.805352+00	0		
959	133755	470496	5499	0	2014-05-11 06:15:49.747708+00	0		
901	133755	1107255	5110	0	2014-04-15 14:25:07.758281+00	0		
781	133755	1084742	2871	0	2014-02-13 15:24:51.100451+00	0		
784	133755	1084741	2871	0	2014-02-13 15:27:36.985291+00	0		
920	133755	572276	3975	0	2014-04-21 17:54:56.288949+00	0		
796	154476	1089319	4126	0	2014-02-21 16:00:35.532098+00	0		
902	133953	939912	5110	0	2014-04-15 14:26:00.338622+00	0		
813	133760	397144	4348	0	2014-03-04 11:25:56.012552+00	0		
169	160875	360799	1014	0	2013-11-01 20:10:11.33932+00	0		
922	163233	1046890	861	0	2014-04-22 08:39:32.675111+00	0		
953	133755	225264	5434	0	2014-05-04 17:00:33.975732+00	0		
855	133953	1089047	4639	0	2014-03-20 04:25:39.963099+00	0		
835	133755	530044	4543	0	2014-03-14 21:24:20.346186+00	0		
838	133760	452776	4543	0	2014-03-14 21:50:44.961001+00	0		
860	136447	408346	4705	0	2014-03-24 02:02:06.282129+00	0		
865	136447	273669	4710	0	2014-03-24 09:59:20.254931+00	0		
1519	204117	562263	9598	0	2015-02-02 14:15:55.961435+00	0		
930	133755	407646	5309	0	2014-04-27 14:08:00.20053+00	0		
1507	133755	1196953	858	0	2015-01-31 05:27:29.14643+00	0		
897	133755	488398	5049	0	2014-04-12 11:55:52.780105+00	0		
881	133755	1100007	4707	0	2014-03-30 14:59:04.909914+00	0		
886	160730	518468	1523	0	2014-03-31 16:04:26.854367+00	0		
888	160731	518468	3824	0	2014-03-31 16:08:37.808189+00	0		
916	133755	1108453	5188	0	2014-04-19 13:06:46.162839+00	0		
891	133755	1028830	962	0	2014-04-02 17:48:27.262264+00	0		
880	133755	1101654	4125	0	2014-03-28 14:13:54.474408+00	0		
892	133755	1103749	4907	0	2014-04-05 08:45:21.704969+00	0		
882	160675	758670	4012	0	2014-03-31 09:13:47.15619+00	0		
884	160677	758670	863	0	2014-03-31 09:16:36.542569+00	0		
890	133760	590494	4829	0	2014-04-01 16:27:22.498911+00	0		
895	133760	368194	1523	0	2014-04-11 16:38:34.768464+00	0		
1574	204117	406263	9888	0	2015-02-19 02:18:48.270168+00	0		
898	133755	768414	5079	0	2014-04-14 16:27:44.165093+00	0		
931	133755	339979	4372	0	2014-04-28 09:54:24.488809+00	0		
900	133755	993659	5099	0	2014-04-15 11:41:53.496018+00	0		
904	133755	995969	4647	0	2014-04-15 22:22:10.722096+00	0		
905	133755	699768	4633	0	2014-04-16 02:44:15.693+00	0		
907	133755	1107449	4633	0	2014-04-16 02:50:45.948275+00	0		
924	133755	239979	5244	0	2014-04-23 03:55:13.134055+00	0		
909	133755	1107451	4633	0	2014-04-16 03:00:29.438603+00	0		
911	139649	847095	4633	0	2014-04-16 03:52:04.615107+00	0		
912	133755	636863	5134	0	2014-04-16 11:40:06.175224+00	0		
954	133959	1113339	5461	0	2014-05-06 04:56:14.704469+00	0		
1553	133959	458134	9761	0	2015-02-11 01:22:22.680166+00	0		
923	163290	905125	5242	0	2014-04-23 02:28:03.753445+00	0		
929	133755	299760	1067	0	2014-04-25 09:50:47.502693+00	0		
915	162989	1108439	5187	0	2014-04-19 12:06:35.590725+00	0		
955	133755	206832	5470	0	2014-05-06 20:16:07.784658+00	0		
961	166828	369754	5515	0	2014-05-13 08:17:59.150981+00	0		
925	133755	450725	1782	0	2014-04-23 15:53:23.482187+00	0		
940	154262	847100	861	0	2014-04-30 04:41:29.770998+00	0		
945	133760	342450	4390	0	2014-04-30 20:52:21.096497+00	0		
928	133755	1066411	1216	0	2014-04-24 21:25:56.926543+00	0		
962	154476	367901	4914	0	2014-05-13 09:34:11.786397+00	0		
942	133755	457150	4117	0	2014-04-30 14:30:39.096509+00	0		
964	133760	1012098	4914	0	2014-05-13 09:38:09.599803+00	0		
943	164876	1107111	5092	0	2014-04-30 14:42:45.598006+00	0		
946	165170	1013452	5402	0	2014-05-02 16:44:54.016818+00	0		
948	133953	1112337	5402	0	2014-05-02 16:50:39.149721+00	0		
949	165182	1112354	5404	0	2014-05-02 17:42:00.054203+00	0		
950	133755	394552	5412	0	2014-05-03 11:14:25.792139+00	0		
951	133815	395447	5414	0	2014-05-03 11:52:22.670935+00	0		
952	133755	779414	3124	0	2014-05-03 16:24:24.420921+00	0		
957	133755	1114579	5495	0	2014-05-10 20:41:17.250611+00	0		
960	133755	1114838	5506	0	2014-05-12 02:25:06.629432+00	0		
522	133953	1108757	1021	0	2013-11-12 18:34:52.286082+00	0		
716	137315	331712	3602	0	2014-01-11 20:39:10.006746+00	0		
718	133755	968221	1922	0	2014-01-15 10:18:57.482287+00	0		
1528	133755	1198250	9617	0	2015-02-04 02:46:00.964306+00	0		
1530	133755	1198361	6606	0	2015-02-04 09:18:21.647705+00	0		
1536	133755	391145	6672	0	2015-02-05 07:08:27.346831+00	0		
1538	215934	645963	1129	0	2015-02-06 18:27:28.701358+00	0		
1543	204117	1180469	9688	0	2015-02-07 21:48:33.474609+00	0		
1572	204117	507727	9867	0	2015-02-17 21:06:28.338687+00	0		
1554	133815	458134	9761	0	2015-02-11 01:22:22.680166+00	0		
1602	136447	1111518	10130	0	2015-03-04 02:04:53.613957+00	0		
1565	133755	92454	9836	0	2015-02-16 04:17:19.05074+00	0		
1569	133755	1203227	3905	0	2015-02-17 12:28:53.045476+00	0		
1594	133755	378642	10081	0	2015-02-28 06:45:09.827919+00	0		
1599	133755	376377	5396	0	2015-03-02 18:09:08.082168+00	0		
1603	136447	70287	10130	0	2015-03-04 02:04:53.613957+00	0		
1604	136447	118690	10130	0	2015-03-04 02:04:53.613957+00	0		
1582	218218	1205428	9956	0	2015-02-22 19:46:06.991282+00	0		
1583	218219	1205428	9956	0	2015-02-22 19:46:06.991282+00	0		
1585	133755	824716	9993	0	2015-02-24 03:30:36.254732+00	0		
772	133755	447217	3946	0	2014-02-08 21:55:29.480027+00	0		
1590	133755	766762	6639	0	2015-02-27 21:25:02.830366+00	0		
1591	133755	766763	6639	0	2015-02-27 21:25:02.830366+00	0		
695	133755	625517	3433	0	2013-12-31 11:30:24.751425+00	0		
786	207434	509915	2888	0	2014-02-15 08:09:50.595752+00	0		
1558	133959	1201072	9779	0	2015-02-12 14:06:59.743964+00	0		
696	133755	625517	3444	0	2013-12-31 12:02:36.779729+00	0		
698	144297	384876	2845	0	2014-01-02 04:16:24.163551+00	0		
689	133755	497036	3420	0	2013-12-29 07:59:09.192285+00	0		
706	133755	866898	3500	0	2014-01-04 21:58:49.859729+00	0		
700	144607	1074193	3487	0	2014-01-04 00:17:24.051463+00	0		
701	133953	1074200	3487	0	2014-01-04 00:43:50.31963+00	0		
707	133953	708875	3394	0	2014-01-05 20:25:01.793281+00	0		
1463	133755	1189517	9241	0	2015-01-13 15:19:30.443985+00	0		
757	133760	430867	1708	0	2014-01-31 01:30:04.400702+00	0		
816	136493	500324	1230	0	2014-03-04 23:01:12.099961+00	0		
1476	133760	1178326	7686	0	2015-01-17 17:27:19.081535+00	0		
767	133755	685361	3926	0	2014-02-07 04:11:13.203425+00	0		
758	133755	653897	3858	0	2014-01-31 21:36:40.423765+00	0		
759	133755	1084321	3859	0	2014-01-31 23:48:57.275312+00	0		
688	133755	1071667	3395	0	2013-12-28 02:15:20.649224+00	0		
719	136447	1042235	3650	0	2014-01-16 15:05:11.907171+00	0		
760	133755	1084333	3461	0	2014-02-01 00:07:22.690433+00	0		
722	148888	541388	3667	0	2014-01-17 21:44:47.329847+00	0		
1477	204117	1178326	7686	0	2015-01-17 17:27:19.081535+00	0		
1482	133760	1191290	9328	0	2015-01-17 23:08:41.304385+00	0		
761	133755	1084339	3546	0	2014-02-01 00:26:26.692485+00	0		
690	133755	253904	3439	0	2013-12-30 12:04:16.784854+00	0		
793	137915	581577	1640	0	2014-02-21 13:16:59.730853+00	0		
723	133755	1049968	928	0	2014-01-19 00:20:59.121294+00	0		
730	149870	325736	775	0	2014-01-22 21:03:23.545482+00	0		
733	133760	801542	775	0	2014-01-22 21:09:19.604707+00	0		
736	133760	427116	775	0	2014-01-22 21:15:00.388802+00	0		
775	133760	374622	2259	0	2014-02-09 07:48:06.349965+00	0		
725	133755	1079662	3701	0	2014-01-19 12:24:17.946447+00	0		
762	151729	1056164	3890	0	2014-02-04 00:30:32.806625+00	0		
744	150571	1082353	3727	0	2014-01-26 17:23:46.509044+00	0		
763	133755	303862	3891	0	2014-02-04 00:46:46.274821+00	0		
798	154553	670924	1047	0	2014-02-21 20:44:25.649537+00	0		
1520	204117	562263	9599	0	2015-02-02 14:25:41.395858+00	0		
1487	133755	1192420	9371	0	2015-01-20 02:52:22.64425+00	0		
765	133755	360528	1710	0	2014-02-05 00:22:23.850922+00	0		
766	133755	911044	861	0	2014-02-05 10:45:36.706035+00	0		
729	133755	1080437	3721	0	2014-01-21 06:38:10.44354+00	0		
739	149906	1081157	3741	0	2014-01-23 00:09:21.842903+00	0		
751	149874	724284	3830	0	2014-01-30 01:36:42.704499+00	0		
1495	213310	237033	9427	0	2015-01-23 01:54:03.885869+00	0		
755	136447	237430	3842	0	2014-01-30 15:33:58.971179+00	0		
800	136491	139869	1255	0	2014-02-22 11:30:45.041285+00	0		
832	158631	1096768	4527	0	2014-03-13 20:42:18.858876+00	0		
801	154819	497050	4161	0	2014-02-23 10:07:00.460317+00	0		
740	133755	338885	3762	0	2014-01-25 01:23:59.096126+00	0		
742	133959	1082163	3773	0	2014-01-26 07:50:05.517623+00	0		
746	150771	843425	3785	0	2014-01-27 07:03:29.284232+00	0		
747	133760	655220	863	0	2014-01-27 10:39:20.309669+00	0		
748	134621	1082764	861	0	2014-01-27 12:54:36.888216+00	0		
1521	204117	1197699	9599	0	2015-02-02 14:25:41.395858+00	0		
805	133760	1091744	4198	0	2014-02-24 14:59:50.16317+00	0		
750	133755	66597	3815	0	2014-01-29 00:39:05.378573+00	0		
932	164644	930067	3054	0	2014-04-29 17:47:51.649963+00	0		
752	133965	410238	1708	0	2014-01-30 04:57:44.444648+00	0		
1522	204117	1197700	9599	0	2015-02-02 14:25:41.395858+00	0		
768	133755	431854	3939	0	2014-02-08 09:46:41.150138+00	0		
769	133755	1086361	3940	0	2014-02-08 10:11:45.607764+00	0		
806	133755	295951	4220	0	2014-02-26 06:39:36.407274+00	0		
770	133755	395215	3945	0	2014-02-08 21:12:18.281844+00	0		
773	133755	985151	3947	0	2014-02-08 22:41:26.29558+00	0		
774	133755	1086004	3948	0	2014-02-08 23:32:22.033817+00	0		
790	154262	511676	4082	0	2014-02-19 17:15:57.396419+00	0		
788	133755	753353	4063	0	2014-02-17 02:31:27.64581+00	0		
777	152779	260984	2679	0	2014-02-10 02:13:17.632831+00	0		
791	133755	1090246	4083	0	2014-02-19 23:26:28.609981+00	0		
1428	133755	699799	7065	0	2014-12-31 19:39:37.48359+00	0		
823	136447	552832	4392	0	2014-03-07 13:50:25.258918+00	0		
778	133760	368149	2036	0	2014-02-13 06:43:38.524604+00	0		
794	133755	174281	4124	0	2014-02-21 15:15:05.047371+00	0		
792	133953	1090386	2471	0	2014-02-20 08:39:46.694691+00	0		
779	149906	397452	2871	0	2014-02-13 15:06:50.162875+00	0		
782	133755	1084744	2871	0	2014-02-13 15:25:29.922509+00	0		
797	133755	317018	4126	0	2014-02-21 16:02:22.121716+00	0		
807	133755	1093547	4304	0	2014-03-02 09:27:27.624192+00	0		
803	133755	1091496	4167	0	2014-02-23 14:33:01.298356+00	0		
836	133755	574302	4543	0	2014-03-14 21:29:07.816081+00	0		
824	136447	176032	4405	0	2014-03-08 13:15:59.74612+00	0		
811	133755	1094267	4346	0	2014-03-04 11:20:26.909773+00	0		
1539	133755	1197996	9616	0	2015-02-06 20:13:50.400496+00	0		
843	149872	1097755	4565	0	2014-03-16 22:22:44.67151+00	0		
827	157171	294522	4458	0	2014-03-09 22:10:03.002468+00	0		
852	136447	788882	4623	0	2014-03-18 22:53:54.678454+00	0		
810	133755	1006052	4342	0	2014-03-04 01:51:02.357007+00	0		
821	133965	566496	1908	0	2014-03-05 23:59:21.758547+00	0		
841	133755	784598	4555	0	2014-03-15 21:25:58.028497+00	0		
828	133755	1095783	4444	0	2014-03-09 23:51:28.521465+00	0		
842	133755	616724	4556	0	2014-03-15 22:22:23.136928+00	0		
825	133755	1043297	4419	0	2014-03-08 23:53:31.280691+00	0		
826	133755	1095785	4446	0	2014-03-09 18:02:20.572952+00	0		
829	157235	1096016	4469	0	2014-03-10 17:07:55.34566+00	0		
851	136447	403762	1732	0	2014-03-18 19:20:04.93544+00	0		
853	158536	520863	4639	0	2014-03-20 04:24:01.042731+00	0		
830	133755	225116	4504	0	2014-03-12 10:56:08.871219+00	0		
1544	204117	1136590	9690	0	2015-02-07 22:09:46.346883+00	0		
868	159584	1082209	1106	0	2014-03-24 14:05:01.474964+00	0		
857	136447	361099	4700	0	2014-03-23 22:22:39.344258+00	0		
858	136447	578448	4703	0	2014-03-24 01:40:40.34745+00	0		
861	159471	457954	4705	0	2014-03-24 02:02:58.178961+00	0		
862	133755	1100178	4707	0	2014-03-24 06:50:19.784936+00	0		
863	136447	1057307	2319	0	2014-03-24 09:31:09.474221+00	0		
293	136696	776634	1295	0	2013-11-03 23:38:41.970676+00	0		
866	136447	673145	4711	0	2014-03-24 10:25:56.297752+00	0		
872	133755	417258	4154	0	2014-03-26 09:51:36.103152+00	0		
845	133755	1001560	4597	0	2014-03-17 19:24:07.721469+00	0		
869	136447	347525	4725	0	2014-03-24 21:55:37.981822+00	0		
745	136447	505227	3789	0	2014-01-26 17:40:30.546913+00	0		
1508	133755	1196954	858	0	2015-01-31 05:28:33.665972+00	0		
1531	133760	348678	7320	0	2015-02-04 10:49:00.079007+00	0		
1532	204117	348678	7320	0	2015-02-04 10:49:00.079007+00	0		
1575	133755	1203845	9890	0	2015-02-19 05:07:44.322267+00	0		
1555	133760	631624	9762	0	2015-02-11 01:41:26.165509+00	0		
1570	133755	1203229	3905	0	2015-02-17 12:31:29.061608+00	0		
1600	133755	1208939	10112	0	2015-03-02 18:25:10.187456+00	0		
1595	133755	367797	10082	0	2015-02-28 06:47:48.981537+00	0		
870	136447	557931	4726	0	2014-03-24 22:24:37.426453+00	0		
846	154262	444223	4610	0	2014-03-18 01:02:20.652843+00	0		
871	136447	848199	4727	0	2014-03-24 22:42:13.327777+00	0		
856	133755	729195	3122	0	2014-03-22 10:13:46.164434+00	0		
541	133755	1059088	2573	0	2013-11-13 20:37:05.912438+00	0		
605	139915	359906	1122	0	2013-11-23 18:41:08.562869+00	0		
523	133755	722067	2554	0	2013-11-12 18:41:30.860479+00	0		
1534	133755	1013954	9630	0	2015-02-04 12:31:57.031247+00	0		
524	136447	177895	1093	0	2013-11-12 19:54:16.927346+00	0		
525	138599	999674	2558	0	2013-11-12 23:12:05.154661+00	0		
598	136447	284075	2860	0	2013-11-23 16:37:05.334441+00	0		
526	136447	161820	2429	0	2013-11-12 23:17:04.753386+00	0		
580	139576	208707	2741	0	2013-11-20 21:58:47.3609+00	0		
528	136447	408928	2560	0	2013-11-12 23:31:06.895591+00	0		
560	133961	385865	1166	0	2013-11-14 14:44:18.046952+00	0		
529	136447	35484	2561	0	2013-11-12 23:36:25.894719+00	0		
579	137140	896139	2737	0	2013-11-20 21:30:50.847105+00	0		
542	133755	1059104	2573	0	2013-11-13 21:09:37.460468+00	0		
561	133755	298397	2610	0	2013-11-15 08:28:08.70796+00	0		
602	136447	321150	2867	0	2013-11-23 18:13:07.061548+00	0		
530	138603	759753	2562	0	2013-11-12 23:42:31.286596+00	0		
531	136447	336372	2563	0	2013-11-12 23:53:01.825566+00	0		
581	139578	279436	2745	0	2013-11-20 22:19:06.394112+00	0		
1429	208280	697154	9072	0	2014-12-31 21:09:15.767829+00	0		
599	136733	491051	2863	0	2013-11-23 17:21:27.611911+00	0		
1464	133755	1124343	5944	0	2015-01-13 15:25:40.3846+00	0		
543	133755	1059104	2574	0	2013-11-13 21:10:21.990614+00	0		
552	138829	672725	2591	0	2013-11-14 06:54:26.089206+00	0		
1540	133755	1199275	9667	0	2015-02-06 23:12:01.043187+00	0		
578	136447	404723	2735	0	2013-11-20 20:55:11.244313+00	0		
544	138765	249865	1244	0	2013-11-13 23:18:14.34545+00	0		
545	138766	249865	2579	0	2013-11-13 23:21:35.885034+00	0		
600	136447	448918	2429	0	2013-11-23 17:36:34.546026+00	0		
547	136475	224007	2581	0	2013-11-13 23:27:20.307972+00	0		
546	138768	224007	2580	0	2013-11-13 23:25:22.846673+00	0		
606	139916	359906	2870	0	2013-11-23 18:43:19.229111+00	0		
548	136447	496734	1238	0	2013-11-13 23:28:26.338529+00	0		
549	138765	334229	2582	0	2013-11-13 23:34:26.891052+00	0		
601	136447	267332	2807	0	2013-11-23 17:38:47.216922+00	0		
550	138771	334229	2583	0	2013-11-13 23:39:34.205696+00	0		
551	136447	139032	2585	0	2013-11-13 23:45:48.756768+00	0		
553	138831	1017333	2591	0	2013-11-14 06:57:58.220889+00	0		
554	133959	838574	2596	0	2013-11-14 07:27:30.586641+00	0		
591	133755	1061250	2815	0	2013-11-22 01:13:01.303784+00	0		
594	133755	771305	2818	0	2013-11-22 10:48:09.92715+00	0		
595	133755	719119	2837	0	2013-11-22 21:37:34.222694+00	0		
555	133815	838574	2596	0	2013-11-14 07:27:56.759257+00	0		
571	133755	698332	848	0	2013-11-18 21:45:38.843454+00	0		
556	133760	838574	2596	0	2013-11-14 07:28:24.758888+00	0		
572	133755	631966	848	0	2013-11-18 21:46:40.23618+00	0		
573	133755	698752	848	0	2013-11-18 21:47:18.859303+00	0		
574	136447	1060641	1183	0	2013-11-19 02:28:24.266267+00	0		
575	139368	1060642	2677	0	2013-11-19 03:00:37.796406+00	0		
1605	136447	453405	10130	0	2015-03-04 02:04:53.613957+00	0		
1488	133755	1192425	9373	0	2015-01-20 03:11:49.104742+00	0		
1496	204117	1193633	9430	0	2015-01-23 03:28:28.617299+00	0		
1497	133755	863728	9430	0	2015-01-23 03:28:28.617299+00	0		
840	136447	124905	3919	0	2014-03-15 10:37:53.424731+00	0		
576	139453	41094	2701	0	2013-11-20 04:13:57.500437+00	0		
577	139454	41094	1251	0	2013-11-20 04:21:18.540574+00	0		
1523	133755	562264	9602	0	2015-02-02 15:01:34.260979+00	0		
1509	133755	1183048	858	0	2015-01-31 05:29:18.823908+00	0		
1533	133755	474187	9630	0	2015-02-04 12:31:57.031247+00	0		
538	133755	1058960	2570	0	2013-11-13 09:15:03.997223+00	0		
539	133755	1058961	2570	0	2013-11-13 09:16:30.061518+00	0		
540	133755	1059005	1890	0	2013-11-13 13:36:40.964907+00	0		
593	136447	1061264	916	0	2013-11-22 04:03:58.635931+00	0		
596	133755	717364	2837	0	2013-11-22 21:38:24.34994+00	0		
562	133755	787744	2612	0	2013-11-15 15:19:19.754413+00	0		
563	133755	784482	2612	0	2013-11-15 15:26:13.87699+00	0		
564	133755	384772	2616	0	2013-11-15 15:53:00.402799+00	0		
565	133755	1059611	2612	0	2013-11-15 16:21:43.210076+00	0		
566	133755	1059611	2620	0	2013-11-15 16:23:19.039207+00	0		
609	133760	740510	2881	0	2013-11-23 23:11:35.892972+00	0		
608	139933	1061783	2880	0	2013-11-23 22:17:12.591463+00	0		
568	133760	870838	1634	0	2013-11-15 22:06:20.629165+00	0		
569	133755	470229	2637	0	2013-11-16 13:06:15.573254+00	0		
625	133760	1062578	2954	0	2013-11-26 10:57:44.395154+00	0		
603	136447	1061671	2868	0	2013-11-23 18:23:36.788442+00	0		
604	136506	541388	2869	0	2013-11-23 18:33:18.411296+00	0		
614	140089	408518	2909	0	2013-11-24 19:16:30.016129+00	0		
613	140111	267394	2907	0	2013-11-24 19:14:51.101227+00	0		
570	133755	1060091	2639	0	2013-11-16 22:12:14.759221+00	0		
618	133755	1062189	2929	0	2013-11-24 22:31:14.969443+00	0		
610	133755	427210	2900	0	2013-11-24 16:22:13.914386+00	0		
612	140088	1062057	2910	0	2013-11-24 18:28:51.417147+00	0		
611	140089	1062057	2909	0	2013-11-24 18:22:53.896103+00	0		
616	136447	455866	2915	0	2013-11-24 20:02:10.238689+00	0		
615	140113	408518	2910	0	2013-11-24 19:17:33.626249+00	0		
620	133755	1023407	2941	0	2013-11-25 18:20:37.263839+00	0		
617	140125	267394	2916	0	2013-11-24 20:24:27.98308+00	0		
621	140220	363817	1705	0	2013-11-25 18:24:43.457753+00	0		
622	140273	913691	1262	0	2013-11-26 06:15:49.590214+00	0		
623	140274	913691	2950	0	2013-11-26 06:42:07.590018+00	0		
1607	204117	524685	10140	0	2015-03-05 00:21:38.513318+00	0		
627	140414	192850	2994	0	2013-11-27 08:39:56.384764+00	0		
804	158631	355064	4168	0	2014-02-23 14:42:51.833533+00	0		
592	133755	1061251	2815	0	2013-11-22 01:16:07.011887+00	0		
597	133760	431852	2838	0	2013-11-22 21:53:55.956731+00	0		
699	133965	1071662	2845	0	2014-01-02 04:21:46.425577+00	0		
1430	204117	697154	4893	0	2014-12-31 21:11:29.588063+00	0		
1465	133953	1124342	5944	0	2015-01-13 15:33:06.554355+00	0		
708	133953	599519	3394	0	2014-01-05 20:26:33.723888+00	0		
720	136447	497294	3650	0	2014-01-16 15:08:47.27347+00	0		
667	133755	1070150	3345	0	2013-12-23 13:18:55.083941+00	0		
638	141014	973	1995	0	2013-12-02 14:20:49.673457+00	0		
168	160876	360799	810	0	2013-11-01 20:06:38.263078+00	0		
1524	133755	433767	9605	0	2015-02-02 15:17:17.201246+00	0		
1510	133755	1196955	9555	0	2015-01-31 05:32:23.61309+00	0		
724	133755	325383	3690	0	2014-01-19 00:27:10.121058+00	0		
1592	133755	402718	6639	0	2015-02-27 21:25:02.830366+00	0		
844	133755	1097757	4564	0	2014-03-16 22:26:05.460768+00	0		
731	133760	331704	775	0	2014-01-22 21:05:38.563228+00	0		
648	136447	548034	3164	0	2013-12-06 22:17:23.955779+00	0		
631	133755	1063731	3078	0	2013-11-30 12:38:10.164712+00	0		
633	140974	1064300	3086	0	2013-12-02 02:52:55.989531+00	0		
634	133959	989917	3086	0	2013-12-02 03:07:35.025246+00	0		
635	133815	989917	3086	0	2013-12-02 03:08:26.671391+00	0		
636	133760	989917	3086	0	2013-12-02 03:09:04.868271+00	0		
734	149874	576022	775	0	2014-01-22 21:11:24.477025+00	0		
1626	133755	1214593	10306	0	2015-03-18 17:04:53.573055+00	0		
1613	232266	441776	10230	0	2015-03-12 02:56:39.707718+00	0		
737	133760	722145	775	0	2014-01-22 21:15:52.447585+00	0		
1606	133760	649159	965	0	2015-03-04 10:43:03.626713+00	0		
1629	204117	750531	10335	0	2015-03-22 17:14:25.972426+00	0		
643	133755	830721	3138	0	2013-12-05 23:16:01.895604+00	0		
854	133953	733451	4639	0	2014-03-20 04:24:41.139685+00	0		
660	136447	802744	3268	0	2013-12-14 22:19:01.161473+00	0		
661	133755	313710	3276	0	2013-12-15 20:06:36.812219+00	0		
649	133755	624976	3192	0	2013-12-09 17:44:00.404674+00	0		
650	133755	722916	3192	0	2013-12-09 17:45:23.744283+00	0		
837	133755	1097069	4543	0	2014-03-14 21:39:53.782351+00	0		
662	133755	1068751	3307	0	2013-12-17 18:42:59.654452+00	0		
657	133755	618328	3223	0	2013-12-11 12:40:58.725651+00	0		
839	157706	1097059	4543	0	2014-03-14 22:09:54.131209+00	0		
664	136447	533059	3327	0	2013-12-19 16:43:00.77646+00	0		
659	133953	1062636	3244	0	2013-12-13 10:16:18.286965+00	0		
741	133755	361610	3762	0	2014-01-25 01:24:35.383678+00	0		
743	133755	871576	3775	0	2014-01-26 07:57:55.059172+00	0		
749	150809	1082766	861	0	2014-01-27 12:56:44.956614+00	0		
753	133760	410238	3833	0	2014-01-30 05:04:52.547824+00	0		
756	133755	237505	3843	0	2014-01-30 15:46:48.04735+00	0		
669	133760	503048	3356	0	2013-12-25 21:31:08.663719+00	0		
663	133755	1068928	3323	0	2013-12-18 21:11:40.42105+00	0		
776	133760	760176	2259	0	2014-02-09 07:48:50.850116+00	0		
771	133755	1086017	3946	0	2014-02-08 21:34:43.48183+00	0		
780	133755	275292	2871	0	2014-02-13 15:14:16.990865+00	0		
783	133755	1084743	2871	0	2014-02-13 15:26:50.580379+00	0		
864	136447	1061679	4708	0	2014-03-24 09:39:59.374413+00	0		
799	154554	670924	4132	0	2014-02-21 21:01:43.716873+00	0		
802	135920	934118	4161	0	2014-02-23 10:07:35.315808+00	0		
903	133755	1107254	5111	0	2014-04-15 14:33:53.184093+00	0		
795	154475	384860	4126	0	2014-02-21 15:48:28.668613+00	0		
859	136447	326913	4704	0	2014-03-24 01:48:31.823126+00	0		
1615	136447	1212669	10240	0	2015-03-12 17:35:57.99413+00	0		
1617	136447	1212835	10246	0	2015-03-13 10:16:41.494503+00	0		
812	133755	1094269	4347	0	2014-03-04 11:23:03.755313+00	0		
873	137127	178413	3178	0	2014-03-27 03:28:57.690606+00	0		
1618	136447	1213153	10251	0	2015-03-14 14:27:43.738296+00	0		
1619	136447	1213232	2164	0	2015-03-14 17:40:34.353254+00	0		
822	133965	514989	1908	0	2014-03-06 00:02:47.987148+00	0		
963	134622	465297	4914	0	2014-05-13 09:36:40.556315+00	0		
1608	204117	240608	4090	0	2015-03-08 12:13:34.2834+00	0		
867	159578	1082211	3782	0	2014-03-24 13:23:54.313178+00	0		
887	144297	315750	3824	0	2014-03-31 16:08:15.207085+00	0		
889	133760	443160	3824	0	2014-03-31 16:10:07.189681+00	0		
1609	204117	128193	4090	0	2015-03-08 12:13:34.2834+00	0		
893	133755	1103547	4907	0	2014-04-05 08:48:46.761204+00	0		
883	160676	758670	3783	0	2014-03-31 09:14:34.47029+00	0		
885	133959	1082137	863	0	2014-03-31 09:39:19.432286+00	0		
1610	204117	402537	10177	0	2015-03-08 18:42:53.981042+00	0		
1612	204117	117100	10193	0	2015-03-09 04:49:51.351488+00	0		
899	133755	991800	5081	0	2014-04-14 16:43:23.411662+00	0		
906	133755	1107448	4633	0	2014-04-16 02:47:36.417117+00	0		
908	133755	1107450	4633	0	2014-04-16 02:55:07.132052+00	0		
910	139649	1107452	4633	0	2014-04-16 03:13:12.260015+00	0		
1620	133755	780846	10270	0	2015-03-16 07:53:19.867379+00	0		
1623	136733	1214031	10286	0	2015-03-17 00:05:07.342507+00	0		
921	133953	572276	5211	0	2014-04-21 17:58:42.811663+00	0		
965	133815	1115240	4914	0	2014-05-13 09:42:13.071675+00	0		
941	164741	1111359	861	0	2014-04-30 04:44:44.777473+00	0		
944	164876	997303	5092	0	2014-04-30 14:44:04.831259+00	0		
947	150771	1112335	5402	0	2014-05-02 16:47:13.046852+00	0		
956	133760	1114304	5484	0	2014-05-10 00:51:18.717407+00	0		
969	169268	320882	5570	0	2014-05-17 23:53:29.650517+00	0		
958	133755	708744	5496	0	2014-05-10 20:44:51.028175+00	0		
1624	204117	920105	10296	0	2015-03-17 15:38:00.808049+00	0		
967	133760	519047	4517	0	2014-05-14 14:05:15.863033+00	0		
968	133755	1116295	5548	0	2014-05-17 03:38:25.9093+00	0		
1614	204117	1316	10235	0	2015-03-12 07:15:28.098588+00	0		
1630	234207	1216174	10360	0	2015-03-23 23:36:42.906967+00	0		
1634	136447	1216324	10366	0	2015-03-24 12:46:40.135707+00	0		
1639	144607	486057	10387	0	2015-03-31 15:39:27.53058+00	0		
1640	133755	1162730	10469	0	2015-04-01 02:21:00.118033+00	0		
1625	204117	1214503	10303	0	2015-03-18 12:12:26.020158+00	0		
1641	133760	652229	10471	0	2015-04-01 04:42:02.741416+00	0		
1631	204117	1216174	10360	0	2015-03-23 23:36:42.906967+00	0		
1632	234207	1216176	10360	0	2015-03-23 23:43:06.563332+00	0		
1633	204117	1216176	10360	0	2015-03-23 23:43:06.563332+00	0		
1642	204117	645661	10496	0	2015-04-02 08:49:28.607426+00	0		
1635	133755	1216834	10372	0	2015-03-25 20:35:18.694961+00	0		
1636	133760	384831	1562	0	2015-03-27 12:38:23.127266+00	0		
975	171199	906569	5632	0	2014-05-21 11:34:52.997091+00	0		
1021	133760	864843	1523	0	2014-06-12 07:13:04.616348+00	0		
1466	133755	1189526	5944	0	2015-01-13 15:49:43.84041+00	0		
971	133953	1117107	5600	0	2014-05-19 14:34:43.947866+00	0		
972	133755	1117107	5602	0	2014-05-19 14:37:55.420254+00	0		
1511	133755	1196957	9557	0	2015-01-31 05:43:35.34401+00	0		
1022	133755	352675	5919	0	2014-06-12 08:03:58.627186+00	0		
966	133760	519049	4517	0	2014-05-14 14:04:39.189744+00	0		
1525	133760	1197765	1756	0	2015-02-02 19:13:27.473383+00	0		
1616	136447	1212669	10241	0	2015-03-12 17:40:09.574018+00	0		
1611	133755	390481	10178	0	2015-03-08 18:48:48.859597+00	0		
1621	204117	281338	10270	0	2015-03-16 07:58:18.174753+00	0		
567	133760	262705	1634	0	2013-11-15 22:03:19.952121+00	0		
970	133953	262705	1705	0	2014-05-19 07:35:28.126149+00	0		
1638	204117	158658	10387	0	2015-03-31 15:15:01.047651+00	0		
985	133755	431092	5690	0	2014-05-26 08:02:12.449882+00	0		
1009	133755	342299	5898	0	2014-06-11 08:24:47.819029+00	0		
986	133755	297544	5691	0	2014-05-26 08:11:24.756489+00	0		
987	133755	344907	5694	0	2014-05-26 08:32:57.072071+00	0		
1643	204117	527688	10517	0	2015-04-03 16:31:51.562029+00	0		
988	133760	529625	5695	0	2014-05-26 10:41:03.767106+00	0		
1010	133760	350436	5899	0	2014-06-11 08:37:31.60276+00	0		
989	173159	800439	5695	0	2014-05-26 10:41:03.767106+00	0		
990	133755	707843	5695	0	2014-05-26 10:41:03.767106+00	0		
1015	176271	241349	1523	0	2014-06-12 07:13:04.616348+00	0		
991	133760	410225	5695	0	2014-05-26 10:41:03.767106+00	0		
973	133755	947590	5604	0	2014-05-19 17:06:42.888295+00	0		
974	133755	363183	2630	0	2014-05-19 19:52:19.802083+00	0		
1011	133755	1123400	5898	0	2014-06-11 09:24:13.323821+00	0		
976	171199	756328	5632	0	2014-05-21 11:34:52.997091+00	0		
993	133755	355878	5105	0	2014-05-27 22:37:29.420317+00	0		
977	133755	519747	5661	0	2014-05-23 22:09:26.48285+00	0		
978	172565	1118766	1095	0	2014-05-24 04:28:18.883144+00	0		
996	133760	801447	5771	0	2014-05-31 07:15:07.385746+00	0		
979	133959	1020858	5678	0	2014-05-25 13:41:07.537131+00	0		
980	172965	543817	5678	0	2014-05-25 13:41:07.537131+00	0		
981	134621	486506	5678	0	2014-05-25 13:41:07.537131+00	0		
982	133755	800402	5685	0	2014-05-25 23:07:40.028112+00	0		
983	133755	1119279	5686	0	2014-05-25 23:10:44.28857+00	0		
984	133755	616887	5688	0	2014-05-25 23:22:23.440201+00	0		
71	133755	606355	1341	0	2013-10-22 20:23:50.668846+00	0		
1013	133755	472263	5917	0	2014-06-12 06:49:59.902834+00	0		
992	173617	735502	5732	0	2014-05-27 21:29:42.603143+00	0		
994	133755	367708	5757	0	2014-05-29 17:15:31.803698+00	0		
995	133755	1120206	5758	0	2014-05-29 19:17:05.222216+00	0		
242	176267	363204	1523	0	2013-11-03 10:44:02.403078+00	0		
997	133755	1468	3930	0	2014-06-02 18:15:50.554644+00	0		
1065	180308	421352	4694	0	2014-07-05 13:11:17.305934+00	0		
896	176268	741183	1523	0	2014-04-11 16:39:38.010827+00	0		
831	176269	637696	1523	0	2014-03-13 16:37:29.603912+00	0		
144	176270	347492	1523	0	2013-11-01 18:57:04.395372+00	0		
1014	176269	544920	1523	0	2014-06-12 07:13:04.616348+00	0		
1016	176272	368320	1523	0	2014-06-12 07:13:04.616348+00	0		
1017	133960	441812	1523	0	2014-06-12 07:13:04.616348+00	0		
1018	133760	511673	1523	0	2014-06-12 07:13:04.616348+00	0		
329	137373	130808	1165	0	2013-11-06 01:01:10.101902+00	0		
1019	176273	352313	1523	0	2014-06-12 07:13:04.616348+00	0		
1020	133760	999427	1523	0	2014-06-12 07:13:04.616348+00	0		
1025	133755	549398	3894	0	2014-06-14 03:54:59.323606+00	0		
1046	133755	1004691	6070	0	2014-06-25 23:37:07.786331+00	0		
1028	136447	410389	5952	0	2014-06-15 20:55:09.290045+00	0		
1026	133755	474635	3458	0	2014-06-14 08:12:46.057124+00	0		
1052	179649	1128448	1024	0	2014-06-30 14:07:50.421388+00	0		
1027	176816	388048	1708	0	2014-06-15 13:38:01.875672+00	0		
1040	133959	1126521	6053	0	2014-06-23 14:51:43.185715+00	0		
1057	133760	538260	1906	0	2014-07-04 09:24:16.56468+00	0		
1055	133953	30756	6196	0	2014-07-04 09:22:45.582798+00	0		
1038	136447	43008	6022	0	2014-06-21 16:42:38.282564+00	0		
1069	133959	1129910	6232	0	2014-07-06 17:09:55.266891+00	0		
1039	136447	145263	6053	0	2014-06-23 11:57:30.536642+00	0		
1041	133760	1126536	6054	0	2014-06-23 16:21:37.231046+00	0		
1051	133755	446651	6135	0	2014-06-30 13:15:15.941444+00	0		
1042	133760	1126525	6054	0	2014-06-23 16:21:37.231046+00	0		
1043	133760	393994	6057	0	2014-06-23 21:49:39.387501+00	0		
1053	133755	1128748	1133	0	2014-07-01 16:41:58.619146+00	0		
1044	133760	1126884	6061	0	2014-06-24 16:50:00.816269+00	0		
1045	133755	1126885	6062	0	2014-06-24 17:14:24.237366+00	0		
1056	133953	15099	1906	0	2014-07-04 09:24:16.56468+00	0		
1060	133755	1001843	6198	0	2014-07-04 11:34:02.446676+00	0		
1058	133755	998173	6196	0	2014-07-04 09:33:03.773265+00	0		
1059	133953	1005319	5719	0	2014-07-04 09:35:45.409527+00	0		
1048	136447	651412	6096	0	2014-06-27 18:48:50.514009+00	0		
1061	133755	723173	6198	0	2014-07-04 11:34:02.446676+00	0		
1064	180166	514960	5719	0	2014-07-04 12:38:10.199374+00	0		
1062	133755	972751	6198	0	2014-07-04 11:34:02.446676+00	0		
1063	133755	972752	6198	0	2014-07-04 11:34:02.446676+00	0		
1072	133959	1129955	6238	0	2014-07-06 19:19:10.211601+00	0		
1049	133755	1128001	6113	0	2014-06-28 22:32:29.457702+00	0		
1050	133755	1128000	6113	0	2014-06-28 22:32:29.457702+00	0		
1068	133755	386083	6231	0	2014-07-06 17:05:19.18847+00	0		
1627	136447	1189913	3888	0	2015-03-19 06:33:18.54607+00	0		
933	133755	773406	3054	0	2014-04-29 17:48:56.776273+00	0		
668	137151	132084	1124	0	2013-12-24 13:30:02.45067+00	0		
1073	133959	144108	6263	0	2014-07-08 06:08:57.707671+00	0		
1070	133755	154745	6233	0	2014-07-06 17:24:32.279141+00	0		
1071	133755	361147	4944	0	2014-07-06 17:37:53.254781+00	0		
1030	133755	501	5948	0	2014-06-17 09:21:17.062771+00	0		
1054	133760	416589	6175	0	2014-07-02 11:06:26.481657+00	0		
1467	133755	1017263	5022	0	2015-01-13 16:17:26.964044+00	0		
1075	133755	468613	6271	0	2014-07-08 11:45:01.314865+00	0		
1105	182491	1135628	5319	0	2014-07-26 02:25:26.559447+00	0		
1076	133755	1130507	6271	0	2014-07-08 11:46:07.473772+00	0		
1622	157235	1213785	6817	0	2015-03-16 08:08:36.735675+00	0		
1644	204117	370291	10542	0	2015-04-04 20:07:12.054659+00	0		
1637	235576	1217340	10387	0	2015-03-31 15:08:06.11159+00	0		
1106	133755	772958	6540	0	2014-07-27 13:56:00.674038+00	0		
1645	204117	807084	10589	0	2015-04-09 11:44:17.357859+00	0		
1666	133755	583566	2614	0	2015-04-21 18:00:32.04037+00	0		
1669	133755	1226789	6373	0	2015-04-26 10:45:08.59453+00	0		
1081	133755	502795	6309	0	2014-07-10 13:57:24.072872+00	0		
1082	133755	502784	6310	0	2014-07-10 15:00:21.462478+00	0		
1668	204117	395225	10775	0	2015-04-22 17:57:46.117456+00	0		
1327	133755	1044732	8118	0	2014-11-14 04:38:50.349433+00	0		
1329	133755	1142194	8123	0	2014-11-14 11:48:53.226857+00	0		
1146	149874	367862	5138	0	2014-08-13 09:52:37.421053+00	0		
1663	237493	350435	10696	0	2015-04-16 22:46:31.466791+00	0		
1346	133755	1172307	8260	0	2014-11-21 20:12:36.882807+00	0		
1652	237003	1222991	10638	0	2015-04-12 13:02:21.454574+00	0		
1653	204117	1167064	10640	0	2015-04-12 20:30:46.577654+00	0		
1347	133755	485547	8261	0	2014-11-21 20:19:47.462472+00	0		
1066	180309	1129720	4694	0	2014-07-05 13:11:17.305934+00	0		
697	144196	322341	3448	0	2014-01-01 11:08:00.925503+00	0		
1671	204117	379502	10877	0	2015-04-27 05:53:30.598914+00	0		
1655	133815	897801	10652	0	2015-04-13 19:28:06.738805+00	0		
1656	133760	897801	10652	0	2015-04-13 19:28:06.738805+00	0		
1108	133755	817621	6563	0	2014-07-29 06:40:11.114644+00	0		
1074	133959	1129955	6266	0	2014-07-08 06:16:37.494218+00	0		
1078	133755	373981	6293	0	2014-07-09 12:45:08.418664+00	0		
1336	133755	1170585	8137	0	2014-11-16 05:25:22.983765+00	0		
1094	133755	179784	4640	0	2014-07-17 14:48:37.091001+00	0		
1658	133755	1223664	10659	0	2015-04-14 18:45:28.918337+00	0		
1661	133755	1131191	10665	0	2015-04-15 06:59:35.727286+00	0		
1662	133755	596822	10062	0	2015-04-16 18:20:19.379875+00	0		
1667	204117	2167	10764	0	2015-04-21 20:03:07.840683+00	0		
1646	236785	415579	10603	0	2015-04-10 12:50:52.120288+00	0		
1647	236786	415579	10603	0	2015-04-10 12:50:52.120288+00	0		
1648	133755	1222652	10617	0	2015-04-11 13:56:12.622844+00	0		
1649	204117	1222652	10617	0	2015-04-11 13:56:12.622844+00	0		
1650	204117	640667	1662	0	2015-04-12 07:17:39.909679+00	0		
