2	118734	222	262	0	2013-05-17 20:06:26.445481+00	0		
80	118734	81	339	0	2013-05-17 21:36:09.153766+00	0		
3	118734	222	263	0	2013-05-17 20:06:54.821594+00	0		
1	118734	222	261	0	2013-05-17 20:07:10.42066+00	0		
4	118734	222	264	0	2013-05-17 20:07:30.850939+00	0		
5	118734	222	265	0	2013-05-17 20:08:02.884394+00	0		
83	118734	67	342	0	2013-05-17 21:39:04.175163+00	0		
6	118734	222	266	0	2013-05-17 20:08:33.220791+00	0		
7	118734	222	267	0	2013-05-17 20:09:00.181849+00	0		
118	118734	13	377	0	2013-05-17 23:00:21.685255+00	0		
8	118734	222	268	0	2013-05-17 20:09:33.246324+00	0		
87	118734	67	346	0	2013-05-17 21:39:48.8858+00	0		
9	118734	222	269	0	2013-05-17 20:10:13.987393+00	0		
10	118734	222	270	0	2013-05-17 20:10:44.004767+00	0		
11	118734	222	271	0	2013-05-17 20:11:14.65076+00	0		
92	118734	67	351	0	2013-05-17 21:40:44.491662+00	0		
12	118734	222	272	0	2013-05-17 20:11:45.56424+00	0		
13	118734	222	273	0	2013-05-17 20:12:17.420968+00	0		
14	118734	222	274	0	2013-05-17 20:12:55.062356+00	0		
95	118734	67	354	0	2013-05-17 21:41:22.900111+00	0		
15	118734	222	275	0	2013-05-17 20:13:25.159525+00	0		
16	118734	222	276	0	2013-05-17 20:13:55.393997+00	0		
121	118734	13	380	0	2013-05-17 23:00:55.072522+00	0		
17	118734	222	277	0	2013-05-17 20:14:27.730286+00	0		
98	118734	160	357	0	2013-05-17 22:11:47.612698+00	0		
18	118734	222	278	0	2013-05-17 20:15:03.433055+00	0		
19	118734	222	279	0	2013-05-17 20:15:38.619422+00	0		
20	118734	222	280	0	2013-05-17 20:16:11.844703+00	0		
100	118734	160	359	0	2013-05-17 22:12:20.968878+00	0		
21	118734	222	281	0	2013-05-17 20:16:48.025765+00	0		
22	118734	222	282	0	2013-05-17 20:17:21.870588+00	0		
162	118734	107	421	0	2013-05-17 23:33:03.842878+00	0		
23	118734	222	283	0	2013-05-17 20:17:51.796587+00	0		
102	118734	160	361	0	2013-05-17 22:12:50.088401+00	0		
24	118734	222	284	0	2013-05-17 20:18:15.48325+00	0		
25	118734	222	285	0	2013-05-17 20:18:45.876364+00	0		
124	118734	13	383	0	2013-05-17 23:01:27.804953+00	0		
26	118734	222	286	0	2013-05-17 20:19:18.284185+00	0		
105	118734	160	364	0	2013-05-17 22:13:28.867716+00	0		
27	118734	222	287	0	2013-05-17 20:19:45.664799+00	0		
28	118734	222	288	0	2013-05-17 20:20:14.239738+00	0		
29	118734	222	289	0	2013-05-17 20:20:41.799911+00	0		
109	118734	160	368	0	2013-05-17 22:14:12.31154+00	0		
30	118734	222	290	0	2013-05-17 20:21:16.247596+00	0		
31	118734	222	291	0	2013-05-17 20:21:44.216492+00	0		
32	118734	222	292	0	2013-05-17 20:22:16.362188+00	0		
110	118734	160	369	0	2013-05-17 22:14:23.311267+00	0		
33	118734	222	293	0	2013-05-17 20:22:42.313907+00	0		
34	118734	222	294	0	2013-05-17 20:23:11.783938+00	0		
127	118734	107	386	0	2013-05-17 23:26:19.302248+00	0		
35	118734	222	295	0	2013-05-17 20:23:44.23572+00	0		
113	118734	160	372	0	2013-05-17 22:14:55.813806+00	0		
36	118734	222	296	0	2013-05-17 20:24:19.823075+00	0		
37	118734	222	297	0	2013-05-17 20:24:48.866473+00	0		
38	118734	222	298	0	2013-05-17 20:25:18.738121+00	0		
116	118734	160	375	0	2013-05-17 22:15:30.389661+00	0		
39	118734	222	299	0	2013-05-17 20:25:47.857137+00	0		
239	118734	202	479	0	2013-05-18 22:44:46.02266+00	0		
40	118734	222	300	0	2013-05-17 20:26:23.473791+00	0		
131	118734	107	390	0	2013-05-17 23:27:09.444041+00	0		
41	118734	222	301	0	2013-05-17 20:26:56.011409+00	0		
42	118734	222	302	0	2013-05-17 20:27:28.65386+00	0		
165	118734	107	424	0	2013-05-17 23:33:37.331967+00	0		
43	118734	222	303	0	2013-05-17 20:27:53.498302+00	0		
134	118734	107	393	0	2013-05-17 23:27:45.035463+00	0		
44	118734	222	304	0	2013-05-17 20:28:22.661895+00	0		
45	118734	222	305	0	2013-05-17 20:28:55.989798+00	0		
135	118734	107	394	0	2013-05-17 23:28:00.767198+00	0		
209	118734	72	449	0	2013-05-18 20:43:25.811966+00	0		
140	118734	107	399	0	2013-05-17 23:28:58.381136+00	0		
168	118734	107	427	0	2013-05-17 23:34:11.377841+00	0		
143	118734	107	402	0	2013-05-17 23:29:31.617993+00	0		
145	118734	107	404	0	2013-05-17 23:29:54.355569+00	0		
147	118734	107	406	0	2013-05-17 23:30:16.721853+00	0		
171	118734	107	430	0	2013-05-17 23:34:45.096248+00	0		
149	118734	107	408	0	2013-05-17 23:30:38.92962+00	0		
150	118734	107	409	0	2013-05-17 23:30:50.497168+00	0		
153	118734	107	412	0	2013-05-17 23:31:23.561661+00	0		
175	118734	221	434	0	2013-05-18 00:12:45.164066+00	0		
156	118734	107	415	0	2013-05-17 23:31:56.789709+00	0		
159	118734	107	418	0	2013-05-17 23:32:30.295468+00	0		
212	118734	72	452	0	2013-05-18 20:44:01.820207+00	0		
179	118734	222	4	0	2013-05-18 17:49:58.050085+00	0		
182	118734	73	75	0	2013-05-18 17:50:08.958348+00	0		
185	118734	44	96	0	2013-05-18 17:50:23.120026+00	0		
215	118734	150	455	0	2013-05-18 22:29:37.496862+00	0		
189	118734	73	134	0	2013-05-18 17:50:38.676566+00	0		
193	118734	73	174	0	2013-05-18 17:50:53.822279+00	0		
242	118734	202	482	0	2013-05-18 22:45:50.256907+00	0		
198	118734	72	438	0	2013-05-18 20:41:16.045979+00	0		
218	118734	150	458	0	2013-05-18 22:30:16.324822+00	0		
201	118734	72	441	0	2013-05-18 20:41:53.580182+00	0		
204	118734	72	444	0	2013-05-18 20:42:27.782075+00	0		
207	118734	72	447	0	2013-05-18 20:43:02.661524+00	0		
222	118734	150	462	0	2013-05-18 22:31:03.170955+00	0		
254	118734	170	494	0	2013-05-18 23:58:50.29481+00	0		
226	118734	150	466	0	2013-05-18 22:31:48.307161+00	0		
245	118734	202	485	0	2013-05-18 22:46:27.966142+00	0		
229	118734	202	469	0	2013-05-18 22:42:19.419007+00	0		
232	118734	202	472	0	2013-05-18 22:42:53.140918+00	0		
236	118734	202	476	0	2013-05-18 22:43:40.583643+00	0		
267	118734	214	507	0	2013-05-19 00:29:02.787891+00	0		
248	118734	202	488	0	2013-05-18 22:47:00.575331+00	0		
257	118734	170	497	0	2013-05-18 23:59:24.016682+00	0		
249	118734	202	489	0	2013-05-18 22:47:11.665752+00	0		
251	118734	170	491	0	2013-05-18 23:58:01.924685+00	0		
260	118734	170	500	0	2013-05-18 23:59:57.445614+00	0		
263	118734	170	503	0	2013-05-19 00:00:31.258855+00	0		
271	118734	214	511	0	2013-05-19 00:29:47.670732+00	0		
278	118734	214	518	0	2013-05-19 00:31:06.145938+00	0		
274	118734	214	514	0	2013-05-19 00:30:21.403342+00	0		
275	118734	214	515	0	2013-05-19 00:30:32.489463+00	0		
281	118734	214	521	0	2013-05-19 00:31:39.046546+00	0		
2221	118734	176	2455	0	2013-05-20 17:53:49.993351+00	0		
284	118734	214	524	0	2013-05-19 00:32:11.919215+00	0		
287	118734	214	527	0	2013-05-19 00:32:45.31543+00	0		
2230	118734	176	2464	0	2013-05-20 17:56:48.235975+00	0		
288	118734	214	528	0	2013-05-19 00:32:56.449313+00	0		
2276	118734	142	2510	0	2013-05-20 19:10:58.126105+00	0		
2294	118734	142	2528	0	2013-05-20 19:14:30.293856+00	0		
2297	118734	113	2531	0	2013-05-20 19:15:00.791016+00	0		
2299	118734	113	2533	0	2013-05-20 19:15:18.752671+00	0		
2354	118734	229	2588	0	2013-05-20 20:22:15.114018+00	0		
2411	118734	36	2645	0	2013-05-20 20:32:40.577441+00	0		
2415	118734	116	2649	0	2013-05-20 20:33:26.021675+00	0		
46	118734	222	306	0	2013-05-17 20:29:29.723911+00	0		
81	118734	81	340	0	2013-05-17 21:36:20.818572+00	0		
85	118734	67	344	0	2013-05-17 21:39:26.383898+00	0		
119	118734	13	378	0	2013-05-17 23:00:33.132281+00	0		
88	118734	67	347	0	2013-05-17 21:39:59.703958+00	0		
91	118734	67	350	0	2013-05-17 21:40:33.355481+00	0		
93	118734	67	352	0	2013-05-17 21:40:55.913415+00	0		
122	118734	13	381	0	2013-05-17 23:01:05.835514+00	0		
96	118734	67	355	0	2013-05-17 21:41:39.177874+00	0		
99	118734	160	358	0	2013-05-17 22:12:04.522905+00	0		
163	118734	107	422	0	2013-05-17 23:33:14.968333+00	0		
103	118734	160	362	0	2013-05-17 22:13:01.551859+00	0		
125	118734	13	384	0	2013-05-17 23:01:38.771195+00	0		
106	118734	160	365	0	2013-05-17 22:13:39.781934+00	0		
111	118734	160	370	0	2013-05-17 22:14:34.088013+00	0		
114	118734	160	373	0	2013-05-17 22:15:07.654018+00	0		
128	118734	107	387	0	2013-05-17 23:26:31.032719+00	0		
117	118734	160	376	0	2013-05-17 22:15:41.278288+00	0		
291	118734	214	531	0	2013-05-19 00:33:29.688856+00	0		
130	118734	107	389	0	2013-05-17 23:26:58.185574+00	0		
166	118734	107	425	0	2013-05-17 23:33:48.492643+00	0		
132	118734	107	391	0	2013-05-17 23:27:22.808453+00	0		
137	118734	107	396	0	2013-05-17 23:28:22.736746+00	0		
210	118734	72	450	0	2013-05-18 20:43:37.888336+00	0		
141	118734	107	400	0	2013-05-17 23:29:09.382376+00	0		
169	118734	107	428	0	2013-05-17 23:34:22.537436+00	0		
144	118734	107	403	0	2013-05-17 23:29:43.185222+00	0		
151	118734	107	410	0	2013-05-17 23:31:01.615207+00	0		
154	118734	107	413	0	2013-05-17 23:31:34.654108+00	0		
172	118734	107	431	0	2013-05-17 23:34:56.275818+00	0		
157	118734	107	416	0	2013-05-17 23:32:07.974885+00	0		
160	118734	107	419	0	2013-05-17 23:32:41.596849+00	0		
173	118734	221	432	0	2013-05-18 00:12:05.966838+00	0		
213	118734	72	453	0	2013-05-18 20:44:13.008247+00	0		
176	118734	221	435	0	2013-05-18 00:12:59.936414+00	0		
177	118734	150	12	0	2013-05-18 17:49:52.005374+00	0		
326	118734	214	566	0	2013-05-19 00:40:20.247462+00	0		
180	118734	73	255	0	2013-05-18 17:50:02.884856+00	0		
216	118734	150	456	0	2013-05-18 22:29:50.175248+00	0		
183	118734	73	87	0	2013-05-18 17:50:12.116245+00	0		
186	118734	73	256	0	2013-05-18 17:50:28.488388+00	0		
293	118734	214	533	0	2013-05-19 00:33:51.922541+00	0		
190	118734	73	152	0	2013-05-18 17:50:41.727042+00	0		
219	118734	150	459	0	2013-05-18 22:30:27.753546+00	0		
195	118734	73	77	0	2013-05-18 17:50:59.948915+00	0		
196	118734	72	436	0	2013-05-18 20:40:50.930766+00	0		
199	118734	72	439	0	2013-05-18 20:41:27.726782+00	0		
223	118734	150	463	0	2013-05-18 22:31:14.492565+00	0		
202	118734	72	442	0	2013-05-18 20:42:05.032208+00	0		
205	118734	72	445	0	2013-05-18 20:42:39.575444+00	0		
327	118734	214	567	0	2013-05-19 00:40:31.773493+00	0		
208	118734	72	448	0	2013-05-18 20:43:13.72632+00	0		
296	118734	214	536	0	2013-05-19 00:34:24.787365+00	0		
224	118734	150	464	0	2013-05-18 22:31:25.749616+00	0		
227	118734	150	467	0	2013-05-18 22:31:59.840862+00	0		
230	118734	202	470	0	2013-05-18 22:42:30.746865+00	0		
298	118734	214	538	0	2013-05-19 00:34:47.76475+00	0		
234	118734	202	474	0	2013-05-18 22:43:16.927748+00	0		
237	118734	202	477	0	2013-05-18 22:43:58.967392+00	0		
337	118734	214	577	0	2013-05-19 00:42:47.844321+00	0		
240	118734	202	480	0	2013-05-18 22:45:08.516635+00	0		
299	118734	214	539	0	2013-05-19 00:34:58.730236+00	0		
243	118734	202	483	0	2013-05-18 22:46:03.97887+00	0		
246	118734	202	486	0	2013-05-18 22:46:38.693399+00	0		
328	118734	214	568	0	2013-05-19 00:40:42.902777+00	0		
252	118734	170	492	0	2013-05-18 23:58:15.780897+00	0		
303	118734	214	543	0	2013-05-19 00:35:43.132065+00	0		
255	118734	170	495	0	2013-05-18 23:59:01.467194+00	0		
258	118734	170	498	0	2013-05-18 23:59:35.634854+00	0		
261	118734	170	501	0	2013-05-19 00:00:08.685222+00	0		
305	118734	214	545	0	2013-05-19 00:36:09.743465+00	0		
264	118734	170	504	0	2013-05-19 00:00:42.26578+00	0		
268	118734	214	508	0	2013-05-19 00:29:13.646332+00	0		
272	118734	214	512	0	2013-05-19 00:29:58.961912+00	0		
308	118734	214	548	0	2013-05-19 00:36:53.027051+00	0		
276	118734	214	516	0	2013-05-19 00:30:43.667755+00	0		
279	118734	214	519	0	2013-05-19 00:31:17.0139+00	0		
329	118734	214	569	0	2013-05-19 00:40:54.243245+00	0		
282	118734	214	522	0	2013-05-19 00:31:49.953295+00	0		
310	118734	214	550	0	2013-05-19 00:37:20.350748+00	0		
285	118734	214	525	0	2013-05-19 00:32:22.713601+00	0		
289	118734	214	529	0	2013-05-19 00:33:07.569724+00	0		
312	118734	214	552	0	2013-05-19 00:37:42.753048+00	0		
330	118734	214	570	0	2013-05-19 00:41:06.895858+00	0		
314	118734	214	554	0	2013-05-19 00:38:04.907+00	0		
316	118734	214	556	0	2013-05-19 00:38:27.046825+00	0		
338	118734	214	578	0	2013-05-19 00:43:06.124449+00	0		
318	118734	214	558	0	2013-05-19 00:38:49.491501+00	0		
331	118734	214	571	0	2013-05-19 00:41:17.984222+00	0		
320	118734	214	560	0	2013-05-19 00:39:11.732017+00	0		
322	118734	214	562	0	2013-05-19 00:39:34.164818+00	0		
324	118734	214	564	0	2013-05-19 00:39:56.717267+00	0		
344	118734	214	584	0	2013-05-19 00:44:33.886844+00	0		
332	118734	214	572	0	2013-05-19 00:41:33.430126+00	0		
339	118734	214	579	0	2013-05-19 00:43:20.290857+00	0		
333	118734	214	573	0	2013-05-19 00:41:50.40076+00	0		
334	118734	214	574	0	2013-05-19 00:42:03.813451+00	0		
335	118734	214	575	0	2013-05-19 00:42:20.087369+00	0		
340	118734	214	580	0	2013-05-19 00:43:38.679081+00	0		
336	118734	214	576	0	2013-05-19 00:42:31.373585+00	0		
350	118734	203	590	0	2013-05-19 00:49:18.759022+00	0		
345	118734	214	585	0	2013-05-19 00:44:47.60459+00	0		
341	118734	214	581	0	2013-05-19 00:43:51.837175+00	0		
342	118734	214	582	0	2013-05-19 00:44:09.563362+00	0		
348	118734	203	588	0	2013-05-19 00:48:55.644608+00	0		
343	118734	214	583	0	2013-05-19 00:44:22.522335+00	0		
346	118734	214	586	0	2013-05-19 00:45:00.548742+00	0		
347	118734	203	587	0	2013-05-19 00:48:44.898282+00	0		
349	118734	203	589	0	2013-05-19 00:49:07.740252+00	0		
351	118734	203	591	0	2013-05-19 00:49:30.167628+00	0		
352	118734	203	592	0	2013-05-19 00:49:41.550514+00	0		
354	118734	203	594	0	2013-05-19 00:50:05.445064+00	0		
353	118734	203	593	0	2013-05-19 00:49:52.591044+00	0		
355	118734	203	595	0	2013-05-19 00:50:19.56652+00	0		
356	118734	203	596	0	2013-05-19 00:50:37.446278+00	0		
357	118734	203	597	0	2013-05-19 00:51:10.800113+00	0		
358	118734	203	598	0	2013-05-19 00:51:45.256059+00	0		
359	118734	203	599	0	2013-05-19 00:52:11.922243+00	0		
360	118734	203	600	0	2013-05-19 00:52:38.435827+00	0		
361	118734	203	601	0	2013-05-19 00:52:55.903931+00	0		
362	118734	203	602	0	2013-05-19 00:53:20.849048+00	0		
363	118734	203	603	0	2013-05-19 00:53:36.721449+00	0		
364	118734	203	604	0	2013-05-19 00:53:47.520065+00	0		
2526	118734	129	2760	0	2013-05-20 20:54:54.645481+00	0		
365	118734	203	605	0	2013-05-19 00:53:58.366665+00	0		
366	118734	203	606	0	2013-05-19 00:54:09.966298+00	0		
2855	118734	204	3089	0	2013-05-20 22:33:03.740638+00	0		
47	118734	222	307	0	2013-05-17 20:30:04.709572+00	0		
48	118734	222	308	0	2013-05-17 20:30:38.773699+00	0		
82	118734	67	341	0	2013-05-17 21:38:53.332913+00	0		
49	118734	222	309	0	2013-05-17 20:31:08.662286+00	0		
50	118734	222	310	0	2013-05-17 20:31:36.499626+00	0		
51	118734	222	311	0	2013-05-17 20:32:10.73541+00	0		
84	118734	67	343	0	2013-05-17 21:39:15.149596+00	0		
52	118734	222	172	0	2013-05-17 20:40:50.842681+00	0		
53	118734	38	312	0	2013-05-17 21:28:22.698862+00	0		
120	118734	13	379	0	2013-05-17 23:00:44.098504+00	0		
54	118734	38	313	0	2013-05-17 21:28:34.244399+00	0		
86	118734	67	345	0	2013-05-17 21:39:37.521442+00	0		
55	118734	38	314	0	2013-05-17 21:28:45.234455+00	0		
56	118734	38	315	0	2013-05-17 21:28:56.354204+00	0		
57	118734	38	316	0	2013-05-17 21:29:07.58816+00	0		
89	118734	67	348	0	2013-05-17 21:40:10.619362+00	0		
58	118734	38	317	0	2013-05-17 21:29:22.165389+00	0		
59	118734	38	318	0	2013-05-17 21:29:33.461675+00	0		
60	118734	38	319	0	2013-05-17 21:29:44.832435+00	0		
90	118734	67	349	0	2013-05-17 21:40:22.123912+00	0		
61	118734	38	320	0	2013-05-17 21:29:55.81713+00	0		
62	118734	38	321	0	2013-05-17 21:30:06.95768+00	0		
123	118734	13	382	0	2013-05-17 23:01:16.819059+00	0		
63	118734	38	322	0	2013-05-17 21:30:18.168673+00	0		
94	118734	67	353	0	2013-05-17 21:41:10.260278+00	0		
64	118734	38	323	0	2013-05-17 21:30:29.480594+00	0		
65	118734	38	324	0	2013-05-17 21:30:40.59498+00	0		
66	118734	81	325	0	2013-05-17 21:33:24.394679+00	0		
97	118734	160	356	0	2013-05-17 22:11:32.35672+00	0		
67	118734	81	326	0	2013-05-17 21:33:36.112118+00	0		
68	118734	81	327	0	2013-05-17 21:33:47.585933+00	0		
164	118734	107	423	0	2013-05-17 23:33:26.079105+00	0		
69	118734	81	328	0	2013-05-17 21:33:59.689471+00	0		
101	118734	160	360	0	2013-05-17 22:12:34.203528+00	0		
70	118734	81	329	0	2013-05-17 21:34:12.408542+00	0		
71	118734	81	330	0	2013-05-17 21:34:23.799399+00	0		
126	118734	107	385	0	2013-05-17 23:26:02.353175+00	0		
72	118734	81	331	0	2013-05-17 21:34:35.520295+00	0		
104	118734	160	363	0	2013-05-17 22:13:15.193707+00	0		
73	118734	81	332	0	2013-05-17 21:34:47.294952+00	0		
74	118734	81	333	0	2013-05-17 21:34:59.074594+00	0		
75	118734	81	334	0	2013-05-17 21:35:11.033649+00	0		
107	118734	160	366	0	2013-05-17 22:13:50.714499+00	0		
76	118734	81	335	0	2013-05-17 21:35:22.65464+00	0		
77	118734	81	336	0	2013-05-17 21:35:34.116153+00	0		
78	118734	81	337	0	2013-05-17 21:35:45.528091+00	0		
129	118734	107	388	0	2013-05-17 23:26:47.120065+00	0		
79	118734	81	338	0	2013-05-17 21:35:57.148313+00	0		
108	118734	160	367	0	2013-05-17 22:14:01.624261+00	0		
112	118734	160	371	0	2013-05-17 22:14:45.071439+00	0		
247	118734	202	487	0	2013-05-18 22:46:49.526175+00	0		
115	118734	160	374	0	2013-05-17 22:15:18.634586+00	0		
133	118734	107	392	0	2013-05-17 23:27:34.023996+00	0		
167	118734	107	426	0	2013-05-17 23:33:59.971007+00	0		
136	118734	107	395	0	2013-05-17 23:28:11.768378+00	0		
138	118734	107	397	0	2013-05-17 23:28:33.692614+00	0		
211	118734	72	451	0	2013-05-18 20:43:50.493996+00	0		
139	118734	107	398	0	2013-05-17 23:28:45.02002+00	0		
170	118734	107	429	0	2013-05-17 23:34:34.056108+00	0		
142	118734	107	401	0	2013-05-17 23:29:20.421401+00	0		
146	118734	107	405	0	2013-05-17 23:30:05.624271+00	0		
148	118734	107	407	0	2013-05-17 23:30:27.693617+00	0		
174	118734	221	433	0	2013-05-18 00:12:26.311025+00	0		
152	118734	107	411	0	2013-05-17 23:31:12.553361+00	0		
155	118734	107	414	0	2013-05-17 23:31:45.634301+00	0		
158	118734	107	417	0	2013-05-17 23:32:19.079607+00	0		
178	118734	72	250	0	2013-05-18 17:49:55.080353+00	0		
161	118734	107	420	0	2013-05-17 23:32:52.877879+00	0		
214	118734	150	454	0	2013-05-18 22:29:26.44515+00	0		
181	118734	150	259	0	2013-05-18 17:50:05.962621+00	0		
184	118734	222	88	0	2013-05-18 17:50:15.190395+00	0		
187	118734	44	125	0	2013-05-18 17:50:31.556325+00	0		
217	118734	150	457	0	2013-05-18 22:30:01.812947+00	0		
188	118734	222	159	0	2013-05-18 17:50:34.323026+00	0		
191	118734	73	76	0	2013-05-18 17:50:44.783559+00	0		
250	118734	170	490	0	2013-05-18 23:57:44.686378+00	0		
192	118734	73	197	0	2013-05-18 17:50:47.808238+00	0		
220	118734	150	460	0	2013-05-18 22:30:39.154223+00	0		
194	118734	150	260	0	2013-05-18 17:50:57.002271+00	0		
197	118734	72	437	0	2013-05-18 20:41:04.460505+00	0		
200	118734	72	440	0	2013-05-18 20:41:42.056054+00	0		
221	118734	150	461	0	2013-05-18 22:30:52.146981+00	0		
203	118734	72	443	0	2013-05-18 20:42:16.31232+00	0		
206	118734	72	446	0	2013-05-18 20:42:51.11071+00	0		
225	118734	150	465	0	2013-05-18 22:31:37.060574+00	0		
253	118734	170	493	0	2013-05-18 23:58:31.847673+00	0		
228	118734	150	468	0	2013-05-18 22:32:11.573151+00	0		
231	118734	202	471	0	2013-05-18 22:42:41.960899+00	0		
270	118734	214	510	0	2013-05-19 00:29:35.709902+00	0		
233	118734	202	473	0	2013-05-18 22:43:04.334334+00	0		
256	118734	170	496	0	2013-05-18 23:59:12.91179+00	0		
235	118734	202	475	0	2013-05-18 22:43:28.22781+00	0		
25108	118734	104294	25347	0	2014-12-17 13:33:21.464346+00	0		
241	118734	202	481	0	2013-05-18 22:45:35.766496+00	0		
259	118734	170	499	0	2013-05-18 23:59:46.658565+00	0		
244	118734	202	484	0	2013-05-18 22:46:17.252385+00	0		
283	118734	214	523	0	2013-05-19 00:32:00.89163+00	0		
273	118734	214	513	0	2013-05-19 00:30:10.333779+00	0		
262	118734	170	502	0	2013-05-19 00:00:20.193877+00	0		
265	118734	170	505	0	2013-05-19 00:00:53.308217+00	0		
266	118734	214	506	0	2013-05-19 00:28:51.995406+00	0		
269	118734	214	509	0	2013-05-19 00:29:24.654791+00	0		
292	118734	214	532	0	2013-05-19 00:33:40.742932+00	0		
277	118734	214	517	0	2013-05-19 00:30:55.057007+00	0		
280	118734	214	520	0	2013-05-19 00:31:28.006743+00	0		
286	118734	214	526	0	2013-05-19 00:32:34.216245+00	0		
290	118734	214	530	0	2013-05-19 00:33:18.486391+00	0		
300	118734	214	540	0	2013-05-19 00:35:09.659993+00	0		
294	118734	214	534	0	2013-05-19 00:34:03.086899+00	0		
295	118734	214	535	0	2013-05-19 00:34:14.068241+00	0		
297	118734	214	537	0	2013-05-19 00:34:35.75555+00	0		
301	118734	214	541	0	2013-05-19 00:35:20.719181+00	0		
302	118734	214	542	0	2013-05-19 00:35:31.777133+00	0		
304	118734	214	544	0	2013-05-19 00:35:57.701109+00	0		
306	118734	214	546	0	2013-05-19 00:36:26.52761+00	0		
307	118734	214	547	0	2013-05-19 00:36:42.177015+00	0		
309	118734	214	549	0	2013-05-19 00:37:06.094602+00	0		
311	118734	214	551	0	2013-05-19 00:37:31.613626+00	0		
313	118734	214	553	0	2013-05-19 00:37:53.87527+00	0		
315	118734	214	555	0	2013-05-19 00:38:15.841307+00	0		
317	118734	214	557	0	2013-05-19 00:38:38.190652+00	0		
319	118734	214	559	0	2013-05-19 00:39:00.621664+00	0		
321	118734	214	561	0	2013-05-19 00:39:22.905388+00	0		
2222	118734	176	2456	0	2013-05-20 17:54:15.321753+00	0		
323	118734	214	563	0	2013-05-19 00:39:45.373414+00	0		
325	118734	214	565	0	2013-05-19 00:40:07.952296+00	0		
3204	118734	121	3438	0	2013-05-21 11:28:05.310882+00	0		
367	118734	203	607	0	2013-05-19 00:54:25.270363+00	0		
2223	118734	176	2457	0	2013-05-20 17:54:41.235975+00	0		
2277	118734	142	2511	0	2013-05-20 19:11:10.2646+00	0		
2527	118734	129	2761	0	2013-05-20 20:55:05.362367+00	0		
2355	118734	229	2589	0	2013-05-20 20:22:26.5018+00	0		
2412	118734	116	2646	0	2013-05-20 20:32:52.477081+00	0		
2580	118734	146	2814	0	2013-05-20 21:05:17.971325+00	0		
2445	118734	208	2679	0	2013-05-20 20:39:10.386101+00	0		
2470	118734	208	2704	0	2013-05-20 20:44:20.96659+00	0		
2491	118734	208	2725	0	2013-05-20 20:48:21.373971+00	0		
2632	118734	1	2866	0	2013-05-20 21:32:40.964024+00	0		
2856	118734	234	3090	0	2013-05-20 22:33:14.421457+00	0		
2633	118734	1	2867	0	2013-05-20 21:32:51.674759+00	0		
2669	118734	225	2903	0	2013-05-20 21:39:46.567953+00	0		
2719	118734	102	2953	0	2013-05-20 21:58:40.283598+00	0		
2918	118734	35	3152	0	2013-05-20 22:52:40.861437+00	0		
2788	118734	195	3022	0	2013-05-20 22:15:38.799605+00	0		
2805	118734	161	3039	0	2013-05-20 22:20:03.534475+00	0		
3593	118734	433	3827	0	2013-05-21 14:37:10.832774+00	0		
2850	118734	204	3084	0	2013-05-20 22:32:06.266441+00	0		
2934	118734	23	3168	0	2013-05-20 22:55:34.904181+00	0		
3205	118734	121	3439	0	2013-05-21 11:28:19.448455+00	0		
2977	118734	49	3211	0	2013-05-20 23:04:10.099391+00	0		
2983	118734	49	3217	0	2013-05-20 23:05:01.764735+00	0		
2995	118734	52	3229	0	2013-05-20 23:07:08.858527+00	0		
3271	118734	136	3505	0	2013-05-21 11:41:07.260192+00	0		
3032	118734	3	3266	0	2013-05-21 09:31:53.351573+00	0		
3041	118734	3	3275	0	2013-05-21 09:33:30.058843+00	0		
3897	118734	2842	4131	0	2013-05-22 10:19:33.482492+00	0		
3047	118734	3	3281	0	2013-05-21 09:34:37.906776+00	0		
3273	118734	128	3507	0	2013-05-21 11:41:28.983003+00	0		
3085	118734	63	3319	0	2013-05-21 09:41:27.83001+00	0		
3165	118734	48	3399	0	2013-05-21 10:12:28.06956+00	0		
3633	118734	432	3867	0	2013-05-21 14:44:29.204907+00	0		
3182	118734	119	3416	0	2013-05-21 11:23:58.718126+00	0		
3274	118734	128	3508	0	2013-05-21 11:41:39.749407+00	0		
3184	118734	119	3418	0	2013-05-21 11:24:22.829014+00	0		
3283	118734	145	3517	0	2013-05-21 11:43:17.833451+00	0		
3297	118734	147	3531	0	2013-05-21 11:45:52.443776+00	0		
3638	118734	432	3872	0	2013-05-21 14:45:23.590127+00	0		
3339	118734	156	3573	0	2013-05-21 11:53:48.53274+00	0		
4351	118734	2768	4585	0	2013-05-22 12:15:35.051487+00	0		
3414	118734	192	3648	0	2013-05-21 12:18:23.034403+00	0		
3907	118734	1794	4141	0	2013-05-22 10:21:51.574571+00	0		
3477	118734	213	3711	0	2013-05-21 12:30:07.147133+00	0		
3584	118734	435	3818	0	2013-05-21 14:35:31.809059+00	0		
3910	118734	1794	4144	0	2013-05-22 10:22:46.79169+00	0		
4822	118734	496	5056	0	2013-05-24 18:36:10.424554+00	0		
3731	118734	432	3965	0	2013-05-21 15:04:15.771162+00	0		
3928	118734	3137	4162	0	2013-05-22 10:26:20.550475+00	0		
3665	118734	1178	3899	0	2013-05-21 16:02:57.379914+00	0		
3702	118734	4024	3936	0	2013-05-21 16:35:00.292259+00	0		
4394	118734	1888	4628	0	2013-05-22 12:27:50.378478+00	0		
3857	118734	2839	4091	0	2013-05-22 10:10:35.465264+00	0		
3959	118734	3134	4193	0	2013-05-22 10:34:00.260406+00	0		
3859	118734	2839	4093	0	2013-05-22 10:10:59.648666+00	0		
3875	118734	2839	4109	0	2013-05-22 10:14:30.978153+00	0		
3877	118734	2839	4111	0	2013-05-22 10:14:59.317884+00	0		
4008	118734	1806	4242	0	2013-05-22 10:45:13.819325+00	0		
3883	118734	2839	4117	0	2013-05-22 10:16:43.940934+00	0		
3895	118734	2839	4129	0	2013-05-22 10:19:08.206074+00	0		
4071	118734	1801	4305	0	2013-05-22 11:00:47.664896+00	0		
4439	118734	1892	4673	0	2013-05-22 12:40:24.771539+00	0		
4089	118734	1816	4323	0	2013-05-22 11:04:25.806165+00	0		
4145	118734	1834	4379	0	2013-05-22 11:16:56.374605+00	0		
5474	118734	2972	5708	0	2013-05-24 22:35:20.56047+00	0		
4221	118734	3382	4455	0	2013-05-22 11:38:20.290187+00	0		
4479	118734	1878	4713	0	2013-05-22 12:52:08.117529+00	0		
4274	118734	2211	4508	0	2013-05-22 11:53:49.699921+00	0		
4280	118734	2209	4514	0	2013-05-22 11:55:26.53343+00	0		
4879	118734	334	5113	0	2013-05-24 20:30:06.110615+00	0		
4294	118734	2207	4528	0	2013-05-22 11:59:02.476134+00	0		
4494	118734	3014	4728	0	2013-05-22 12:56:36.746548+00	0		
4336	118734	2768	4570	0	2013-05-22 12:11:02.827888+00	0		
4496	118734	3014	4730	0	2013-05-22 12:57:05.227809+00	0		
4540	118734	3456	4774	0	2013-05-22 13:09:12.94235+00	0		
4937	118734	465	5171	0	2013-05-24 20:41:10.502604+00	0		
4547	118734	1613	4781	0	2013-05-22 13:11:18.600232+00	0		
4574	118734	3025	4808	0	2013-05-22 13:20:01.864593+00	0		
5933	118734	2966	6167	0	2013-05-25 00:05:39.044329+00	0		
4627	118734	2847	4861	0	2013-05-22 13:34:59.788147+00	0		
26368	118734	104301	26608	0	2014-12-17 13:33:21.464346+00	0		
4684	118734	2775	4918	0	2013-05-22 13:50:14.50724+00	0		
4760	118734	3759	4994	0	2013-05-22 14:05:05.240947+00	0		
5479	118734	431	5713	0	2013-05-24 22:36:12.704273+00	0		
4762	118734	3759	4996	0	2013-05-22 14:05:26.818639+00	0		
25024	118734	104309	25263	0	2014-12-17 13:33:21.464346+00	0		
5050	118734	468	5284	0	2013-05-24 21:03:40.565984+00	0		
5812	118734	503	6046	0	2013-05-24 23:42:14.723827+00	0		
5111	118734	497	5345	0	2013-05-24 21:16:29.343037+00	0		
5519	118734	2966	5753	0	2013-05-24 22:44:42.679608+00	0		
5127	118734	2961	5361	0	2013-05-24 21:20:03.354804+00	0		
5185	118734	502	5419	0	2013-05-24 21:30:39.261496+00	0		
5240	118734	493	5474	0	2013-05-24 21:41:46.946443+00	0		
5573	118734	306	5807	0	2013-05-24 22:54:58.820942+00	0		
24523	118734	104268	24762	0	2014-12-17 13:33:21.464346+00	0		
5317	118734	421	5551	0	2013-05-24 22:01:15.119343+00	0		
5404	118734	498	5638	0	2013-05-24 22:19:59.488768+00	0		
5639	118734	2980	5873	0	2013-05-24 23:09:41.442795+00	0		
5697	118734	392	5931	0	2013-05-24 23:21:08.751031+00	0		
5714	118734	496	5948	0	2013-05-24 23:24:35.59422+00	0		
5908	118734	2977	6142	0	2013-05-25 00:01:01.822275+00	0		
5750	118734	2979	5984	0	2013-05-24 23:31:06.021427+00	0		
5935	118734	2970	6169	0	2013-05-25 00:05:59.25455+00	0		
5927	118734	2970	6161	0	2013-05-25 00:04:33.963926+00	0		
5932	118734	2965	6166	0	2013-05-25 00:05:27.40116+00	0		
5973	118734	496	6207	0	2013-05-25 00:12:49.989678+00	0		
5971	118734	2968	6205	0	2013-05-25 00:12:23.980014+00	0		
9289	118734	665	9523	0	2013-06-09 16:06:28.433397+00	0		
6231	118734	104374	6465	0	2014-12-17 13:33:21.464346+00	0		
6028	118734	2969	6262	0	2013-05-25 00:25:02.062269+00	0		
24975	118734	104279	25214	0	2014-12-17 13:33:21.464346+00	0		
104741	118734	104733	104910	0	2014-12-18 04:33:09.427191+00	0		
6131	118734	2968	6365	0	2013-05-25 00:49:01.418584+00	0		
10375	118734	426	10610	0	2013-06-18 22:40:21.583348+00	0		
6173	118734	2975	6407	0	2013-05-25 00:59:43.549864+00	0		
9895	118734	424	10129	0	2013-06-18 12:36:27.840854+00	0		
6222	118734	2971	6456	0	2013-05-25 01:09:09.23664+00	0		
10405	118734	420	10640	0	2013-06-18 22:46:29.690227+00	0		
11842	118734	893	12080	0	2013-07-13 12:48:53.44921+00	0		
10687	118734	397	10923	0	2013-06-21 05:33:16.047506+00	0		
12506	118734	361	12744	0	2013-07-15 03:00:18.34831+00	0		
12510	118734	368	12748	0	2013-07-15 03:47:57.9513+00	0		
13174	118734	4623	13412	0	2013-07-21 15:49:55.291654+00	0		
12928	118734	482	13166	0	2013-07-16 10:43:46.519636+00	0		
14713	118734	4638	14952	0	2013-07-21 21:29:55.946699+00	0		
368	118734	203	608	0	2013-05-19 00:54:38.756009+00	0		
409	118734	14	649	0	2013-05-19 01:07:30.88171+00	0		
369	118734	203	609	0	2013-05-19 00:54:50.129036+00	0		
370	118734	203	610	0	2013-05-19 00:55:08.718913+00	0		
371	118734	203	611	0	2013-05-19 00:55:26.924736+00	0		
410	118734	14	650	0	2013-05-19 01:07:41.527797+00	0		
372	118734	203	612	0	2013-05-19 00:55:42.694659+00	0		
373	118734	57	613	0	2013-05-19 00:57:52.372189+00	0		
435	118734	99	675	0	2013-05-19 01:12:45.955852+00	0		
374	118734	57	614	0	2013-05-19 00:58:05.706225+00	0		
411	118734	14	651	0	2013-05-19 01:07:52.441951+00	0		
375	118734	57	615	0	2013-05-19 00:58:25.561505+00	0		
376	118734	57	616	0	2013-05-19 00:58:43.240123+00	0		
377	118734	57	617	0	2013-05-19 00:59:05.652615+00	0		
412	118734	14	652	0	2013-05-19 01:08:03.263119+00	0		
378	118734	30	618	0	2013-05-19 01:00:31.246815+00	0		
379	118734	30	619	0	2013-05-19 01:00:43.170897+00	0		
380	118734	30	620	0	2013-05-19 01:00:53.926158+00	0		
413	118734	14	653	0	2013-05-19 01:08:14.301029+00	0		
381	118734	30	621	0	2013-05-19 01:01:10.765566+00	0		
382	118734	30	622	0	2013-05-19 01:01:24.695721+00	0		
436	118734	99	676	0	2013-05-19 01:12:56.850343+00	0		
383	118734	30	623	0	2013-05-19 01:01:35.420043+00	0		
414	118734	99	654	0	2013-05-19 01:08:56.97344+00	0		
384	118734	30	624	0	2013-05-19 01:01:46.670262+00	0		
385	118734	30	625	0	2013-05-19 01:02:11.15037+00	0		
386	118734	30	626	0	2013-05-19 01:02:24.252367+00	0		
415	118734	99	655	0	2013-05-19 01:09:07.596906+00	0		
387	118734	30	627	0	2013-05-19 01:02:41.372386+00	0		
388	118734	30	628	0	2013-05-19 01:03:02.806329+00	0		
449	118734	103	689	0	2013-05-19 14:41:03.405067+00	0		
389	118734	30	629	0	2013-05-19 01:03:17.747985+00	0		
416	118734	99	656	0	2013-05-19 01:09:18.331312+00	0		
390	118734	30	630	0	2013-05-19 01:03:35.662569+00	0		
391	118734	30	631	0	2013-05-19 01:03:50.875137+00	0		
437	118734	99	677	0	2013-05-19 01:13:07.611113+00	0		
392	118734	30	632	0	2013-05-19 01:04:03.142257+00	0		
417	118734	99	657	0	2013-05-19 01:09:29.047087+00	0		
393	118734	30	633	0	2013-05-19 01:04:15.496724+00	0		
394	118734	30	634	0	2013-05-19 01:04:26.290079+00	0		
395	118734	30	635	0	2013-05-19 01:04:38.064911+00	0		
418	118734	99	658	0	2013-05-19 01:09:39.994081+00	0		
396	118734	30	636	0	2013-05-19 01:04:49.823651+00	0		
397	118734	30	637	0	2013-05-19 01:05:01.005676+00	0		
398	118734	30	638	0	2013-05-19 01:05:15.787408+00	0		
419	118734	99	659	0	2013-05-19 01:09:50.708286+00	0		
399	118734	30	639	0	2013-05-19 01:05:30.302735+00	0		
400	118734	30	640	0	2013-05-19 01:05:43.976685+00	0		
438	118734	99	678	0	2013-05-19 01:13:18.396189+00	0		
401	118734	30	641	0	2013-05-19 01:05:54.75819+00	0		
420	118734	99	660	0	2013-05-19 01:10:01.604993+00	0		
402	118734	30	642	0	2013-05-19 01:06:05.889722+00	0		
403	118734	30	643	0	2013-05-19 01:06:17.202527+00	0		
404	118734	30	644	0	2013-05-19 01:06:27.992888+00	0		
421	118734	99	661	0	2013-05-19 01:10:12.571937+00	0		
405	118734	14	645	0	2013-05-19 01:06:47.619547+00	0		
406	118734	14	646	0	2013-05-19 01:06:58.138723+00	0		
461	118734	10	701	0	2013-05-19 14:48:44.573436+00	0		
407	118734	14	647	0	2013-05-19 01:07:08.809231+00	0		
422	118734	99	662	0	2013-05-19 01:10:23.336745+00	0		
408	118734	14	648	0	2013-05-19 01:07:20.186207+00	0		
439	118734	99	679	0	2013-05-19 01:13:29.153039+00	0		
423	118734	99	663	0	2013-05-19 01:10:34.227801+00	0		
450	118734	103	690	0	2013-05-19 14:41:19.686427+00	0		
424	118734	99	664	0	2013-05-19 01:10:44.982662+00	0		
440	118734	99	680	0	2013-05-19 01:13:40.213845+00	0		
425	118734	99	665	0	2013-05-19 01:10:55.69303+00	0		
426	118734	99	666	0	2013-05-19 01:11:06.350931+00	0		
427	118734	99	667	0	2013-05-19 01:11:17.392351+00	0		
441	118734	99	681	0	2013-05-19 01:13:51.405415+00	0		
428	118734	99	668	0	2013-05-19 01:11:28.38393+00	0		
429	118734	99	669	0	2013-05-19 01:11:39.94505+00	0		
430	118734	99	670	0	2013-05-19 01:11:50.728+00	0		
451	118734	103	691	0	2013-05-19 14:41:38.021594+00	0		
431	118734	99	671	0	2013-05-19 01:12:01.616554+00	0		
432	118734	99	672	0	2013-05-19 01:12:12.645735+00	0		
476	118734	10	716	0	2013-05-19 14:51:52.506213+00	0		
433	118734	99	673	0	2013-05-19 01:12:24.341276+00	0		
452	118734	103	692	0	2013-05-19 14:41:51.529208+00	0		
434	118734	99	674	0	2013-05-19 01:12:35.218726+00	0		
442	118734	99	682	0	2013-05-19 01:14:02.221747+00	0		
462	118734	10	702	0	2013-05-19 14:48:55.841907+00	0		
443	118734	99	683	0	2013-05-19 01:14:13.15341+00	0		
453	118734	10	693	0	2013-05-19 14:46:57.082208+00	0		
444	118734	99	684	0	2013-05-19 01:14:24.142025+00	0		
445	118734	99	685	0	2013-05-19 01:14:35.056024+00	0		
446	118734	99	686	0	2013-05-19 01:14:46.066371+00	0		
454	118734	10	694	0	2013-05-19 14:47:13.143441+00	0		
447	118734	99	687	0	2013-05-19 01:14:57.000128+00	0		
448	118734	99	688	0	2013-05-19 01:15:08.025488+00	0		
469	118734	10	709	0	2013-05-19 14:50:29.244601+00	0		
455	118734	10	695	0	2013-05-19 14:47:32.909083+00	0		
463	118734	10	703	0	2013-05-19 14:49:06.848451+00	0		
456	118734	10	696	0	2013-05-19 14:47:44.185438+00	0		
457	118734	10	697	0	2013-05-19 14:47:55.716444+00	0		
458	118734	10	698	0	2013-05-19 14:48:09.468464+00	0		
464	118734	10	704	0	2013-05-19 14:49:18.377548+00	0		
459	118734	10	699	0	2013-05-19 14:48:21.301863+00	0		
460	118734	10	700	0	2013-05-19 14:48:32.712823+00	0		
473	118734	10	713	0	2013-05-19 14:51:14.206259+00	0		
465	118734	10	705	0	2013-05-19 14:49:37.165071+00	0		
470	118734	10	710	0	2013-05-19 14:50:40.951832+00	0		
466	118734	10	706	0	2013-05-19 14:49:48.847955+00	0		
467	118734	10	707	0	2013-05-19 14:50:02.26646+00	0		
468	118734	10	708	0	2013-05-19 14:50:17.721215+00	0		
471	118734	10	711	0	2013-05-19 14:50:52.260715+00	0		
474	118734	10	714	0	2013-05-19 14:51:25.638138+00	0		
472	118734	10	712	0	2013-05-19 14:51:03.406919+00	0		
475	118734	10	715	0	2013-05-19 14:51:41.34125+00	0		
477	118734	97	717	0	2013-05-19 16:05:42.716513+00	0		
16502	118734	4613	16742	0	2013-07-22 02:25:12.345093+00	0		
480	118734	97	720	0	2013-05-19 16:06:26.870801+00	0		
479	118734	97	719	0	2013-05-19 16:06:15.076584+00	0		
481	118734	97	721	0	2013-05-19 16:06:43.484973+00	0		
482	118734	97	722	0	2013-05-19 16:06:56.699282+00	0		
4823	118734	2005	5057	0	2013-05-24 18:36:25.88798+00	0		
483	118734	97	723	0	2013-05-19 16:07:07.97911+00	0		
29437	118734	767	29679	0	2013-10-14 21:20:02.517673+00	0		
488	118734	97	728	0	2013-05-19 16:08:04.530552+00	0		
489	118734	97	729	0	2013-05-19 16:08:15.46412+00	0		
491	118734	97	731	0	2013-05-19 16:08:55.10167+00	0		
492	118734	97	732	0	2013-05-19 16:09:07.946783+00	0		
484	118734	731	724	0	2013-05-23 22:21:28.190006+00	0		
487	118734	742	727	0	2013-05-23 22:22:05.692327+00	0		
486	118734	732	726	0	2013-05-23 22:22:21.964971+00	0		
485	118734	728	725	0	2013-05-23 22:22:33.68269+00	0		
490	118734	729	730	0	2013-05-23 22:26:42.414161+00	0		
2224	118734	176	2458	0	2013-05-20 17:55:03.154758+00	0		
5309	118734	2197	5543	0	2013-05-24 21:59:49.209109+00	0		
494	118734	97	734	0	2013-05-19 16:09:31.850307+00	0		
2528	118734	100	2762	0	2013-05-20 20:55:16.324056+00	0		
495	118734	97	735	0	2013-05-19 16:09:42.82136+00	0		
2278	118734	142	2512	0	2013-05-20 19:11:21.839743+00	0		
2356	118734	229	2590	0	2013-05-20 20:22:37.607643+00	0		
2857	118734	234	3091	0	2013-05-20 22:33:25.383911+00	0		
2371	118734	229	2605	0	2013-05-20 20:25:39.266229+00	0		
2581	118734	146	2815	0	2013-05-20 21:05:31.771347+00	0		
2413	118734	116	2647	0	2013-05-20 20:33:04.00703+00	0		
2471	118734	208	2705	0	2013-05-20 20:44:32.667608+00	0		
2473	118734	208	2707	0	2013-05-20 20:44:59.172587+00	0		
2635	118734	1	2869	0	2013-05-20 21:33:12.905719+00	0		
2482	118734	208	2716	0	2013-05-20 20:46:37.848996+00	0		
3206	118734	121	3440	0	2013-05-21 11:28:30.244173+00	0		
2638	118734	1	2872	0	2013-05-20 21:33:46.267717+00	0		
2893	118734	6	3127	0	2013-05-20 22:47:33.380687+00	0		
2642	118734	1	2876	0	2013-05-20 21:34:30.261865+00	0		
2654	118734	1	2888	0	2013-05-20 21:36:50.976665+00	0		
2658	118734	115	2892	0	2013-05-20 21:37:41.603878+00	0		
2919	118734	35	3153	0	2013-05-20 22:52:51.613978+00	0		
2720	118734	102	2954	0	2013-05-20 21:58:57.272131+00	0		
2762	118734	108	2996	0	2013-05-20 22:09:11.631884+00	0		
3594	118734	432	3828	0	2013-05-21 14:37:21.643408+00	0		
2780	118734	195	3014	0	2013-05-20 22:13:46.471751+00	0		
2979	118734	49	3213	0	2013-05-20 23:04:31.245762+00	0		
2789	118734	130	3023	0	2013-05-20 22:15:52.024238+00	0		
2854	118734	204	3088	0	2013-05-20 22:32:52.352089+00	0		
3208	118734	121	3442	0	2013-05-21 11:28:57.008385+00	0		
2991	118734	52	3225	0	2013-05-20 23:06:26.905795+00	0		
3033	118734	3	3267	0	2013-05-21 09:32:04.296759+00	0		
3086	118734	63	3320	0	2013-05-21 09:41:38.397619+00	0		
3260	118734	136	3494	0	2013-05-21 11:39:01.617527+00	0		
3098	118734	63	3332	0	2013-05-21 09:43:46.834614+00	0		
3104	118734	66	3338	0	2013-05-21 09:44:56.993166+00	0		
3898	118734	2838	4132	0	2013-05-22 10:19:46.36391+00	0		
3114	118734	68	3348	0	2013-05-21 09:46:14.937379+00	0		
3272	118734	136	3506	0	2013-05-21 11:41:18.351306+00	0		
3183	118734	119	3417	0	2013-05-21 11:24:11.947019+00	0		
3598	118734	435	3832	0	2013-05-21 14:38:05.171355+00	0		
3340	118734	156	3574	0	2013-05-21 11:53:59.307294+00	0		
3415	118734	192	3649	0	2013-05-21 12:18:33.840961+00	0		
3481	118734	213	3715	0	2013-05-21 12:30:52.742174+00	0		
3599	118734	432	3833	0	2013-05-21 14:38:16.47981+00	0		
3551	118734	238	3785	0	2013-05-21 12:44:34.665429+00	0		
4352	118734	2763	4586	0	2013-05-22 12:15:49.24807+00	0		
3585	118734	432	3819	0	2013-05-21 14:35:42.782896+00	0		
3914	118734	1795	4148	0	2013-05-22 10:23:39.098164+00	0		
3933	118734	3136	4167	0	2013-05-22 10:27:16.958992+00	0		
4824	118734	502	5058	0	2013-05-24 18:36:43.731949+00	0		
3673	118734	432	3907	0	2013-05-21 14:52:19.103864+00	0		
3960	118734	3138	4194	0	2013-05-22 10:34:12.684276+00	0		
4395	118734	1875	4629	0	2013-05-22 12:28:05.475582+00	0		
4011	118734	1796	4245	0	2013-05-22 10:45:57.895046+00	0		
24977	118734	104274	25216	0	2014-12-17 13:33:21.464346+00	0		
3732	118734	432	3966	0	2013-05-21 15:04:26.921877+00	0		
3738	118734	435	3972	0	2013-05-21 15:05:34.093575+00	0		
4882	118734	505	5116	0	2013-05-24 20:30:39.892799+00	0		
3644	118734	1178	3878	0	2013-05-21 16:00:24.595176+00	0		
4114	118734	1815	4348	0	2013-05-22 11:10:08.489616+00	0		
3668	118734	1178	3902	0	2013-05-21 16:00:32.238902+00	0		
3787	118734	432	4021	0	2013-05-21 16:13:28.537304+00	0		
4440	118734	1892	4674	0	2013-05-22 12:40:45.040572+00	0		
3700	118734	4023	3934	0	2013-05-21 16:26:02.979985+00	0		
4147	118734	1830	4381	0	2013-05-22 11:17:18.147909+00	0		
3678	118734	4025	3912	0	2013-05-21 16:40:53.287685+00	0		
32819	118734	4384	33061	0	2013-10-21 19:37:23.73611+00	0		
29438	118734	773	29680	0	2013-10-14 21:20:28.780912+00	0		
36411	118734	4401	36653	0	2013-10-22 14:42:54.465191+00	0		
4189	118734	1830	4423	0	2013-05-22 11:27:20.874971+00	0		
3858	118734	2838	4092	0	2013-05-22 10:10:47.621141+00	0		
3888	118734	2842	4122	0	2013-05-22 10:17:44.031049+00	0		
3889	118734	2838	4123	0	2013-05-22 10:17:56.459899+00	0		
4215	118734	1838	4449	0	2013-05-22 11:36:23.042295+00	0		
4497	118734	3015	4731	0	2013-05-22 12:57:21.925453+00	0		
4222	118734	3375	4456	0	2013-05-22 11:38:40.471013+00	0		
4234	118734	3379	4468	0	2013-05-22 11:42:27.355738+00	0		
4275	118734	2211	4509	0	2013-05-22 11:54:07.094214+00	0		
4575	118734	3030	4809	0	2013-05-22 13:20:22.453456+00	0		
4340	118734	2766	4574	0	2013-05-22 12:12:13.610169+00	0		
4939	118734	464	5173	0	2013-05-24 20:42:02.68214+00	0		
4582	118734	3026	4816	0	2013-05-22 13:22:22.71891+00	0		
4629	118734	2845	4863	0	2013-05-22 13:35:29.355532+00	0		
5574	118734	288	5808	0	2013-05-24 22:55:09.611042+00	0		
4686	118734	2788	4920	0	2013-05-22 13:50:36.190365+00	0		
24953	118734	104361	25192	0	2014-12-17 13:33:21.464346+00	0		
4763	118734	3759	4997	0	2013-05-22 14:05:37.434789+00	0		
493	118734	723	733	0	2013-05-23 22:26:26.513049+00	0		
5319	118734	3080	5553	0	2013-05-24 22:01:36.402731+00	0		
24501	118734	104271	24740	0	2014-12-17 13:33:21.464346+00	0		
24963	118734	104296	25202	0	2014-12-17 13:33:21.464346+00	0		
21888	118734	104366	22130	0	2014-12-17 13:33:21.464346+00	0		
5367	118734	2986	5601	0	2013-05-24 22:11:49.664048+00	0		
5549	118734	102625	5783	0	2015-04-14 19:48:47.808437+00	0		
5126	118734	2961	5360	0	2013-05-24 21:19:52.990194+00	0		
5909	118734	2977	6143	0	2013-05-25 00:01:12.189099+00	0		
5172	118734	2971	5406	0	2013-05-24 21:28:18.747907+00	0		
5405	118734	496	5639	0	2013-05-24 22:20:12.001032+00	0		
5186	118734	490	5420	0	2013-05-24 21:30:49.57067+00	0		
5641	118734	2976	5875	0	2013-05-24 23:10:01.953171+00	0		
5477	118734	2972	5711	0	2013-05-24 22:35:52.322037+00	0		
5731	118734	2963	5965	0	2013-05-24 23:27:46.330545+00	0		
5514	118734	2966	5748	0	2013-05-24 22:43:42.377468+00	0		
5658	118734	503	5892	0	2013-05-24 23:13:13.075295+00	0		
5754	118734	2983	5988	0	2013-05-24 23:31:48.022573+00	0		
5666	118734	500	5900	0	2013-05-24 23:14:48.324041+00	0		
5735	118734	2972	5969	0	2013-05-24 23:28:27.843621+00	0		
5675	118734	1231	5909	0	2013-05-24 23:16:28.074417+00	0		
5751	118734	2983	5985	0	2013-05-24 23:31:16.133589+00	0		
5822	118734	2975	6056	0	2013-05-24 23:44:05.351573+00	0		
5816	118734	499	6050	0	2013-05-24 23:42:57.465551+00	0		
9290	118734	665	9524	0	2013-06-09 16:06:59.892266+00	0		
6115	118734	2970	6349	0	2013-05-25 00:45:27.89484+00	0		
9897	118734	423	10131	0	2013-06-18 12:36:48.906677+00	0		
6174	118734	2975	6408	0	2013-05-25 00:59:54.650697+00	0		
9927	118734	425	10161	0	2013-06-18 12:42:44.076911+00	0		
9938	118734	420	10172	0	2013-06-18 12:45:26.597511+00	0		
10376	118734	424	10611	0	2013-06-18 22:40:31.937479+00	0		
9942	118734	414	10176	0	2013-06-18 12:46:11.024348+00	0		
13175	118734	4623	13413	0	2013-07-21 15:50:07.079643+00	0		
10688	118734	391	10924	0	2013-06-21 05:33:42.886366+00	0		
4825	118734	493	5059	0	2013-05-24 18:37:04.807708+00	0		
5663	118734	2979	5897	0	2013-05-24 23:14:14.777066+00	0		
4883	118734	228	5117	0	2013-05-24 20:30:51.540992+00	0		
2225	118734	176	2459	0	2013-05-20 17:55:22.323998+00	0		
500	118734	97	740	0	2013-05-19 16:10:52.442266+00	0		
5242	118734	502	5476	0	2013-05-24 21:42:19.828867+00	0		
4940	118734	1825	5174	0	2013-05-24 20:42:21.450408+00	0		
2279	118734	142	2513	0	2013-05-20 19:11:32.485967+00	0		
502	118734	97	742	0	2013-05-19 16:11:22.136438+00	0		
2529	118734	100	2763	0	2013-05-20 20:55:27.003052+00	0		
2357	118734	229	2591	0	2013-05-20 20:22:49.621216+00	0		
2414	118734	116	2648	0	2013-05-20 20:33:14.675353+00	0		
2472	118734	208	2706	0	2013-05-20 20:44:48.348028+00	0		
2583	118734	25	2817	0	2013-05-20 21:23:48.009339+00	0		
2858	118734	234	3092	0	2013-05-20 22:33:36.376625+00	0		
2596	118734	25	2830	0	2013-05-20 21:26:12.22633+00	0		
2636	118734	1	2870	0	2013-05-20 21:33:23.58959+00	0		
2677	118734	225	2911	0	2013-05-20 21:41:15.950653+00	0		
2920	118734	35	3154	0	2013-05-20 22:53:02.367145+00	0		
2698	118734	17	2932	0	2013-05-20 21:54:09.703895+00	0		
2721	118734	102	2955	0	2013-05-20 21:59:09.117405+00	0		
3207	118734	121	3441	0	2013-05-21 11:28:42.174717+00	0		
2748	118734	101	2982	0	2013-05-20 22:05:31.861357+00	0		
2980	118734	49	3214	0	2013-05-20 23:04:38.890081+00	0		
2790	118734	130	3024	0	2013-05-20 22:16:07.185448+00	0		
2794	118734	130	3028	0	2013-05-20 22:17:09.854275+00	0		
3009	118734	37	3243	0	2013-05-20 23:09:40.536537+00	0		
3035	118734	3	3269	0	2013-05-21 09:32:25.9029+00	0		
3222	118734	144	3456	0	2013-05-21 11:32:00.833565+00	0		
3088	118734	63	3322	0	2013-05-21 09:41:59.581619+00	0		
3115	118734	68	3349	0	2013-05-21 09:46:22.566259+00	0		
3595	118734	433	3829	0	2013-05-21 14:37:32.567003+00	0		
3159	118734	110	3393	0	2013-05-21 10:11:23.508345+00	0		
3275	118734	128	3509	0	2013-05-21 11:41:50.530458+00	0		
3185	118734	119	3419	0	2013-05-21 11:24:33.881548+00	0		
3341	118734	156	3575	0	2013-05-21 11:54:10.204248+00	0		
3419	118734	192	3653	0	2013-05-21 12:19:17.897675+00	0		
3608	118734	432	3842	0	2013-05-21 14:39:58.263315+00	0		
3482	118734	213	3716	0	2013-05-21 12:31:03.248943+00	0		
3586	118734	432	3820	0	2013-05-21 14:35:54.181509+00	0		
3899	118734	2839	4133	0	2013-05-22 10:19:58.328029+00	0		
3630	118734	434	3864	0	2013-05-21 14:43:56.933375+00	0		
3901	118734	2841	4135	0	2013-05-22 10:20:29.334536+00	0		
4353	118734	691	4587	0	2013-05-22 12:16:13.983009+00	0		
3916	118734	1795	4150	0	2013-05-22 10:24:05.390924+00	0		
3929	118734	3141	4163	0	2013-05-22 10:26:31.337767+00	0		
3733	118734	432	3967	0	2013-05-21 15:04:38.118401+00	0		
496	118734	720	736	0	2013-05-23 22:27:03.097705+00	0		
3742	118734	432	3976	0	2013-05-21 15:06:19.072863+00	0		
3961	118734	3135	4195	0	2013-05-22 10:34:25.053509+00	0		
3780	118734	432	4014	0	2013-05-21 15:13:34.035203+00	0		
3785	118734	435	4019	0	2013-05-21 15:14:32.413326+00	0		
4396	118734	1888	4630	0	2013-05-22 12:28:20.772167+00	0		
3671	118734	1178	3905	0	2013-05-21 15:58:02.39985+00	0		
4012	118734	1796	4246	0	2013-05-22 10:46:10.752038+00	0		
3703	118734	4022	3937	0	2013-05-21 16:15:32.011312+00	0		
3788	118734	432	4022	0	2013-05-21 16:16:06.892765+00	0		
3701	118734	4025	3935	0	2013-05-21 16:40:46.827014+00	0		
4026	118734	1798	4260	0	2013-05-22 10:49:53.481157+00	0		
40477	118734	4415	40719	0	2013-10-25 04:36:56.973909+00	0		
29439	118734	773	29681	0	2013-10-14 21:20:48.703766+00	0		
3861	118734	2842	4095	0	2013-05-22 10:11:24.366897+00	0		
4058	118734	1797	4292	0	2013-05-22 10:57:27.144944+00	0		
4441	118734	1892	4675	0	2013-05-22 12:41:02.48048+00	0		
4091	118734	1818	4325	0	2013-05-22 11:04:55.099023+00	0		
498	118734	722	738	0	2013-05-23 22:27:13.035336+00	0		
4148	118734	1838	4382	0	2013-05-22 11:17:31.46417+00	0		
4482	118734	1873	4716	0	2013-05-22 12:52:57.713575+00	0		
4153	118734	1837	4387	0	2013-05-22 11:18:25.353199+00	0		
4187	118734	1844	4421	0	2013-05-22 11:26:42.620328+00	0		
4975	118734	502	5209	0	2013-05-24 20:49:32.883389+00	0		
4196	118734	1833	4430	0	2013-05-22 11:29:16.828251+00	0		
4498	118734	3015	4732	0	2013-05-22 12:57:43.433984+00	0		
4225	118734	3378	4459	0	2013-05-22 11:39:44.243869+00	0		
4277	118734	2211	4511	0	2013-05-22 11:54:41.01058+00	0		
4342	118734	2762	4576	0	2013-05-22 12:12:51.58789+00	0		
81971	118734	102490	82215	0	2014-12-15 16:51:35.032825+00	0		
5052	118734	102562	5286	0	2014-12-16 03:21:48.571025+00	0		
5059	118734	102871	5293	0	2014-12-16 06:30:36.925699+00	0		
6146	118734	103093	6380	0	2014-12-17 05:12:21.888423+00	0		
6066	118734	103450	6300	0	2014-12-17 08:12:12.058507+00	0		
6025	118734	103567	6259	0	2014-12-17 08:13:23.638405+00	0		
4537	118734	3458	4771	0	2013-05-22 13:08:29.022866+00	0		
501	118734	752	741	0	2013-05-23 22:27:23.026655+00	0		
4576	118734	3029	4810	0	2013-05-22 13:20:39.878915+00	0		
4631	118734	2848	4865	0	2013-05-22 13:36:08.300086+00	0		
4637	118734	1631	4871	0	2013-05-22 13:38:00.646237+00	0		
499	118734	758	739	0	2013-05-23 22:27:35.472311+00	0		
4689	118734	2780	4923	0	2013-05-22 13:51:11.033739+00	0		
5575	118734	500	5809	0	2013-05-24 22:55:21.54174+00	0		
4707	118734	2789	4941	0	2013-05-22 13:54:46.271558+00	0		
4978	118734	313	5212	0	2013-05-24 20:50:03.749162+00	0		
4710	118734	2788	4944	0	2013-05-22 13:55:22.209642+00	0		
4766	118734	3759	5000	0	2013-05-22 14:06:10.122579+00	0		
5323	118734	2970	5557	0	2013-05-24 22:02:18.709604+00	0		
4814	118734	3761	5048	0	2013-05-22 14:15:38.888631+00	0		
24683	118734	104316	24922	0	2014-12-17 13:33:21.464346+00	0		
4815	118734	3761	5049	0	2013-05-22 14:15:51.407847+00	0		
497	118734	749	737	0	2013-05-23 22:25:45.575717+00	0		
24847	118734	104261	25086	0	2014-12-17 13:33:21.464346+00	0		
24868	118734	104353	25107	0	2014-12-17 13:33:21.464346+00	0		
5406	118734	4285	5640	0	2013-05-24 22:20:25.124971+00	0		
5119	118734	4868	5353	0	2013-05-24 21:18:32.61089+00	0		
5146	118734	496	5380	0	2013-05-24 21:23:36.197318+00	0		
5187	118734	502	5421	0	2013-05-24 21:31:01.107048+00	0		
5409	118734	498	5643	0	2013-05-24 22:21:06.456973+00	0		
5643	118734	500	5877	0	2013-05-24 23:10:24.902531+00	0		
104742	118734	104733	104925	0	2014-12-18 04:44:57.014702+00	0		
5481	118734	2972	5715	0	2013-05-24 22:36:35.616799+00	0		
5769	118734	2980	6003	0	2013-05-24 23:34:24.016262+00	0		
5483	118734	2981	5717	0	2013-05-24 22:36:56.352948+00	0		
5647	118734	499	5881	0	2013-05-24 23:11:11.290663+00	0		
5690	118734	2981	5924	0	2013-05-24 23:19:03.105166+00	0		
5655	118734	4265	5889	0	2013-05-24 23:12:41.674611+00	0		
5752	118734	2983	5986	0	2013-05-24 23:31:26.264261+00	0		
5715	118734	418	5949	0	2013-05-24 23:24:50.532801+00	0		
5763	118734	2958	5997	0	2013-05-24 23:33:21.192988+00	0		
5755	118734	492	5989	0	2013-05-24 23:31:59.548957+00	0		
5819	118734	2975	6053	0	2013-05-24 23:43:33.739699+00	0		
5820	118734	2969	6054	0	2013-05-24 23:43:43.815485+00	0		
5910	118734	2959	6144	0	2013-05-25 00:01:22.304237+00	0		
5928	118734	2965	6162	0	2013-05-25 00:04:44.586318+00	0		
5936	118734	2966	6170	0	2013-05-25 00:06:12.051332+00	0		
5937	118734	2974	6171	0	2013-05-25 00:06:22.187091+00	0		
5947	118734	2966	6181	0	2013-05-25 00:08:10.338308+00	0		
5948	118734	2965	6182	0	2013-05-25 00:08:20.585862+00	0		
6027	118734	2958	6261	0	2013-05-25 00:24:51.712708+00	0		
6068	118734	496	6302	0	2013-05-25 00:33:25.905922+00	0		
106452	118734	4356	106628	0	2015-02-20 07:58:24.799152+00	0		
9291	118734	665	9525	0	2013-06-09 16:07:24.040903+00	0		
3818	118734	1713	4052	0	2013-09-11 07:48:32.42836+00	0		
10377	118734	423	10612	0	2013-06-18 22:40:42.38733+00	0		
544	118734	98	784	0	2013-05-19 16:41:41.245354+00	0		
4826	118734	4695	5060	0	2013-05-24 18:37:20.566719+00	0		
545	118734	98	785	0	2013-05-19 16:41:52.562852+00	0		
570	118734	175	810	0	2013-05-19 17:07:38.008241+00	0		
509	118734	97	749	0	2013-05-19 16:13:15.32428+00	0		
546	118734	98	786	0	2013-05-19 16:42:03.688811+00	0		
512	118734	97	752	0	2013-05-19 16:14:11.05475+00	0		
547	118734	98	787	0	2013-05-19 16:42:14.229245+00	0		
514	118734	97	754	0	2013-05-19 16:14:33.532192+00	0		
587	118734	175	827	0	2013-05-19 17:11:11.846731+00	0		
515	118734	97	755	0	2013-05-19 16:14:44.824106+00	0		
548	118734	98	788	0	2013-05-19 16:42:25.019381+00	0		
516	118734	97	756	0	2013-05-19 16:14:56.278705+00	0		
571	118734	175	811	0	2013-05-19 17:07:54.445395+00	0		
518	118734	97	758	0	2013-05-19 16:15:21.918723+00	0		
549	118734	5	789	0	2013-05-19 16:43:19.877989+00	0		
520	118734	171	760	0	2013-05-19 16:35:19.271707+00	0		
521	118734	171	761	0	2013-05-19 16:35:49.612716+00	0		
550	118734	5	790	0	2013-05-19 16:43:30.728604+00	0		
522	118734	171	762	0	2013-05-19 16:36:09.285569+00	0		
523	118734	171	763	0	2013-05-19 16:36:26.620344+00	0		
524	118734	171	764	0	2013-05-19 16:36:37.188317+00	0		
551	118734	5	791	0	2013-05-19 16:43:41.482695+00	0		
525	118734	171	765	0	2013-05-19 16:36:54.492982+00	0		
526	118734	171	766	0	2013-05-19 16:37:12.242664+00	0		
572	118734	175	812	0	2013-05-19 17:08:06.339283+00	0		
527	118734	171	767	0	2013-05-19 16:37:26.816137+00	0		
552	118734	5	792	0	2013-05-19 16:43:52.65653+00	0		
528	118734	171	768	0	2013-05-19 16:37:44.450687+00	0		
529	118734	171	769	0	2013-05-19 16:38:03.591782+00	0		
530	118734	171	770	0	2013-05-19 16:38:14.846868+00	0		
553	118734	5	793	0	2013-05-19 16:44:03.358846+00	0		
531	118734	171	771	0	2013-05-19 16:38:30.829594+00	0		
532	118734	171	772	0	2013-05-19 16:38:42.219051+00	0		
604	118734	175	844	0	2013-05-19 17:14:32.956982+00	0		
533	118734	171	773	0	2013-05-19 16:38:54.995573+00	0		
534	118734	171	774	0	2013-05-19 16:39:05.918499+00	0		
535	118734	171	775	0	2013-05-19 16:39:16.897046+00	0		
573	118734	175	813	0	2013-05-19 17:08:18.067398+00	0		
536	118734	171	776	0	2013-05-19 16:39:27.984332+00	0		
555	118734	5	795	0	2013-05-19 16:44:25.325639+00	0		
537	118734	171	777	0	2013-05-19 16:39:39.391396+00	0		
538	118734	171	778	0	2013-05-19 16:39:50.383607+00	0		
539	118734	171	779	0	2013-05-19 16:40:03.942497+00	0		
556	118734	123	796	0	2013-05-19 16:45:10.68714+00	0		
541	118734	98	781	0	2013-05-19 16:41:08.833667+00	0		
588	118734	175	828	0	2013-05-19 17:11:23.383574+00	0		
542	118734	98	782	0	2013-05-19 16:41:19.691307+00	0		
557	118734	123	797	0	2013-05-19 16:45:21.45243+00	0		
543	118734	98	783	0	2013-05-19 16:41:30.385995+00	0		
574	118734	175	814	0	2013-05-19 17:08:28.898896+00	0		
558	118734	123	798	0	2013-05-19 16:45:36.051332+00	0		
559	118734	123	799	0	2013-05-19 16:45:48.17027+00	0		
575	118734	175	815	0	2013-05-19 17:08:40.085949+00	0		
560	118734	123	800	0	2013-05-19 16:45:58.839751+00	0		
561	118734	123	801	0	2013-05-19 16:46:09.661224+00	0		
598	118734	175	838	0	2013-05-19 17:13:26.429537+00	0		
562	118734	123	802	0	2013-05-19 16:46:20.314712+00	0		
576	118734	175	816	0	2013-05-19 17:08:52.064234+00	0		
563	118734	123	803	0	2013-05-19 16:46:31.067258+00	0		
564	118734	123	804	0	2013-05-19 16:46:41.630575+00	0		
589	118734	175	829	0	2013-05-19 17:11:45.017845+00	0		
565	118734	123	805	0	2013-05-19 16:46:52.381927+00	0		
577	118734	175	817	0	2013-05-19 17:09:06.323721+00	0		
566	118734	175	806	0	2013-05-19 17:06:54.273814+00	0		
567	118734	175	807	0	2013-05-19 17:07:04.951412+00	0		
568	118734	175	808	0	2013-05-19 17:07:15.799659+00	0		
578	118734	175	818	0	2013-05-19 17:09:18.055747+00	0		
5007	118734	102996	5241	0	2014-12-16 12:25:22.471302+00	0		
569	118734	175	809	0	2013-05-19 17:07:26.693695+00	0		
579	118734	175	819	0	2013-05-19 17:09:28.844645+00	0		
590	118734	175	830	0	2013-05-19 17:11:56.330097+00	0		
580	118734	175	820	0	2013-05-19 17:09:40.657509+00	0		
581	118734	175	821	0	2013-05-19 17:09:51.401482+00	0		
582	118734	175	822	0	2013-05-19 17:10:09.788697+00	0		
591	118734	175	831	0	2013-05-19 17:12:08.99005+00	0		
583	118734	175	823	0	2013-05-19 17:10:22.089468+00	0		
584	118734	175	824	0	2013-05-19 17:10:32.896651+00	0		
599	118734	175	839	0	2013-05-19 17:13:37.836419+00	0		
585	118734	175	825	0	2013-05-19 17:10:44.033748+00	0		
592	118734	175	832	0	2013-05-19 17:12:20.324577+00	0		
586	118734	175	826	0	2013-05-19 17:10:54.929011+00	0		
593	118734	175	833	0	2013-05-19 17:12:31.221768+00	0		
594	118734	175	834	0	2013-05-19 17:12:42.680441+00	0		
600	118734	175	840	0	2013-05-19 17:13:48.84395+00	0		
595	118734	175	835	0	2013-05-19 17:12:53.692614+00	0		
596	118734	175	836	0	2013-05-19 17:13:04.472505+00	0		
605	118734	175	845	0	2013-05-19 17:14:43.790037+00	0		
597	118734	175	837	0	2013-05-19 17:13:15.471521+00	0		
601	118734	175	841	0	2013-05-19 17:14:00.014123+00	0		
611	118734	44	851	0	2013-05-19 17:43:23.873522+00	0		
602	118734	175	842	0	2013-05-19 17:14:11.021699+00	0		
606	118734	175	846	0	2013-05-19 17:14:54.562129+00	0		
603	118734	175	843	0	2013-05-19 17:14:21.832057+00	0		
609	118734	44	849	0	2013-05-19 17:43:01.02757+00	0		
607	118734	175	847	0	2013-05-19 17:15:06.240086+00	0		
608	118734	44	848	0	2013-05-19 17:42:49.777673+00	0		
613	118734	44	853	0	2013-05-19 17:43:46.210095+00	0		
610	118734	44	850	0	2013-05-19 17:43:12.251817+00	0		
612	118734	44	852	0	2013-05-19 17:43:34.570562+00	0		
615	118734	44	855	0	2013-05-19 17:44:09.257503+00	0		
614	118734	44	854	0	2013-05-19 17:43:58.088701+00	0		
616	118734	44	856	0	2013-05-19 17:44:20.052017+00	0		
617	118734	44	857	0	2013-05-19 17:44:30.92326+00	0		
618	118734	44	858	0	2013-05-19 17:44:43.559704+00	0		
619	118734	44	859	0	2013-05-19 17:44:54.411879+00	0		
620	118734	44	860	0	2013-05-19 17:45:05.540506+00	0		
621	118734	44	861	0	2013-05-19 17:45:16.872479+00	0		
622	118734	44	862	0	2013-05-19 17:45:27.818401+00	0		
623	118734	44	863	0	2013-05-19 17:45:44.525125+00	0		
624	118734	44	864	0	2013-05-19 17:46:14.536193+00	0		
625	118734	44	865	0	2013-05-19 17:46:33.499627+00	0		
626	118734	44	866	0	2013-05-19 17:46:53.501526+00	0		
638	118734	44	878	0	2013-05-19 17:49:33.677349+00	0		
