1	6337	475809	287770	0	2011-05-16 15:03:23.368437+00	0		
2	6337	469329	30024	0	2011-05-16 15:03:23.368437+00	0		
3	6338	238828	3184	0	2011-05-16 15:03:23.368437+00	0		
6	6337	367163	493186	0	2011-05-16 15:03:23.368437+00	0		
7	6340	510355	510353	0	2011-05-16 15:03:23.368437+00	0		
9	6342	446404	3184	0	2011-05-16 15:03:23.368437+00	0		
178950	6337	636373	805194	0	2011-05-17 21:00:05.824488+00	0		
12	6343	235955	347	0	2011-05-16 15:03:23.368437+00	0		
14	6340	515380	512604	0	2011-05-16 15:03:23.368437+00	0		
16	6337	533714	59437	0	2011-05-16 15:03:23.368437+00	0		
17	6337	537292	537094	0	2011-05-16 15:03:23.368437+00	0		
18	6337	542336	221122	0	2011-05-16 15:03:23.368437+00	0		
19	6340	534677	552924	0	2011-05-16 15:03:23.368437+00	0		
185753	6340	285421	839935	0	2011-12-01 07:00:06.851076+00	0		
22	6340	567288	567286	0	2011-05-16 15:03:23.368437+00	0		
23	6344	333145	14520	0	2011-05-16 15:03:23.368437+00	0		
179135	6380	805591	739697	0	2011-05-21 07:47:55.985913+00	0		
25	6345	330132	46888	0	2011-05-16 15:03:23.368437+00	0		
26	6337	57463	57467	0	2011-05-16 15:03:23.368437+00	0		
28	6344	144306	14520	0	2011-05-16 15:03:23.368437+00	0		
117994	6337	130768	180604	0	2013-05-15 21:01:26.409302+00	0		
30	6337	571201	571196	0	2011-05-16 15:03:23.368437+00	0		
31	6337	571200	571196	0	2011-05-16 15:03:23.368437+00	0		
32	6337	348844	579116	0	2011-05-16 15:03:23.368437+00	0		
33	6347	414833	414812	0	2011-05-16 15:03:23.368437+00	0		
34	6339	448102	248824	0	2011-05-16 15:03:23.368437+00	0		
35	6337	584690	461257	0	2011-05-16 15:03:23.368437+00	0		
36	6337	467132	571145	0	2011-05-16 15:03:23.368437+00	0		
37	6348	59428	46629	0	2011-05-16 15:03:23.368437+00	0		
38	6347	414832	414812	0	2011-05-16 15:03:23.368437+00	0		
185096	30847	774950	781656	0	2011-11-13 14:00:09.376891+00	0		
229879	6358	202988	837903	0	2014-01-06 21:45:41.295449+00	0		
43	6353	450925	249991	0	2011-05-16 15:03:23.368437+00	0		
45	6340	595640	179790	0	2011-05-16 15:03:23.368437+00	0		
100	31118	496417	735344	0	2011-11-07 18:48:44.892607+00	0		
49	6358	563699	358502	0	2011-05-16 15:03:23.368437+00	0		
50	6359	303554	4861	0	2011-05-16 15:03:23.368437+00	0		
51	6337	610930	8532	0	2011-05-16 15:03:23.368437+00	0		
52	6340	475142	108773	0	2011-05-16 15:03:23.368437+00	0		
53	6337	620863	613844	0	2011-05-16 15:03:23.368437+00	0		
54	6337	626313	626317	0	2011-05-16 15:03:23.368437+00	0		
55	6337	502321	187097	0	2011-05-16 15:03:23.368437+00	0		
58	6337	551728	641445	0	2011-05-16 15:03:23.368437+00	0		
59	6339	507653	647481	0	2011-05-16 15:03:23.368437+00	0		
179148	6337	805632	569782	0	2011-06-04 13:00:16.78657+00	0		
62	6337	532929	376709	0	2011-05-16 15:03:23.368437+00	0		
63	6337	652633	486560	0	2011-05-16 15:03:23.368437+00	0		
64	6360	656766	555580	0	2011-05-16 15:03:23.368437+00	0		
65	6337	376710	376709	0	2011-05-16 15:03:23.368437+00	0		
66	6337	166976	376709	0	2011-05-16 15:03:23.368437+00	0		
67	6361	389335	389334	0	2011-05-16 15:03:23.368437+00	0		
68	6337	532922	376709	0	2011-05-16 15:03:23.368437+00	0		
69	6337	376708	376709	0	2011-05-16 15:03:23.368437+00	0		
70	6337	177575	376709	0	2011-05-16 15:03:23.368437+00	0		
71	6337	571227	48027	0	2011-05-16 15:03:23.368437+00	0		
72	6337	98921	376709	0	2011-05-16 15:03:23.368437+00	0		
73	6337	52780	197203	0	2011-05-16 15:03:23.368437+00	0		
74	6337	52780	197204	0	2011-05-16 15:03:23.368437+00	0		
76	6337	667214	393471	0	2011-05-16 15:03:23.368437+00	0		
77	6337	545391	659606	0	2011-05-16 15:03:23.368437+00	0		
78	6340	621000	640791	0	2011-05-16 15:03:23.368437+00	0		
79	6362	235953	347	0	2011-05-16 15:03:23.368437+00	0		
81	6340	376872	674388	0	2011-05-16 15:03:23.368437+00	0		
84	6339	359330	686291	0	2011-05-16 15:03:23.368437+00	0		
86	6340	691617	691616	0	2011-05-16 15:03:23.368437+00	0		
179225	7871	983	3825	0	2011-06-05 11:00:11.197214+00	0		
179068	6665	402254	4906	0	2011-05-21 23:00:27.982804+00	0		
90	6357	139441	709935	0	2011-05-16 15:03:23.368437+00	0		
179227	6360	372225	805786	0	2011-06-05 12:00:15.48676+00	0		
94	6337	722609	163058	0	2011-05-16 15:03:23.368437+00	0		
95	6340	576738	717101	0	2011-05-16 15:03:23.368437+00	0		
96	6337	722743	441982	0	2011-05-16 15:03:23.368437+00	0		
97	6337	722744	441982	0	2011-05-16 15:03:23.368437+00	0		
98	6337	338877	441982	0	2011-05-16 15:03:23.368437+00	0		
99	6340	513499	731984	0	2011-05-16 15:03:23.368437+00	0		
185754	6340	839969	839968	0	2011-12-01 10:00:06.365764+00	0		
179337	6380	806069	31125	0	2011-06-07 01:00:07.408698+00	0		
102	6337	472068	472067	0	2011-05-16 15:03:23.368437+00	0		
103	6337	163599	472067	0	2011-05-16 15:03:23.368437+00	0		
104	6337	124116	472067	0	2011-05-16 15:03:23.368437+00	0		
105	6337	202267	759373	0	2011-05-16 15:03:23.368437+00	0		
106	6340	472080	469417	0	2011-05-16 15:03:23.368437+00	0		
107	6337	130669	469409	0	2011-05-16 15:03:23.368437+00	0		
108	6337	401518	469409	0	2011-05-16 15:03:23.368437+00	0		
109	6337	472081	259770	0	2011-05-16 15:03:23.368437+00	0		
110	6337	472082	259770	0	2011-05-16 15:03:23.368437+00	0		
111	6337	472083	259770	0	2011-05-16 15:03:23.368437+00	0		
112	6337	472084	259770	0	2011-05-16 15:03:23.368437+00	0		
113	6337	472085	259770	0	2011-05-16 15:03:23.368437+00	0		
114	6337	472089	106142	0	2011-05-16 15:03:23.368437+00	0		
115	6337	472090	106142	0	2011-05-16 15:03:23.368437+00	0		
117	6337	389338	322772	0	2011-05-16 15:03:23.368437+00	0		
118	6337	389338	209045	0	2011-05-16 15:03:23.368437+00	0		
119	6337	472092	106142	0	2011-05-16 15:03:23.368437+00	0		
120	6337	472097	106142	0	2011-05-16 15:03:23.368437+00	0		
179243	6337	805839	748831	0	2011-05-22 18:38:56.93417+00	0		
179246	27271	95667	774430	0	2011-05-22 19:22:22.555958+00	0		
179145	8071	365990	645669	0	2011-06-04 12:00:07.061868+00	0		
125	6339	129154	472106	0	2011-05-16 15:03:23.368437+00	0		
126	6339	267439	472106	0	2011-05-16 15:03:23.368437+00	0		
127	6337	392726	74336	0	2011-05-16 15:03:23.368437+00	0		
128	6337	472108	74336	0	2011-05-16 15:03:23.368437+00	0		
129	6337	167967	30504	0	2011-05-16 15:03:23.368437+00	0		
130	6337	472114	30504	0	2011-05-16 15:03:23.368437+00	0		
131	6337	423681	30504	0	2011-05-16 15:03:23.368437+00	0		
134	6358	3222	217907	0	2011-05-16 15:03:23.368437+00	0		
135	6337	422178	287770	0	2011-05-16 15:03:23.368437+00	0		
136	6337	479768	479769	0	2011-05-16 15:03:23.368437+00	0		
181422	9002	288187	153839	0	2011-07-13 13:00:05.158848+00	0		
179351	12099	192657	153562	0	2011-05-24 11:19:23.037213+00	0		
182221	28375	815992	23898	0	2011-07-14 04:07:58.564463+00	0		
179436	6337	806382	806384	0	2011-06-09 06:17:51.093328+00	0		
179416	6337	806310	50958	0	2011-05-25 18:56:42.899352+00	0		
44	6354	208132	519176	0	2011-10-24 17:02:11.508436+00	0		
179388	27296	806245	659557	0	2011-06-08 11:00:07.067183+00	0		
48	6357	20691	601245	0	2015-05-27 12:02:43.09865+00	0		
11	6340	153178	1026820	0	2015-07-02 10:02:31.824847+00	0		
47	6356	267033	519176	0	2011-10-24 17:02:11.508436+00	0		
40	6350	317829	519176	0	2011-12-10 22:02:13.532432+00	0		
187003	6358	224923	848671	0	2012-01-04 04:00:03.581844+00	0		
116	6337	424239	425233	0	2012-12-19 09:22:41.527219+00	0		
57	6337	637599	106398	0	2013-04-17 00:00:34.888349+00	0		
8	6341	21240	10519	0	2013-09-13 11:00:29.382665+00	0		
229881	6340	544506	149143	0	2014-01-14 00:00:23.673218+00	0		
27	141350	251156	34722	0	2013-12-06 05:51:26.22401+00	0		
138	6337	488509	53610	0	2011-05-16 15:03:23.368437+00	0		
139	6337	8652	493186	0	2011-05-16 15:03:23.368437+00	0		
140	6357	497267	497269	0	2011-05-16 15:03:23.368437+00	0		
179341	6337	806091	205869	0	2011-06-07 05:00:07.264827+00	0		
142	6337	533713	59437	0	2011-05-16 15:03:23.368437+00	0		
143	6337	537291	537094	0	2011-05-16 15:03:23.368437+00	0		
144	6337	735351	735348	0	2011-05-16 15:03:23.368437+00	0		
145	6337	475810	287770	0	2011-05-16 15:03:23.368437+00	0		
178951	6337	805193	805194	0	2011-05-18 23:00:04.670358+00	0		
148	6337	459565	475166	0	2011-05-16 15:03:23.368437+00	0		
149	6337	359820	493187	0	2011-05-16 15:03:23.368437+00	0		
151	6340	500632	734561	0	2011-05-16 15:03:23.368437+00	0		
152	6337	365949	370463	0	2011-05-16 15:03:23.368437+00	0		
153	6340	77725	510380	0	2011-05-16 15:03:23.368437+00	0		
179069	6678	805419	227245	0	2011-06-03 11:00:13.337998+00	0		
179136	7285	805592	484823	0	2011-06-04 08:00:08.334778+00	0		
160	6337	448125	59437	0	2011-05-16 15:03:23.368437+00	0		
162	6337	542340	542339	0	2011-05-16 15:03:23.368437+00	0		
163	6364	505353	259566	0	2011-05-16 15:03:23.368437+00	0		
179146	8071	720062	645669	0	2011-06-04 12:00:12.527918+00	0		
166	6365	245306	32662	0	2011-05-16 15:03:23.368437+00	0		
167	6366	295885	273668	0	2011-05-16 15:03:23.368437+00	0		
168	6337	289887	450561	0	2011-05-16 15:03:23.368437+00	0		
170	6368	398841	15796	0	2011-05-16 15:03:23.368437+00	0		
171	6337	584693	461257	0	2011-05-16 15:03:23.368437+00	0		
172	6337	584695	461257	0	2011-05-16 15:03:23.368437+00	0		
179149	6337	805635	569782	0	2011-06-04 13:00:16.812252+00	0		
176	6371	610932	44049	0	2011-05-16 15:03:23.368437+00	0		
178	6337	609557	613844	0	2011-05-16 15:03:23.368437+00	0		
179	6337	279789	626317	0	2011-05-16 15:03:23.368437+00	0		
180	6337	369177	187097	0	2011-05-16 15:03:23.368437+00	0		
181	6340	637603	525659	0	2011-05-16 15:03:23.368437+00	0		
182	6337	643100	549856	0	2011-05-16 15:03:23.368437+00	0		
179226	6337	805636	570787	0	2011-06-05 12:00:08.350998+00	0		
185	6337	667215	393471	0	2011-05-16 15:03:23.368437+00	0		
186	6337	382800	16163	0	2011-05-16 15:03:23.368437+00	0		
187	6339	160072	32223	0	2011-05-16 15:03:23.368437+00	0		
179228	6360	529971	805786	0	2011-06-05 12:00:15.765401+00	0		
189	6372	77381	65219	0	2011-05-16 15:03:23.368437+00	0		
190	6339	414562	686291	0	2011-05-16 15:03:23.368437+00	0		
191	6339	212204	686291	0	2011-05-16 15:03:23.368437+00	0		
192	6339	31008	686291	0	2011-05-16 15:03:23.368437+00	0		
193	6339	342903	686291	0	2011-05-16 15:03:23.368437+00	0		
194	6340	691629	342052	0	2011-05-16 15:03:23.368437+00	0		
195	6337	451558	261475	0	2011-05-16 15:03:23.368437+00	0		
197	6373	709936	41879	0	2011-05-16 15:03:23.368437+00	0		
179284	6337	805896	122458	0	2011-06-06 08:00:06.337612+00	0		
179244	6337	805840	748831	0	2011-05-22 18:39:52.854193+00	0		
201	6374	488073	722587	0	2011-05-16 15:03:23.368437+00	0		
179247	27271	499101	774430	0	2011-05-22 19:24:03.994601+00	0		
203	6375	446403	3184	0	2011-05-16 15:03:23.368437+00	0		
204	6337	559351	550663	0	2011-05-16 15:03:23.368437+00	0		
207	6337	437815	441982	0	2011-05-16 15:03:23.368437+00	0		
209	6358	46888	557447	0	2011-05-16 15:03:23.368437+00	0		
210	6337	293165	492483	0	2011-05-16 15:03:23.368437+00	0		
211	6376	246902	211776	0	2011-05-16 15:03:23.368437+00	0		
213	6337	737531	737526	0	2011-05-16 15:03:23.368437+00	0		
179114	6340	805552	201395	0	2011-06-03 22:00:15.251551+00	0		
216	6337	241168	459670	0	2011-05-16 15:03:23.368437+00	0		
217	6337	573940	459670	0	2011-05-16 15:03:23.368437+00	0		
218	6337	573941	459670	0	2011-05-16 15:03:23.368437+00	0		
219	6337	573942	459670	0	2011-05-16 15:03:23.368437+00	0		
220	6337	526352	459670	0	2011-05-16 15:03:23.368437+00	0		
221	6337	573936	459670	0	2011-05-16 15:03:23.368437+00	0		
222	6337	526346	459670	0	2011-05-16 15:03:23.368437+00	0		
223	6337	541328	459670	0	2011-05-16 15:03:23.368437+00	0		
229882	145216	633519	1001593	0	2014-01-14 01:00:29.661068+00	0		
185097	30847	835674	781656	0	2011-11-13 14:00:09.452289+00	0		
235	6337	584689	461257	0	2011-05-16 15:03:23.368437+00	0		
236	6337	548533	135177	0	2011-05-16 15:03:23.368437+00	0		
237	6338	238829	3184	0	2011-05-16 15:03:23.368437+00	0		
240	6337	610929	8532	0	2011-05-16 15:03:23.368437+00	0		
241	6337	429365	613844	0	2011-05-16 15:03:23.368437+00	0		
242	6337	417986	626317	0	2011-05-16 15:03:23.368437+00	0		
243	6337	424324	626317	0	2011-05-16 15:03:23.368437+00	0		
244	6337	369177	187090	0	2011-05-16 15:03:23.368437+00	0		
245	6340	637599	423120	0	2011-05-16 15:03:23.368437+00	0		
246	6337	643085	641445	0	2011-05-16 15:03:23.368437+00	0		
247	6339	587305	647483	0	2011-05-16 15:03:23.368437+00	0		
248	6379	652633	127603	0	2011-05-16 15:03:23.368437+00	0		
249	6340	659603	659602	0	2011-05-16 15:03:23.368437+00	0		
250	6337	318711	671439	0	2011-05-16 15:03:23.368437+00	0		
251	6339	679852	679851	0	2011-05-16 15:03:23.368437+00	0		
252	6339	111	686291	0	2011-05-16 15:03:23.368437+00	0		
179352	6434	192657	447008	0	2011-05-24 11:22:16.319364+00	0		
256	6380	727255	489045	0	2011-05-16 15:03:23.368437+00	0		
258	6339	227251	737441	0	2011-05-16 15:03:23.368437+00	0		
259	6381	548154	734608	0	2011-05-16 15:03:23.368437+00	0		
182222	6357	815992	411164	0	2011-07-14 04:08:53.475262+00	0		
261	6337	737505	21807	0	2011-05-16 15:03:23.368437+00	0		
179437	6337	806383	806384	0	2011-06-09 06:18:13.849483+00	0		
179417	6337	806312	50958	0	2011-05-25 19:15:41.79686+00	0		
182209	6380	449311	814182	0	2011-07-13 14:17:33.717302+00	0		
265	6337	744331	603724	0	2011-05-16 15:03:23.368437+00	0		
224	6337	107826	169054	0	2015-01-07 12:02:53.393976+00	0		
91	6337	345846	33387	0	2015-01-17 12:03:35.341305+00	0		
205	6337	689752	33387	0	2015-01-17 12:03:35.341305+00	0		
178998	218332	49620	49614	0	2015-02-23 12:03:42.78895+00	0		
185756	6340	840024	802355	0	2011-11-17 13:04:04.324514+00	0		
267	6380	685496	741309	0	2011-05-16 15:03:23.368437+00	0		
268	6380	741076	741075	0	2011-05-16 15:03:23.368437+00	0		
205520	6337	558030	577148	0	2012-11-13 13:53:53.118257+00	0		
271	6340	82100	738075	0	2011-05-16 15:03:23.368437+00	0		
272	6337	402076	738076	0	2011-05-16 15:03:23.368437+00	0		
179042	6339	805355	751849	0	2011-06-02 21:00:06.570124+00	0		
185755	6340	607101	839970	0	2011-12-01 10:00:06.468695+00	0		
187004	33499	848684	441203	0	2011-12-21 06:28:32.028536+00	0		
175	251827	589811	440332	0	2015-07-30 19:25:45.891904+00	0		
85	6339	100381	686291	0	2015-08-11 13:00:57.101507+00	0		
179376	6337	806176	571630	0	2015-09-30 07:00:39.504378+00	0		
194183	6340	883031	883030	0	2012-04-23 06:00:11.060138+00	0		
199344	6843	909039	640158	0	2012-07-31 16:00:15.309415+00	0		
215	6339	571306	113197	0	2012-06-16 02:45:04.700538+00	0		
210014	6337	969332	360855	0	2013-01-24 18:33:27.829998+00	0		
269	31118	564124	738237	0	2012-10-08 05:00:11.357963+00	0		
208797	6359	385757	1194	0	2013-01-04 21:53:22.501396+00	0		
150	6337	35106	57467	0	2013-01-22 04:09:38.265279+00	0		
209140	6337	963505	777282	0	2013-01-21 20:00:13.302374+00	0		
209600	6359	965935	97899	0	2013-01-15 05:45:37.910196+00	0		
174	6369	261368	132	0	2013-12-17 00:00:41.98903+00	0		
215668	116966	1003220	798895	0	2013-05-10 15:00:25.549573+00	0		
214698	6444	998260	11557	0	2013-04-15 23:43:47.042132+00	0		
273	6337	744586	744583	0	2011-05-16 15:03:23.368437+00	0		
276	6337	735349	735348	0	2011-05-16 15:03:23.368437+00	0		
278	6337	738320	738318	0	2011-05-16 15:03:23.368437+00	0		
178952	6340	805193	182397	0	2011-05-18 23:00:05.025288+00	0		
283	6383	471087	115189	0	2011-05-16 15:03:23.368437+00	0		
284	6340	366859	134438	0	2011-05-16 15:03:23.368437+00	0		
285	6337	287332	4112	0	2011-05-16 15:03:23.368437+00	0		
286	6383	471086	115189	0	2011-05-16 15:03:23.368437+00	0		
287	6337	375234	470831	0	2011-05-16 15:03:23.368437+00	0		
289	6383	471085	115189	0	2011-05-16 15:03:23.368437+00	0		
291	6337	431039	82982	0	2011-05-16 15:03:23.368437+00	0		
292	6384	238195	65860	0	2011-05-16 15:03:23.368437+00	0		
293	6337	88250	287770	0	2011-05-16 15:03:23.368437+00	0		
294	6337	459573	475166	0	2011-05-16 15:03:23.368437+00	0		
179137	27237	805596	484823	0	2011-06-04 09:00:05.447706+00	0		
296	6340	299983	488532	0	2011-05-16 15:03:23.368437+00	0		
297	6340	305283	493190	0	2011-05-16 15:03:23.368437+00	0		
299	6340	44387	501299	0	2011-05-16 15:03:23.368437+00	0		
300	6340	505513	120333	0	2011-05-16 15:03:23.368437+00	0		
301	6385	58640	9481	0	2011-05-16 15:03:23.368437+00	0		
302	6386	436033	41169	0	2011-05-16 15:03:23.368437+00	0		
179147	6340	614797	805624	0	2011-06-04 12:00:20.781592+00	0		
182223	6357	815992	411163	0	2011-07-14 04:09:34.863271+00	0		
307	6337	448124	59437	0	2011-05-16 15:03:23.368437+00	0		
179342	6380	806090	205869	0	2011-06-07 05:00:07.276446+00	0		
309	6387	238395	201743	0	2011-05-16 15:03:23.368437+00	0		
310	6388	114323	94341	0	2011-05-16 15:03:23.368437+00	0		
311	6337	542341	542339	0	2011-05-16 15:03:23.368437+00	0		
314	6337	557456	384131	0	2011-05-16 15:03:23.368437+00	0		
316	6390	1494	527442	0	2011-05-16 15:03:23.368437+00	0		
317	6339	243335	562158	0	2011-05-16 15:03:23.368437+00	0		
179390	27296	806246	659557	0	2011-06-08 11:00:07.767405+00	0		
319	6391	231598	40429	0	2011-05-16 15:03:23.368437+00	0		
320	6340	584702	505174	0	2011-05-16 15:03:23.368437+00	0		
323	6340	601249	47889	0	2011-05-16 15:03:23.368437+00	0		
324	6392	610933	44049	0	2011-05-16 15:03:23.368437+00	0		
325	6358	535826	673637	0	2011-05-16 15:03:23.368437+00	0		
179438	6340	806386	806387	0	2011-06-09 06:19:08.905567+00	0		
328	6340	429365	609522	0	2011-05-16 15:03:23.368437+00	0		
329	6337	626321	532203	0	2011-05-16 15:03:23.368437+00	0		
330	6337	373976	476583	0	2011-05-16 15:03:23.368437+00	0		
331	6340	637604	525660	0	2011-05-16 15:03:23.368437+00	0		
332	6337	545726	549856	0	2011-05-16 15:03:23.368437+00	0		
361	6405	593867	123751	0	2012-08-30 18:01:57.719622+00	0		
336	6394	204564	3184	0	2011-05-16 15:03:23.368437+00	0		
337	6395	385757	72617	0	2011-05-16 15:03:23.368437+00	0		
338	6337	671447	133750	0	2011-05-16 15:03:23.368437+00	0		
339	6396	276619	32223	0	2011-05-16 15:03:23.368437+00	0		
340	6397	667219	393472	0	2011-05-16 15:03:23.368437+00	0		
341	6398	450012	6228	0	2011-05-16 15:03:23.368437+00	0		
343	6397	667221	393472	0	2011-05-16 15:03:23.368437+00	0		
344	6400	679870	66930	0	2011-05-16 15:03:23.368437+00	0		
345	6339	36080	32223	0	2011-05-16 15:03:23.368437+00	0		
346	6339	665008	686291	0	2011-05-16 15:03:23.368437+00	0		
348	6340	691632	691631	0	2011-05-16 15:03:23.368437+00	0		
349	6397	697726	261475	0	2011-05-16 15:03:23.368437+00	0		
350	6401	244836	241718	0	2011-05-16 15:03:23.368437+00	0		
232	6337	685653	169054	0	2015-01-07 12:02:53.393976+00	0		
216419	6337	1007391	139569	0	2013-05-15 21:32:21.960629+00	0		
354	6337	376404	470798	0	2011-05-16 15:03:23.368437+00	0		
355	6337	144607	84835	0	2011-05-16 15:03:23.368437+00	0		
356	6402	350307	4948	0	2011-05-16 15:03:23.368437+00	0		
357	6403	161271	8807	0	2011-05-16 15:03:23.368437+00	0		
358	6404	709943	41879	0	2011-05-16 15:03:23.368437+00	0		
179248	27271	499092	774430	0	2011-05-22 19:25:11.412874+00	0		
360	6337	113177	31805	0	2011-05-16 15:03:23.368437+00	0		
362	6337	546972	40121	0	2011-05-16 15:03:23.368437+00	0		
363	6340	307116	278594	0	2011-05-16 15:03:23.368437+00	0		
365	6406	9272	472056	0	2011-05-16 15:03:23.368437+00	0		
366	6337	475808	110831	0	2011-05-16 15:03:23.368437+00	0		
185757	6340	840024	654298	0	2011-11-17 13:04:11.752003+00	0		
368	6337	479767	479769	0	2011-05-16 15:03:23.368437+00	0		
179150	6340	384612	805634	0	2011-06-04 13:00:16.825685+00	0		
370	6337	610928	8532	0	2011-05-16 15:03:23.368437+00	0		
371	6361	389336	389334	0	2011-05-16 15:03:23.368437+00	0		
388	6337	88833	351119	0	2011-12-21 20:02:54.05056+00	0		
179353	12099	806127	153562	0	2011-05-24 11:23:14.11212+00	0		
376	6383	471084	115189	0	2011-05-16 15:03:23.368437+00	0		
377	6337	497269	497264	0	2011-05-16 15:03:23.368437+00	0		
380	6340	470177	149395	0	2011-05-16 15:03:23.368437+00	0		
179377	6432	558034	49182	0	2011-05-24 20:15:07.834761+00	0		
382	6337	471433	457914	0	2011-05-16 15:03:23.368437+00	0		
384	6337	620861	613844	0	2011-05-16 15:03:23.368437+00	0		
187005	6337	613466	848699	0	2012-01-04 09:00:05.940087+00	0		
386	6337	576672	606092	0	2011-05-16 15:03:23.368437+00	0		
179418	6337	806314	50958	0	2011-05-25 19:16:35.058161+00	0		
389	6337	502321	187090	0	2011-05-16 15:03:23.368437+00	0		
390	6337	488509	488513	0	2011-05-16 15:03:23.368437+00	0		
392	6340	221087	493181	0	2011-05-16 15:03:23.368437+00	0		
394	6363	468753	24647	0	2011-05-16 15:03:23.368437+00	0		
179043	6340	805367	36985	0	2011-05-27 18:07:35.603892+00	0		
398	6383	462192	115189	0	2011-05-16 15:03:23.368437+00	0		
399	6337	88833	234441	0	2011-05-16 15:03:23.368437+00	0		
179070	6678	805420	227245	0	2011-06-03 11:00:13.349063+00	0		
179229	6360	300375	805786	0	2011-06-05 12:00:15.794889+00	0		
402	6356	472016	472008	0	2011-05-16 15:03:23.368437+00	0		
403	6363	467251	24647	0	2011-05-16 15:03:23.368437+00	0		
179285	6340	805922	805923	0	2011-06-06 08:00:06.36893+00	0		
405	6337	471090	48262	0	2011-05-16 15:03:23.368437+00	0		
179339	6380	806069	806051	0	2011-06-07 01:00:07.456692+00	0		
185098	8380	588989	835676	0	2011-11-13 15:00:06.286092+00	0		
312	42175	507858	259566	0	2012-05-30 06:00:20.41895+00	0		
194192	6380	883121	883119	0	2012-04-09 12:00:59.30855+00	0		
199345	6337	909042	909047	0	2012-07-31 17:00:08.334348+00	0		
347	6339	579686	686291	0	2012-08-14 22:00:14.661142+00	0		
179245	6340	568140	708523	0	2012-08-17 08:00:20.395784+00	0		
205521	6337	212285	577148	0	2012-11-13 13:56:36.694222+00	0		
379	6340	254638	329596	0	2013-01-03 17:08:17.457733+00	0		
326	6393	37944	132	0	2013-12-17 00:00:41.98903+00	0		
209601	6359	965936	97899	0	2013-01-15 05:46:37.10224+00	0		
210015	6337	969333	360855	0	2013-01-24 18:35:23.757336+00	0		
342	7723	244822	241718	0	2013-02-02 17:36:12.588259+00	0		
217519	120622	1013255	30515	0	2013-06-01 20:44:25.823553+00	0		
211701	6611	980798	195086	0	2013-02-24 02:01:38.329195+00	0		
213417	6337	990272	2673	0	2013-03-30 22:00:04.312969+00	0		
393	6337	425437	106398	0	2013-04-17 00:00:34.888349+00	0		
211722	115395	980859	980858	0	2013-04-21 21:15:55.528774+00	0		
215676	116969	1003209	275284	0	2013-05-03 15:58:40.002512+00	0		
215669	116967	1003221	798895	0	2013-05-10 15:00:26.963336+00	0		
132805	117103	316941	1352	0	2013-06-10 06:09:54.900188+00	0		
218008	115316	64831	987796	0	2013-06-09 10:08:24.3289+00	0		
231322	6357	1052044	566986	0	2014-02-06 23:00:33.954022+00	0		
229883	145216	1027973	1001593	0	2014-01-14 01:00:29.837433+00	0		
218389	116373	1017304	194332	0	2013-06-17 04:13:10.430004+00	0		
322	6339	403831	554157	0	2013-07-23 02:00:24.42527+00	0		
409	6337	537290	537094	0	2011-05-16 15:03:23.368437+00	0		
410	6407	471231	396925	0	2011-05-16 15:03:23.368437+00	0		
411	6337	345739	169804	0	2011-05-16 15:03:23.368437+00	0		
412	6337	209113	471569	0	2011-05-16 15:03:23.368437+00	0		
413	6337	209113	35218	0	2011-05-16 15:03:23.368437+00	0		
179343	6337	806092	205869	0	2011-06-07 05:00:07.773204+00	0		
416	6337	471586	162235	0	2011-05-16 15:03:23.368437+00	0		
178953	27159	703114	220935	0	2011-05-17 23:00:06.258058+00	0		
418	6340	472011	294138	0	2011-05-16 15:03:23.368437+00	0		
419	6358	6488	557447	0	2011-05-16 15:03:23.368437+00	0		
420	6337	571305	113197	0	2011-05-16 15:03:23.368437+00	0		
421	6358	1494	174347	0	2011-05-16 15:03:23.368437+00	0		
422	6337	471090	53357	0	2011-05-16 15:03:23.368437+00	0		
424	6337	471585	277356	0	2011-05-16 15:03:23.368437+00	0		
425	6337	471585	162235	0	2011-05-16 15:03:23.368437+00	0		
179071	6678	805421	227245	0	2011-06-03 11:00:13.359756+00	0		
428	6340	647480	175937	0	2011-05-16 15:03:23.368437+00	0		
431	6358	535826	734433	0	2011-05-16 15:03:23.368437+00	0		
432	6340	475813	68290	0	2011-05-16 15:03:23.368437+00	0		
433	6337	479778	475166	0	2011-05-16 15:03:23.368437+00	0		
434	6337	488532	325936	0	2011-05-16 15:03:23.368437+00	0		
436	6337	67212	181709	0	2011-05-16 15:03:23.368437+00	0		
179138	8360	805597	484823	0	2011-06-04 09:00:05.567251+00	0		
439	6386	436025	41169	0	2011-05-16 15:03:23.368437+00	0		
441	6337	304994	520071	0	2011-05-16 15:03:23.368437+00	0		
179151	6337	805636	569782	0	2011-06-04 13:00:16.886743+00	0		
179286	6337	805923	122458	0	2011-06-06 08:00:06.3888+00	0		
447	6337	542342	542339	0	2011-05-16 15:03:23.368437+00	0		
448	6409	507858	507859	0	2011-05-16 15:03:23.368437+00	0		
449	6340	267432	192863	0	2011-05-16 15:03:23.368437+00	0		
450	6410	86312	294579	0	2011-05-16 15:03:23.368437+00	0		
179230	6340	805789	211050	0	2011-05-22 13:13:44.141135+00	0		
453	6411	114323	32307	0	2011-05-16 15:03:23.368437+00	0		
454	6371	6842	6822	0	2011-05-16 15:03:23.368437+00	0		
455	6340	584705	584704	0	2011-05-16 15:03:23.368437+00	0		
457	6413	238478	56583	0	2011-05-16 15:03:23.368437+00	0		
458	6340	595660	595661	0	2011-05-16 15:03:23.368437+00	0		
459	6357	602772	605818	0	2011-05-16 15:03:23.368437+00	0		
460	6414	238477	56583	0	2011-05-16 15:03:23.368437+00	0		
461	6398	601251	601253	0	2011-05-16 15:03:23.368437+00	0		
251250	6337	71165	271206	0	2014-11-17 22:15:23.781737+00	0		
463	6416	589813	440332	0	2011-05-16 15:03:23.368437+00	0		
464	6417	610934	44049	0	2011-05-16 15:03:23.368437+00	0		
465	6418	245307	32662	0	2011-05-16 15:03:23.368437+00	0		
466	6340	615856	482466	0	2011-05-16 15:03:23.368437+00	0		
467	6337	620879	620875	0	2011-05-16 15:03:23.368437+00	0		
468	6337	626325	532203	0	2011-05-16 15:03:23.368437+00	0		
469	6419	268228	68619	0	2011-05-16 15:03:23.368437+00	0		
470	6420	243766	46943	0	2011-05-16 15:03:23.368437+00	0		
229884	6380	981306	583475	0	2014-01-14 01:00:30.129059+00	0		
472	6394	238827	3184	0	2011-05-16 15:03:23.368437+00	0		
473	6421	243854	71350	0	2011-05-16 15:03:23.368437+00	0		
179249	6517	311469	774430	0	2011-05-22 19:26:16.567578+00	0		
475	6340	637605	557791	0	2011-05-16 15:03:23.368437+00	0		
476	6337	544749	549856	0	2011-05-16 15:03:23.368437+00	0		
478	6337	636231	652651	0	2011-05-16 15:03:23.368437+00	0		
479	6422	659607	555580	0	2011-05-16 15:03:23.368437+00	0		
480	6337	99666	243355	0	2011-05-16 15:03:23.368437+00	0		
481	6337	524713	659606	0	2011-05-16 15:03:23.368437+00	0		
482	6396	304474	32223	0	2011-05-16 15:03:23.368437+00	0		
483	6337	385752	72617	0	2011-05-16 15:03:23.368437+00	0		
484	6337	385756	72617	0	2011-05-16 15:03:23.368437+00	0		
485	6340	679871	164153	0	2011-05-16 15:03:23.368437+00	0		
486	6339	2215	686291	0	2011-05-16 15:03:23.368437+00	0		
487	6337	691694	89419	0	2011-05-16 15:03:23.368437+00	0		
488	6380	36735	697758	0	2011-05-16 15:03:23.368437+00	0		
490	6423	151705	37085	0	2011-05-16 15:03:23.368437+00	0		
491	6424	709945	41879	0	2011-05-16 15:03:23.368437+00	0		
494	6337	456679	7175	0	2011-05-16 15:03:23.368437+00	0		
182211	6357	61963	256678	0	2011-07-13 14:12:58.012562+00	0		
496	6337	465441	269349	0	2011-05-16 15:03:23.368437+00	0		
497	6425	722589	722587	0	2011-05-16 15:03:23.368437+00	0		
499	6337	722605	163058	0	2011-05-16 15:03:23.368437+00	0		
502	6337	374687	441850	0	2011-05-16 15:03:23.368437+00	0		
503	6426	245375	10191	0	2011-05-16 15:03:23.368437+00	0		
504	6337	693149	161173	0	2011-05-16 15:03:23.368437+00	0		
506	6427	250528	30023	0	2011-05-16 15:03:23.368437+00	0		
507	6337	473958	208965	0	2011-05-16 15:03:23.368437+00	0		
508	6428	470534	471584	0	2011-05-16 15:03:23.368437+00	0		
510	6337	732021	732014	0	2011-05-16 15:03:23.368437+00	0		
511	6337	566671	187828	0	2011-05-16 15:03:23.368437+00	0		
512	6337	410640	185341	0	2011-05-16 15:03:23.368437+00	0		
513	6337	513905	199295	0	2011-05-16 15:03:23.368437+00	0		
179391	27296	806247	659557	0	2011-06-08 11:00:08.174052+00	0		
205523	6358	2121	942931	0	2014-06-16 13:00:36.382089+00	0		
253634	6340	90148	1026594	0	2014-12-18 05:17:18.972837+00	0		
516	6428	470535	54067	0	2011-05-16 15:03:23.368437+00	0		
517	6337	262984	243834	0	2011-05-16 15:03:23.368437+00	0		
518	6428	470534	54067	0	2011-05-16 15:03:23.368437+00	0		
519	6429	250102	5112	0	2011-05-16 15:03:23.368437+00	0		
520	6428	470534	209119	0	2011-05-16 15:03:23.368437+00	0		
522	6337	469102	279299	0	2011-05-16 15:03:23.368437+00	0		
179439	6337	564274	806388	0	2011-06-09 06:31:29.500329+00	0		
179419	6337	806315	50958	0	2011-05-25 19:17:52.286751+00	0		
527	6430	123610	12150	0	2011-05-16 15:03:23.368437+00	0		
435	6337	179605	278106	0	2013-07-29 15:00:30.891203+00	0		
178972	6337	805232	220100	0	2011-06-01 12:00:05.178091+00	0		
182224	6357	815992	161616	0	2011-07-14 04:10:16.452819+00	0		
505	256511	250528	111751	0	2015-08-21 10:07:13.386967+00	0		
179378	6380	806179	571630	0	2015-09-30 07:00:39.504378+00	0		
531	6337	200043	367002	0	2011-05-16 15:03:23.368437+00	0		
533	6340	671438	475218	0	2011-05-16 15:03:23.368437+00	0		
534	6337	362568	263102	0	2011-05-16 15:03:23.368437+00	0		
535	6339	644240	679851	0	2011-05-16 15:03:23.368437+00	0		
536	6339	4541	686291	0	2011-05-16 15:03:23.368437+00	0		
211702	6380	450272	980790	0	2013-03-02 18:00:11.022855+00	0		
538	6432	107373	37907	0	2011-05-16 15:03:23.368437+00	0		
539	6356	472015	472008	0	2011-05-16 15:03:23.368437+00	0		
540	6337	664619	484214	0	2011-05-16 15:03:23.368437+00	0		
194185	6337	62233	197110	0	2012-04-09 08:35:24.132071+00	0		
542	6337	492548	402014	0	2011-05-16 15:03:23.368437+00	0		
500	6337	512687	429149	0	2012-02-08 20:00:09.461821+00	0		
477	6340	647499	424	0	2012-03-23 18:00:13.628403+00	0		
509	6747	297888	7396	0	2012-03-09 01:00:10.10566+00	0		
199346	6337	909043	909047	0	2012-07-31 17:00:08.366189+00	0		
501	31118	732019	701492	0	2012-04-02 04:16:19.191864+00	0		
194193	6380	883122	883119	0	2012-04-09 12:02:46.198861+00	0		
205522	6337	330591	577148	0	2012-11-13 13:57:42.746612+00	0		
205524	6358	942923	942931	0	2012-11-27 15:00:21.757786+00	0		
543	6337	318974	59947	0	2013-01-02 00:27:23.665674+00	0		
544	6337	507584	59947	0	2013-01-02 00:27:23.665674+00	0		
209602	6359	965937	97899	0	2013-01-15 05:47:47.904086+00	0		
210016	6337	822884	360855	0	2013-01-24 18:37:24.125693+00	0		
101349	6337	379302	20134	0	2013-01-24 21:08:20.168733+00	0		
210019	6337	969386	69523	0	2013-01-24 22:16:11.474724+00	0		
216410	115187	755060	1007340	0	2013-05-22 17:00:20.001128+00	0		
231323	6357	292350	566986	0	2014-02-06 23:00:35.692053+00	0		
215670	116967	1003222	798895	0	2013-05-10 15:00:27.346723+00	0		
231326	6358	1052044	1064855	0	2014-02-06 23:00:52.251491+00	0		
452	6337	534888	83737	0	2014-03-11 00:00:13.516268+00	0		
545	6339	77944	686291	0	2011-05-16 15:03:23.368437+00	0		
548	6433	302105	14256	0	2011-05-16 15:03:23.368437+00	0		
549	6358	86247	469198	0	2011-05-16 15:03:23.368437+00	0		
551	6434	60783	191652	0	2011-05-16 15:03:23.368437+00	0		
552	6358	191652	38780	0	2011-05-16 15:03:23.368437+00	0		
553	6392	186313	469655	0	2011-05-16 15:03:23.368437+00	0		
178954	27159	752666	220935	0	2011-05-17 15:00:06.90214+00	0		
558	6337	287332	37907	0	2011-05-16 15:03:23.368437+00	0		
560	6337	77717	469655	0	2011-05-16 15:03:23.368437+00	0		
563	6354	342293	9632	0	2011-05-16 15:03:23.368437+00	0		
564	6354	342294	9632	0	2011-05-16 15:03:23.368437+00	0		
179072	7400	805423	8531	0	2011-06-03 12:00:05.917234+00	0		
566	6337	455381	193264	0	2011-05-16 15:03:23.368437+00	0		
567	6337	455383	193264	0	2011-05-16 15:03:23.368437+00	0		
568	6340	472038	310099	0	2011-05-16 15:03:23.368437+00	0		
570	6340	475823	30986	0	2011-05-16 15:03:23.368437+00	0		
571	6337	479779	475166	0	2011-05-16 15:03:23.368437+00	0		
572	6337	488534	166923	0	2011-05-16 15:03:23.368437+00	0		
573	6340	493211	276406	0	2011-05-16 15:03:23.368437+00	0		
574	6437	385295	6822	0	2011-05-16 15:03:23.368437+00	0		
575	6337	474493	181709	0	2011-05-16 15:03:23.368437+00	0		
577	6386	108158	41169	0	2011-05-16 15:03:23.368437+00	0		
578	6438	515402	503663	0	2011-05-16 15:03:23.368437+00	0		
579	6337	379593	520071	0	2011-05-16 15:03:23.368437+00	0		
179139	8360	805598	484823	0	2011-06-04 09:00:05.615353+00	0		
583	6440	238156	1958	0	2011-05-16 15:03:23.368437+00	0		
586	6441	247118	40050	0	2011-05-16 15:03:23.368437+00	0		
587	6337	542343	542339	0	2011-05-16 15:03:23.368437+00	0		
588	6364	507857	259566	0	2011-05-16 15:03:23.368437+00	0		
179152	6337	805637	569782	0	2011-06-04 13:00:17.541219+00	0		
590	6410	376795	294579	0	2011-05-16 15:03:23.368437+00	0		
591	6339	562161	562158	0	2011-05-16 15:03:23.368437+00	0		
592	6340	567351	567349	0	2011-05-16 15:03:23.368437+00	0		
596	6339	82222	573993	0	2011-05-16 15:03:23.368437+00	0		
597	6340	584712	499464	0	2011-05-16 15:03:23.368437+00	0		
598	6337	595662	480412	0	2011-05-16 15:03:23.368437+00	0		
599	6357	604864	605818	0	2011-05-16 15:03:23.368437+00	0		
600	6398	601252	601253	0	2011-05-16 15:03:23.368437+00	0		
601	6357	358500	563703	0	2011-05-16 15:03:23.368437+00	0		
602	6417	610935	44049	0	2011-05-16 15:03:23.368437+00	0		
603	6445	610936	44049	0	2011-05-16 15:03:23.368437+00	0		
604	6446	615859	593128	0	2011-05-16 15:03:23.368437+00	0		
605	6337	608798	620875	0	2011-05-16 15:03:23.368437+00	0		
606	6337	626326	594896	0	2011-05-16 15:03:23.368437+00	0		
607	6337	421440	513312	0	2011-05-16 15:03:23.368437+00	0		
179287	6337	805924	122458	0	2011-06-06 08:00:06.409694+00	0		
609	6340	637608	637609	0	2011-05-16 15:03:23.368437+00	0		
610	6337	545451	549856	0	2011-05-16 15:03:23.368437+00	0		
612	6337	652649	652651	0	2011-05-16 15:03:23.368437+00	0		
613	6337	635754	659606	0	2011-05-16 15:03:23.368437+00	0		
614	6340	674407	306448	0	2011-05-16 15:03:23.368437+00	0		
179231	6340	805791	805790	0	2011-05-22 13:20:12.456434+00	0		
616	6337	667221	245888	0	2011-05-16 15:03:23.368437+00	0		
179250	6337	805850	805849	0	2011-05-22 19:44:48.806435+00	0		
618	6339	375655	686291	0	2011-05-16 15:03:23.368437+00	0		
619	6339	665199	686291	0	2011-05-16 15:03:23.368437+00	0		
620	6339	629261	691708	0	2011-05-16 15:03:23.368437+00	0		
621	6337	329712	697758	0	2011-05-16 15:03:23.368437+00	0		
622	6339	626351	691708	0	2011-05-16 15:03:23.368437+00	0		
179344	6337	806093	205869	0	2011-06-07 05:00:07.783237+00	0		
625	6380	667384	709950	0	2011-05-16 15:03:23.368437+00	0		
179355	6611	806129	416494	0	2011-06-07 12:00:09.056189+00	0		
629	6337	369133	6444	0	2011-05-16 15:03:23.368437+00	0		
630	6447	722590	722587	0	2011-05-16 15:03:23.368437+00	0		
631	6448	722598	722587	0	2011-05-16 15:03:23.368437+00	0		
632	6337	722610	163058	0	2011-05-16 15:03:23.368437+00	0		
633	6337	338877	160104	0	2011-05-16 15:03:23.368437+00	0		
634	6339	701492	699073	0	2011-05-16 15:03:23.368437+00	0		
559	6339	383253	319198	0	2014-06-18 08:00:44.444172+00	0		
521	240986	959144	254000	0	2015-05-15 08:00:41.574649+00	0		
562	6339	80798	319198	0	2014-06-18 08:00:44.444172+00	0		
636	6337	692773	185341	0	2011-05-16 15:03:23.368437+00	0		
637	6337	731838	411336	0	2011-05-16 15:03:23.368437+00	0		
179392	27298	806248	659557	0	2011-06-08 11:00:08.183715+00	0		
639	6449	922	4	0	2011-05-16 15:03:23.368437+00	0		
216415	115315	755059	1007340	0	2013-05-22 20:00:13.602087+00	0		
205525	7491	693626	157872	0	2014-05-03 08:04:59.346569+00	0		
646	6340	304995	388727	0	2011-05-16 15:03:23.368437+00	0		
179440	6337	806386	806388	0	2011-06-09 06:31:40.58384+00	0		
179420	6337	806317	50958	0	2011-05-25 19:19:30.283938+00	0		
651	6340	472066	124116	0	2011-05-16 15:03:23.368437+00	0		
654	6450	168842	981	0	2011-05-16 15:03:23.368437+00	0		
655	6337	469909	312580	0	2011-05-16 15:03:23.368437+00	0		
656	6451	341287	470361	0	2011-05-16 15:03:23.368437+00	0		
658	6337	114323	331472	0	2011-05-16 15:03:23.368437+00	0		
659	6337	146112	144098	0	2011-05-16 15:03:23.368437+00	0		
214701	245548	998264	53671	0	2015-06-15 07:55:38.60632+00	0		
532	7376	410967	439451	0	2015-09-27 04:01:25.271193+00	0		
660	6337	72954	470361	0	2011-05-16 15:03:23.368437+00	0		
661	6337	150996	14552	0	2011-05-16 15:03:23.368437+00	0		
662	6452	108434	459056	0	2011-05-16 15:03:23.368437+00	0		
178973	6380	805232	745162	0	2011-06-01 12:00:05.281696+00	0		
664	6453	236006	2116	0	2011-05-16 15:03:23.368437+00	0		
665	6337	469909	275012	0	2011-05-16 15:03:23.368437+00	0		
666	6337	228106	344191	0	2011-05-16 15:03:23.368437+00	0		
667	6337	297317	4112	0	2011-05-16 15:03:23.368437+00	0		
668	6337	209996	4112	0	2011-05-16 15:03:23.368437+00	0		
669	6337	21001	123644	0	2011-05-16 15:03:23.368437+00	0		
670	6337	471939	471940	0	2011-05-16 15:03:23.368437+00	0		
671	6337	469909	418102	0	2011-05-16 15:03:23.368437+00	0		
673	6337	470718	188126	0	2011-05-16 15:03:23.368437+00	0		
674	6337	470968	121672	0	2011-05-16 15:03:23.368437+00	0		
675	6337	470968	183784	0	2011-05-16 15:03:23.368437+00	0		
676	6340	409424	469913	0	2011-05-16 15:03:23.368437+00	0		
678	6337	471939	317524	0	2011-05-16 15:03:23.368437+00	0		
182225	8421	815997	101029	0	2011-07-14 04:24:34.67453+00	0		
182212	6337	244366	96967	0	2011-07-27 15:00:06.345062+00	0		
185100	6337	407646	111759	0	2011-10-30 14:19:47.393165+00	0		
595	6444	36655	36566	0	2011-11-26 02:00:03.45221+00	0		
187007	6380	848702	403281	0	2012-01-04 09:00:06.021477+00	0		
199347	6337	909045	909047	0	2012-07-31 17:00:08.378351+00	0		
194186	6337	11960	197110	0	2012-04-09 08:35:46.065841+00	0		
194194	6337	883122	883123	0	2012-04-09 12:05:03.176376+00	0		
657	44914	116110	36296	0	2012-04-08 15:34:03.666106+00	0		
649	6337	50167	157132	0	2013-01-07 21:18:10.694945+00	0		
209603	6359	965938	97899	0	2013-01-15 05:48:56.33161+00	0		
210017	6337	867424	360855	0	2013-01-24 18:38:35.818762+00	0		
210020	6337	969387	69523	0	2013-01-24 22:17:29.761769+00	0		
136933	110576	606594	265443	0	2013-03-21 09:00:11.349139+00	0		
251251	6337	71165	707586	0	2014-11-17 22:15:23.781737+00	0		
211703	6380	980803	142769	0	2013-03-02 18:00:14.229057+00	0		
216411	115316	1007341	1007340	0	2013-05-22 17:00:20.088965+00	0		
213418	6337	789192	2673	0	2013-03-30 22:00:08.806671+00	0		
650	6337	118992	157132	0	2013-04-30 00:00:16.042935+00	0		
640	6340	250526	131142	0	2013-05-08 21:01:09.159073+00	0		
216881	6340	1010345	98457	0	2013-05-24 16:25:50.394344+00	0		
585	155510	129110	107177	0	2014-02-26 21:00:24.708604+00	0		
682	6339	335812	408587	0	2011-05-16 15:03:23.368437+00	0		
179232	6340	805797	805795	0	2013-03-25 15:00:18.209322+00	0		
687	6340	471339	471338	0	2011-05-16 15:03:23.368437+00	0		
688	6337	471432	457914	0	2011-05-16 15:03:23.368437+00	0		
690	6454	396925	292905	0	2011-05-16 15:03:23.368437+00	0		
691	6337	471431	457914	0	2011-05-16 15:03:23.368437+00	0		
692	6455	471436	457914	0	2011-05-16 15:03:23.368437+00	0		
178955	27159	805196	220935	0	2011-05-17 15:00:06.923017+00	0		
694	6337	471435	457914	0	2011-05-16 15:03:23.368437+00	0		
695	6337	471434	457914	0	2011-05-16 15:03:23.368437+00	0		
696	6337	471434	207415	0	2011-05-16 15:03:23.368437+00	0		
697	6340	469548	340789	0	2011-05-16 15:03:23.368437+00	0		
698	6337	497268	406642	0	2011-05-16 15:03:23.368437+00	0		
701	6337	479766	479769	0	2011-05-16 15:03:23.368437+00	0		
702	6337	36824	471465	0	2011-05-16 15:03:23.368437+00	0		
703	6337	671436	201973	0	2011-05-16 15:03:23.368437+00	0		
704	6357	238683	470730	0	2011-05-16 15:03:23.368437+00	0		
705	6340	471889	153018	0	2011-05-16 15:03:23.368437+00	0		
706	6337	390111	183784	0	2011-05-16 15:03:23.368437+00	0		
182213	6340	815910	648744	0	2011-07-13 16:29:44.47812+00	0		
708	6340	113513	300074	0	2011-05-16 15:03:23.368437+00	0		
178974	6564	436137	140414	0	2011-06-01 12:00:07.081085+00	0		
711	6337	579106	108792	0	2011-05-16 15:03:23.368437+00	0		
712	6357	238683	470739	0	2011-05-16 15:03:23.368437+00	0		
713	6457	235971	200830	0	2011-05-16 15:03:23.368437+00	0		
714	6458	157863	50133	0	2011-05-16 15:03:23.368437+00	0		
681	6339	104315	408587	0	2012-12-26 22:20:07.039059+00	0		
716	6340	479532	479796	0	2011-05-16 15:03:23.368437+00	0		
717	6337	488535	166923	0	2011-05-16 15:03:23.368437+00	0		
718	6374	23741	6822	0	2011-05-16 15:03:23.368437+00	0		
719	6340	474493	501307	0	2011-05-16 15:03:23.368437+00	0		
720	6337	441055	145393	0	2011-05-16 15:03:23.368437+00	0		
721	6337	22415	156612	0	2011-05-16 15:03:23.368437+00	0		
722	6386	474501	41169	0	2011-05-16 15:03:23.368437+00	0		
724	6337	520072	520071	0	2011-05-16 15:03:23.368437+00	0		
179140	8360	805600	484823	0	2011-06-04 09:00:05.706517+00	0		
179073	6466	805424	8531	0	2011-06-03 12:00:06.041261+00	0		
728	6337	542344	542339	0	2011-05-16 15:03:23.368437+00	0		
729	6340	547147	283829	0	2011-05-16 15:03:23.368437+00	0		
229886	145216	926696	1001593	0	2014-01-14 01:00:30.256423+00	0		
731	6337	572877	746215	0	2011-05-16 15:03:23.368437+00	0		
733	6337	483151	552970	0	2011-05-16 15:03:23.368437+00	0		
216412	115334	1007342	1007340	0	2013-05-22 17:00:20.164998+00	0		
735	6340	432408	579143	0	2011-05-16 15:03:23.368437+00	0		
736	6340	557462	557461	0	2011-05-16 15:03:23.368437+00	0		
737	6339	393425	562158	0	2011-05-16 15:03:23.368437+00	0		
738	6357	142388	534888	0	2011-05-16 15:03:23.368437+00	0		
253635	6380	1180519	1098472	0	2014-12-18 05:47:27.352789+00	0		
740	6337	393988	259427	0	2011-05-16 15:03:23.368437+00	0		
743	6462	262087	44049	0	2011-05-16 15:03:23.368437+00	0		
744	6337	759377	759373	0	2011-05-16 15:03:23.368437+00	0		
745	6358	145596	584710	0	2011-05-16 15:03:23.368437+00	0		
747	6337	620880	620875	0	2011-05-16 15:03:23.368437+00	0		
748	6337	626327	594896	0	2011-05-16 15:03:23.368437+00	0		
749	6337	92544	513312	0	2011-05-16 15:03:23.368437+00	0		
751	6340	637610	637611	0	2011-05-16 15:03:23.368437+00	0		
752	6337	643132	293798	0	2011-05-16 15:03:23.368437+00	0		
754	6337	652676	652679	0	2011-05-16 15:03:23.368437+00	0		
755	6438	636023	555580	0	2011-05-16 15:03:23.368437+00	0		
756	6340	667222	667220	0	2011-05-16 15:03:23.368437+00	0		
179153	6380	805640	269547	0	2011-06-04 14:00:09.049029+00	0		
758	6339	665191	686291	0	2011-05-16 15:03:23.368437+00	0		
761	6339	626600	691708	0	2011-05-16 15:03:23.368437+00	0		
611	6340	647520	338501	0	2014-09-07 19:00:33.430065+00	0		
762	6337	47186	697758	0	2011-05-16 15:03:23.368437+00	0		
179288	6340	805925	805924	0	2011-06-06 08:00:06.428189+00	0		
742	6340	281663	605819	0	2013-04-13 21:00:22.29185+00	0		
768	6447	722591	722587	0	2011-05-16 15:03:23.368437+00	0		
769	6337	709700	709950	0	2011-05-16 15:03:23.368437+00	0		
770	6374	125084	722587	0	2011-05-16 15:03:23.368437+00	0		
771	6337	48592	111258	0	2011-05-16 15:03:23.368437+00	0		
772	6466	722601	722587	0	2011-05-16 15:03:23.368437+00	0		
773	6337	250091	338116	0	2011-05-16 15:03:23.368437+00	0		
774	6466	722602	722587	0	2011-05-16 15:03:23.368437+00	0		
776	6337	485343	649589	0	2011-05-16 15:03:23.368437+00	0		
777	6337	64940	73943	0	2011-05-16 15:03:23.368437+00	0		
778	6337	732020	732014	0	2011-05-16 15:03:23.368437+00	0		
779	6337	486958	73943	0	2011-05-16 15:03:23.368437+00	0		
179251	6337	805851	805849	0	2011-05-22 19:45:56.411136+00	0		
781	6337	447168	54567	0	2011-05-16 15:03:23.368437+00	0		
782	6337	15231	185341	0	2011-05-16 15:03:23.368437+00	0		
783	6337	545441	52399	0	2011-05-16 15:03:23.368437+00	0		
784	6337	731838	561226	0	2011-05-16 15:03:23.368437+00	0		
785	6337	580839	173161	0	2011-05-16 15:03:23.368437+00	0		
787	6337	280383	374649	0	2011-05-16 15:03:23.368437+00	0		
790	6337	11098	211098	0	2011-05-16 15:03:23.368437+00	0		
791	6337	592259	484232	0	2011-05-16 15:03:23.368437+00	0		
792	6467	236020	2116	0	2011-05-16 15:03:23.368437+00	0		
793	6337	537289	537094	0	2011-05-16 15:03:23.368437+00	0		
794	6337	276822	456900	0	2011-05-16 15:03:23.368437+00	0		
795	6337	276827	456900	0	2011-05-16 15:03:23.368437+00	0		
796	6468	14529	2546	0	2011-05-16 15:03:23.368437+00	0		
797	6337	511841	6444	0	2011-05-16 15:03:23.368437+00	0		
799	6340	557440	557439	0	2011-05-16 15:03:23.368437+00	0		
800	6340	584676	108100	0	2011-05-16 15:03:23.368437+00	0		
801	6337	538004	595618	0	2011-05-16 15:03:23.368437+00	0		
802	6469	4382	98013	0	2011-05-16 15:03:23.368437+00	0		
803	6470	40306	20042	0	2011-05-16 15:03:23.368437+00	0		
805	6472	219550	1624	0	2011-05-16 15:03:23.368437+00	0		
806	6469	4523	98013	0	2011-05-16 15:03:23.368437+00	0		
807	6340	469553	469552	0	2011-05-16 15:03:23.368437+00	0		
808	6337	470766	441635	0	2011-05-16 15:03:23.368437+00	0		
809	6337	283774	331472	0	2011-05-16 15:03:23.368437+00	0		
810	6337	470766	387201	0	2011-05-16 15:03:23.368437+00	0		
811	6469	121508	98013	0	2011-05-16 15:03:23.368437+00	0		
812	6469	64930	98013	0	2011-05-16 15:03:23.368437+00	0		
813	6339	212285	56184	0	2011-05-16 15:03:23.368437+00	0		
814	6337	610927	8532	0	2011-05-16 15:03:23.368437+00	0		
815	6340	431016	469551	0	2011-05-16 15:03:23.368437+00	0		
179345	6337	806094	205869	0	2011-06-07 05:00:07.7966+00	0		
179356	6380	806132	51699	0	2011-05-24 12:22:38.286317+00	0		
816	6469	1743	98013	0	2011-12-31 14:03:31.040366+00	0		
179393	6654	806251	659557	0	2011-06-08 11:00:08.195303+00	0		
760	6339	2935	686291	0	2011-11-26 13:02:17.67082+00	0		
179421	6337	806318	153563	0	2011-05-25 19:27:12.198189+00	0		
185760	6340	840061	840055	0	2011-12-01 16:00:05.576062+00	0		
179046	6380	696380	88802	0	2011-05-27 16:22:00.296849+00	0		
187008	6340	848703	281882	0	2012-01-04 09:00:06.091465+00	0		
775	6340	423539	10589	0	2012-04-06 07:00:14.747394+00	0		
789	6337	404016	154212	0	2012-08-11 03:00:21.875526+00	0		
194187	6380	120981	3136	0	2012-04-23 10:00:08.652695+00	0		
715	122564	171867	208679	0	2013-06-21 05:00:16.228893+00	0		
209604	6340	416573	965941	0	2013-01-15 06:00:26.411686+00	0		
730	116212	177086	1104	0	2013-04-27 18:52:44.547583+00	0		
231324	6358	292350	988616	0	2014-02-06 23:00:38.450013+00	0		
215677	6337	1003242	458801	0	2013-05-03 16:09:34.63366+00	0		
215671	116968	1003223	798895	0	2013-05-10 15:00:27.573003+00	0		
205526	6371	693626	157872	0	2014-05-03 08:04:59.346569+00	0		
700	6337	753364	110831	0	2014-02-16 15:00:22.592834+00	0		
817	6340	471924	375815	0	2011-05-16 15:03:23.368437+00	0		
179141	27238	805601	484823	0	2011-06-04 09:00:07.03761+00	0		
820	6337	620860	613844	0	2011-05-16 15:03:23.368437+00	0		
821	6337	347288	469635	0	2011-05-16 15:03:23.368437+00	0		
822	6337	469633	469634	0	2011-05-16 15:03:23.368437+00	0		
823	6473	397452	43157	0	2011-05-16 15:03:23.368437+00	0		
826	6434	369240	469640	0	2011-05-16 15:03:23.368437+00	0		
827	6356	471925	172314	0	2011-05-16 15:03:23.368437+00	0		
828	6356	471924	172314	0	2011-05-16 15:03:23.368437+00	0		
179441	6337	806386	806385	0	2011-06-09 06:31:45.29768+00	0		
832	6337	628585	187090	0	2011-05-16 15:03:23.368437+00	0		
833	6340	353797	73841	0	2011-05-16 15:03:23.368437+00	0		
834	6337	470167	152760	0	2011-05-16 15:03:23.368437+00	0		
835	6337	471009	106277	0	2011-05-16 15:03:23.368437+00	0		
836	6434	145011	399217	0	2011-05-16 15:03:23.368437+00	0		
837	6337	599242	652632	0	2011-05-16 15:03:23.368437+00	0		
840	6340	489007	637595	0	2011-05-16 15:03:23.368437+00	0		
841	6340	659599	659598	0	2011-05-16 15:03:23.368437+00	0		
843	6474	175809	470717	0	2011-05-16 15:03:23.368437+00	0		
844	6340	552986	679850	0	2011-05-16 15:03:23.368437+00	0		
845	6337	174769	152760	0	2011-05-16 15:03:23.368437+00	0		
846	6337	59758	92870	0	2011-05-16 15:03:23.368437+00	0		
847	6339	410737	686291	0	2011-05-16 15:03:23.368437+00	0		
848	6339	611649	686291	0	2011-05-16 15:03:23.368437+00	0		
179357	6337	806134	51699	0	2011-05-24 12:50:17.190517+00	0		
851	6337	386105	746494	0	2011-05-16 15:03:23.368437+00	0		
854	6340	479797	479798	0	2011-05-16 15:03:23.368437+00	0		
855	6340	71867	183628	0	2011-05-16 15:03:23.368437+00	0		
856	6337	474493	501330	0	2011-05-16 15:03:23.368437+00	0		
857	6337	22415	220200	0	2011-05-16 15:03:23.368437+00	0		
858	6337	493221	145393	0	2011-05-16 15:03:23.368437+00	0		
859	6475	6851	6822	0	2011-05-16 15:03:23.368437+00	0		
860	6339	515426	515425	0	2011-05-16 15:03:23.368437+00	0		
861	6340	520073	398255	0	2011-05-16 15:03:23.368437+00	0		
179154	6380	805641	269547	0	2011-06-04 14:00:09.478587+00	0		
179233	6781	805796	14241	0	2011-06-05 15:00:08.624883+00	0		
868	6476	3224	399	0	2011-05-16 15:03:23.368437+00	0		
869	6340	278098	176975	0	2011-05-16 15:03:23.368437+00	0		
870	6337	557464	294579	0	2011-05-16 15:03:23.368437+00	0		
871	6477	238623	58104	0	2011-05-16 15:03:23.368437+00	0		
872	6339	243315	562158	0	2011-05-16 15:03:23.368437+00	0		
874	6344	132526	41169	0	2011-05-16 15:03:23.368437+00	0		
875	6337	412498	45120	0	2011-05-16 15:03:23.368437+00	0		
876	6337	485022	259427	0	2011-05-16 15:03:23.368437+00	0		
878	6479	335057	82891	0	2011-05-16 15:03:23.368437+00	0		
880	6480	122078	151786	0	2011-05-16 15:03:23.368437+00	0		
881	6463	489752	615863	0	2011-05-16 15:03:23.368437+00	0		
882	6340	620884	102827	0	2011-05-16 15:03:23.368437+00	0		
884	6337	475774	513312	0	2011-05-16 15:03:23.368437+00	0		
886	6337	307541	295921	0	2011-05-16 15:03:23.368437+00	0		
182226	6340	815999	467571	0	2011-07-28 05:00:08.719043+00	0		
890	6397	540185	393472	0	2011-05-16 15:03:23.368437+00	0		
891	6337	671486	325597	0	2011-05-16 15:03:23.368437+00	0		
892	6358	612115	584710	0	2011-05-16 15:03:23.368437+00	0		
179047	6368	805371	4906	0	2011-05-21 23:00:23.162023+00	0		
895	6339	516452	686291	0	2011-05-16 15:03:23.368437+00	0		
896	6339	629262	691708	0	2011-05-16 15:03:23.368437+00	0		
897	6337	31858	697758	0	2011-05-16 15:03:23.368437+00	0		
179252	6340	805852	805851	0	2011-05-22 19:48:42.022855+00	0		
179289	6340	805938	129182	0	2011-05-23 09:43:11.118864+00	0		
901	6337	709948	709950	0	2011-05-16 15:03:23.368437+00	0		
902	6337	220837	84835	0	2011-05-16 15:03:23.368437+00	0		
179003	8010	805292	44512	0	2011-05-24 01:25:37.700666+00	0		
905	6481	722592	722587	0	2011-05-16 15:03:23.368437+00	0		
906	6337	7279	144750	0	2011-05-16 15:03:23.368437+00	0		
908	6337	142905	121398	0	2011-05-16 15:03:23.368437+00	0		
910	6337	732018	732014	0	2011-05-16 15:03:23.368437+00	0		
911	6337	387071	191599	0	2011-05-16 15:03:23.368437+00	0		
912	6340	743229	743225	0	2011-05-16 15:03:23.368437+00	0		
913	6337	59758	329169	0	2011-05-16 15:03:23.368437+00	0		
804	126125	297534	9898	0	2015-10-19 17:09:50.512379+00	0		
914	6482	709936	41879	0	2011-05-16 15:03:23.368437+00	0		
179422	6337	806319	153563	0	2011-05-25 19:31:24.824535+00	0		
916	6337	470054	361823	0	2011-05-16 15:03:23.368437+00	0		
229887	6380	981310	583475	0	2014-01-14 01:00:30.297391+00	0		
918	6337	400555	361823	0	2011-05-16 15:03:23.368437+00	0		
919	6340	470178	179146	0	2011-05-16 15:03:23.368437+00	0		
178956	6337	353705	346982	0	2011-05-26 03:00:05.341898+00	0		
922	6485	470996	31164	0	2011-05-16 15:03:23.368437+00	0		
923	6340	470997	470996	0	2011-05-16 15:03:23.368437+00	0		
178975	6611	436137	650013	0	2011-06-01 12:00:07.097853+00	0		
926	6337	311182	3538	0	2011-05-16 15:03:23.368437+00	0		
927	6337	539539	3097	0	2011-05-16 15:03:23.368437+00	0		
928	6337	696138	202743	0	2011-05-16 15:03:23.368437+00	0		
929	6337	235858	34857	0	2011-05-16 15:03:23.368437+00	0		
930	6337	697586	31805	0	2011-05-16 15:03:23.368437+00	0		
179074	6347	805425	8531	0	2011-06-03 12:00:06.093516+00	0		
179346	6337	806095	205869	0	2011-06-07 05:00:07.810088+00	0		
179381	6380	806189	805325	0	2011-06-07 23:00:11.697544+00	0		
934	6486	362009	471966	0	2011-05-16 15:03:23.368437+00	0		
935	6486	241744	471966	0	2011-05-16 15:03:23.368437+00	0		
936	6337	413448	36810	0	2011-05-16 15:03:23.368437+00	0		
937	6337	273582	115885	0	2011-05-16 15:03:23.368437+00	0		
938	6487	471605	450007	0	2011-05-16 15:03:23.368437+00	0		
939	6487	3459	450007	0	2011-05-16 15:03:23.368437+00	0		
940	6487	57902	450007	0	2011-05-16 15:03:23.368437+00	0		
941	6357	57902	471604	0	2011-05-16 15:03:23.368437+00	0		
942	6337	469691	140350	0	2011-05-16 15:03:23.368437+00	0		
182214	6380	431009	815908	0	2011-07-27 17:00:20.053501+00	0		
944	6337	260192	470577	0	2011-05-16 15:03:23.368437+00	0		
945	6337	260191	470577	0	2011-05-16 15:03:23.368437+00	0		
946	6337	260190	470577	0	2011-05-16 15:03:23.368437+00	0		
947	6337	505502	148462	0	2011-05-16 15:03:23.368437+00	0		
185761	6340	840067	840066	0	2011-12-01 16:00:05.820264+00	0		
187009	6337	848700	848699	0	2012-01-04 09:00:06.149115+00	0		
199348	6337	909046	909047	0	2012-07-31 17:00:08.390071+00	0		
952	6340	471701	471696	0	2011-05-16 15:03:23.368437+00	0		
179394	11848	324490	806249	0	2011-12-30 18:45:38.652265+00	0		
185102	6337	766554	835688	0	2011-11-13 17:00:08.994314+00	0		
889	6337	238109	109880	0	2012-03-13 15:00:08.95678+00	0		
194195	6380	883126	883119	0	2012-04-09 12:08:49.559794+00	0		
194188	6337	883088	132882	0	2012-04-23 10:00:11.939573+00	0		
867	6358	542348	4772	0	2012-06-19 18:06:12.205173+00	0		
205527	6337	761619	617732	0	2012-11-27 16:00:20.401143+00	0		
209605	8443	367747	32056	0	2013-01-15 06:04:06.366227+00	0		
213419	12083	990273	524019	0	2013-03-23 21:04:24.900179+00	0		
215672	116966	1003218	798895	0	2013-05-10 15:00:27.636717+00	0		
215678	6337	1003244	458801	0	2013-05-03 16:12:32.126119+00	0		
216416	6337	229865	1007358	0	2013-05-22 20:00:17.29877+00	0		
216421	118495	333923	534137	0	2013-05-15 22:05:27.041453+00	0		
216882	119543	1010344	1010341	0	2013-05-31 17:00:26.773303+00	0		
217520	120623	1013256	30515	0	2013-06-01 20:45:47.277506+00	0		
862	150239	571337	150897	0	2014-01-24 14:00:19.376877+00	0		
231325	6340	292350	721386	0	2014-02-06 23:00:41.733841+00	0		
917	135371	470999	48402	0	2013-12-19 17:54:27.845333+00	0		
873	6337	142388	83737	0	2014-03-11 00:00:13.516268+00	0		
954	6486	471727	252878	0	2011-05-16 15:03:23.368437+00	0		
955	6486	471726	252878	0	2011-05-16 15:03:23.368437+00	0		
956	6486	471723	252878	0	2011-05-16 15:03:23.368437+00	0		
957	6337	422178	110831	0	2011-05-16 15:03:23.368437+00	0		
958	6337	391592	479769	0	2011-05-16 15:03:23.368437+00	0		
960	6337	483919	493180	0	2011-05-16 15:03:23.368437+00	0		
961	6337	497267	497264	0	2011-05-16 15:03:23.368437+00	0		
962	6337	584669	43333	0	2011-05-16 15:03:23.368437+00	0		
963	6337	538002	595618	0	2011-05-16 15:03:23.368437+00	0		
965	6337	384260	8532	0	2011-05-16 15:03:23.368437+00	0		
966	6337	470963	470960	0	2011-05-16 15:03:23.368437+00	0		
967	6337	471151	144098	0	2011-05-16 15:03:23.368437+00	0		
968	6337	470961	470960	0	2011-05-16 15:03:23.368437+00	0		
969	6337	316084	187338	0	2011-05-16 15:03:23.368437+00	0		
970	6358	38102	356520	0	2011-05-16 15:03:23.368437+00	0		
972	6337	470962	470960	0	2011-05-16 15:03:23.368437+00	0		
973	6337	470964	470960	0	2011-05-16 15:03:23.368437+00	0		
974	6357	470962	470964	0	2011-05-16 15:03:23.368437+00	0		
975	6337	470082	63553	0	2011-05-16 15:03:23.368437+00	0		
179075	6611	805426	8531	0	2011-06-03 12:00:06.105312+00	0		
981	6337	348164	469485	0	2011-05-16 15:03:23.368437+00	0		
179442	6337	564274	806385	0	2011-06-09 06:31:49.136521+00	0		
984	6337	470099	335728	0	2011-05-16 15:03:23.368437+00	0		
985	6337	470856	312847	0	2011-05-16 15:03:23.368437+00	0		
986	6337	470855	312847	0	2011-05-16 15:03:23.368437+00	0		
987	6337	470081	63553	0	2011-05-16 15:03:23.368437+00	0		
988	6337	470080	63553	0	2011-05-16 15:03:23.368437+00	0		
989	6337	537269	152975	0	2011-05-16 15:03:23.368437+00	0		
990	6337	547117	507035	0	2011-05-16 15:03:23.368437+00	0		
991	6337	557434	225736	0	2011-05-16 15:03:23.368437+00	0		
992	6337	470098	335728	0	2011-05-16 15:03:23.368437+00	0		
993	6337	470097	335728	0	2011-05-16 15:03:23.368437+00	0		
994	6337	470079	63553	0	2011-05-16 15:03:23.368437+00	0		
179048	6397	805375	4906	0	2011-05-21 23:00:23.460425+00	0		
998	6340	475823	174009	0	2011-05-16 15:03:23.368437+00	0		
999	6483	238627	51439	0	2011-05-16 15:03:23.368437+00	0		
185103	6337	822084	835699	0	2011-10-30 17:13:52.537015+00	0		
1004	6489	89769	6822	0	2011-05-16 15:03:23.368437+00	0		
1005	6337	498249	501330	0	2011-05-16 15:03:23.368437+00	0		
1006	6337	381507	263087	0	2011-05-16 15:03:23.368437+00	0		
1007	6337	22415	69635	0	2011-05-16 15:03:23.368437+00	0		
1008	6386	474896	41169	0	2011-05-16 15:03:23.368437+00	0		
199354	6677	909103	640158	0	2012-07-31 19:00:18.926101+00	0		
1010	6337	520074	68573	0	2011-05-16 15:03:23.368437+00	0		
179155	6380	805642	269547	0	2011-06-04 14:00:09.995511+00	0		
179234	6340	805796	536673	0	2011-06-05 15:00:08.641901+00	0		
1015	6340	542356	542355	0	2011-05-16 15:03:23.368437+00	0		
1016	6337	547161	42956	0	2011-05-16 15:03:23.368437+00	0		
1017	6337	557463	294579	0	2011-05-16 15:03:23.368437+00	0		
1018	6339	244597	562158	0	2011-05-16 15:03:23.368437+00	0		
1019	6337	142388	369617	0	2011-05-16 15:03:23.368437+00	0		
1021	6490	216112	53178	0	2011-05-16 15:03:23.368437+00	0		
1022	6340	579171	323736	0	2011-05-16 15:03:23.368437+00	0		
1023	6340	584716	584715	0	2011-05-16 15:03:23.368437+00	0		
1025	6337	579035	605828	0	2011-05-16 15:03:23.368437+00	0		
1027	6463	489745	615863	0	2011-05-16 15:03:23.368437+00	0		
1030	6340	628617	628616	0	2011-05-16 15:03:23.368437+00	0		
179290	6340	805926	805939	0	2011-06-06 10:00:06.621159+00	0		
185762	6380	840072	593359	0	2011-12-01 16:00:06.33132+00	0		
1035	6337	122078	659609	0	2011-05-16 15:03:23.368437+00	0		
1036	6397	450012	393472	0	2011-05-16 15:03:23.368437+00	0		
210021	8010	846929	218218	0	2015-07-01 07:18:23.770517+00	0		
1024	251825	589817	440332	0	2015-07-30 19:25:45.891904+00	0		
1037	6492	671486	233877	0	2011-05-16 15:03:23.368437+00	0		
953	6337	250754	427854	0	2012-06-09 18:06:03.630944+00	0		
1039	6339	14462	686291	0	2011-05-16 15:03:23.368437+00	0		
1040	6339	632495	691708	0	2011-05-16 15:03:23.368437+00	0		
179395	6340	337286	806252	0	2011-05-25 11:00:38.857499+00	0		
179253	6337	805853	805854	0	2011-05-22 19:51:16.939767+00	0		
1044	6337	709699	709950	0	2011-05-16 15:03:23.368437+00	0		
1046	6429	722593	722587	0	2011-05-16 15:03:23.368437+00	0		
1047	6340	561713	727273	0	2011-05-16 15:03:23.368437+00	0		
1048	6493	722596	722587	0	2011-05-16 15:03:23.368437+00	0		
1049	6337	422799	4632	0	2011-05-16 15:03:23.368437+00	0		
178957	6337	353707	346982	0	2011-05-23 04:00:05.671874+00	0		
1051	6337	357883	264755	0	2011-05-16 15:03:23.368437+00	0		
1052	6337	732019	732014	0	2011-05-16 15:03:23.368437+00	0		
1053	6337	735359	191599	0	2011-05-16 15:03:23.368437+00	0		
1054	6337	732023	732014	0	2011-05-16 15:03:23.368437+00	0		
179382	6337	806190	805325	0	2011-06-07 23:00:11.833629+00	0		
1057	6337	470078	63553	0	2011-05-16 15:03:23.368437+00	0		
179004	8010	805291	44512	0	2011-05-23 15:47:39.138907+00	0		
182245	6380	816090	517397	0	2011-07-28 22:00:12.535029+00	0		
179358	6337	806135	51699	0	2011-05-24 12:54:29.854159+00	0		
182227	6358	138417	30686	0	2011-07-14 05:14:11.361047+00	0		
1062	6340	470077	438396	0	2011-05-16 15:03:23.368437+00	0		
179423	6337	806320	153563	0	2011-05-25 19:32:07.466358+00	0		
1064	6337	470096	335728	0	2011-05-16 15:03:23.368437+00	0		
1067	6496	14374	1624	0	2011-05-16 15:03:23.368437+00	0		
178976	6611	647178	650013	0	2011-06-01 12:00:07.402305+00	0		
1072	6337	470238	358689	0	2011-05-16 15:03:23.368437+00	0		
1073	6337	97639	215443	0	2011-05-16 15:03:23.368437+00	0		
1075	6337	470854	312847	0	2011-05-16 15:03:23.368437+00	0		
1077	6487	471604	450007	0	2011-05-16 15:03:23.368437+00	0		
1078	6481	246902	156153	0	2011-05-16 15:03:23.368437+00	0		
1079	6487	64930	450007	0	2011-05-16 15:03:23.368437+00	0		
1081	6498	238282	396347	0	2011-05-16 15:03:23.368437+00	0		
1082	6498	231598	396347	0	2011-05-16 15:03:23.368437+00	0		
179120	6380	226516	805554	0	2011-06-03 23:00:09.831958+00	0		
1085	6498	36634	396347	0	2011-05-16 15:03:23.368437+00	0		
179142	27239	805598	93090	0	2011-06-04 09:00:09.9462+00	0		
1087	6498	150996	396347	0	2011-05-16 15:03:23.368437+00	0		
1088	6337	620858	613844	0	2011-05-16 15:03:23.368437+00	0		
977	6340	319683	466396	0	2011-12-04 17:04:22.043919+00	0		
182215	7345	815911	192663	0	2011-07-27 17:00:20.519087+00	0		
251252	6340	859248	1171190	0	2014-11-17 22:37:30.819111+00	0		
1080	6487	1743	450007	0	2011-12-31 14:03:31.040366+00	0		
187010	6337	848701	848699	0	2012-01-04 09:00:06.385305+00	0		
229888	145217	1075257	836229	0	2014-01-14 02:00:36.046575+00	0		
194196	6337	883126	608578	0	2012-04-09 12:09:53.422067+00	0		
179347	50862	806107	53649	0	2012-06-22 20:00:13.623559+00	0		
199356	6357	909113	909112	0	2012-07-31 20:00:12.685927+00	0		
199358	6358	909145	311583	0	2012-08-01 00:00:11.571719+00	0		
231327	6358	1052044	1064854	0	2014-02-06 23:00:53.014859+00	0		
1065	6494	1743	318066	0	2012-08-19 23:00:50.444+00	0		
199349	6337	410595	93429	0	2012-07-31 18:00:08.578552+00	0		
