80	199639	73229	1878	0	2014-12-17 02:58:08.076742+00	0		
75	199639	1178	1699	0	2014-12-13 00:15:24.441231+00	0		
1	199639	5229	665	0	2014-11-18 14:04:30.155858+00	0		
76	199639	80664	1771	0	2014-12-15 00:16:23.124403+00	0		
119	199639	23647	3020	0	2015-02-26 03:28:46.996709+00	0		
81	199639	92054	2047	0	2014-12-23 22:02:18.096764+00	0		
124	199639	14334	3056	0	2015-03-05 09:15:15.633154+00	0		
78	199639	4434	1827	0	2014-12-16 00:51:39.457276+00	0		
79	199639	4434	1861	0	2014-12-16 19:55:06.127194+00	0		
7	199639	202	753	0	2014-11-19 15:05:57.716658+00	0		
8	199639	9526	754	0	2014-11-19 15:45:35.553154+00	0		
174	199639	31090	3518	0	2015-05-01 05:51:11.165535+00	0		
9	199639	5114	759	0	2014-11-19 16:19:46.992842+00	0		
121	199639	9837	3032	0	2015-02-27 08:17:00.265399+00	0		
126	199639	653	3077	0	2015-03-07 23:36:59.413241+00	0		
127	199639	653	3112	0	2015-03-13 22:13:49.765451+00	0		
13	199639	7717	838	0	2014-11-22 08:53:24.985868+00	0		
14	199639	7717	848	0	2014-11-22 10:27:27.980802+00	0		
11	199639	1178	835	0	2014-11-22 06:41:07.58986+00	0		
12	199639	7022	836	0	2014-11-22 07:06:36.008778+00	0		
130	199639	82369	3143	0	2015-03-16 20:10:51.806357+00	0		
131	199639	7713	3147	0	2015-03-16 20:53:18.218501+00	0		
82	199639	2429	2051	0	2014-12-24 17:15:38.809559+00	0		
84	199639	2429	2053	0	2014-12-24 23:18:48.055707+00	0		
86	199639	2429	2055	0	2014-12-24 23:53:18.796998+00	0		
88	199639	2429	2057	0	2014-12-25 00:05:00.984517+00	0		
90	199639	2429	2059	0	2014-12-25 00:11:48.766116+00	0		
95	199639	7712	2165	0	2015-01-01 21:41:22.889406+00	0		
92	199639	7703	2122	0	2014-12-29 10:13:42.988435+00	0		
93	199639	397	2123	0	2014-12-29 10:50:09.675836+00	0		
94	199639	79673	2151	0	2014-12-30 13:42:12.038996+00	0		
132	199639	7713	3156	0	2015-03-17 18:10:42.922315+00	0		
133	199639	326	3170	0	2015-03-19 14:01:06.324254+00	0		
98	199639	7279	2196	0	2015-01-11 23:58:22.963221+00	0		
128	199639	12314	3136	0	2015-03-15 16:33:35.976387+00	0		
134	199639	5114	3197	0	2015-03-22 19:47:11.277669+00	0		
96	199639	5351	2179	0	2015-01-06 22:43:09.230724+00	0		
138	199639	4434	3249	0	2015-03-25 01:27:37.516842+00	0		
28	199639	7952	986	0	2014-11-26 14:24:15.574517+00	0		
97	199639	2369	2195	0	2015-01-11 21:07:30.316112+00	0		
103	199639	5197	2263	0	2015-01-15 05:42:25.227329+00	0		
106	199639	7279	2306	0	2015-01-20 18:08:14.941207+00	0		
156	199639	358	3369	0	2015-04-12 14:12:31.242258+00	0		
107	199639	12795	2326	0	2015-01-24 05:33:08.218715+00	0		
32	199639	65105	1007	0	2014-11-27 12:02:46.706091+00	0		
105	199639	22406	2295	0	2015-01-18 15:09:36.472452+00	0		
33	199639	65105	1008	0	2014-11-27 12:31:19.985332+00	0		
108	199639	8148	2421	0	2015-02-03 14:03:48.534588+00	0		
34	199639	65105	1009	0	2014-11-27 12:33:59.791658+00	0		
31	199639	65105	1006	0	2014-11-27 11:48:46.877873+00	0		
37	199639	67476	1013	0	2014-11-27 21:41:25.720962+00	0		
142	199639	653	3277	0	2015-03-27 13:28:38.468894+00	0		
112	199639	11669	2955	0	2015-02-22 10:59:23.743824+00	0		
113	199639	51095	2970	0	2015-02-22 14:27:45.92476+00	0		
38	199639	326	1015	0	2014-11-27 22:49:22.779222+00	0		
165	199639	12895	3022	0	2015-04-22 02:59:30.021372+00	0		
163	199639	12389	3387	0	2015-04-16 14:57:40.79023+00	0		
164	199639	288	3374	0	2015-04-17 01:56:16.246441+00	0		
166	199639	5194	3483	0	2015-04-28 01:44:07.83077+00	0		
110	199639	2450	2512	0	2015-02-19 19:09:37.299128+00	0		
167	199639	5194	3520	0	2015-04-29 05:45:04.082181+00	0		
111	199639	4024	2514	0	2015-02-20 15:43:06.419308+00	0		
115	199639	7282	2977	0	2015-02-22 23:09:07.481952+00	0		
122	199639	2429	3047	0	2015-03-05 00:03:09.833939+00	0		
116	199639	12910	3014	0	2015-02-26 00:36:44.41718+00	0		
117	199639	23647	2440	0	2015-02-26 02:05:15.991959+00	0		
175	199639	31090	3674	0	2015-05-06 02:53:35.908941+00	0		
177	199639	7020	3859	0	2015-05-14 14:22:15.359783+00	0		
136	199639	9526	3198	0	2015-03-23 11:24:41.167691+00	0		
150	199639	653	3293	0	2015-03-29 22:05:33.921727+00	0		
151	199639	7289	3294	0	2015-03-30 15:08:08.009449+00	0		
152	199639	86507	3340	0	2015-04-01 20:25:31.424123+00	0		
139	199639	9655	2215	0	2015-03-26 23:51:46.210648+00	0		
141	199639	9655	3272	0	2015-03-27 00:06:41.249632+00	0		
143	199639	9655	3280	0	2015-03-27 17:37:39.464163+00	0		
145	199639	9655	3282	0	2015-03-27 17:48:03.76427+00	0		
147	199639	9655	3284	0	2015-03-27 19:09:49.486384+00	0		
148	199639	9655	3285	0	2015-03-27 20:08:42.769834+00	0		
149	199639	9655	3286	0	2015-03-27 20:34:08.214284+00	0		
155	199639	84193	3363	0	2015-04-09 22:56:22.858583+00	0		
178	199639	3926	3880	0	2015-05-14 23:03:40.401388+00	0		
154	199639	358	3355	0	2015-04-08 13:06:48.361126+00	0		
157	199639	9526	3379	0	2015-04-16 03:02:37.871646+00	0		
159	199639	9526	3378	0	2015-04-16 03:06:40.90064+00	0		
161	199639	5114	3382	0	2015-04-16 03:22:14.517754+00	0		
179	199639	7289	3915	0	2015-05-15 10:17:54.720543+00	0		
176	199639	7741	3694	0	2015-05-08 22:48:49.44151+00	0		
169	199639	101189	3522	0	2015-04-29 06:47:16.476681+00	0		
170	199639	101189	3523	0	2015-04-29 07:21:47.721286+00	0		
171	199639	101189	3525	0	2015-04-30 10:45:02.293994+00	0		
172	199639	101189	3526	0	2015-04-30 10:57:35.99019+00	0		
118	199639	23647	3019	0	2015-02-26 03:13:34.055316+00	0		
74	199639	4434	1698	0	2014-12-12 23:53:20.600363+00	0		
59	199639	14262	1570	0	2014-12-07 18:50:43.36222+00	0		
2	199639	309	700	0	2014-11-18 18:33:28.25172+00	0		
60	199639	5060	1571	0	2014-12-07 18:53:07.849364+00	0		
70	199639	7712	1606	0	2014-12-11 12:28:52.8803+00	0		
61	199639	14262	1575	0	2014-12-07 21:04:58.398278+00	0		
125	199639	7020	3057	0	2015-03-05 09:28:47.846254+00	0		
40	199639	7289	772	0	2014-11-29 11:16:54.527112+00	0		
41	199639	7954	1220	0	2014-11-29 12:45:45.642917+00	0		
42	199639	7954	1221	0	2014-11-29 12:45:45.731412+00	0		
54	199639	69268	1307	0	2014-12-01 13:01:14.704031+00	0		
43	199639	23647	1233	0	2014-11-29 13:35:33.883+00	0		
55	199639	69268	1308	0	2014-12-01 13:02:28.286983+00	0		
44	199639	23647	1234	0	2014-11-29 13:35:35.400713+00	0		
57	199639	9399	1456	0	2014-12-02 23:22:18.537116+00	0		
45	199639	23647	1235	0	2014-11-29 13:35:37.209489+00	0		
58	199639	3934	1491	0	2014-12-03 20:30:46.211439+00	0		
46	199639	23647	1236	0	2014-11-29 13:35:38.867489+00	0		
62	199639	5060	1576	0	2014-12-07 21:08:06.432618+00	0		
4	199639	23647	736	0	2014-11-19 10:11:45.687319+00	0		
47	199639	69810	1252	0	2014-11-29 19:10:12.499376+00	0		
48	199639	69810	1253	0	2014-11-29 19:13:58.735646+00	0		
49	199639	69810	1254	0	2014-11-29 19:18:07.22904+00	0		
63	199639	7702	1577	0	2014-12-07 21:11:18.64022+00	0		
3	199639	69810	734	0	2014-11-19 09:11:50.674812+00	0		
64	199639	4629	1578	0	2014-12-07 21:14:19.729416+00	0		
5	199639	7954	738	0	2014-11-19 10:48:40.237731+00	0		
69	199639	12908	1606	0	2014-12-11 12:28:52.8803+00	0		
39	199639	7279	1203	0	2014-11-28 19:34:55.277758+00	0		
52	199639	7573	1301	0	2014-12-01 11:15:55.562072+00	0		
53	199639	7573	1303	0	2014-12-01 11:18:09.779911+00	0		
129	199639	11113	3137	0	2015-03-15 16:53:10.335561+00	0		
65	199639	29936	1587	0	2014-12-08 11:00:06.769949+00	0		
56	199639	8173	1341	0	2014-12-01 20:08:22.27091+00	0		
77	199639	30620	1781	0	2014-12-15 00:37:31.950784+00	0		
16	201183	69268	958	0	2014-11-25 12:53:00.043668+00	0		
17	201186	69268	959	0	2014-11-25 13:01:09.377131+00	0		
18	199639	7573	961	0	2014-11-25 13:20:10.546956+00	0		
19	199639	5768	968	0	2014-11-25 18:57:19.579274+00	0		
66	199639	6348	1603	0	2014-12-11 00:20:32.490341+00	0		
21	199639	5768	969	0	2014-11-25 18:59:31.08932+00	0		
23	199639	7288	967	0	2014-11-25 19:02:49.245496+00	0		
24	199639	5768	972	0	2014-11-25 19:03:57.410913+00	0		
25	199639	5768	971	0	2014-11-25 19:04:52.390811+00	0		
26	199639	5768	970	0	2014-11-25 19:05:30.815543+00	0		
137	199639	9526	3181	0	2015-03-23 11:35:38.233725+00	0		
36	199639	5179	1012	0	2014-11-27 18:07:32.432306+00	0		
51	199639	13103	1297	0	2014-11-30 21:42:19.582284+00	0		
67	199639	6348	1604	0	2014-12-11 00:26:59.939922+00	0		
68	199639	6348	1605	0	2014-12-11 00:49:53.217173+00	0		
20	199639	5768	962	0	2014-11-25 18:58:48.277412+00	0		
29	199639	7020	988	0	2014-11-26 16:56:34.240434+00	0		
30	199639	91467	999	0	2014-11-26 18:17:07.285262+00	0		
50	199639	4434	1262	0	2014-11-30 01:54:18.575446+00	0		
35	199639	7707	1011	0	2014-11-27 16:21:31.744146+00	0		
71	199639	69810	1609	0	2014-12-11 19:28:20.276602+00	0		
72	199639	69810	1608	0	2014-12-11 19:28:43.824455+00	0		
83	199639	2450	2052	0	2014-12-24 17:21:57.731536+00	0		
73	199639	69810	1607	0	2014-12-11 19:28:44.702476+00	0		
85	199639	2429	2054	0	2014-12-24 23:34:25.164807+00	0		
15	199639	69810	957	0	2014-11-25 12:42:45.854543+00	0		
87	199639	2429	2056	0	2014-12-24 23:55:30.610467+00	0		
89	199639	2429	2058	0	2014-12-25 00:08:35.964587+00	0		
91	199639	2429	2060	0	2014-12-25 00:16:01.803961+00	0		
153	199639	4434	3342	0	2015-04-01 20:33:25.812117+00	0		
140	199639	9655	2214	0	2015-03-26 23:53:08.229826+00	0		
144	199639	9655	3281	0	2015-03-27 17:45:07.703569+00	0		
104	199639	5197	2264	0	2015-01-15 05:44:29.068651+00	0		
114	199639	11669	2972	0	2015-02-22 15:01:25.826507+00	0		
123	199639	7707	3048	0	2015-03-05 00:08:16.669443+00	0		
146	199639	9655	3283	0	2015-03-27 17:52:21.633225+00	0		
158	199639	9526	3380	0	2015-04-16 03:05:07.181754+00	0		
160	199639	5114	3381	0	2015-04-16 03:20:53.24968+00	0		
162	199639	5114	3383	0	2015-04-16 03:24:13.927625+00	0		
168	199639	5194	3521	0	2015-04-29 05:46:44.659526+00	0		
173	199639	101189	3527	0	2015-04-30 10:58:23.810842+00	0		
181	199639	85266	4056	0	2015-05-18 19:25:04.430809+00	0		
219	199639	7703	5580	0	2015-08-17 17:23:27.33225+00	0		
184	199639	101189	4126	0	2015-05-22 08:19:01.129457+00	0		
185	199639	68490	4186	0	2015-05-22 10:46:11.829511+00	0		
180	199639	23661	4039	0	2015-05-17 10:02:47.499065+00	0		
182	199639	7289	4057	0	2015-05-18 23:01:49.930355+00	0		
186	199639	114957	4250	0	2015-05-26 11:05:16.877093+00	0		
183	199639	2429	4067	0	2015-05-20 10:54:15.79933+00	0		
188	199639	40732	4289	0	2015-05-28 12:11:35.375824+00	0		
189	199639	68979	4290	0	2015-05-28 12:20:15.896687+00	0		
220	199639	107	5581	0	2015-08-17 17:37:59.080694+00	0		
187	199639	7289	4275	0	2015-05-27 15:16:44.71726+00	0		
190	199639	22955	4364	0	2015-05-29 02:29:49.001889+00	0		
223	199639	326	5732	0	2015-08-25 19:55:52.516452+00	0		
213	199639	7291	5567	0	2015-08-16 19:07:03.617989+00	0		
214	199639	331	5571	0	2015-08-17 10:44:28.407578+00	0		
191	199639	84231	4671	0	2015-06-05 06:07:05.638808+00	0		
192	199639	9655	4819	0	2015-06-10 20:26:44.796844+00	0		
193	199639	9655	4820	0	2015-06-10 20:55:02.986541+00	0		
194	199639	9655	4821	0	2015-06-10 20:59:01.871524+00	0		
197	199639	4434	4971	0	2015-06-22 18:51:33.866907+00	0		
224	199639	46187	5749	0	2015-08-27 13:07:36.103057+00	0		
198	199639	2450	4992	0	2015-06-23 18:52:20.237808+00	0		
225	199639	45703	5750	0	2015-08-27 13:17:17.760331+00	0		
201	199639	2450	5210	0	2015-07-04 18:07:22.78869+00	0		
202	199639	2429	5219	0	2015-07-06 16:42:49.204276+00	0		
203	199639	7948	5222	0	2015-07-07 13:30:05.027985+00	0		
199	199639	7703	5202	0	2015-07-02 03:16:56.470244+00	0		
200	199639	7289	5205	0	2015-07-03 04:02:58.162562+00	0		
204	199639	80706	5283	0	2015-07-14 17:28:46.970113+00	0		
205	199639	2547	5338	0	2015-07-23 10:10:27.825934+00	0		
206	199639	5114	5369	0	2015-07-31 18:42:52.742244+00	0		
207	199639	5114	5370	0	2015-07-31 18:52:32.207416+00	0		
226	199639	23425	5858	0	2015-08-31 16:47:07.136378+00	0		
227	199639	23425	5859	0	2015-08-31 16:47:45.542774+00	0		
208	199639	89409	5407	0	2015-08-02 23:22:20.999481+00	0		
209	199639	896	5412	0	2015-08-03 03:44:06.07673+00	0		
228	199639	5179	5857	0	2015-08-31 17:25:05.274773+00	0		
234	199639	100982	6219	0	2015-09-11 23:54:03.872873+00	0		
229	199639	68528	5956	0	2015-09-03 21:51:21.446234+00	0		
210	199639	95246	5509	0	2015-08-12 11:47:56.478782+00	0		
221	199639	326	5660	0	2015-08-21 00:45:55.759875+00	0		
212	199639	3881	5525	0	2015-08-14 09:46:57.511861+00	0		
222	199639	28063	3348	0	2015-08-21 16:56:04.815217+00	0		
215	199639	7703	5576	0	2015-08-17 16:54:16.728759+00	0		
216	199639	7703	5577	0	2015-08-17 17:04:28.064853+00	0		
217	199639	7703	5578	0	2015-08-17 17:10:49.518979+00	0		
218	199639	7703	5579	0	2015-08-17 17:18:48.306806+00	0		
236	199639	7715	6248	0	2015-09-12 09:26:55.056304+00	0		
22	199639	5768	966	0	2014-11-25 19:02:03.727564+00	0		
233	199639	8830	6217	0	2015-09-11 14:16:52.527873+00	0		
235	199639	100982	6220	0	2015-09-12 00:06:20.323318+00	0		
237	199639	7715	6249	0	2015-09-12 09:36:20.373958+00	0		
239	199639	7715	6251	0	2015-09-12 09:40:19.34729+00	0		
240	199639	7715	6257	0	2015-09-13 00:35:41.866987+00	0		
241	199639	7715	6258	0	2015-09-13 00:37:27.528379+00	0		
230	199639	5114	5790	0	2015-09-05 20:37:51.319891+00	0		
242	199639	7715	6268	0	2015-09-13 10:49:25.66602+00	0		
243	199639	7715	6269	0	2015-09-13 10:49:54.910091+00	0		
244	199639	7715	6270	0	2015-09-13 10:50:17.297527+00	0		
246	199639	30650	6378	0	2015-09-14 05:07:37.49704+00	0		
247	199639	100982	6414	0	2015-09-14 18:23:03.329244+00	0		
231	199639	101189	6071	0	2015-09-07 04:15:55.516989+00	0		
232	199639	100	4780	0	2015-09-10 06:37:25.990969+00	0		
238	199639	7715	6250	0	2015-09-12 09:37:50.443842+00	0		
245	199639	7715	6271	0	2015-09-13 10:50:39.584896+00	0		
248	199639	100982	6415	0	2015-09-14 18:47:41.000929+00	0		
249	199639	100982	6416	0	2015-09-14 19:26:50.396841+00	0		
250	199639	100982	6417	0	2015-09-14 19:35:22.063323+00	0		
251	199639	100982	6418	0	2015-09-14 21:30:21.934989+00	0		
252	199639	7291	6469	0	2015-09-15 18:00:21.509687+00	0		
254	199639	7954	6470	0	2015-09-15 18:15:58.468933+00	0		
255	199639	331	6473	0	2015-09-15 21:19:41.84936+00	0		
256	199639	22401	6500	0	2015-09-16 21:12:22.343402+00	0		
257	199639	22401	6501	0	2015-09-16 21:23:19.857877+00	0		
258	199639	70205	6532	0	2015-09-17 12:58:39.80781+00	0		
259	199639	69948	6536	0	2015-09-17 13:43:58.300835+00	0		
260	199639	7954	6646	0	2015-09-19 11:22:59.804532+00	0		
261	199639	7954	6647	0	2015-09-19 11:24:00.415965+00	0		
262	199639	7726	6650	0	2015-09-19 11:37:42.155536+00	0		
264	199639	5131	6766	0	2015-09-21 10:53:52.020057+00	0		
265	199639	331	6772	0	2015-09-21 12:33:33.944174+00	0		
266	199639	7709	6790	0	2015-09-21 21:33:56.594361+00	0		
267	199639	23743	6798	0	2015-09-21 22:36:23.716429+00	0		
268	199639	326	6823	0	2015-09-22 08:14:14.229457+00	0		
269	199639	397	6930	0	2015-09-24 15:12:45.986587+00	0		
253	199639	7323	6468	0	2015-09-15 18:02:19.392643+00	0		
270	199639	30921	7094	0	2015-10-03 21:43:08.426075+00	0		
271	199639	30921	7095	0	2015-10-03 21:45:08.573165+00	0		
272	199639	30921	7096	0	2015-10-03 21:45:17.285074+00	0		
273	199639	30921	7098	0	2015-10-03 21:58:53.669022+00	0		
276	199639	5111	7495	0	2015-10-15 21:38:16.252793+00	0		
275	199639	5161	7494	0	2015-10-15 12:49:33.916122+00	0		
279	199639	22537	7727	0	2015-10-23 11:59:40.207737+00	0		
277	199639	5114	7515	0	2015-10-16 21:27:29.363852+00	0		
278	199639	96	7516	0	2015-10-16 22:55:45.853586+00	0		
