643693	12735	4	274774	0	2011-05-16 16:08:20.288158+00	0		
905084	12735	4	347626	0	2011-05-16 16:08:20.288158+00	0		
97130	12735	4	362712	0	2011-05-16 16:08:20.288158+00	0		
905411	12735	4	448887	0	2011-05-16 16:08:20.288158+00	0		
49165	12735	4	725963	0	2011-05-16 16:08:20.288158+00	0		
682353	12735	4	880536	0	2011-05-16 16:08:20.288158+00	0		
314481	12735	4	896182	0	2011-05-16 16:08:20.288158+00	0		
911343	12735	4	897644	0	2011-05-16 16:08:20.288158+00	0		
746868	12735	4	926703	0	2011-05-16 16:08:20.288158+00	0		
1987129	12800	49710	3204179	0	2013-05-15 17:00:18.105631+00	0		
912609	12735	4	1010325	0	2011-05-16 16:08:20.288158+00	0		
908493	12735	4	1201633	0	2011-05-16 16:08:20.288158+00	0		
913039	12735	4	1370498	0	2011-05-16 16:08:20.288158+00	0		
619047	12735	4	1597439	0	2011-05-16 16:08:20.288158+00	0		
619048	12735	4	1619991	0	2011-05-16 16:08:20.288158+00	0		
619049	12735	4	1619995	0	2011-05-16 16:08:20.288158+00	0		
27160	12735	4	1678473	0	2011-05-16 16:08:20.288158+00	0		
619050	12735	4	1844654	0	2011-05-16 16:08:20.288158+00	0		
37738	12735	4	2760020	0	2011-05-16 16:08:20.288158+00	0		
60993	12735	4	3080742	0	2011-05-16 16:08:20.288158+00	0		
60994	12735	4	3080743	0	2011-05-16 16:08:20.288158+00	0		
757522	12735	4	3317558	0	2011-05-16 16:08:20.288158+00	0		
37739	12735	4	3629148	0	2011-05-16 16:08:20.288158+00	0		
37740	12735	4	3629149	0	2011-05-16 16:08:20.288158+00	0		
37741	12735	4	3629150	0	2011-05-16 16:08:20.288158+00	0		
734362	12735	4	3898292	0	2011-05-16 16:08:20.288158+00	0		
58078	12735	4	5833562	0	2011-05-16 16:08:20.288158+00	0		
111797	12735	4	7111582	0	2011-05-16 16:08:20.288158+00	0		
619055	12735	4	7976289	0	2011-05-16 16:08:20.288158+00	0		
342905	12735	4	9085024	0	2011-05-16 16:08:20.288158+00	0		
619056	12735	4	9689208	0	2011-05-16 16:08:20.288158+00	0		
619057	12735	4	10516781	0	2011-05-16 16:08:20.288158+00	0		
612264	12735	4	10981021	0	2011-05-16 16:08:20.288158+00	0		
612265	12735	4	10981023	0	2011-05-16 16:08:20.288158+00	0		
619060	12735	20	7494324	0	2011-05-16 16:08:20.288158+00	0		
619065	12735	20	7494325	0	2011-05-16 16:08:20.288158+00	0		
619074	12735	27	24382	0	2011-05-16 16:08:20.288158+00	0		
696387	12735	34	996550	0	2011-05-16 16:08:20.288158+00	0		
1386488	12750	2921	2374180	0	2012-10-09 07:07:32.17639+00	0		
619095	12735	37	1774222	0	2011-05-16 16:08:20.288158+00	0		
753599	12735	37	3037265	0	2011-05-16 16:08:20.288158+00	0		
111844	12735	37	7111590	0	2011-05-16 16:08:20.288158+00	0		
42923	12735	42	501742	0	2011-05-16 16:08:20.288158+00	0		
958207	12735	143057	879938	0	2011-07-13 03:00:07.125225+00	0		
958208	12735	813121	879939	0	2011-07-13 03:00:07.145171+00	0		
279558	12735	42	1454215	0	2011-05-16 16:08:20.288158+00	0		
30388	12735	42	1465566	0	2011-05-16 16:08:20.288158+00	0		
103629	12735	42	1859642	0	2011-05-16 16:08:20.288158+00	0		
42921	12735	42	3196548	0	2011-05-16 16:08:20.288158+00	0		
69554	12735	42	3309462	0	2011-05-16 16:08:20.288158+00	0		
958283	12739	812746	12517850	0	2011-07-13 10:00:06.798523+00	0		
124318	12735	42	7374016	0	2011-05-16 16:08:20.288158+00	0		
958284	12739	812746	12517851	0	2011-07-13 10:00:06.814315+00	0		
27523	12735	51	5927156	0	2011-05-16 16:08:20.288158+00	0		
87977	12735	51	5976694	0	2011-05-16 16:08:20.288158+00	0		
54319	12735	51	6028936	0	2011-05-16 16:08:20.288158+00	0		
85658	12735	51	6658035	0	2011-05-16 16:08:20.288158+00	0		
238078	12735	51	8184530	0	2011-05-16 16:08:20.288158+00	0		
44212	12735	58	5705741	0	2011-05-16 16:08:20.288158+00	0		
97339	12735	58	6966812	0	2011-05-16 16:08:20.288158+00	0		
211904	12735	58	8019273	0	2011-05-16 16:08:20.288158+00	0		
534526	12735	58	10505529	0	2011-05-16 16:08:20.288158+00	0		
80423	12735	65	632120	0	2011-05-16 16:08:20.288158+00	0		
34026	12735	65	1097107	0	2011-05-16 16:08:20.288158+00	0		
2476015	12737	708875	15675110	0	2014-01-13 22:00:28.42275+00	0		
34028	12735	65	1571533	0	2011-05-16 16:08:20.288158+00	0		
34029	12735	65	1736336	0	2011-05-16 16:08:20.288158+00	0		
34030	12735	65	1840917	0	2011-05-16 16:08:20.288158+00	0		
1987130	12755	49710	3204179	0	2013-05-15 17:00:18.160269+00	0		
746431	12735	65	2181512	0	2011-05-16 16:08:20.288158+00	0		
34022	12735	65	3063737	0	2011-05-16 16:08:20.288158+00	0		
34016	12735	65	3283919	0	2011-05-16 16:08:20.288158+00	0		
238838	12735	65	3704966	0	2011-05-16 16:08:20.288158+00	0		
34023	12735	65	3866613	0	2011-05-16 16:08:20.288158+00	0		
34025	12735	65	4026692	0	2011-05-16 16:08:20.288158+00	0		
34027	12735	65	4811075	0	2011-05-16 16:08:20.288158+00	0		
619279	12735	65	6189947	0	2011-05-16 16:08:20.288158+00	0		
98264	12735	65	7020191	0	2011-05-16 16:08:20.288158+00	0		
98271	12735	65	7020273	0	2011-05-16 16:08:20.288158+00	0		
725853	12735	65	8915017	0	2011-05-16 16:08:20.288158+00	0		
182361	12735	4	3274509	0	2013-01-20 13:15:21.968422+00	0		
633987	12735	65	11157362	0	2011-05-16 16:08:20.288158+00	0		
619146	12735	70	1146649	0	2011-05-16 16:08:20.288158+00	0		
759044	12735	86	3175068	0	2011-05-16 16:08:20.288158+00	0		
715251	12735	86	5667295	0	2011-05-16 16:08:20.288158+00	0		
715340	12735	86	5667297	0	2011-05-16 16:08:20.288158+00	0		
560414	12735	131	345773	0	2011-05-16 16:08:20.288158+00	0		
560415	12735	131	345774	0	2011-05-16 16:08:20.288158+00	0		
560416	12735	131	345775	0	2011-05-16 16:08:20.288158+00	0		
560418	12735	131	345776	0	2011-05-16 16:08:20.288158+00	0		
560419	12735	131	345777	0	2011-05-16 16:08:20.288158+00	0		
560420	12735	131	345778	0	2011-05-16 16:08:20.288158+00	0		
560421	12735	131	345779	0	2011-05-16 16:08:20.288158+00	0		
619231	12735	164	4388400	0	2011-05-16 16:08:20.288158+00	0		
619232	12735	164	4388408	0	2011-05-16 16:08:20.288158+00	0		
619256	12735	179	1152458	0	2011-05-16 16:08:20.288158+00	0		
27158	12735	4	464702	0	2014-03-01 23:00:32.379361+00	0		
2476013	12737	708875	15675108	0	2014-01-13 22:00:28.353601+00	0		
41601	12735	34	260323	0	2011-08-11 11:03:30.036047+00	0		
696141	12768	582455	686304	0	2012-07-02 23:00:07.576765+00	0		
1389870	12773	622591	14082221	0	2012-10-27 19:00:36.71619+00	0		
795048	12735	4	10577035	0	2013-06-08 08:01:15.628678+00	0		
800616	12735	37	4593294	0	2013-01-20 13:15:20.737927+00	0		
619097	12735	37	8915019	0	2014-12-23 21:02:30.194919+00	0		
619130	12735	65	3087029	0	2014-12-24 12:01:43.821802+00	0		
560417	12735	131	442864	0	2015-01-14 17:01:18.839672+00	0		
69829	12735	42	3309461	0	2015-01-29 00:04:27.360786+00	0		
619138	12735	69	2475405	0	2015-02-28 18:02:32.435806+00	0		
55057	12735	69	2484791	0	2015-02-28 18:02:32.435806+00	0		
483435	12735	69	7386231	0	2015-02-28 18:02:32.435806+00	0		
434117	12750	2122	295302	0	2015-03-18 05:00:13.281106+00	0		
42922	12735	42	496051	0	2015-04-03 13:04:30.521356+00	0		
1633418	12758	938	3021449	0	2013-04-07 20:03:22.236742+00	0		
34020	12735	65	896148	0	2014-04-18 21:01:02.937222+00	0		
34021	12735	65	15356077	0	2013-10-18 13:00:24.841747+00	0		
203442	12735	213	702569	0	2013-12-24 16:00:26.302816+00	0		
669818	12735	213	702577	0	2013-12-24 16:00:26.302816+00	0		
101309	12735	89	1594898	0	2015-08-14 08:04:01.738279+00	0		
619305	12735	213	1197911	0	2013-12-24 16:00:26.302816+00	0		
619306	12735	213	2233253	0	2013-12-24 16:00:26.302816+00	0		
619307	12735	213	3634203	0	2013-12-24 16:00:26.302816+00	0		
337962	12735	213	9048596	0	2013-12-24 16:00:26.302816+00	0		
2476014	12737	708875	15675109	0	2014-01-13 22:00:28.385747+00	0		
2476023	12737	708875	15675118	0	2014-01-13 22:00:28.688716+00	0		
2476024	12737	708875	15675119	0	2014-01-13 22:00:28.716889+00	0		
2476025	12737	708875	15675120	0	2014-01-13 22:00:28.75139+00	0		
2476026	12737	708875	15675121	0	2014-01-13 22:00:28.778048+00	0		
2476027	12737	708875	15675122	0	2014-01-13 22:00:28.822131+00	0		
2476028	12737	708875	15613677	0	2014-01-13 22:00:31.831325+00	0		
2483836	12783	1075960	12325552	0	2014-01-16 12:00:26.371595+00	0		
2483837	27744	1075963	12325552	0	2014-01-16 12:00:26.379134+00	0		
2483839	12755	6347	12325552	0	2014-01-16 12:00:26.394704+00	0		
2483840	12755	1075960	12325552	0	2014-01-16 12:00:26.401259+00	0		
1987195	12772	1005104	5996418	0	2013-05-15 17:00:26.551826+00	0		
2483841	12755	1075963	12325552	0	2014-01-16 12:00:26.407809+00	0		
2483845	12769	333198	12325552	0	2014-02-15 16:01:51.909052+00	0		
2483838	12739	1075964	12325552	0	2014-03-12 11:02:18.293437+00	0		
2483842	12755	1075964	12325552	0	2014-03-12 11:02:18.293437+00	0		
2483849	12739	1075964	12325553	0	2014-03-12 11:02:18.293437+00	0		
29813	12735	242	62663	0	2011-05-16 16:08:20.288158+00	0		
29800	12735	242	247666	0	2011-05-16 16:08:20.288158+00	0		
29822	12735	242	247669	0	2011-05-16 16:08:20.288158+00	0		
154586	12735	242	247670	0	2011-05-16 16:08:20.288158+00	0		
154588	12735	242	247672	0	2011-05-16 16:08:20.288158+00	0		
154587	12735	242	247673	0	2011-05-16 16:08:20.288158+00	0		
29817	12735	242	302994	0	2011-05-16 16:08:20.288158+00	0		
29821	12735	242	317514	0	2011-05-16 16:08:20.288158+00	0		
97060	12735	242	520671	0	2011-05-16 16:08:20.288158+00	0		
97062	12735	242	520676	0	2011-05-16 16:08:20.288158+00	0		
29808	12735	242	530716	0	2011-05-16 16:08:20.288158+00	0		
619346	12735	242	551634	0	2011-05-16 16:08:20.288158+00	0		
30825	12735	242	590851	0	2011-05-16 16:08:20.288158+00	0		
134809	12735	242	650370	0	2011-05-16 16:08:20.288158+00	0		
154423	12735	242	664917	0	2011-05-16 16:08:20.288158+00	0		
154424	12735	242	664919	0	2011-05-16 16:08:20.288158+00	0		
154426	12735	242	664922	0	2011-05-16 16:08:20.288158+00	0		
30824	12735	242	725958	0	2011-05-16 16:08:20.288158+00	0		
29812	12735	242	725962	0	2011-05-16 16:08:20.288158+00	0		
29685	12735	242	783950	0	2011-05-16 16:08:20.288158+00	0		
30823	12735	242	810283	0	2011-05-16 16:08:20.288158+00	0		
98177	12735	242	821268	0	2011-05-16 16:08:20.288158+00	0		
35132	12735	242	838197	0	2011-05-16 16:08:20.288158+00	0		
619347	12735	242	843943	0	2011-05-16 16:08:20.288158+00	0		
29814	12735	242	861334	0	2011-05-16 16:08:20.288158+00	0		
29801	12735	242	864487	0	2011-05-16 16:08:20.288158+00	0		
61919	12735	242	903433	0	2011-05-16 16:08:20.288158+00	0		
619350	12735	242	1078626	0	2011-05-16 16:08:20.288158+00	0		
29810	12735	242	1235009	0	2011-05-16 16:08:20.288158+00	0		
29820	12735	242	1262116	0	2011-05-16 16:08:20.288158+00	0		
177727	12735	242	1262118	0	2011-05-16 16:08:20.288158+00	0		
30839	12735	242	1305575	0	2011-05-16 16:08:20.288158+00	0		
1633419	103961	245008	14403851	0	2013-01-05 00:26:07.759995+00	0		
736364	12735	242	1423253	0	2011-05-16 16:08:20.288158+00	0		
29804	12735	242	1518930	0	2011-05-16 16:08:20.288158+00	0		
30841	12735	242	1650291	0	2011-05-16 16:08:20.288158+00	0		
725173	12735	242	1659522	0	2011-05-16 16:08:20.288158+00	0		
30832	12735	242	1678472	0	2011-05-16 16:08:20.288158+00	0		
29811	12735	242	1841267	0	2011-05-16 16:08:20.288158+00	0		
29805	12735	242	2008918	0	2011-05-16 16:08:20.288158+00	0		
30836	12735	242	2150935	0	2011-05-16 16:08:20.288158+00	0		
29806	12735	242	2304154	0	2011-05-16 16:08:20.288158+00	0		
1059126	12746	242340	2175946	0	2012-01-05 10:00:11.263988+00	0		
30827	12735	242	2524461	0	2011-05-16 16:08:20.288158+00	0		
30822	12735	242	2760012	0	2011-05-16 16:08:20.288158+00	0		
99500	12735	242	2921270	0	2011-05-16 16:08:20.288158+00	0		
30835	12735	242	3123783	0	2011-05-16 16:08:20.288158+00	0		
30831	12735	242	3123792	0	2011-05-16 16:08:20.288158+00	0		
619356	12735	242	3265834	0	2011-05-16 16:08:20.288158+00	0		
30833	12735	242	3364993	0	2011-05-16 16:08:20.288158+00	0		
505223	12735	242	3489462	0	2011-05-16 16:08:20.288158+00	0		
30829	12735	242	3489463	0	2011-05-16 16:08:20.288158+00	0		
29815	12735	242	3516332	0	2011-05-16 16:08:20.288158+00	0		
29819	12735	242	3668657	0	2011-05-16 16:08:20.288158+00	0		
30830	12735	242	3762862	0	2011-05-16 16:08:20.288158+00	0		
21396	12735	242	3889065	0	2011-05-16 16:08:20.288158+00	0		
21397	12735	242	3889067	0	2011-05-16 16:08:20.288158+00	0		
767352	12735	242	3980117	0	2011-05-16 16:08:20.288158+00	0		
767351	12735	242	3980129	0	2011-05-16 16:08:20.288158+00	0		
30828	12735	242	4029412	0	2011-05-16 16:08:20.288158+00	0		
29809	12735	242	4084400	0	2011-05-16 16:08:20.288158+00	0		
105868	12735	242	5251368	0	2011-05-16 16:08:20.288158+00	0		
619358	12735	242	6019844	0	2011-05-16 16:08:20.288158+00	0		
29807	12735	242	7493979	0	2011-05-16 16:08:20.288158+00	0		
619359	12735	242	7598926	0	2011-05-16 16:08:20.288158+00	0		
225823	12735	242	8106600	0	2011-05-16 16:08:20.288158+00	0		
225839	12735	242	8106855	0	2011-05-16 16:08:20.288158+00	0		
225857	12735	242	8106869	0	2011-05-16 16:08:20.288158+00	0		
225859	12735	242	8106897	0	2011-05-16 16:08:20.288158+00	0		
245367	12735	242	8240816	0	2011-05-16 16:08:20.288158+00	0		
292089	12735	242	8277537	0	2011-05-16 16:08:20.288158+00	0		
285465	12735	242	8529470	0	2011-05-16 16:08:20.288158+00	0		
287637	12735	242	8552410	0	2011-05-16 16:08:20.288158+00	0		
287638	12735	242	8552413	0	2011-05-16 16:08:20.288158+00	0		
29816	12735	242	783935	0	2011-08-22 14:00:11.808324+00	0		
735808	12737	237209	3975144	0	2011-11-05 01:00:19.615821+00	0		
1987196	12769	557652	5996418	0	2013-05-15 17:00:26.598295+00	0		
30843	12735	242	1122725	0	2013-06-03 17:00:19.894448+00	0		
25436	12735	239	388164	0	2013-06-07 10:00:14.881297+00	0		
33475	12735	239	529784	0	2013-06-07 10:00:14.881297+00	0		
2476016	12737	708875	15675111	0	2014-01-13 22:00:28.452647+00	0		
2476017	12737	708875	15675112	0	2014-01-13 22:00:28.49307+00	0		
2476018	12737	708875	15675113	0	2014-01-13 22:00:28.51964+00	0		
2476019	12737	708875	15675114	0	2014-01-13 22:00:28.559916+00	0		
2476020	12737	708875	15675115	0	2014-01-13 22:00:28.601459+00	0		
2476021	12737	708875	15675116	0	2014-01-13 22:00:28.629206+00	0		
2476022	12737	708875	15675117	0	2014-01-13 22:00:28.656821+00	0		
2483843	12737	667178	12325552	0	2014-01-16 12:00:26.420857+00	0		
2483844	12769	343309	12325552	0	2014-01-16 12:00:26.427901+00	0		
2483846	12783	6347	12325553	0	2014-01-16 12:00:26.505893+00	0		
114933	12735	242	1323184	0	2014-12-13 08:00:58.191171+00	0		
154425	12735	242	664920	0	2014-12-13 09:02:07.196661+00	0		
2483847	12783	1075960	12325553	0	2014-01-16 12:00:26.521107+00	0		
2483848	27744	1075963	12325553	0	2014-01-16 12:00:26.529852+00	0		
2483850	12755	6347	12325553	0	2014-01-16 12:00:26.547126+00	0		
2483851	12755	1075960	12325553	0	2014-01-16 12:00:26.555956+00	0		
2483852	12755	1075963	12325553	0	2014-01-16 12:00:26.564312+00	0		
295842	12735	242	8607300	0	2011-05-16 16:08:20.288158+00	0		
295843	12735	242	8607301	0	2011-05-16 16:08:20.288158+00	0		
295844	12735	242	8607302	0	2011-05-16 16:08:20.288158+00	0		
295845	12735	242	8607303	0	2011-05-16 16:08:20.288158+00	0		
295846	12735	242	8607304	0	2011-05-16 16:08:20.288158+00	0		
295847	12735	242	8607305	0	2011-05-16 16:08:20.288158+00	0		
295848	12735	242	8607306	0	2011-05-16 16:08:20.288158+00	0		
295849	12735	242	8607307	0	2011-05-16 16:08:20.288158+00	0		
295850	12735	242	8607308	0	2011-05-16 16:08:20.288158+00	0		
295851	12735	242	8607309	0	2011-05-16 16:08:20.288158+00	0		
295852	12735	242	8607310	0	2011-05-16 16:08:20.288158+00	0		
619361	12735	242	8873716	0	2011-05-16 16:08:20.288158+00	0		
334673	12735	242	9005469	0	2011-05-16 16:08:20.288158+00	0		
619362	12735	242	9014242	0	2011-05-16 16:08:20.288158+00	0		
505224	12735	242	10335621	0	2011-05-16 16:08:20.288158+00	0		
30834	12735	242	10910865	0	2011-05-16 16:08:20.288158+00	0		
900002	12735	242	12210334	0	2011-05-16 16:08:20.288158+00	0		
907542	12735	242	12210336	0	2011-05-16 16:08:20.288158+00	0		
619371	12735	253	2322685	0	2011-05-16 16:08:20.288158+00	0		
276937	12735	255	125279	0	2011-05-16 16:08:20.288158+00	0		
619372	12735	255	165698	0	2011-05-16 16:08:20.288158+00	0		
28516	12735	255	292768	0	2011-05-16 16:08:20.288158+00	0		
619374	12735	255	339526	0	2011-05-16 16:08:20.288158+00	0		
32779	12735	255	339530	0	2011-05-16 16:08:20.288158+00	0		
619375	12735	255	339531	0	2011-05-16 16:08:20.288158+00	0		
619376	12735	255	339534	0	2011-05-16 16:08:20.288158+00	0		
619377	12735	255	339535	0	2011-05-16 16:08:20.288158+00	0		
905632	12735	255	435118	0	2011-05-16 16:08:20.288158+00	0		
32762	12735	255	654110	0	2011-05-16 16:08:20.288158+00	0		
619381	12735	255	713122	0	2011-05-16 16:08:20.288158+00	0		
76181	12735	255	762889	0	2011-05-16 16:08:20.288158+00	0		
619383	12735	255	810276	0	2011-05-16 16:08:20.288158+00	0		
619384	12735	255	810278	0	2011-05-16 16:08:20.288158+00	0		
32744	12735	255	839848	0	2011-05-16 16:08:20.288158+00	0		
61920	12735	255	903262	0	2011-05-16 16:08:20.288158+00	0		
32776	12735	255	903460	0	2011-05-16 16:08:20.288158+00	0		
35791	12735	255	999414	0	2011-05-16 16:08:20.288158+00	0		
32781	12735	255	1048054	0	2011-05-16 16:08:20.288158+00	0		
32745	12735	255	1165492	0	2011-05-16 16:08:20.288158+00	0		
32788	12735	255	1229419	0	2011-05-16 16:08:20.288158+00	0		
154874	12735	255	1229421	0	2011-05-16 16:08:20.288158+00	0		
154882	12735	255	1235000	0	2011-05-16 16:08:20.288158+00	0		
32736	12735	255	1243268	0	2011-05-16 16:08:20.288158+00	0		
276966	12735	255	1264562	0	2011-05-16 16:08:20.288158+00	0		
32758	12735	255	1277715	0	2011-05-16 16:08:20.288158+00	0		
32777	12735	255	1277724	0	2011-05-16 16:08:20.288158+00	0		
29823	12735	255	1320225	0	2011-05-16 16:08:20.288158+00	0		
526716	12735	255	1325462	0	2011-05-16 16:08:20.288158+00	0		
32741	12735	255	1340297	0	2011-05-16 16:08:20.288158+00	0		
276967	12735	255	1399002	0	2011-05-16 16:08:20.288158+00	0		
276968	12735	255	1399003	0	2011-05-16 16:08:20.288158+00	0		
731061	12735	255	1423295	0	2011-05-16 16:08:20.288158+00	0		
32785	12735	255	1444174	0	2011-05-16 16:08:20.288158+00	0		
32756	12735	255	1464714	0	2011-05-16 16:08:20.288158+00	0		
32786	12735	255	1471459	0	2011-05-16 16:08:20.288158+00	0		
32784	12735	255	1471460	0	2011-05-16 16:08:20.288158+00	0		
32725	12735	255	1475558	0	2011-05-16 16:08:20.288158+00	0		
28511	12735	255	1476473	0	2011-05-16 16:08:20.288158+00	0		
619387	12735	255	1497292	0	2011-05-16 16:08:20.288158+00	0		
32793	12735	255	1612894	0	2011-05-16 16:08:20.288158+00	0		
32724	12735	255	1612896	0	2011-05-16 16:08:20.288158+00	0		
32790	12735	255	1612898	0	2011-05-16 16:08:20.288158+00	0		
32754	12735	255	1612900	0	2011-05-16 16:08:20.288158+00	0		
32737	12735	255	1612901	0	2011-05-16 16:08:20.288158+00	0		
32780	12735	255	1619794	0	2011-05-16 16:08:20.288158+00	0		
32767	12735	255	1619795	0	2011-05-16 16:08:20.288158+00	0		
32739	12735	255	1648039	0	2011-05-16 16:08:20.288158+00	0		
28519	12735	255	1765753	0	2011-05-16 16:08:20.288158+00	0		
32761	12735	255	1844753	0	2011-05-16 16:08:20.288158+00	0		
32759	12735	255	1856979	0	2011-05-16 16:08:20.288158+00	0		
28515	12735	255	1890023	0	2011-05-16 16:08:20.288158+00	0		
32765	12735	255	1987350	0	2011-05-16 16:08:20.288158+00	0		
619389	12735	255	1990155	0	2011-05-16 16:08:20.288158+00	0		
619390	12735	255	2004978	0	2011-05-16 16:08:20.288158+00	0		
28518	12735	255	2032014	0	2011-05-16 16:08:20.288158+00	0		
32728	12735	255	2032015	0	2011-05-16 16:08:20.288158+00	0		
32730	12735	255	2032019	0	2011-05-16 16:08:20.288158+00	0		
619391	12735	255	2085170	0	2011-05-16 16:08:20.288158+00	0		
619392	12735	255	2085171	0	2011-05-16 16:08:20.288158+00	0		
28508	12735	255	2137825	0	2011-05-16 16:08:20.288158+00	0		
28421	12735	255	2207864	0	2011-05-16 16:08:20.288158+00	0		
32747	12735	255	2349440	0	2011-05-16 16:08:20.288158+00	0		
32764	12735	255	2410191	0	2011-05-16 16:08:20.288158+00	0		
58953	12735	255	2476759	0	2011-05-16 16:08:20.288158+00	0		
619393	12735	255	2485594	0	2011-05-16 16:08:20.288158+00	0		
32743	12735	255	2489337	0	2011-05-16 16:08:20.288158+00	0		
1987197	12769	557654	5996418	0	2013-05-15 17:00:26.642883+00	0		
28505	12735	255	2630664	0	2011-05-16 16:08:20.288158+00	0		
726723	12735	255	2749503	0	2011-05-16 16:08:20.288158+00	0		
32792	12735	255	2749504	0	2011-05-16 16:08:20.288158+00	0		
28504	12735	255	3025360	0	2011-10-24 16:02:23.158538+00	0		
32723	12735	255	2749506	0	2011-05-16 16:08:20.288158+00	0		
32789	12735	255	2749508	0	2011-05-16 16:08:20.288158+00	0		
723789	12735	255	2749509	0	2011-05-16 16:08:20.288158+00	0		
782291	12735	255	2803020	0	2011-05-16 16:08:20.288158+00	0		
782292	12735	255	2803022	0	2011-05-16 16:08:20.288158+00	0		
32782	12735	255	2821988	0	2011-05-16 16:08:20.288158+00	0		
619395	12735	255	2834061	0	2011-05-16 16:08:20.288158+00	0		
32742	12735	255	2841454	0	2011-05-16 16:08:20.288158+00	0		
32748	12735	255	2855923	0	2011-05-16 16:08:20.288158+00	0		
619396	12735	255	2879490	0	2011-05-16 16:08:20.288158+00	0		
294148	12735	255	2957431	0	2011-05-16 16:08:20.288158+00	0		
619397	12735	255	3033014	0	2011-05-16 16:08:20.288158+00	0		
32746	12735	255	3076770	0	2011-05-16 16:08:20.288158+00	0		
28510	12735	255	3226777	0	2011-05-16 16:08:20.288158+00	0		
32727	12735	255	3279256	0	2011-05-16 16:08:20.288158+00	0		
28422	12735	255	3330636	0	2011-05-16 16:08:20.288158+00	0		
32766	12735	255	3652720	0	2011-05-16 16:08:20.288158+00	0		
32749	12735	255	3707478	0	2011-05-16 16:08:20.288158+00	0		
65415	12735	255	3815567	0	2011-05-16 16:08:20.288158+00	0		
619398	12735	255	3882525	0	2011-05-16 16:08:20.288158+00	0		
822706	12735	255	3882579	0	2011-05-16 16:08:20.288158+00	0		
32787	12735	255	3889836	0	2011-05-16 16:08:20.288158+00	0		
32735	12735	255	3897509	0	2011-05-16 16:08:20.288158+00	0		
742909	12735	255	3980116	0	2011-05-16 16:08:20.288158+00	0		
740600	12735	255	3980123	0	2011-05-16 16:08:20.288158+00	0		
28509	12735	255	4099951	0	2011-05-16 16:08:20.288158+00	0		
28517	12735	255	4119517	0	2011-05-16 16:08:20.288158+00	0		
32783	12735	255	4235364	0	2011-05-16 16:08:20.288158+00	0		
32794	12735	255	4337559	0	2011-05-16 16:08:20.288158+00	0		
28423	12735	255	4339337	0	2011-05-16 16:08:20.288158+00	0		
28896	12735	255	4392127	0	2011-05-16 16:08:20.288158+00	0		
53994	12735	255	4433604	0	2011-05-16 16:08:20.288158+00	0		
62938	12735	255	4455135	0	2011-05-16 16:08:20.288158+00	0		
32775	12735	255	3346329	0	2012-05-16 22:00:13.61573+00	0		
54914	12735	255	756257	0	2014-04-08 14:00:13.596436+00	0		
62939	12735	255	4455136	0	2011-05-16 16:08:20.288158+00	0		
32778	12735	255	4479561	0	2011-05-16 16:08:20.288158+00	0		
619399	12735	255	4508297	0	2011-05-16 16:08:20.288158+00	0		
30797	12735	255	4612259	0	2011-05-16 16:08:20.288158+00	0		
32729	12735	255	4627745	0	2011-05-16 16:08:20.288158+00	0		
32757	12735	255	4627746	0	2011-05-16 16:08:20.288158+00	0		
32791	12735	255	4627749	0	2011-05-16 16:08:20.288158+00	0		
32760	12735	255	4627752	0	2011-05-16 16:08:20.288158+00	0		
32738	12735	255	4627753	0	2011-05-16 16:08:20.288158+00	0		
32731	12735	255	4639715	0	2011-05-16 16:08:20.288158+00	0		
270728	12735	255	4741209	0	2011-05-16 16:08:20.288158+00	0		
32763	12735	255	4756492	0	2011-05-16 16:08:20.288158+00	0		
107451	12735	255	4801830	0	2011-05-16 16:08:20.288158+00	0		
32740	12735	255	5279515	0	2011-05-16 16:08:20.288158+00	0		
412143	12735	255	12115375	0	2011-11-19 14:00:19.196904+00	0		
619401	12735	255	5641692	0	2011-05-16 16:08:20.288158+00	0		
619402	12735	255	5748775	0	2011-05-16 16:08:20.288158+00	0		
245853	12735	255	6160853	0	2011-05-16 16:08:20.288158+00	0		
619403	12735	255	6585090	0	2011-05-16 16:08:20.288158+00	0		
86398	12735	255	6729344	0	2011-05-16 16:08:20.288158+00	0		
619404	12735	255	6759620	0	2011-05-16 16:08:20.288158+00	0		
619405	12735	255	6927685	0	2011-05-16 16:08:20.288158+00	0		
255387	12735	255	7470204	0	2011-05-16 16:08:20.288158+00	0		
146038	12735	255	7520534	0	2011-05-16 16:08:20.288158+00	0		
181800	12735	255	7815368	0	2011-05-16 16:08:20.288158+00	0		
619407	12735	255	8025732	0	2011-05-16 16:08:20.288158+00	0		
254981	12735	255	8025836	0	2011-05-16 16:08:20.288158+00	0		
294162	12735	255	8600511	0	2011-05-16 16:08:20.288158+00	0		
619412	12735	255	9082962	0	2011-05-16 16:08:20.288158+00	0		
28514	12735	255	9780672	0	2011-05-16 16:08:20.288158+00	0		
448579	12735	255	9872112	0	2011-05-16 16:08:20.288158+00	0		
619417	12735	255	10495795	0	2011-05-16 16:08:20.288158+00	0		
731367	12735	255	11469659	0	2011-05-16 16:08:20.288158+00	0		
919239	12735	255	12298550	0	2011-05-16 16:08:20.288158+00	0		
919333	12735	255	12298551	0	2011-05-16 16:08:20.288158+00	0		
1386489	13438	741396	2374180	0	2012-10-09 07:08:02.731651+00	0		
619422	12735	258	132149	0	2011-05-16 16:08:20.288158+00	0		
619424	12735	258	133367	0	2011-05-16 16:08:20.288158+00	0		
619425	12735	258	463116	0	2011-05-16 16:08:20.288158+00	0		
619426	12735	258	470554	0	2011-05-16 16:08:20.288158+00	0		
82121	12735	258	768605	0	2011-05-16 16:08:20.288158+00	0		
505344	12735	258	1132897	0	2011-05-16 16:08:20.288158+00	0		
1005620	130503	271305	12790461	0	2014-01-06 22:00:29.523919+00	0		
25985	12735	258	3001957	0	2011-05-16 16:08:20.288158+00	0		
134937	12735	258	3553840	0	2011-05-16 16:08:20.288158+00	0		
249593	12735	258	4445990	0	2011-05-16 16:08:20.288158+00	0		
619427	12735	258	4603895	0	2011-05-16 16:08:20.288158+00	0		
619428	12735	258	4637802	0	2011-05-16 16:08:20.288158+00	0		
48496	12735	258	4820807	0	2011-05-16 16:08:20.288158+00	0		
48573	12735	258	4919677	0	2011-05-16 16:08:20.288158+00	0		
249820	12735	258	5593260	0	2011-05-16 16:08:20.288158+00	0		
160018	12735	258	6513219	0	2011-05-16 16:08:20.288158+00	0		
170217	12735	258	7707904	0	2011-05-16 16:08:20.288158+00	0		
227638	12735	258	8115770	0	2011-05-16 16:08:20.288158+00	0		
838044	12735	258	11864989	0	2011-05-16 16:08:20.288158+00	0		
958285	12739	812746	12517852	0	2011-07-13 10:00:06.822678+00	0		
1149418	41100	842807	12981456	0	2012-03-20 14:00:09.831237+00	0		
1149419	41100	842807	12981457	0	2012-03-20 14:00:09.843501+00	0		
1149420	41100	842807	12981458	0	2012-03-20 14:00:09.85513+00	0		
1149421	41100	842807	12981459	0	2012-03-20 14:00:09.874739+00	0		
1149422	41100	842807	12981460	0	2012-03-20 14:00:09.887199+00	0		
1149423	19450	872587	12981438	0	2012-03-20 14:00:10.267439+00	0		
1149424	19450	872587	12981439	0	2012-03-20 14:00:10.289864+00	0		
1149425	19450	872587	12981440	0	2012-03-20 14:00:10.299471+00	0		
1149426	19450	872587	12981441	0	2012-03-20 14:00:10.311916+00	0		
1149427	19450	872587	12981442	0	2012-03-20 14:00:10.328166+00	0		
1149428	19450	872587	12981443	0	2012-03-20 14:00:10.357552+00	0		
1149429	19450	872587	12981444	0	2012-03-20 14:00:10.368766+00	0		
1149430	19450	872587	12981445	0	2012-03-20 14:00:10.388505+00	0		
1149431	19450	872587	12981446	0	2012-03-20 14:00:10.401104+00	0		
1149432	19450	872587	12981447	0	2012-03-20 14:00:10.413559+00	0		
1149433	19450	872587	12981448	0	2012-03-20 14:00:10.425758+00	0		
1149434	19450	872587	12981449	0	2012-03-20 14:00:10.437308+00	0		
1149435	19450	872587	12981450	0	2012-03-20 14:00:10.45759+00	0		
1149436	19450	872587	12981451	0	2012-03-20 14:00:10.470738+00	0		
1149437	19450	872587	12981452	0	2012-03-20 14:00:10.485584+00	0		
1149438	19450	872587	12981453	0	2012-03-20 14:00:10.503079+00	0		
1149439	19450	872587	12981454	0	2012-03-20 14:00:10.515417+00	0		
1149440	19450	872587	12981455	0	2012-03-20 14:00:10.527221+00	0		
1149441	19450	872587	12981456	0	2012-03-20 14:00:10.540671+00	0		
1149442	19450	872587	12981457	0	2012-03-20 14:00:10.555885+00	0		
1149443	19450	872587	12981458	0	2012-03-20 14:00:10.571655+00	0		
1162261	12750	439740	4653536	0	2012-04-04 13:00:12.59745+00	0		
1162262	12750	439740	4653537	0	2012-04-04 13:00:12.613996+00	0		
1162562	13025	275823	13381389	0	2012-04-04 16:00:09.439363+00	0		
1162563	13025	275823	13381390	0	2012-04-04 16:00:09.449449+00	0		
1162564	13025	275823	13381391	0	2012-04-04 16:00:09.459557+00	0		
1162905	12746	756794	9898225	0	2012-04-04 17:00:32.569181+00	0		
1163021	32751	523232	9898235	0	2012-04-04 18:00:24.664059+00	0		
1163215	12750	598169	13385477	0	2013-01-20 19:12:59.1989+00	0		
1269925	12773	900660	9910292	0	2012-06-20 07:09:46.465187+00	0		
1163216	12750	598169	13385478	0	2013-01-20 19:12:59.1989+00	0		
1163217	12750	598169	13385479	0	2013-01-20 19:12:59.1989+00	0		
122663	12735	257	810834	0	2012-08-17 09:00:09.000407+00	0		
1163218	12750	598169	13385480	0	2013-01-20 19:12:59.1989+00	0		
1270657	12793	900945	13014625	0	2013-02-24 03:00:49.103644+00	0		
1987198	12768	990421	5996418	0	2013-05-15 17:00:26.680525+00	0		
619400	12735	255	4717800	0	2015-05-07 14:02:34.10517+00	0		
32769	12735	255	1286486	0	2015-05-07 15:00:19.324436+00	0		
958286	12739	812746	12517853	0	2011-07-13 10:00:06.833733+00	0		
1271279	12737	901171	9910062	0	2012-06-21 22:13:34.888746+00	0		
1271800	12920	533463	8139714	0	2012-06-22 00:09:08.971753+00	0		
1270930	31452	35536	5728780	0	2013-05-10 14:00:20.48865+00	0		
1271801	12920	533463	8139715	0	2012-06-22 00:09:08.971753+00	0		
619418	12735	257	871045	0	2012-08-17 09:00:09.000407+00	0		
1271802	12920	533463	8139716	0	2012-06-22 00:09:08.971753+00	0		
619419	12735	257	1084902	0	2012-08-17 09:00:09.000407+00	0		
1271803	12920	533463	8139717	0	2012-06-22 00:09:08.971753+00	0		
63764	12735	257	1088197	0	2012-08-17 09:00:09.000407+00	0		
910692	12735	257	1209428	0	2012-08-17 09:00:09.000407+00	0		
912492	12735	257	1260794	0	2012-08-17 09:00:09.000407+00	0		
619420	12735	257	1402458	0	2012-08-17 09:00:09.000407+00	0		
1987199	12755	32618	5996419	0	2013-05-15 17:00:26.729654+00	0		
1633420	103962	45573	14403851	0	2013-01-05 00:26:07.759995+00	0		
1987200	12772	469240	5996419	0	2013-05-15 17:00:26.778712+00	0		
1389872	12773	622591	14082223	0	2012-10-27 19:00:36.739803+00	0		
49070	12735	258	2063558	0	2013-08-06 09:00:28.575072+00	0		
1389873	12773	622591	14082224	0	2012-10-27 19:00:36.751222+00	0		
2031388	12737	334703	1179781	0	2013-05-31 17:00:12.987361+00	0		
1158253	12800	875465	2271455	0	2012-03-31 05:00:07.850162+00	0		
1160304	12739	471899	349815	0	2012-04-02 06:00:26.849292+00	0		
1162046	12737	507628	12761407	0	2012-04-04 01:00:36.645595+00	0		
1162565	13025	275823	13381393	0	2012-04-04 16:00:09.473972+00	0		
1633421	103961	245008	14403852	0	2013-01-05 00:26:07.759995+00	0		
1389874	12773	622591	14082225	0	2012-10-27 19:00:36.763727+00	0		
1389875	12773	622591	14082226	0	2012-10-27 19:00:36.783172+00	0		
1160305	12789	471899	349815	0	2012-04-02 07:00:06.099054+00	0		
1162050	12737	12079	8570901	0	2012-04-04 01:00:36.703188+00	0		
1162263	12758	337001	727475	0	2012-04-29 18:00:05.467559+00	0		
1162578	31452	212411	7427954	0	2012-04-04 16:00:09.689569+00	0		
1162906	13271	212411	7427958	0	2012-04-04 17:00:32.661605+00	0		
1163022	22469	876736	7427963	0	2012-04-04 18:00:24.722618+00	0		
1163220	12750	598169	13385482	0	2013-01-20 19:12:59.1989+00	0		
1163221	12750	598169	13385483	0	2013-01-20 19:12:59.1989+00	0		
1163222	12750	598169	13385484	0	2013-01-20 19:12:59.1989+00	0		
1163223	12750	598169	13385485	0	2013-01-20 19:12:59.1989+00	0		
1163224	12750	598169	13385486	0	2013-01-20 19:12:59.1989+00	0		
1270931	31452	35536	5728782	0	2013-05-10 14:00:20.48865+00	0		
1163389	12789	704863	7950044	0	2012-04-05 08:00:10.08521+00	0		
1163494	12741	97994	676435	0	2012-04-05 11:00:14.996931+00	0		
1163856	42380	863761	13387843	0	2012-04-05 18:00:06.866827+00	0		
1163970	42419	15073	8020348	0	2012-04-05 20:00:06.709542+00	0		
1164082	42460	15073	8020423	0	2012-04-05 21:00:11.309822+00	0		
1164194	42478	150621	8020447	0	2012-04-05 22:00:07.402297+00	0		
2009334	12735	356726	14661311	0	2013-05-16 21:01:14.258048+00	0		
1633422	103962	45573	14403852	0	2013-01-05 00:26:07.759995+00	0		
2009306	12778	1007349	14915357	0	2013-05-22 18:00:18.652651+00	0		
1633423	103961	245008	14403853	0	2013-01-05 00:26:07.759995+00	0		
1163700	12750	54310	13215473	0	2012-03-22 14:13:20.884023+00	0		
1163714	12750	54310	13215487	0	2012-03-22 14:13:22.904383+00	0		
1163701	12750	54310	13215474	0	2012-03-22 14:13:22.355543+00	0		
1163702	12750	54310	13215475	0	2012-03-22 14:13:22.394797+00	0		
1163703	12750	54310	13215476	0	2012-03-22 14:13:22.430659+00	0		
1163715	12750	54310	13215488	0	2012-03-22 14:13:22.938856+00	0		
1163704	12750	54310	13215477	0	2012-03-22 14:13:22.469638+00	0		
1163705	12750	54310	13215478	0	2012-03-22 14:13:22.506024+00	0		
2014255	14063	1008175	14837854	0	2013-05-17 23:31:32.865552+00	0		
1163706	12750	54310	13215479	0	2012-03-22 14:13:22.560119+00	0		
1163707	12750	54310	13215480	0	2012-03-22 14:13:22.606922+00	0		
1163708	12750	54310	13215481	0	2012-03-22 14:13:22.652124+00	0		
1163709	12750	54310	13215482	0	2012-03-22 14:13:22.6941+00	0		
1164644	12749	315435	3577104	0	2012-04-06 14:00:17.778899+00	0		
1163710	12750	54310	13215483	0	2012-03-22 14:13:22.737061+00	0		
1163711	12750	54310	13215484	0	2012-03-22 14:13:22.785597+00	0		
1164786	12843	442043	13392063	0	2012-04-06 19:00:10.803021+00	0		
1163712	12750	54310	13215485	0	2012-03-22 14:13:22.825672+00	0		
1164772	12755	31717	1150839	0	2013-11-19 04:00:16.10168+00	0		
1163713	12750	54310	13215486	0	2012-03-22 14:13:22.861272+00	0		
1164810	12749	877433	13392073	0	2012-04-06 20:00:07.109583+00	0		
1164819	12787	397137	13392076	0	2012-04-06 20:00:08.126412+00	0		
1164836	12771	877479	13392231	0	2012-04-06 21:00:13.228816+00	0		
1164837	12771	877479	13392232	0	2012-04-06 21:00:13.23784+00	0		
8266	12755	21916	5884615	0	2013-08-28 18:01:18.672513+00	0		
1164838	12771	877479	13392233	0	2012-04-06 21:00:13.24622+00	0		
1005645	130507	271305	12790486	0	2014-01-06 22:00:29.698188+00	0		
1164839	12771	877479	13392235	0	2012-04-06 21:00:13.256281+00	0		
1152875	38601	873267	13341106	0	2012-03-23 10:00:15.200238+00	0		
905680	12735	284	276505	0	2011-05-16 16:08:20.288158+00	0		
699539	12735	284	527634	0	2011-05-16 16:08:20.288158+00	0		
619437	12735	284	1173923	0	2011-05-16 16:08:20.288158+00	0		
619438	12735	284	1173927	0	2011-05-16 16:08:20.288158+00	0		
619441	12735	284	3197363	0	2011-05-16 16:08:20.288158+00	0		
922	12735	284	5858749	0	2011-05-16 16:08:20.288158+00	0		
88184	12735	284	6816965	0	2011-05-16 16:08:20.288158+00	0		
88183	12735	284	6816966	0	2011-05-16 16:08:20.288158+00	0		
619442	12735	284	9611838	0	2011-05-16 16:08:20.288158+00	0		
619443	12735	284	9611839	0	2011-05-16 16:08:20.288158+00	0		
812627	12735	284	11750311	0	2011-05-16 16:08:20.288158+00	0		
37916	12735	304	668977	0	2011-05-16 16:08:20.288158+00	0		
619449	12735	304	1011791	0	2011-05-16 16:08:20.288158+00	0		
160186	12735	304	1104620	0	2011-05-16 16:08:20.288158+00	0		
1152879	38601	873267	13341110	0	2012-03-23 10:00:15.2389+00	0		
1152881	38601	873267	13341112	0	2012-03-23 10:00:15.258258+00	0		
1152882	38601	873267	13341113	0	2012-03-23 10:00:15.268189+00	0		
1152883	41344	4523	13337941	0	2012-03-23 10:00:15.276565+00	0		
1152884	41345	4523	13337942	0	2012-03-23 10:00:15.28655+00	0		
1152885	41346	4523	13337943	0	2012-03-23 10:00:15.294199+00	0		
1152886	41347	4523	13337944	0	2012-03-23 10:00:15.301822+00	0		
1152887	41345	4523	13337945	0	2012-03-23 10:00:15.314475+00	0		
1152888	41348	4523	13337946	0	2012-03-23 10:00:15.325678+00	0		
1152889	41349	4523	13337947	0	2012-03-23 10:00:15.33489+00	0		
1152890	41350	4523	13337948	0	2012-03-23 10:00:15.349721+00	0		
1152891	41351	4523	13337949	0	2012-03-23 10:00:16.238386+00	0		
1152892	41352	4523	13337950	0	2012-03-23 10:00:16.249188+00	0		
1152893	41344	4523	13337951	0	2012-03-23 10:00:16.268028+00	0		
1152896	41353	873269	13341104	0	2012-03-23 10:00:16.32235+00	0		
1152897	41353	873269	13341105	0	2012-03-23 10:00:16.331391+00	0		
1152898	41353	873269	13341106	0	2012-03-23 10:00:16.34044+00	0		
619448	12735	304	915016	0	2013-12-26 19:00:21.519921+00	0		
1164840	12771	877479	13392237	0	2012-04-06 21:00:13.264993+00	0		
166170	12735	289	174479	0	2014-03-12 11:02:08.673725+00	0		
619440	12735	284	2911726	0	2015-03-12 22:09:57.570908+00	0		
619444	12735	289	1444127	0	2014-03-12 11:02:08.673725+00	0		
1269926	12773	900034	9910293	0	2012-06-20 07:10:22.678512+00	0		
1271280	12759	528775	8076504	0	2012-07-05 23:00:18.768421+00	0		
2031389	12769	414604	1179781	0	2013-05-31 17:00:13.041523+00	0		
1164796	12800	691968	13392067	0	2013-09-17 19:00:29.808086+00	0		
1269927	12773	900034	9910294	0	2012-07-18 06:00:08.53539+00	0		
1158254	12749	129886	2271455	0	2012-03-31 05:00:07.862695+00	0		
1164876	12755	627455	13392360	0	2012-03-23 20:58:38.918036+00	0		
1162051	12737	12079	8570902	0	2012-04-04 01:00:36.711823+00	0		
1164877	12755	627455	13392361	0	2012-03-23 20:58:40.471945+00	0		
1162052	12737	12079	8570903	0	2012-04-04 01:00:36.721424+00	0		
1164878	12755	627455	13392362	0	2012-03-23 20:58:40.512932+00	0		
1162053	12737	12079	8570904	0	2012-04-04 01:00:36.730169+00	0		
1164879	12755	627455	13392363	0	2012-03-23 20:58:40.554445+00	0		
1162054	12737	12079	8570905	0	2012-04-04 01:00:36.739507+00	0		
1162055	12737	12079	8570906	0	2012-04-04 01:00:36.749575+00	0		
1161286	42159	22483	397962	0	2015-08-21 10:03:18.421539+00	0		
1162056	12737	12079	8570907	0	2012-04-04 01:00:36.768248+00	0		
1162057	12737	12079	8570908	0	2012-04-04 01:00:36.77836+00	0		
1162058	12737	12079	8570909	0	2012-04-04 01:00:36.788277+00	0		
1270658	12739	731881	13014625	0	2012-07-05 07:00:09.585358+00	0		
1271281	12759	528775	8076505	0	2012-07-05 23:00:18.787396+00	0		
1164304	12750	187072	13389862	0	2012-12-12 14:01:09.301048+00	0		
1164305	12750	187072	13389863	0	2012-12-12 14:01:09.301048+00	0		
1164773	12755	31717	1150840	0	2013-11-19 04:00:16.10168+00	0		
1152878	38601	873267	13341109	0	2014-03-12 19:00:35.491842+00	0		
1152894	41353	873269	13341102	0	2014-03-12 19:00:36.611451+00	0		
1152876	38601	873267	13341107	0	2014-03-12 19:00:37.331656+00	0		
1152899	41353	873269	13341107	0	2014-03-12 19:00:37.331656+00	0		
238348	18801	478490	8185752	0	2014-04-04 19:40:26.827452+00	0		
602332	22890	266317	4626153	0	2014-03-21 22:42:26.519848+00	0		
590918	15572	279441	4626153	0	2014-03-21 22:42:26.519848+00	0		
704606	12735	304	1137610	0	2011-05-16 16:08:20.288158+00	0		
39261	12735	304	1446713	0	2011-05-16 16:08:20.288158+00	0		
619450	12735	304	2607756	0	2011-05-16 16:08:20.288158+00	0		
830661	12735	304	2946673	0	2011-05-16 16:08:20.288158+00	0		
619451	12735	304	5822185	0	2011-05-16 16:08:20.288158+00	0		
1005646	130507	271305	12790487	0	2014-01-06 22:00:29.76658+00	0		
161597	12735	304	7363557	0	2011-05-16 16:08:20.288158+00	0		
435509	12735	304	9749474	0	2011-05-16 16:08:20.288158+00	0		
509194	12735	304	10356287	0	2011-05-16 16:08:20.288158+00	0		
484120	12735	314	9904073	0	2011-05-16 16:08:20.288158+00	0		
693328	12735	317	248125	0	2011-05-16 16:08:20.288158+00	0		
619487	12735	317	903067	0	2011-05-16 16:08:20.288158+00	0		
619488	12735	317	903068	0	2011-05-16 16:08:20.288158+00	0		
625808	12735	317	3087070	0	2011-05-16 16:08:20.288158+00	0		
1633424	103962	45573	14403853	0	2013-01-05 00:26:07.759995+00	0		
1987410	12769	200902	584519	0	2013-05-15 18:00:25.935511+00	0		
46015	12735	347	1069795	0	2011-05-16 16:08:20.288158+00	0		
37927	12735	347	1343885	0	2011-05-16 16:08:20.288158+00	0		
37928	12735	347	1343886	0	2011-05-16 16:08:20.288158+00	0		
649907	12735	347	1363434	0	2011-05-16 16:08:20.288158+00	0		
66039	12735	347	1440203	0	2011-05-16 16:08:20.288158+00	0		
66042	12735	347	1440205	0	2011-05-16 16:08:20.288158+00	0		
66043	12735	347	1440207	0	2011-05-16 16:08:20.288158+00	0		
286127	12735	357	3607472	0	2011-05-16 16:08:20.288158+00	0		
1386490	12749	932746	2374180	0	2012-10-09 07:10:43.957609+00	0		
778762	12735	318	754342	0	2012-11-27 11:39:55.073522+00	0		
310368	12735	361	684588	0	2011-05-16 16:08:20.288158+00	0		
619572	12735	361	1643936	0	2011-05-16 16:08:20.288158+00	0		
101308	12735	366	1594898	0	2011-05-16 16:08:20.288158+00	0		
907228	12735	367	1142992	0	2011-05-16 16:08:20.288158+00	0		
150144	12735	367	7543455	0	2011-05-16 16:08:20.288158+00	0		
734387	12735	373	1503938	0	2011-05-16 16:08:20.288158+00	0		
754001	12735	373	2020773	0	2011-05-16 16:08:20.288158+00	0		
753999	12735	373	2020774	0	2011-05-16 16:08:20.288158+00	0		
718753	12735	373	2020775	0	2011-05-16 16:08:20.288158+00	0		
739263	12735	373	2020776	0	2011-05-16 16:08:20.288158+00	0		
782209	12735	373	4063915	0	2011-05-16 16:08:20.288158+00	0		
328673	12735	383	86398	0	2011-05-16 16:08:20.288158+00	0		
59912	12735	383	211001	0	2011-05-16 16:08:20.288158+00	0		
700850	12735	359	159920	0	2014-01-19 05:00:22.653903+00	0		
1005647	130507	271305	12790488	0	2014-01-06 22:00:29.89241+00	0		
59919	12735	383	281139	0	2011-05-16 16:08:20.288158+00	0		
59948	12735	383	281141	0	2011-05-16 16:08:20.288158+00	0		
208835	12735	383	439614	0	2011-05-16 16:08:20.288158+00	0		
27050	12735	383	860739	0	2011-05-16 16:08:20.288158+00	0		
682314	12735	383	879192	0	2011-05-16 16:08:20.288158+00	0		
27938	12735	383	1052053	0	2011-05-16 16:08:20.288158+00	0		
27939	12735	383	1052054	0	2011-05-16 16:08:20.288158+00	0		
27940	12735	383	1052055	0	2011-05-16 16:08:20.288158+00	0		
42926	12735	359	496053	0	2014-01-19 05:00:22.653903+00	0		
27942	12735	383	1052057	0	2011-05-16 16:08:20.288158+00	0		
59937	12735	383	1052059	0	2011-05-16 16:08:20.288158+00	0		
27943	12735	383	1052062	0	2011-05-16 16:08:20.288158+00	0		
59938	12735	383	1052063	0	2011-05-16 16:08:20.288158+00	0		
90253	12735	383	1072412	0	2011-05-16 16:08:20.288158+00	0		
59922	12735	383	1101245	0	2011-05-16 16:08:20.288158+00	0		
59954	12735	383	1101246	0	2011-05-16 16:08:20.288158+00	0		
59924	12735	383	1101247	0	2011-05-16 16:08:20.288158+00	0		
59956	12735	383	1101248	0	2011-05-16 16:08:20.288158+00	0		
59926	12735	383	1101249	0	2011-05-16 16:08:20.288158+00	0		
59958	12735	383	1101250	0	2011-05-16 16:08:20.288158+00	0		
2288	12735	383	1102818	0	2011-05-16 16:08:20.288158+00	0		
59963	12735	383	1302830	0	2011-05-16 16:08:20.288158+00	0		
59964	12735	383	1302836	0	2011-05-16 16:08:20.288158+00	0		
59965	12735	383	1302837	0	2011-05-16 16:08:20.288158+00	0		
33600	12735	383	1370965	0	2011-05-16 16:08:20.288158+00	0		
98655	12735	383	1374589	0	2011-05-16 16:08:20.288158+00	0		
59939	12735	383	1471330	0	2011-05-16 16:08:20.288158+00	0		
59940	12735	383	1471333	0	2011-05-16 16:08:20.288158+00	0		
66041	12735	347	1440204	0	2011-09-15 21:02:00.68444+00	0		
307348	12735	304	8740152	0	2011-11-25 14:00:07.726246+00	0		
1023182	12749	788891	12884442	0	2012-05-01 12:42:26.447696+00	0		
66040	12735	347	2992918	0	2015-01-13 11:03:38.84248+00	0		
46411	12735	347	5829568	0	2015-04-08 00:02:49.953483+00	0		
736018	12735	325	2963843	0	2015-05-18 04:03:19.905132+00	0		
1005779	147693	64981	12790517	0	2014-01-16 14:55:29.528997+00	0		
1005750	147677	64981	12790488	0	2014-01-16 14:57:44.271857+00	0		
73766	12735	359	822688	0	2014-01-19 05:00:22.653903+00	0		
912992	12735	21283	926736	0	2014-02-01 16:20:30.919428+00	0		
693242	12735	317	248124	0	2014-02-19 21:00:18.153247+00	0		
238349	18801	478490	8185753	0	2014-04-04 19:44:02.397429+00	0		
643641	12735	383	270139	0	2014-04-10 09:00:18.165707+00	0		
59936	12735	383	2010181	0	2013-02-28 06:00:32.723479+00	0		
529620	12735	383	1877922	0	2011-05-16 16:08:20.288158+00	0		
59935	12735	383	2010174	0	2011-05-16 16:08:20.288158+00	0		
59825	12735	383	2010175	0	2011-05-16 16:08:20.288158+00	0		
59826	12735	383	2010176	0	2011-05-16 16:08:20.288158+00	0		
59827	12735	383	2010177	0	2011-05-16 16:08:20.288158+00	0		
59828	12735	383	2010178	0	2011-05-16 16:08:20.288158+00	0		
59829	12735	383	2010179	0	2011-05-16 16:08:20.288158+00	0		
59830	12735	383	2010180	0	2011-05-16 16:08:20.288158+00	0		
2284	12735	383	2010182	0	2011-05-16 16:08:20.288158+00	0		
59832	12735	383	2010184	0	2011-05-16 16:08:20.288158+00	0		
59833	12735	383	2010188	0	2011-05-16 16:08:20.288158+00	0		
59834	12735	383	2010193	0	2011-05-16 16:08:20.288158+00	0		
59944	12735	383	281143	0	2015-09-04 07:02:54.655901+00	0		
59932	12735	383	1101020	0	2015-09-04 07:02:57.441101+00	0		
59933	12735	383	1101021	0	2015-09-04 07:02:58.052664+00	0		
250442	12735	383	1101022	0	2015-09-04 07:02:58.639428+00	0		
59934	12735	383	1101025	0	2015-09-04 07:03:00.122682+00	0		
33597	12735	383	2021528	0	2011-05-16 16:08:20.288158+00	0		
2285	12735	383	2113865	0	2011-05-16 16:08:20.288158+00	0		
54612	12735	383	2364807	0	2011-05-16 16:08:20.288158+00	0		
33596	12735	383	2376739	0	2011-05-16 16:08:20.288158+00	0		
1633425	103961	245008	14403854	0	2013-01-05 00:26:07.759995+00	0		
1005684	110934	271305	12790525	0	2014-01-06 22:06:34.14446+00	0		
777330	12735	383	2538355	0	2011-05-16 16:08:20.288158+00	0		
102655	12735	383	2701088	0	2011-05-16 16:08:20.288158+00	0		
102656	12735	383	2701089	0	2011-05-16 16:08:20.288158+00	0		
34705	12735	383	2841789	0	2011-05-16 16:08:20.288158+00	0		
33602	12735	383	3140039	0	2011-05-16 16:08:20.288158+00	0		
453811	12735	383	3334588	0	2011-05-16 16:08:20.288158+00	0		
28965	12735	383	4090518	0	2011-05-16 16:08:20.288158+00	0		
59899	12735	383	4413845	0	2011-05-16 16:08:20.288158+00	0		
1987441	12783	200902	584522	0	2013-05-15 18:00:26.620218+00	0		
59901	12735	383	4413847	0	2011-05-16 16:08:20.288158+00	0		
59902	12735	383	4413848	0	2011-05-16 16:08:20.288158+00	0		
59903	12735	383	4413850	0	2011-05-16 16:08:20.288158+00	0		
59905	12735	383	4413851	0	2011-05-16 16:08:20.288158+00	0		
59906	12735	383	4413853	0	2011-05-16 16:08:20.288158+00	0		
98669	12735	383	4574252	0	2011-05-16 16:08:20.288158+00	0		
54752	12735	383	5853504	0	2011-05-16 16:08:20.288158+00	0		
2009335	12750	128803	3092723	0	2013-05-22 21:00:19.878754+00	0		
208836	12735	383	6781663	0	2011-05-16 16:08:20.288158+00	0		
93696	12735	383	6939732	0	2011-05-16 16:08:20.288158+00	0		
97385	12735	383	7003368	0	2011-05-16 16:08:20.288158+00	0		
104625	12735	383	7115751	0	2011-05-16 16:08:20.288158+00	0		
154196	12735	383	7581374	0	2011-05-16 16:08:20.288158+00	0		
175354	12735	383	7705080	0	2011-05-16 16:08:20.288158+00	0		
2014256	14063	1008176	14837854	0	2013-05-17 23:31:32.865552+00	0		
406768	12735	383	9532343	0	2011-05-16 16:08:20.288158+00	0		
739129	12735	401	1421591	0	2011-05-16 16:08:20.288158+00	0		
761657	12735	401	1762426	0	2011-05-16 16:08:20.288158+00	0		
115497	12735	401	7202385	0	2011-05-16 16:08:20.288158+00	0		
121601	12735	401	7310281	0	2011-05-16 16:08:20.288158+00	0		
121602	12735	401	7310282	0	2011-05-16 16:08:20.288158+00	0		
172723	12735	401	7735421	0	2011-05-16 16:08:20.288158+00	0		
248625	12735	401	8260344	0	2011-05-16 16:08:20.288158+00	0		
369760	12735	401	9209321	0	2011-05-16 16:08:20.288158+00	0		
738993	12735	401	11543015	0	2011-05-16 16:08:20.288158+00	0		
912578	12735	402	888038	0	2011-05-16 16:08:20.288158+00	0		
913336	12735	402	888039	0	2011-05-16 16:08:20.288158+00	0		
913113	12735	402	888040	0	2011-05-16 16:08:20.288158+00	0		
756996	12735	402	3258996	0	2011-05-16 16:08:20.288158+00	0		
82515	12735	402	6164228	0	2011-05-16 16:08:20.288158+00	0		
487517	12735	402	10257305	0	2011-05-16 16:08:20.288158+00	0		
750600	12735	407	5925354	0	2011-05-16 16:08:20.288158+00	0		
750602	12735	407	5925355	0	2011-05-16 16:08:20.288158+00	0		
750604	12735	407	5925356	0	2011-05-16 16:08:20.288158+00	0		
913314	12735	411	818400	0	2011-05-16 16:08:20.288158+00	0		
911619	12735	411	843942	0	2011-05-16 16:08:20.288158+00	0		
692582	12735	411	1036841	0	2011-05-16 16:08:20.288158+00	0		
58398	12735	411	1091186	0	2011-05-16 16:08:20.288158+00	0		
30054	12735	411	1235023	0	2011-05-16 16:08:20.288158+00	0		
731317	12735	411	1723421	0	2011-05-16 16:08:20.288158+00	0		
752555	12735	411	3374720	0	2011-05-16 16:08:20.288158+00	0		
722590	12735	411	3374722	0	2011-05-16 16:08:20.288158+00	0		
756903	12735	411	3374724	0	2011-05-16 16:08:20.288158+00	0		
1005688	110934	271305	12790529	0	2014-01-06 22:06:36.023741+00	0		
190110	12735	411	3675840	0	2011-05-16 16:08:20.288158+00	0		
190114	12735	411	3675844	0	2011-05-16 16:08:20.288158+00	0		
781473	12735	411	3733001	0	2011-05-16 16:08:20.288158+00	0		
782244	12735	411	4034787	0	2011-05-16 16:08:20.288158+00	0		
452463	12735	411	4292144	0	2011-05-16 16:08:20.288158+00	0		
883753	12735	411	7595485	0	2011-05-16 16:08:20.288158+00	0		
163026	12735	411	7652827	0	2011-05-16 16:08:20.288158+00	0		
163027	12735	411	7652828	0	2011-05-16 16:08:20.288158+00	0		
245647	12735	411	8243835	0	2011-05-16 16:08:20.288158+00	0		
610136	12735	411	10972357	0	2011-05-16 16:08:20.288158+00	0		
924341	12735	418	926752	0	2011-05-16 16:08:20.288158+00	0		
779628	12735	418	3555100	0	2011-05-16 16:08:20.288158+00	0		
929091	12735	418	12353570	0	2011-05-16 16:08:20.288158+00	0		
1269928	12773	553750	9910294	0	2012-07-18 06:00:08.53539+00	0		
1267719	12773	463315	9913369	0	2012-06-17 17:33:55.98888+00	0		
1267720	12773	463315	9913370	0	2012-06-17 17:33:55.98888+00	0		
1267721	12773	463315	9913372	0	2012-06-17 17:33:55.98888+00	0		
1267722	12773	463315	9913376	0	2012-06-17 17:33:55.98888+00	0		
1271282	12759	528775	8076506	0	2012-07-05 23:00:18.797928+00	0		
28365	12735	424	62249	0	2012-03-23 18:00:13.628403+00	0		
1386491	12762	372330	2374180	0	2012-10-09 07:11:06.503654+00	0		
1391102	12737	526678	447223	0	2012-10-28 18:00:23.972866+00	0		
1391104	12737	526678	447225	0	2013-08-27 09:00:53.744616+00	0		
1270659	12872	875676	13014625	0	2012-07-05 07:00:09.626439+00	0		
1271283	12759	528775	8076507	0	2012-07-05 23:00:18.808698+00	0		
1271284	12759	528775	8076508	0	2012-07-05 23:00:18.816687+00	0		
1271285	12759	528775	8076509	0	2012-07-05 23:00:18.824911+00	0		
1271286	12759	528775	8076510	0	2012-07-05 23:00:18.846441+00	0		
1271287	12759	528775	8076511	0	2012-07-05 23:00:18.875362+00	0		
1271288	12759	528775	8076512	0	2012-07-05 23:00:18.887969+00	0		
1271289	12759	528775	8076513	0	2012-07-05 23:00:18.897017+00	0		
1271290	12759	528775	8076514	0	2012-07-05 23:00:18.906311+00	0		
1271291	12759	528775	8076515	0	2012-07-05 23:00:18.917846+00	0		
1271292	12759	528775	8076516	0	2012-07-05 23:00:18.932742+00	0		
3172110	12737	533981	815203	0	2014-11-24 23:01:40.189786+00	0		
452465	12735	411	354119	0	2015-01-20 01:01:23.010618+00	0		
1271293	12759	528775	8076517	0	2012-07-05 23:00:18.947619+00	0		
1271294	12759	528775	8076518	0	2012-07-05 23:00:18.961873+00	0		
1391107	12737	526678	447228	0	2012-10-28 18:00:24.064663+00	0		
1389876	12773	622591	14082227	0	2012-10-27 19:00:36.795188+00	0		
1389877	12773	622591	14082228	0	2012-10-27 19:00:36.807349+00	0		
1389878	12773	622591	14082229	0	2012-10-27 19:00:36.819473+00	0		
1633426	103962	45573	14403854	0	2013-01-05 00:26:07.759995+00	0		
1270932	31452	35536	5728783	0	2013-05-10 14:00:20.48865+00	0		
779591	12735	411	14846006	0	2013-07-01 15:00:13.470967+00	0		
2031390	12768	414604	1179781	0	2013-05-31 17:00:13.087966+00	0		
779590	12735	411	14846007	0	2013-07-01 15:00:38.800926+00	0		
779589	12735	411	14846008	0	2013-07-01 15:00:39.147979+00	0		
59959	12735	383	2741969	0	2013-08-03 11:01:06.454465+00	0		
1391103	12737	526678	447224	0	2013-08-27 09:00:53.404379+00	0		
1391105	12737	526678	447226	0	2013-08-27 09:00:54.092423+00	0		
1391106	12737	526678	447227	0	2013-08-27 09:00:54.426256+00	0		
1270660	33808	900956	13014626	0	2012-07-05 07:00:09.773151+00	0		
1267723	12737	899935	9913369	0	2012-06-17 17:34:47.063856+00	0		
1272857	14063	452942	7204973	0	2012-06-22 18:20:26.200023+00	0		
1267724	12737	899935	9913370	0	2012-06-17 17:34:47.063856+00	0		
1267725	12737	899935	9913376	0	2012-06-17 17:34:47.063856+00	0		
1269929	12773	900537	9910295	0	2012-06-20 07:20:29.222609+00	0		
1272858	14063	452942	7204974	0	2012-06-22 18:20:26.200023+00	0		
1386492	12750	47551	2374181	0	2012-10-09 07:12:22.866808+00	0		
1389879	12735	459923	12489334	0	2012-10-13 18:50:39.5639+00	0		
1271804	12920	533463	8139718	0	2012-06-22 00:09:08.971753+00	0		
1271805	12920	533463	8139719	0	2012-06-22 00:09:08.971753+00	0		
1272859	14063	452942	7204975	0	2012-06-22 18:20:26.200023+00	0		
1271806	12920	533463	8139720	0	2012-06-22 00:09:08.971753+00	0		
1271807	12920	533463	8139721	0	2012-06-22 00:09:08.971753+00	0		
1271297	12759	528775	8076521	0	2012-07-05 23:00:19.045419+00	0		
1271808	12920	533463	8139722	0	2012-06-22 00:09:08.971753+00	0		
1272860	14063	452942	7204976	0	2012-06-22 18:20:26.200023+00	0		
1272016	12758	697224	9895591	0	2012-06-22 01:31:12.695622+00	0		
1272190	12755	448538	7310049	0	2012-06-22 06:58:55.04725+00	0		
1272191	12755	448538	7310050	0	2012-06-22 06:58:55.04725+00	0		
1272861	14063	452942	7204977	0	2012-06-22 18:20:26.200023+00	0		
1272192	12755	448538	7310060	0	2012-06-22 06:58:55.04725+00	0		
1272193	12755	448538	7310062	0	2012-06-22 06:58:55.04725+00	0		
1272194	12755	448538	7310030	0	2012-06-22 06:58:55.04725+00	0		
1272862	14063	452942	7204978	0	2012-06-22 18:20:26.200023+00	0		
1272342	12750	131108	4171234	0	2012-06-22 11:03:05.262312+00	0		
1272343	12750	131108	4171235	0	2012-06-22 11:03:05.262312+00	0		
1271298	12759	528775	8076522	0	2012-07-05 23:00:19.056836+00	0		
1272344	12750	131108	4171236	0	2012-06-22 11:03:05.262312+00	0		
1272863	14063	452942	7204979	0	2012-06-22 18:20:26.200023+00	0		
1272345	12750	131108	4171237	0	2012-06-22 11:03:05.262312+00	0		
1272346	12750	131108	4171238	0	2012-06-22 11:03:05.262312+00	0		
1272347	12750	131108	4171239	0	2012-06-22 11:03:05.262312+00	0		
1272864	14063	452942	7204980	0	2012-06-22 18:20:26.200023+00	0		
1272348	12750	131108	4171240	0	2012-06-22 11:03:05.262312+00	0		
1272349	12750	131108	4171241	0	2012-06-22 11:03:05.262312+00	0		
1272350	12750	131108	4171242	0	2012-06-22 11:03:05.262312+00	0		
1272865	14063	452942	7204981	0	2012-06-22 18:20:26.200023+00	0		
1272351	12750	131108	4171243	0	2012-06-22 11:03:05.262312+00	0		
1272579	12746	331353	9610557	0	2012-06-22 13:59:23.122676+00	0		
2014258	12773	1008192	14837854	0	2014-01-16 20:00:22.675195+00	0		
1391111	12737	526678	447232	0	2012-10-28 18:00:24.116171+00	0		
1391112	12737	526678	447233	0	2012-10-28 18:00:24.128537+00	0		
1392210	61533	847269	1081063	0	2012-10-30 03:00:14.630733+00	0		
1272855	14063	452942	7204971	0	2012-06-22 18:20:26.200023+00	0		
1271299	12759	528775	8076523	0	2012-07-05 23:00:19.066214+00	0		
1272856	14063	452942	7204972	0	2012-06-22 18:20:26.200023+00	0		
1272866	14063	452942	7204982	0	2012-06-22 18:20:26.200023+00	0		
1272867	14063	452942	7204983	0	2012-06-22 18:20:26.200023+00	0		
1271300	12759	528775	8076524	0	2012-07-05 23:00:19.08903+00	0		
1272868	14063	452942	7204984	0	2012-06-22 18:20:26.200023+00	0		
1272869	14063	452942	7204985	0	2012-06-22 18:20:26.200023+00	0		
1272870	14063	452942	7204986	0	2012-06-22 18:20:26.200023+00	0		
1271301	12759	528775	8076525	0	2012-07-05 23:00:19.117406+00	0		
1272871	14063	452942	7204987	0	2012-06-22 18:20:26.200023+00	0		
1272723	12920	571692	7836158	0	2012-07-06 16:00:23.202204+00	0		
1272724	12920	571692	7836159	0	2012-07-06 16:00:23.221963+00	0		
1272725	12920	571692	7836160	0	2012-07-06 16:00:23.235908+00	0		
1272726	12920	571692	7836161	0	2012-07-06 16:00:23.247906+00	0		
1272727	12920	571692	7836162	0	2012-07-06 16:00:23.258796+00	0		
1272728	12920	571692	7836163	0	2012-07-06 16:00:23.272231+00	0		
1272729	12920	571692	7836164	0	2012-07-06 16:00:23.302893+00	0		
1272730	12920	571692	7836165	0	2012-07-06 16:00:23.322844+00	0		
1272731	12920	571692	7836166	0	2012-07-06 16:00:23.335078+00	0		
1391577	13185	624591	14089042	0	2012-10-15 09:12:53.090798+00	0		
1391108	12737	526678	447229	0	2012-10-28 18:00:24.07699+00	0		
1391966	12746	254327	11293994	0	2012-10-15 19:47:20.240355+00	0		
1391967	12746	254327	11293995	0	2012-10-15 19:47:20.240355+00	0		
1391968	12746	254327	11293996	0	2012-10-15 19:47:20.240355+00	0		
1391969	12746	254327	11293997	0	2012-10-15 19:47:20.240355+00	0		
1633427	103963	245008	14403855	0	2013-01-05 00:26:07.759995+00	0		
3172111	12737	60736	815203	0	2014-11-24 23:01:40.218778+00	0		
1270933	31452	35536	5728784	0	2013-05-10 14:00:20.48865+00	0		
1633428	103964	45573	14403855	0	2013-01-05 00:26:07.759995+00	0		
1633429	103965	340780	14403855	0	2013-01-05 00:26:07.759995+00	0		
2009307	12746	124739	12257580	0	2013-05-15 18:15:24.458779+00	0		
2009336	13507	128803	3092723	0	2013-05-22 21:00:19.937516+00	0		
2014257	12768	804613	14837854	0	2013-05-17 23:31:32.865552+00	0		
2031392	12769	414604	11116771	0	2013-06-09 00:00:09.267201+00	0		
1391109	12737	526678	447230	0	2013-08-27 09:00:54.750627+00	0		
602333	22890	266317	4626154	0	2014-03-21 22:42:26.519848+00	0		
590919	15572	279441	4626154	0	2014-03-21 22:42:26.519848+00	0		
1273027	14970	561469	7205055	0	2014-04-15 16:30:24.894596+00	0		
1273028	14970	561469	7205056	0	2014-04-15 16:49:01.310898+00	0		
1273029	14970	561469	7205057	0	2014-04-15 18:42:14.738726+00	0		
1273030	14970	561469	7205058	0	2014-04-15 18:47:45.022154+00	0		
1273031	14970	561469	7205059	0	2014-04-15 18:54:44.69872+00	0		
1273032	14970	561469	7205060	0	2014-04-15 19:48:47.30521+00	0		
1273033	14970	561469	7205061	0	2014-04-15 21:20:22.990578+00	0		
1273034	14970	561469	7205062	0	2014-04-15 21:34:18.423474+00	0		
1273035	14970	561469	7205063	0	2014-04-16 01:08:28.195498+00	0		
1273036	14970	561469	7205064	0	2014-04-16 01:22:52.359681+00	0		
345389	17298	488739	17601104	0	2015-03-29 15:22:09.390007+00	0		
345390	17298	488739	17601105	0	2015-03-29 15:22:13.629263+00	0		
345391	17298	488739	17601106	0	2015-03-29 15:22:17.924689+00	0		
61453	12735	383	7466545	0	2015-04-11 02:06:30.665529+00	0		
345384	17298	488739	17601100	0	2015-03-29 15:21:54.575496+00	0		
1273037	14970	561469	7205065	0	2014-04-16 01:35:22.303416+00	0		
1273038	14970	561469	7205066	0	2014-04-16 01:42:29.572243+00	0		
1273039	14970	561469	7205067	0	2014-04-16 01:48:59.632972+00	0		
1273040	14970	561469	7205068	0	2014-04-16 17:45:46.325187+00	0		
1273041	14970	561469	7205069	0	2014-04-16 18:00:47.763234+00	0		
1273042	14970	561469	7205070	0	2014-04-16 18:09:05.123253+00	0		
1273044	14970	561469	7205072	0	2014-04-16 18:24:30.307886+00	0		
1273045	14970	561469	7204955	0	2014-04-16 20:01:00.489672+00	0		
1273043	14970	561469	7205071	0	2014-04-16 18:18:06.50699+00	0		
1273046	14970	561469	7204956	0	2014-04-17 22:57:20.322783+00	0		
1273047	14970	561469	7204957	0	2014-04-17 23:12:05.704802+00	0		
1273048	14970	561469	7204958	0	2014-04-17 23:18:11.661035+00	0		
1273049	14970	561469	7204959	0	2014-04-18 16:41:43.711515+00	0		
1272790	162392	454009	7204975	0	2014-04-21 01:20:16.288858+00	0		
1272017	12758	697224	9895590	0	2012-06-22 01:31:18.400933+00	0		
1267726	12773	899935	9913376	0	2012-06-17 17:35:03.936879+00	0		
1269930	12773	900541	9910296	0	2012-06-20 07:20:54.566033+00	0		
1262096	50102	94	4199169	0	2012-07-05 18:05:36.782784+00	0		
121249	12735	493	7298846	0	2012-07-26 16:00:08.959195+00	0		
1271302	14592	901123	9910062	0	2012-06-21 22:14:17.528944+00	0		
1262051	12755	100184	12598784	0	2012-06-22 14:00:14.532588+00	0		
1271809	12746	581702	8139703	0	2012-06-22 00:09:28.343736+00	0		
1272195	12755	448487	7310052	0	2012-06-22 07:00:57.143368+00	0		
1271810	12746	581702	8139704	0	2012-06-22 00:09:28.343736+00	0		
1271811	12746	581702	8139705	0	2012-06-22 00:09:28.343736+00	0		
1271812	12746	581702	8139706	0	2012-06-22 00:09:28.343736+00	0		
1272196	12755	448487	7310029	0	2012-06-22 07:00:57.143368+00	0		
1271813	12746	581702	8139707	0	2012-06-22 00:09:28.343736+00	0		
1271814	12746	581702	8139708	0	2012-06-22 00:09:28.343736+00	0		
1271815	12746	581702	8139709	0	2012-06-22 00:09:28.343736+00	0		
1272197	12755	448487	7310034	0	2012-06-22 07:00:57.143368+00	0		
1271816	12746	581702	8139710	0	2012-06-22 00:09:28.343736+00	0		
1271817	12746	581702	8139711	0	2012-06-22 00:09:28.343736+00	0		
1262052	12755	260044	12598784	0	2012-06-22 14:00:14.627455+00	0		
1271818	12746	581702	8139712	0	2012-06-22 00:09:28.343736+00	0		
1272198	12755	448487	7310036	0	2012-06-22 07:00:57.143368+00	0		
1271819	12746	581702	8139713	0	2012-06-22 00:09:28.343736+00	0		
1271820	12746	581702	8139714	0	2012-06-22 00:09:28.343736+00	0		
1271821	12746	581702	8139715	0	2012-06-22 00:09:28.343736+00	0		
1272199	12755	448487	7310040	0	2012-06-22 07:00:57.143368+00	0		
1271822	12746	581702	8139716	0	2012-06-22 00:09:28.343736+00	0		
1262112	147029	12299	4199169	0	2014-01-20 00:01:01.299125+00	0		
1271823	12746	581702	8139717	0	2012-06-22 00:09:28.343736+00	0		
1262053	12755	825957	12598784	0	2012-06-22 14:00:14.648946+00	0		
1271824	12746	581702	8139718	0	2012-06-22 00:09:28.343736+00	0		
1271825	12746	581702	8139719	0	2012-06-22 00:09:28.343736+00	0		
1005690	110934	271305	12790531	0	2014-01-06 22:06:36.318594+00	0		
1271826	12746	581702	8139720	0	2012-06-22 00:09:28.343736+00	0		
1262054	12755	143435	12598784	0	2012-06-22 14:00:14.705889+00	0		
1271827	12746	581702	8139721	0	2012-06-22 00:09:28.343736+00	0		
1271828	12746	581702	8139722	0	2012-06-22 00:09:28.343736+00	0		
2476127	13025	452035	15675138	0	2014-01-13 23:00:35.945315+00	0		
1262055	12755	895783	12598784	0	2012-06-22 14:00:14.821166+00	0		
1262078	12773	897910	12940876	0	2012-06-22 14:00:15.108248+00	0		
2476129	12759	5550	15675139	0	2014-01-15 16:04:31.812116+00	0		
1262079	12750	725474	12613726	0	2012-06-22 14:00:15.116842+00	0		
58424	12735	442	242193	0	2011-05-16 16:08:20.288158+00	0		
744598	12735	442	1262014	0	2011-05-16 16:08:20.288158+00	0		
680417	12735	493	826712	0	2011-05-16 16:08:20.288158+00	0		
680404	12735	493	826716	0	2011-05-16 16:08:20.288158+00	0		
898090	12735	493	1380794	0	2011-05-16 16:08:20.288158+00	0		
1005689	110934	271305	14692017	0	2015-01-31 16:00:17.619907+00	0		
2476126	12759	5550	15675138	0	2014-01-15 16:04:38.952979+00	0		
1262080	12750	100184	12613726	0	2012-06-22 14:00:15.130899+00	0		
1262081	12755	143433	12613726	0	2012-06-22 14:00:15.142319+00	0		
2476123	12746	247118	15675137	0	2014-01-13 23:00:35.784179+00	0		
1262082	12755	143435	12613726	0	2012-06-22 14:00:15.151512+00	0		
3237316	12773	549663	8346873	0	2014-12-25 06:00:43.464139+00	0		
2476125	12746	247118	15675138	0	2014-01-13 23:00:35.913342+00	0		
1262083	12755	895782	12613726	0	2012-06-22 14:00:15.171731+00	0		
2476128	12746	247118	15675139	0	2014-01-13 23:00:35.965072+00	0		
2476124	12759	5550	15675137	0	2014-01-15 16:04:46.724389+00	0		
2476130	13025	452035	15675139	0	2014-01-13 23:00:35.986699+00	0		
1262085	12755	825957	12613726	0	2012-06-22 14:00:15.229764+00	0		
1005793	147776	64981	12790531	0	2014-01-16 15:00:34.91472+00	0		
1262086	12755	260044	12613726	0	2012-06-22 14:00:15.274619+00	0		
1262088	12755	895783	12613726	0	2012-06-22 14:00:15.773747+00	0		
1633430	103961	245008	14403856	0	2013-01-05 00:26:07.759995+00	0		
1262089	12768	374599	292213	0	2012-06-22 14:00:18.164329+00	0		
1262090	12768	672735	292213	0	2012-06-22 14:00:19.045651+00	0		
1262092	12768	672735	292215	0	2012-06-22 14:00:20.45087+00	0		
1262093	12768	374599	292217	0	2012-06-22 14:00:21.140303+00	0		
3172112	12772	533981	815203	0	2014-11-24 23:01:40.243532+00	0		
3172113	199487	60736	815204	0	2014-11-24 23:01:40.262568+00	0		
3172114	12737	533981	815204	0	2014-11-24 23:01:40.271826+00	0		
3172115	12737	60736	815204	0	2014-11-24 23:01:40.281191+00	0		
