1	133746	5180	13790324	0	2013-10-17 15:06:40.811408+00	0		
2	133746	5180	13790323	0	2013-10-17 15:06:42.803139+00	0		
21	138762	7703	15464022	0	2013-11-13 23:00:28.111893+00	0		
22	137554	7703	15464023	0	2013-11-14 00:00:15.181082+00	0		
23	137559	7703	15464024	0	2013-11-14 00:00:18.046353+00	0		
24	137561	7703	15464025	0	2013-11-14 00:00:18.58588+00	0		
27	137709	7020	15464031	0	2013-11-15 10:00:18.847659+00	0		
28	137709	7020	15464032	0	2013-11-15 16:00:17.670057+00	0		
30	137761	7020	9833407	0	2013-11-15 17:00:16.755716+00	0		
31	137763	7703	15464034	0	2013-11-15 17:00:17.577452+00	0		
32	137763	7703	15464035	0	2013-11-15 17:00:22.387902+00	0		
66	140309	80731	12954411	0	2013-11-26 16:17:19.425906+00	0		
137	149434	38	1832404	0	2014-01-26 15:00:12.61124+00	0		
41	139116	71242	14416852	0	2013-11-16 13:25:07.36803+00	0		
67	140309	80731	12954412	0	2013-11-26 16:17:19.425906+00	0		
42	139116	71242	14416863	0	2013-11-16 13:26:36.442594+00	0		
43	139116	71242	14416862	0	2013-11-16 13:26:38.436872+00	0		
82	140980	71242	11744604	0	2013-12-02 07:22:41.553449+00	0		
44	139116	71242	14416861	0	2013-11-16 13:26:41.502125+00	0		
68	140309	80731	12954413	0	2013-11-26 16:17:19.425906+00	0		
123	146770	68639	14341525	0	2014-01-15 02:45:19.20974+00	0		
69	140309	80731	12954414	0	2013-11-26 16:17:19.425906+00	0		
70	140309	80731	12954415	0	2013-11-26 16:17:19.425906+00	0		
46	139117	71242	14416859	0	2013-11-16 13:26:55.684928+00	0		
83	141022	7709	15397942	0	2013-12-02 14:39:26.351072+00	0		
71	140309	80731	12954416	0	2013-11-26 16:17:19.425906+00	0		
48	139116	71242	14416856	0	2013-11-16 13:27:17.213427+00	0		
25	136879	5111	14032148	0	2013-11-07 15:12:01.191328+00	0		
49	139116	71242	14416855	0	2013-11-16 13:27:27.241355+00	0		
26	136879	5111	14032135	0	2013-11-07 15:12:03.249419+00	0		
72	140309	80731	12954417	0	2013-11-26 16:17:19.425906+00	0		
50	139116	71242	14416854	0	2013-11-16 13:27:35.12425+00	0		
109	144111	269	119208	0	2013-12-31 06:05:02.873992+00	0		
73	140309	80731	12954418	0	2013-11-26 16:17:19.425906+00	0		
51	139116	71242	14416853	0	2013-11-16 13:27:57.207192+00	0		
84	136879	4434	2354584	0	2013-12-12 17:00:16.530732+00	0		
40	139116	71242	14416851	0	2013-11-16 13:28:29.224901+00	0		
74	140309	80731	12954419	0	2013-11-26 16:17:19.425906+00	0		
75	140309	80731	12954420	0	2013-11-26 16:17:19.425906+00	0		
33	137932	7020	13749564	0	2013-11-09 22:36:24.573599+00	0		
34	137932	7020	13749565	0	2013-11-09 22:36:24.573599+00	0		
47	139124	71242	14416858	0	2013-11-16 13:46:53.655624+00	0		
35	137932	7020	13749566	0	2013-11-09 22:36:24.573599+00	0		
36	137932	7020	13749567	0	2013-11-09 22:36:24.573599+00	0		
751	157204	7020	9095340	0	2014-03-17 08:00:23.912788+00	0		
45	139124	71242	14416860	0	2013-11-16 13:47:03.837484+00	0		
39	137943	326	1001799	0	2013-11-09 23:55:30.846795+00	0		
52	139124	71242	14416857	0	2013-11-16 13:47:53.344995+00	0		
85	142133	68596	9808064	0	2013-12-12 18:59:22.84399+00	0		
53	140309	80731	12954398	0	2013-11-26 16:17:19.425906+00	0		
54	140309	80731	12954399	0	2013-11-26 16:17:19.425906+00	0		
55	140309	80731	12954400	0	2013-11-26 16:17:19.425906+00	0		
86	142133	68596	9808065	0	2013-12-12 18:59:22.84399+00	0		
56	140309	80731	12954401	0	2013-11-26 16:17:19.425906+00	0		
57	140309	80731	12954402	0	2013-11-26 16:17:19.425906+00	0		
58	140309	80731	12954403	0	2013-11-26 16:17:19.425906+00	0		
87	142133	68596	9808066	0	2013-12-12 18:59:22.84399+00	0		
59	140309	80731	12954404	0	2013-11-26 16:17:19.425906+00	0		
60	140309	80731	12954405	0	2013-11-26 16:17:19.425906+00	0		
124	146770	68639	14341526	0	2014-01-15 02:45:19.20974+00	0		
61	140309	80731	12954406	0	2013-11-26 16:17:19.425906+00	0		
88	142133	68596	9808067	0	2013-12-12 18:59:22.84399+00	0		
62	140309	80731	12954407	0	2013-11-26 16:17:19.425906+00	0		
63	140309	80731	12954408	0	2013-11-26 16:17:19.425906+00	0		
64	140309	80731	12954409	0	2013-11-26 16:17:19.425906+00	0		
89	142133	68596	9808068	0	2013-12-12 18:59:22.84399+00	0		
65	140309	80731	12954410	0	2013-11-26 16:17:19.425906+00	0		
76	140309	80731	12954421	0	2013-11-26 16:17:19.425906+00	0		
77	140309	80731	12954422	0	2013-11-26 16:17:19.425906+00	0		
110	144113	5297	119209	0	2013-12-31 06:05:02.873992+00	0		
78	140501	15123	14728964	0	2013-11-27 17:25:51.255636+00	0		
90	142133	68596	9808069	0	2013-12-12 18:59:22.84399+00	0		
79	140501	15123	14728965	0	2013-11-27 17:25:51.255636+00	0		
80	140501	15123	14728966	0	2013-11-27 17:25:51.255636+00	0		
81	140784	57	7511148	0	2013-11-30 18:51:26.216523+00	0		
91	142133	68596	9808070	0	2013-12-12 18:59:22.84399+00	0		
92	142133	68596	9808071	0	2013-12-12 18:59:22.84399+00	0		
6018	187261	7020	14516716	0	2014-09-01 23:00:41.207364+00	0		
93	142133	68596	9808072	0	2013-12-12 18:59:22.84399+00	0		
94	142133	68596	9808073	0	2013-12-12 18:59:22.84399+00	0		
111	144114	5212	119210	0	2013-12-31 06:05:02.873992+00	0		
95	142133	68596	9808074	0	2013-12-12 18:59:22.84399+00	0		
96	142133	68596	9808075	0	2013-12-12 18:59:22.84399+00	0		
100	143829	88297	11132564	0	2014-01-04 08:00:18.860824+00	0		
97	142133	68596	9808076	0	2013-12-12 18:59:22.84399+00	0		
101	143829	88297	11132565	0	2014-01-04 08:00:21.151234+00	0		
98	142133	68596	9808077	0	2013-12-12 18:59:22.84399+00	0		
99	142341	3855	1221877	0	2013-12-21 22:00:27.72046+00	0		
138	149434	38	1832405	0	2014-01-26 15:00:12.66923+00	0		
102	143829	88297	11132566	0	2014-01-04 08:00:25.454555+00	0		
103	143829	88297	11132567	0	2014-01-04 08:00:27.778508+00	0		
104	143829	88297	11132568	0	2014-01-04 08:00:30.311769+00	0		
112	136879	60638	3109059	0	2014-01-15 01:00:14.160801+00	0		
105	143829	88297	11132569	0	2014-01-04 08:00:32.954266+00	0		
113	136879	60638	3109060	0	2014-01-15 01:00:14.301359+00	0		
106	143829	88297	11132570	0	2014-01-04 08:00:36.22371+00	0		
114	136879	60638	3109061	0	2014-01-15 01:00:14.441125+00	0		
107	143829	88297	11132571	0	2014-01-04 08:00:38.734841+00	0		
115	136879	60638	3109062	0	2014-01-15 01:00:14.590589+00	0		
108	143829	88297	11132572	0	2014-01-04 08:00:41.25253+00	0		
116	136879	60638	3109063	0	2014-01-15 01:00:14.868615+00	0		
117	136879	60638	3109064	0	2014-01-15 01:00:15.020417+00	0		
118	136879	60638	3109065	0	2014-01-15 01:00:15.198981+00	0		
119	136879	60638	3109066	0	2014-01-15 01:00:15.337122+00	0		
120	136879	60638	3109067	0	2014-01-15 01:00:15.46999+00	0		
121	136879	60638	3109068	0	2014-01-15 01:00:15.619666+00	0		
139	149435	38	1832406	0	2014-01-26 15:00:12.728558+00	0		
122	146770	68639	14341524	0	2014-01-15 02:45:19.20974+00	0		
140	149434	38	1832407	0	2014-01-26 15:00:12.783547+00	0		
141	149434	38	1832408	0	2014-01-26 15:00:12.819616+00	0		
37	137943	326	1001793	0	2014-03-15 18:00:23.701076+00	0		
38	137943	326	387918	0	2014-03-15 18:00:25.525875+00	0		
308	136879	9622	345746	0	2014-02-19 08:00:15.205387+00	0		
126	136879	7020	8035300	0	2014-11-09 12:00:28.201867+00	0		
130	136879	7020	428713	0	2014-01-25 13:00:11.878184+00	0		
312	136879	7713	345744	0	2014-07-24 06:00:18.601627+00	0		
8495	136879	88110	17182500	0	2014-12-25 08:01:35.806928+00	0		
6020	187264	7020	14516718	0	2014-09-01 23:00:53.451245+00	0		
269	152714	9403	7093024	0	2014-02-16 22:00:27.348437+00	0		
181	151973	1805	15800837	0	2014-02-05 22:50:24.961286+00	0		
182	151973	1805	15800838	0	2014-02-05 22:50:24.961286+00	0		
313	136879	7713	2015874	0	2014-04-03 14:00:33.817953+00	0		
183	151973	1805	15800839	0	2014-02-05 22:50:24.961286+00	0		
6021	187264	7020	14516719	0	2014-09-01 23:00:59.420682+00	0		
6022	187261	7020	14516717	0	2014-09-01 23:01:09.972123+00	0		
184	151973	1805	15800840	0	2014-02-05 22:50:24.961286+00	0		
185	151973	1805	15800841	0	2014-02-05 22:50:24.961286+00	0		
142	149434	38	1832409	0	2014-01-26 15:00:12.864162+00	0		
143	149434	38	1832410	0	2014-01-26 15:00:12.901708+00	0		
144	149436	38	1832411	0	2014-01-26 15:00:12.928296+00	0		
145	149434	38	1832412	0	2014-01-26 15:00:12.963009+00	0		
146	149434	38	1832413	0	2014-01-26 15:00:13.004814+00	0		
147	149434	38	1832414	0	2014-01-26 15:00:13.036989+00	0		
148	149435	38	1832415	0	2014-01-26 15:00:13.097735+00	0		
149	149434	38	1832416	0	2014-01-26 15:00:13.133394+00	0		
150	149437	38	1832417	0	2014-01-26 15:00:13.178237+00	0		
151	149434	38	1832418	0	2014-01-26 15:00:13.221892+00	0		
152	149435	38	1832420	0	2014-01-26 15:00:13.305556+00	0		
156	150519	7707	12822794	0	2014-02-02 09:00:18.42694+00	0		
157	150519	7707	12822795	0	2014-02-02 09:00:18.450157+00	0		
158	150519	7707	12822796	0	2014-02-02 09:00:18.473008+00	0		
186	151973	1805	15800842	0	2014-02-05 22:50:24.961286+00	0		
159	151678	7023	15792609	0	2014-02-03 21:08:18.18467+00	0		
160	151678	7023	15792610	0	2014-02-03 21:08:18.18467+00	0		
161	151678	7023	15792611	0	2014-02-03 21:08:18.18467+00	0		
187	151973	1805	15800843	0	2014-02-05 22:50:24.961286+00	0		
162	151678	7023	15792612	0	2014-02-03 21:08:18.18467+00	0		
163	151678	7023	15792613	0	2014-02-03 21:08:18.18467+00	0		
164	151678	7023	15792614	0	2014-02-03 21:08:18.18467+00	0		
188	151973	1805	15800844	0	2014-02-05 22:50:24.961286+00	0		
165	151678	7023	15792615	0	2014-02-03 21:08:18.18467+00	0		
166	151678	7023	15792616	0	2014-02-03 21:08:18.18467+00	0		
167	151973	1805	15800823	0	2014-02-05 22:50:24.961286+00	0		
344	153201	39882	9217597	0	2014-02-19 15:00:20.179323+00	0		
168	151973	1805	15800824	0	2014-02-05 22:50:24.961286+00	0		
169	151973	1805	15800825	0	2014-02-05 22:50:24.961286+00	0		
345	153201	39882	9217598	0	2014-02-19 15:00:20.213969+00	0		
170	151973	1805	15800826	0	2014-02-05 22:50:24.961286+00	0		
171	151973	1805	15800827	0	2014-02-05 22:50:24.961286+00	0		
346	153201	39882	9217599	0	2014-02-19 15:00:20.22375+00	0		
172	151973	1805	15800828	0	2014-02-05 22:50:24.961286+00	0		
173	151973	1805	15800829	0	2014-02-05 22:50:24.961286+00	0		
347	153201	39882	9217600	0	2014-02-19 15:00:20.23195+00	0		
174	151973	1805	15800830	0	2014-02-05 22:50:24.961286+00	0		
175	151973	1805	15800831	0	2014-02-05 22:50:24.961286+00	0		
348	153201	39882	9217601	0	2014-02-19 15:00:20.239196+00	0		
176	151973	1805	15800832	0	2014-02-05 22:50:24.961286+00	0		
177	151973	1805	15800833	0	2014-02-05 22:50:24.961286+00	0		
349	153201	39882	9217602	0	2014-02-19 15:00:20.25163+00	0		
178	151973	1805	15800834	0	2014-02-05 22:50:24.961286+00	0		
179	151973	1805	15800835	0	2014-02-05 22:50:24.961286+00	0		
350	153201	39882	9217603	0	2014-02-19 15:00:20.261391+00	0		
180	151973	1805	15800836	0	2014-02-05 22:50:24.961286+00	0		
189	151973	1805	15800845	0	2014-02-05 22:50:24.961286+00	0		
351	153201	39882	9217604	0	2014-02-19 15:00:20.270777+00	0		
190	151973	1805	15800846	0	2014-02-05 22:50:24.961286+00	0		
191	151974	1805	15800847	0	2014-02-05 22:50:24.961286+00	0		
352	153201	39882	9217605	0	2014-02-19 15:00:20.294332+00	0		
192	151974	1805	15800848	0	2014-02-05 22:50:24.961286+00	0		
193	151974	1805	15800849	0	2014-02-05 22:50:24.961286+00	0		
194	151974	1805	15800850	0	2014-02-05 22:50:24.961286+00	0		
354	153201	39882	9217607	0	2014-02-19 15:00:20.326171+00	0		
195	151974	1805	15800851	0	2014-02-05 22:50:24.961286+00	0		
196	151974	1805	15800852	0	2014-02-05 22:50:24.961286+00	0		
355	153201	39882	9217608	0	2014-02-19 15:00:20.339124+00	0		
197	151974	1805	15800853	0	2014-02-05 22:50:24.961286+00	0		
198	151974	1805	15800854	0	2014-02-05 22:50:24.961286+00	0		
199	151974	1805	15800855	0	2014-02-05 22:50:24.961286+00	0		
200	151974	1805	15800856	0	2014-02-05 22:50:24.961286+00	0		
309	136879	9622	345749	0	2014-02-19 08:00:15.213828+00	0		
356	136879	5099	8941379	0	2014-02-12 18:55:39.513547+00	0		
357	136879	5099	8941380	0	2014-02-12 18:55:39.513547+00	0		
316	136879	7713	345756	0	2014-02-19 09:00:34.72915+00	0		
358	136879	5099	8941381	0	2014-02-12 18:55:39.513547+00	0		
359	136879	5099	8941382	0	2014-02-12 18:55:39.513547+00	0		
360	136879	5099	8941383	0	2014-02-12 18:55:39.513547+00	0		
361	136879	5099	8941384	0	2014-02-12 18:55:39.513547+00	0		
362	136879	5099	8941385	0	2014-02-12 18:55:39.513547+00	0		
6310	189596	7020	6923215	0	2014-09-19 13:00:51.266835+00	0		
363	136879	5099	8941386	0	2014-02-12 18:55:39.513547+00	0		
6311	189596	7020	6923216	0	2014-09-19 13:00:51.702622+00	0		
364	136879	5099	8941387	0	2014-02-12 18:55:39.513547+00	0		
153	150518	7707	6627707	0	2015-05-02 12:00:34.109428+00	0		
365	136879	5099	8941388	0	2014-02-12 18:55:39.513547+00	0		
6433	191562	5600	16852871	0	2014-10-02 20:00:21.273569+00	0		
366	136879	5099	8941389	0	2014-02-12 18:55:39.513547+00	0		
367	136879	5099	8941390	0	2014-02-12 18:55:39.513547+00	0		
368	136879	5099	8941391	0	2014-02-12 18:55:39.513547+00	0		
353	153201	39882	9217606	0	2014-02-19 15:00:20.314678+00	0		
752	157204	7020	9095341	0	2014-03-17 08:00:23.940089+00	0		
813	153589	331	13387301	0	2014-03-10 20:00:03.275851+00	0		
753	157204	7020	9095342	0	2014-03-17 08:00:23.949101+00	0		
814	153589	331	13387302	0	2014-03-10 20:00:03.275851+00	0		
754	157204	7020	9095343	0	2014-03-17 08:00:23.958476+00	0		
815	153589	331	13387303	0	2014-03-10 20:00:03.275851+00	0		
755	157204	7020	9095344	0	2014-03-17 08:00:23.966478+00	0		
816	153589	331	13387304	0	2014-03-10 20:00:03.275851+00	0		
756	157204	7020	9095345	0	2014-03-17 08:00:23.974543+00	0		
817	153589	331	13387305	0	2014-03-10 20:00:03.275851+00	0		
757	157204	7020	9095346	0	2014-03-17 08:00:23.983496+00	0		
758	157204	7020	9095347	0	2014-03-17 08:00:23.991059+00	0		
759	157204	7020	9095348	0	2014-03-17 08:00:23.998396+00	0		
760	157204	7020	9095349	0	2014-03-17 08:00:24.006114+00	0		
761	157204	7020	9095350	0	2014-03-17 08:00:24.013674+00	0		
8496	206123	5067	15029239	0	2014-12-25 17:00:42.32153+00	0		
8497	206123	5067	15029240	0	2014-12-25 17:00:42.356127+00	0		
154	150518	7707	6627708	0	2015-05-02 12:00:37.871881+00	0		
155	150518	7707	6627709	0	2015-05-02 12:00:41.182381+00	0		
6432	141022	7022	16850662	0	2014-10-01 23:00:14.855559+00	0		
6439	191667	1404	15030931	0	2014-09-26 23:25:56.813126+00	0		
201	151974	1805	15800857	0	2014-02-05 22:50:24.961286+00	0		
202	151974	1805	15800858	0	2014-02-05 22:50:24.961286+00	0		
203	151974	1805	15800859	0	2014-02-05 22:50:24.961286+00	0		
310	136879	7713	2015879	0	2014-04-03 14:00:20.787653+00	0		
204	151974	1805	15800860	0	2014-02-05 22:50:24.961286+00	0		
136	265387	7020	8033591	1	2015-10-19 22:25:20.666685+00	0		
306	153141	40710	13204950	0	2014-02-19 03:00:24.459231+00	0		
205	151974	1805	15800861	0	2014-02-05 22:50:24.961286+00	0		
762	157237	1178	7649111	0	2014-03-10 18:18:58.643571+00	0		
206	151974	1805	15800862	0	2014-02-05 22:50:24.961286+00	0		
207	151974	1805	15800863	0	2014-02-05 22:50:24.961286+00	0		
208	151974	1805	15800864	0	2014-02-05 22:50:24.961286+00	0		
307	136879	9622	345743	0	2014-02-19 08:00:15.181311+00	0		
763	157237	1178	7649112	0	2014-04-17 14:00:14.182656+00	0		
268	152714	9403	7093023	0	2014-02-16 22:00:27.30187+00	0		
764	157237	1178	7649113	0	2014-04-17 14:00:15.523708+00	0		
270	136879	5251	15817809	0	2014-02-17 08:00:20.220524+00	0		
271	152830	7805	15819289	0	2014-02-17 16:00:27.481062+00	0		
272	152830	7805	15819290	0	2014-02-17 16:00:28.085035+00	0		
767	157237	1178	7649116	0	2014-04-17 14:00:16.210376+00	0		
273	152830	7805	15819291	0	2014-02-17 16:00:28.704339+00	0		
765	157237	1178	7649114	0	2014-03-10 18:18:58.643571+00	0		
274	152830	7805	15819292	0	2014-02-17 16:00:29.320692+00	0		
275	152830	7805	15819293	0	2014-02-17 16:00:29.912138+00	0		
768	157237	1178	7649117	0	2014-04-17 14:00:17.453416+00	0		
276	152830	7805	15819294	0	2014-02-17 16:00:30.474162+00	0		
277	152830	7805	15819295	0	2014-02-17 16:00:31.021113+00	0		
278	152830	7805	15819296	0	2014-02-17 16:00:31.72137+00	0		
279	152830	7805	15819297	0	2014-02-17 16:00:32.26726+00	0		
218	152014	326	6616569	0	2014-02-06 08:06:55.777077+00	0		
280	152830	7805	15819298	0	2014-02-17 16:00:32.830222+00	0		
281	152830	7805	15819299	0	2014-02-17 16:00:33.433574+00	0		
282	152830	7805	15819300	0	2014-02-17 16:00:34.02524+00	0		
283	152830	7805	15819301	0	2014-02-17 16:00:34.614722+00	0		
284	152830	7805	15819302	0	2014-02-17 16:00:35.153347+00	0		
260	152624	4434	11619038	0	2014-03-05 15:00:14.559557+00	0		
261	152624	4434	11619039	0	2014-03-05 15:00:15.250027+00	0		
262	152624	4434	11619040	0	2014-03-05 15:00:15.651644+00	0		
263	152624	4434	11619041	0	2014-03-05 15:00:16.092229+00	0		
264	152624	4434	11619042	0	2014-03-05 15:00:16.50098+00	0		
265	152624	4434	11619043	0	2014-03-05 15:00:16.970409+00	0		
266	152624	4434	11619044	0	2014-03-05 15:00:17.329802+00	0		
267	152624	4434	11619045	0	2014-03-05 15:00:17.791807+00	0		
285	152830	7805	15819303	0	2014-02-17 16:00:35.513785+00	0		
286	152830	7805	15819304	0	2014-02-17 16:00:36.112574+00	0		
287	152830	7805	15819305	0	2014-02-17 16:00:36.698804+00	0		
288	152830	7805	15819306	0	2014-02-17 16:00:37.340354+00	0		
289	152830	7805	15819307	0	2014-02-17 16:00:37.925638+00	0		
290	152830	7805	15819308	0	2014-02-17 16:00:38.528097+00	0		
291	152830	7805	15819309	0	2014-02-17 16:00:39.08812+00	0		
292	152830	7805	15819310	0	2014-02-17 16:00:39.642475+00	0		
293	152830	7805	15819311	0	2014-02-17 16:00:40.195797+00	0		
294	152830	7805	15819312	0	2014-02-17 16:00:40.747505+00	0		
299	152868	5099	1565112	0	2014-02-17 18:00:23.721274+00	0		
300	152868	5099	1565113	0	2014-02-17 18:00:23.730394+00	0		
301	152868	5099	1565114	0	2014-02-17 18:00:23.741519+00	0		
302	152868	5099	1565115	0	2014-02-17 18:00:23.752638+00	0		
769	157237	1178	7649118	0	2014-04-17 14:00:18.193865+00	0		
6015	187220	266	5726834	0	2014-09-02 18:00:49.247826+00	0		
6016	187221	40602	8062698	0	2014-09-02 18:00:49.329495+00	0		
231	152371	5099	1891134	0	2014-12-08 02:01:41.232017+00	0		
295	151973	5099	1565104	0	2015-02-14 16:00:12.66856+00	0		
296	151973	5099	1565105	0	2015-02-14 16:00:14.817952+00	0		
297	151973	5099	1565106	0	2015-02-14 16:00:19.560587+00	0		
766	157237	1178	7649115	0	2014-03-10 18:18:58.643571+00	0		
373	153559	326	15835838	0	2014-02-22 13:02:02.331859+00	0		
374	153560	326	15835839	0	2014-02-22 13:02:04.467941+00	0		
375	153561	5114	15835840	0	2014-02-22 13:02:04.478081+00	0		
376	153561	5114	15835841	0	2014-02-22 13:02:04.493466+00	0		
377	153562	326	15835842	0	2014-02-22 13:02:07.176955+00	0		
378	153563	326	15835843	0	2014-02-22 13:02:07.244657+00	0		
379	153564	7948	15835844	0	2014-02-22 13:02:07.43491+00	0		
380	153565	326	15835845	0	2014-02-22 13:02:07.452329+00	0		
381	153566	326	15835846	0	2014-02-22 13:02:08.237442+00	0		
382	153567	326	15835847	0	2014-02-22 13:02:08.265826+00	0		
383	153567	326	15835848	0	2014-02-22 13:02:08.303419+00	0		
369	136879	5099	8941392	0	2014-02-12 18:55:39.513547+00	0		
370	136879	5099	8941393	0	2014-02-12 18:55:39.513547+00	0		
371	136879	5099	8941394	0	2014-02-12 18:55:39.513547+00	0		
372	136879	5099	8941395	0	2014-02-12 18:55:39.513547+00	0		
219	152349	7729	1321327	0	2014-02-15 08:00:14.603188+00	0		
220	152349	7729	1321328	0	2014-02-15 08:00:15.04958+00	0		
221	152351	8760	1321329	0	2014-02-15 08:00:15.821108+00	0		
222	152352	8760	1321330	0	2014-02-15 08:00:16.150047+00	0		
223	152352	8760	1321331	0	2014-02-15 08:00:16.621548+00	0		
224	152354	5099	1321332	0	2014-02-15 08:00:16.961391+00	0		
225	152352	8760	1321333	0	2014-02-15 08:00:17.302077+00	0		
226	152357	7454	1321334	0	2014-02-15 08:00:17.889417+00	0		
227	152361	5099	1321335	0	2014-02-15 08:00:18.989433+00	0		
228	152365	5099	610976	0	2014-02-15 08:00:19.832048+00	0		
229	152369	5099	1321337	0	2014-02-15 08:00:21.039253+00	0		
230	152370	5228	2443463	0	2014-02-15 08:00:22.772239+00	0		
232	152374	5099	1321340	0	2014-02-15 09:00:17.391049+00	0		
233	152378	5099	1321341	0	2014-02-15 09:00:18.396719+00	0		
234	151973	7020	1321342	0	2014-02-15 09:00:19.167705+00	0		
259	152536	5099	812484	0	2014-02-15 23:00:17.62015+00	0		
303	152868	5099	1565116	0	2014-02-17 18:00:23.762973+00	0		
304	152868	5099	1565117	0	2014-02-17 18:00:23.773081+00	0		
305	152868	5099	1565118	0	2014-02-17 18:00:23.781747+00	0		
384	153567	326	15835849	0	2014-02-22 13:02:08.504994+00	0		
435	153615	326	15837094	0	2014-02-22 16:00:25.328216+00	0		
436	153616	326	15837095	0	2014-02-22 16:00:25.362239+00	0		
437	153617	326	15837096	0	2014-02-22 16:00:25.372447+00	0		
770	157237	1178	7649119	0	2014-03-10 18:18:58.643571+00	0		
438	153618	326	15837097	0	2014-02-22 16:00:25.381071+00	0		
439	153619	326	15837098	0	2014-02-22 16:00:25.390057+00	0		
777	157237	1178	7649126	0	2014-04-07 11:00:19.505074+00	0		
440	153620	326	15837099	0	2014-02-22 16:00:25.399195+00	0		
771	157237	1178	7649120	0	2014-03-10 18:18:58.643571+00	0		
441	153621	326	15837100	0	2014-02-22 16:00:25.408135+00	0		
8498	206123	5067	15029241	0	2014-12-25 17:00:42.365335+00	0		
8499	206123	5067	15029242	0	2014-12-25 17:00:42.373957+00	0		
8500	206123	5067	15029243	0	2014-12-25 17:00:42.383068+00	0		
8501	206123	5067	15029244	0	2014-12-25 17:00:42.390979+00	0		
311	136879	7713	345751	0	2014-07-18 03:00:53.655404+00	0		
298	151973	5099	1565107	0	2015-02-14 16:00:23.673267+00	0		
442	153622	326	15837101	0	2014-02-22 16:00:25.41623+00	0		
443	153622	326	15837102	0	2014-02-22 16:00:25.424036+00	0		
772	157237	1178	7649121	0	2014-03-10 18:18:58.643571+00	0		
444	153623	326	15837103	0	2014-02-22 16:00:25.433143+00	0		
445	153624	326	15837104	0	2014-02-22 16:00:25.442579+00	0		
446	153625	326	15837105	0	2014-02-22 16:00:25.452276+00	0		
773	157237	1178	7649122	0	2014-03-10 18:18:58.643571+00	0		
447	153626	326	15837106	0	2014-02-22 16:00:25.461282+00	0		
448	153627	326	15837107	0	2014-02-22 16:00:25.470044+00	0		
449	153680	7020	15837830	0	2014-02-22 23:00:22.447663+00	0		
774	157237	1178	7649123	0	2014-03-10 18:18:58.643571+00	0		
450	153681	7020	15837831	0	2014-02-22 23:00:22.471377+00	0		
451	153682	7020	15837832	0	2014-02-22 23:00:22.479957+00	0		
452	153683	5099	15837833	0	2014-02-22 23:00:22.487148+00	0		
775	157237	1178	7649124	0	2014-03-10 18:18:58.643571+00	0		
453	153684	7020	15837834	0	2014-02-22 23:00:22.49899+00	0		
454	153685	7020	15837835	0	2014-02-22 23:00:22.506747+00	0		
455	153686	7020	15837836	0	2014-02-22 23:00:22.515549+00	0		
776	157237	1178	7649125	0	2014-03-10 18:18:58.643571+00	0		
456	153687	12021	15837837	0	2014-02-22 23:00:22.528161+00	0		
457	153688	12021	15837838	0	2014-02-22 23:00:22.536135+00	0		
458	153687	12021	15837839	0	2014-02-22 23:00:22.544521+00	0		
459	153689	5099	15837840	0	2014-02-22 23:00:22.551817+00	0		
460	153690	7020	15837841	0	2014-02-22 23:00:22.559071+00	0		
461	153691	7020	15837842	0	2014-02-22 23:00:22.566664+00	0		
778	157237	1178	7649127	0	2014-03-10 18:18:58.643571+00	0		
462	153692	5099	15837843	0	2014-02-22 23:00:22.575161+00	0		
463	153693	7020	15837844	0	2014-02-22 23:00:22.613361+00	0		
464	153694	7020	15837845	0	2014-02-22 23:00:22.621276+00	0		
779	157237	1178	7649128	0	2014-03-10 18:18:58.643571+00	0		
465	153865	326	15841762	0	2014-02-23 19:00:21.592234+00	0		
466	153866	326	15841763	0	2014-02-23 19:00:21.635092+00	0		
467	153867	326	15841764	0	2014-02-23 19:00:21.9607+00	0		
780	157237	1178	7649129	0	2014-03-10 18:18:58.643571+00	0		
468	153627	326	15841765	0	2014-02-23 19:00:22.002163+00	0		
469	153626	326	15841766	0	2014-02-23 19:00:22.016907+00	0		
470	153626	326	15841767	0	2014-02-23 19:00:22.02663+00	0		
471	153627	326	15841768	0	2014-02-23 19:00:22.035976+00	0		
472	153568	326	15841769	0	2014-02-23 19:00:22.045662+00	0		
473	153868	326	15841770	0	2014-02-23 19:00:22.066663+00	0		
474	153868	326	15841771	0	2014-02-23 19:00:22.094481+00	0		
475	153869	326	15841772	0	2014-02-23 19:00:22.11293+00	0		
476	153869	326	15841773	0	2014-02-23 19:00:22.131488+00	0		
477	153870	326	15841774	0	2014-02-23 19:00:22.146123+00	0		
478	153871	326	15841775	0	2014-02-23 19:00:22.171518+00	0		
479	153619	326	15841776	0	2014-02-23 19:00:22.186431+00	0		
481	153937	23086	13204953	0	2014-02-24 06:00:24.812816+00	0		
482	153938	12021	13204957	0	2014-02-24 06:00:24.842216+00	0		
483	153939	12021	13204959	0	2014-02-24 06:00:24.862369+00	0		
484	153623	326	15844210	0	2014-02-24 09:00:53.608583+00	0		
485	153623	326	15844211	0	2014-02-24 09:00:53.651337+00	0		
486	153623	326	15844212	0	2014-02-24 09:00:53.660811+00	0		
487	153963	326	15844213	0	2014-02-24 09:00:53.674556+00	0		
488	153963	326	15844214	0	2014-02-24 09:00:53.698533+00	0		
489	153963	326	15844215	0	2014-02-24 09:00:53.714011+00	0		
490	153964	326	15844217	0	2014-02-24 09:00:53.726283+00	0		
491	153964	326	15844218	0	2014-02-24 09:00:53.743584+00	0		
492	153965	326	15844219	0	2014-02-24 09:00:53.751806+00	0		
493	153966	326	15844220	0	2014-02-24 09:00:53.772088+00	0		
494	153966	326	15844221	0	2014-02-24 09:00:53.782798+00	0		
495	153620	326	15844222	0	2014-02-24 09:00:53.793425+00	0		
496	153964	326	15844223	0	2014-02-24 09:00:53.80296+00	0		
497	153964	326	15844224	0	2014-02-24 09:00:53.811797+00	0		
498	154008	326	15844542	0	2014-02-24 13:00:32.90001+00	0		
499	154009	326	15844543	0	2014-02-24 13:00:33.026367+00	0		
500	154008	326	15844544	0	2014-02-24 13:00:33.174621+00	0		
501	154009	326	15844545	0	2014-02-24 13:00:33.28385+00	0		
502	154008	326	15844546	0	2014-02-24 13:00:33.370995+00	0		
503	154009	326	15844547	0	2014-02-24 13:00:33.429953+00	0		
504	154008	326	15844548	0	2014-02-24 13:00:33.507054+00	0		
505	154009	326	15844549	0	2014-02-24 13:00:33.557467+00	0		
506	154074	7704	3185009	0	2014-02-25 03:00:37.09039+00	0		
507	154074	7704	3185010	0	2014-02-25 03:00:40.778358+00	0		
508	154074	7704	3185011	0	2014-02-25 03:00:41.365401+00	0		
509	154074	7704	3185012	0	2014-02-25 03:00:41.692797+00	0		
510	154074	7704	3185013	0	2014-02-25 03:00:42.288967+00	0		
511	154074	7704	3185014	0	2014-02-25 03:00:42.815942+00	0		
512	154074	7704	3185015	0	2014-02-25 03:00:43.600918+00	0		
513	154074	7704	3185016	0	2014-02-25 03:00:44.28515+00	0		
514	154074	7704	3185017	0	2014-02-25 03:00:45.076431+00	0		
520	154412	39882	9794213	0	2014-02-28 09:01:12.683728+00	0		
521	154412	39882	9794214	0	2014-02-28 09:01:12.823744+00	0		
781	157237	1178	7649130	0	2014-03-10 18:18:58.643571+00	0		
480	136879	33879	15361901	0	2014-02-17 02:40:35.08637+00	0		
515	151974	1805	15848284	0	2014-02-18 08:51:38.896401+00	0		
549	154685	10861	14458187	0	2014-12-17 15:02:24.481268+00	0		
516	151974	1805	15848285	0	2014-02-18 08:51:38.896401+00	0		
517	151974	1805	15848286	0	2014-02-18 08:51:38.896401+00	0		
518	151974	1805	15848287	0	2014-02-18 08:51:38.896401+00	0		
519	154260	7713	15363572	0	2014-02-19 16:40:07.906003+00	0		
399	153584	326	15834750	0	2014-02-22 13:02:13.683324+00	0		
400	153585	326	15834751	0	2014-02-22 13:02:13.692049+00	0		
546	154473	69477	15829387	0	2014-02-28 16:00:27.139277+00	0		
547	154473	69477	15829388	0	2014-02-28 16:00:27.290751+00	0		
548	154473	69477	15829389	0	2014-02-28 16:00:27.542684+00	0		
8502	206123	5067	15029245	0	2014-12-25 17:00:42.399394+00	0		
9041	210620	7289	12120320	0	2015-01-16 23:02:37.295468+00	0		
559	154902	2429	15871889	0	2014-03-02 17:00:27.756579+00	0		
560	154902	2429	15871890	0	2014-03-02 17:00:28.657181+00	0		
561	154902	2429	15871891	0	2014-03-02 17:00:29.556288+00	0		
782	157237	1178	7649131	0	2014-03-10 18:18:58.643571+00	0		
783	157237	1178	7649132	0	2014-03-10 18:18:58.643571+00	0		
522	154412	39882	9794215	0	2014-02-28 09:01:12.980421+00	0		
543	136879	7971	15856498	0	2014-02-21 10:31:41.609423+00	0		
558	154763	1805	15867910	0	2014-02-22 21:50:07.538986+00	0		
544	136879	7971	15856499	0	2014-02-21 10:31:41.609423+00	0		
545	136879	7971	15856500	0	2014-02-21 10:31:41.609423+00	0		
784	157237	1178	7649133	0	2014-03-10 18:18:58.643571+00	0		
385	153568	326	15835850	0	2014-02-22 13:02:08.846807+00	0		
386	153569	326	15835851	0	2014-02-22 13:02:08.871958+00	0		
387	153578	326	15834738	0	2014-02-22 13:02:13.397022+00	0		
388	153578	326	15834739	0	2014-02-22 13:02:13.439727+00	0		
550	154685	10861	14458188	0	2014-12-17 15:02:24.481268+00	0		
9040	210620	7289	12120319	0	2015-01-16 23:02:36.470625+00	0		
9042	210620	7289	12120321	0	2015-01-16 23:02:38.043106+00	0		
389	153578	326	15834740	0	2014-02-22 13:02:13.487073+00	0		
390	153578	326	15834741	0	2014-02-22 13:02:13.497474+00	0		
391	153578	326	15834742	0	2014-02-22 13:02:13.587591+00	0		
392	153579	326	15834743	0	2014-02-22 13:02:13.597993+00	0		
393	153580	7291	15834744	0	2014-02-22 13:02:13.611361+00	0		
394	153581	326	15834745	0	2014-02-22 13:02:13.619804+00	0		
395	153582	326	15834746	0	2014-02-22 13:02:13.628623+00	0		
396	153582	326	15834747	0	2014-02-22 13:02:13.640219+00	0		
397	153583	326	15834748	0	2014-02-22 13:02:13.650477+00	0		
398	153584	326	15834749	0	2014-02-22 13:02:13.67382+00	0		
401	153586	326	15834752	0	2014-02-22 13:02:13.722611+00	0		
402	153587	326	15834753	0	2014-02-22 13:02:13.733171+00	0		
403	153588	326	15834460	0	2014-02-22 13:02:25.178678+00	0		
404	153588	326	15834461	0	2014-02-22 13:02:25.199784+00	0		
405	153588	326	15834462	0	2014-02-22 13:02:25.209813+00	0		
406	153588	326	15834463	0	2014-02-22 13:02:25.257962+00	0		
407	153588	326	15834464	0	2014-02-22 13:02:25.271437+00	0		
408	153588	326	15834465	0	2014-02-22 13:02:25.28298+00	0		
409	153589	326	15834466	0	2014-02-22 13:02:25.29328+00	0		
410	153589	326	15834467	0	2014-02-22 13:02:25.307665+00	0		
411	153590	326	15834468	0	2014-02-22 13:02:25.374775+00	0		
412	153590	326	15834469	0	2014-02-22 13:02:25.45091+00	0		
413	153591	326	15834470	0	2014-02-22 13:02:25.460788+00	0		
414	153591	326	15834471	0	2014-02-22 13:02:25.471417+00	0		
415	153592	326	15834472	0	2014-02-22 13:02:25.480739+00	0		
416	153592	326	15834473	0	2014-02-22 13:02:25.496242+00	0		
417	153581	326	15834474	0	2014-02-22 13:02:25.514497+00	0		
418	153581	326	15834475	0	2014-02-22 13:02:25.528681+00	0		
419	153593	326	15834130	0	2014-02-22 13:02:26.02163+00	0		
420	153593	326	15834131	0	2014-02-22 13:02:26.037206+00	0		
421	153593	326	15834132	0	2014-02-22 13:02:26.047009+00	0		
422	153594	326	15834133	0	2014-02-22 13:02:26.059892+00	0		
423	153594	326	15834134	0	2014-02-22 13:02:26.075114+00	0		
424	153594	326	15834135	0	2014-02-22 13:02:26.084616+00	0		
425	153594	326	15834136	0	2014-02-22 13:02:26.094398+00	0		
426	153595	326	15834137	0	2014-02-22 13:02:26.114726+00	0		
427	153596	326	15834138	0	2014-02-22 13:02:26.128565+00	0		
428	153596	326	15834139	0	2014-02-22 13:02:26.141993+00	0		
429	153596	326	15834140	0	2014-02-22 13:02:26.153835+00	0		
430	153596	326	15834141	0	2014-02-22 13:02:26.163283+00	0		
431	153597	326	15834142	0	2014-02-22 13:02:26.179542+00	0		
432	153597	326	15834143	0	2014-02-22 13:02:26.19263+00	0		
433	153598	326	15834144	0	2014-02-22 13:02:26.206643+00	0		
434	153598	326	15834145	0	2014-02-22 13:02:26.22634+00	0		
785	157237	1178	7649134	0	2014-03-10 18:18:58.643571+00	0		
786	157237	1178	7649308	0	2014-03-10 18:18:58.643571+00	0		
787	157237	1178	7649309	0	2014-03-10 18:18:58.643571+00	0		
788	157237	1178	7649310	0	2014-03-10 18:18:58.643571+00	0		
523	154412	39882	9794216	0	2014-02-28 09:01:13.072028+00	0		
562	136879	22432	185259	0	2014-02-25 11:34:30.476829+00	0		
524	154412	39882	9794217	0	2014-02-28 09:01:13.615786+00	0		
563	136879	39882	185259	0	2014-02-25 11:34:30.476829+00	0		
525	154412	39882	9794218	0	2014-02-28 09:01:13.789044+00	0		
564	136879	22432	185260	0	2014-02-25 11:34:30.476829+00	0		
526	154412	39882	9794219	0	2014-02-28 09:01:13.947623+00	0		
565	136879	39882	185260	0	2014-02-25 11:34:30.476829+00	0		
527	154412	39882	9794220	0	2014-02-28 09:01:14.03248+00	0		
6017	187228	7020	281928	0	2014-09-02 18:00:50.311834+00	0		
528	154412	39882	9794221	0	2014-02-28 09:01:14.169888+00	0		
529	154412	39882	9794222	0	2014-02-28 09:01:14.264623+00	0		
568	136879	22432	185262	0	2014-02-25 11:34:30.476829+00	0		
530	154412	39882	9794223	0	2014-02-28 09:01:14.342833+00	0		
569	136879	39882	185262	0	2014-02-25 11:34:30.476829+00	0		
531	154413	39882	9794224	0	2014-02-28 09:01:14.373024+00	0		
570	136879	22432	185263	0	2014-02-25 11:34:30.476829+00	0		
571	136879	39882	185263	0	2014-02-25 11:34:30.476829+00	0		
532	154413	39882	9794225	0	2014-02-28 09:01:14.503854+00	0		
533	154413	39882	9794226	0	2014-02-28 09:01:14.547092+00	0		
534	154413	39882	9794227	0	2014-02-28 09:01:14.576657+00	0		
574	136879	22432	185265	0	2014-02-25 11:34:30.476829+00	0		
535	154413	39882	9794228	0	2014-02-28 09:01:14.623091+00	0		
575	136879	39882	185265	0	2014-02-25 11:34:30.476829+00	0		
536	154413	39882	9794229	0	2014-02-28 09:01:14.651334+00	0		
576	136879	22432	185266	0	2014-02-25 11:34:30.476829+00	0		
537	154413	39882	9794230	0	2014-02-28 09:01:14.67728+00	0		
538	154413	39882	9794231	0	2014-02-28 09:01:14.70819+00	0		
539	154413	39882	9794232	0	2014-02-28 09:01:14.73824+00	0		
540	154413	39882	9794233	0	2014-02-28 09:01:14.777037+00	0		
541	154413	39882	9794234	0	2014-02-28 09:01:14.808242+00	0		
542	154413	39882	9794235	0	2014-02-28 09:01:14.834722+00	0		
789	157237	1178	7649311	0	2014-03-10 18:18:58.643571+00	0		
790	157237	1178	7649312	0	2014-03-10 18:18:58.643571+00	0		
791	157237	1178	7649313	0	2014-03-10 18:18:58.643571+00	0		
577	136879	39882	185266	0	2014-02-25 11:34:30.476829+00	0		
629	155975	2429	14484529	0	2014-03-01 13:42:29.537257+00	0		
633	156179	1178	12151431	0	2015-05-16 11:01:07.652918+00	0		
634	156179	1178	12151432	0	2015-05-16 11:01:09.390266+00	0		
580	136879	22432	185268	0	2014-02-25 11:34:30.476829+00	0		
581	136879	39882	185268	0	2014-02-25 11:34:30.476829+00	0		
650	156264	4434	8434805	0	2014-03-10 20:00:14.246436+00	0		
582	136879	22432	185269	0	2014-02-25 11:34:30.476829+00	0		
583	136879	39882	185269	0	2014-02-25 11:34:30.476829+00	0		
591	155379	4288	15880814	0	2014-03-05 09:00:48.053737+00	0		
592	155379	4288	15880815	0	2014-03-05 09:00:48.640816+00	0		
593	155380	4288	15880819	0	2014-03-05 09:00:48.984592+00	0		
594	155380	4288	15880820	0	2014-03-05 09:00:49.222337+00	0		
695	156654	80914	14841269	0	2014-03-13 04:00:15.922534+00	0		
696	156654	80914	14841270	0	2014-03-13 04:00:15.955331+00	0		
697	156654	80914	14841271	0	2014-03-13 04:00:15.991156+00	0		
648	156263	4434	8434810	0	2014-03-08 03:01:06.85221+00	0		
646	156263	4434	8434812	0	2014-03-08 03:01:06.85221+00	0		
642	156263	4434	8434815	0	2014-03-08 03:01:06.85221+00	0		
653	156264	4434	8434808	0	2014-03-08 03:01:06.85221+00	0		
651	156264	4434	8434806	0	2014-03-08 03:01:06.85221+00	0		
641	156262	4434	8434818	0	2014-03-08 03:01:06.85221+00	0		
644	156263	4434	8434814	0	2014-03-08 03:01:06.85221+00	0		
638	156262	4434	8434816	0	2014-03-08 03:01:06.85221+00	0		
792	157237	1178	7649314	0	2014-03-10 18:18:58.643571+00	0		
645	156263	4434	8434813	0	2014-03-08 03:01:06.85221+00	0		
640	156262	4434	8434819	0	2014-03-08 03:01:06.85221+00	0		
660	156333	22238	9937594	0	2014-03-11 09:00:38.533677+00	0		
635	156179	1178	12151433	0	2015-05-16 11:01:11.046869+00	0		
8503	206145	7020	17185562	0	2014-12-25 21:01:05.698627+00	0		
630	156179	1178	12151428	0	2015-05-16 11:01:19.689404+00	0		
631	156179	1178	12151429	0	2015-05-16 11:01:21.487778+00	0		
632	156179	1178	12151430	0	2015-05-16 11:01:23.113227+00	0		
647	156263	4434	8434811	0	2014-03-08 03:01:06.85221+00	0		
793	157237	1178	7649315	0	2014-03-10 18:18:58.643571+00	0		
649	156263	4434	8434809	0	2014-03-08 03:01:06.85221+00	0		
661	156333	22238	9937595	0	2014-03-11 09:00:39.630242+00	0		
662	156333	22238	9937596	0	2014-03-11 09:00:40.714154+00	0		
639	156262	4434	8434817	0	2014-03-08 03:01:06.85221+00	0		
613	136879	7708	15895487	0	2014-03-08 11:00:45.992702+00	0		
614	155950	5153	9624729	0	2014-03-08 11:00:53.307626+00	0		
615	155950	5153	9624730	0	2014-03-08 11:00:53.317133+00	0		
616	155950	5153	9624731	0	2014-03-08 11:00:53.326558+00	0		
794	157237	1178	7649316	0	2014-03-10 18:18:58.643571+00	0		
663	156333	22238	9937597	0	2014-03-11 09:00:41.868359+00	0		
795	157237	1178	7649317	0	2014-03-10 18:18:58.643571+00	0		
618	155975	2429	14484518	0	2014-03-01 13:42:29.537257+00	0		
610	136879	7708	15895484	0	2014-03-08 11:00:43.46398+00	0		
619	155975	2429	14484519	0	2014-03-01 13:42:29.537257+00	0		
620	155975	2429	14484520	0	2014-03-01 13:42:29.537257+00	0		
670	156338	22238	9937604	0	2014-03-11 09:00:51.258866+00	0		
621	155975	2429	14484521	0	2014-03-01 13:42:29.537257+00	0		
611	136879	7708	15895485	0	2014-03-08 11:00:44.345059+00	0		
622	155975	2429	14484522	0	2014-03-01 13:42:29.537257+00	0		
623	155975	2429	14484523	0	2014-03-01 13:42:29.537257+00	0		
624	155975	2429	14484524	0	2014-03-01 13:42:29.537257+00	0		
612	136879	7708	15895486	0	2014-03-08 11:00:45.154738+00	0		
625	155975	2429	14484525	0	2014-03-01 13:42:29.537257+00	0		
626	155975	2429	14484526	0	2014-03-01 13:42:29.537257+00	0		
672	156403	1178	15908544	0	2014-03-11 17:00:18.192782+00	0		
627	155975	2429	14484527	0	2014-03-01 13:42:29.537257+00	0		
617	155950	5153	15895580	0	2014-03-08 11:00:53.937494+00	0		
628	155975	2429	14484528	0	2014-03-01 13:42:29.537257+00	0		
664	156333	22238	9937598	0	2014-03-11 09:00:42.973115+00	0		
796	157237	1178	7649318	0	2014-03-10 18:18:58.643571+00	0		
665	156333	22238	9937599	0	2014-03-11 09:00:44.157127+00	0		
636	156262	4434	12807533	0	2014-03-03 20:00:15.875902+00	0		
637	156262	4434	12807534	0	2014-03-03 20:00:15.875902+00	0		
666	156333	22238	9937600	0	2014-03-11 09:00:45.259302+00	0		
667	156333	22238	1406193	0	2014-03-11 09:00:46.423617+00	0		
668	156333	22238	9937602	0	2014-03-11 09:00:47.632289+00	0		
669	156333	22238	9937603	0	2014-03-11 09:00:48.679731+00	0		
673	156405	2429	15911178	0	2014-03-11 17:00:37.540983+00	0		
674	156405	2429	15911179	0	2014-03-11 17:00:37.566762+00	0		
675	156405	2429	15911180	0	2014-03-11 17:00:37.591579+00	0		
676	156405	2429	15911181	0	2014-03-11 17:00:37.618356+00	0		
677	156405	2429	15911182	0	2014-03-11 17:00:37.634973+00	0		
678	156405	2429	15911183	0	2014-03-11 17:00:37.650443+00	0		
679	156405	2429	15911184	0	2014-03-11 17:00:37.669331+00	0		
680	156405	2429	15911185	0	2014-03-11 17:00:37.687067+00	0		
681	156405	2429	15911186	0	2014-03-11 17:00:37.706432+00	0		
682	156405	2429	15911187	0	2014-03-11 17:00:37.725269+00	0		
654	156276	4434	7753136	0	2014-03-03 21:23:49.370076+00	0		
655	156276	4434	5862366	0	2014-03-03 21:23:49.370076+00	0		
656	156276	4434	8434867	0	2014-03-03 21:29:29.520487+00	0		
657	156276	4434	8434869	0	2014-03-03 21:29:29.520487+00	0		
658	156276	4434	12852692	0	2014-03-03 21:41:42.705061+00	0		
659	156276	4434	12852693	0	2014-03-03 21:41:42.705061+00	0		
698	156686	23723	15917691	0	2014-03-13 11:00:34.040448+00	0		
699	156686	23723	15917692	0	2014-03-13 11:00:34.099651+00	0		
700	156686	23723	15917693	0	2014-03-13 11:00:34.11631+00	0		
691	156550	1178	10164976	0	2014-04-11 14:00:17.018519+00	0		
702	156739	7703	5750250	0	2014-03-13 21:00:19.13558+00	0		
703	156740	7703	5750251	0	2014-03-13 21:00:19.251521+00	0		
701	156686	23723	15948042	0	2014-04-10 22:00:19.199681+00	0		
689	156550	1178	10164974	0	2014-04-11 14:00:15.941333+00	0		
690	156550	1178	10164975	0	2014-04-11 14:00:16.685117+00	0		
584	155265	80885	4828659	0	2014-03-04 23:00:21.360458+00	0		
585	155265	80885	4828660	0	2014-03-04 23:00:21.695502+00	0		
586	155265	80885	4828661	0	2014-03-04 23:00:21.971079+00	0		
587	155265	80885	4828662	0	2014-03-04 23:00:22.263888+00	0		
588	155265	80885	4828663	0	2014-03-04 23:00:22.574244+00	0		
589	155265	80885	4828664	0	2014-03-04 23:00:22.850433+00	0		
590	155265	80885	4828665	0	2014-03-04 23:00:23.125819+00	0		
595	155415	744	15882839	0	2014-03-05 14:00:52.507317+00	0		
596	155732	57382	4528637	0	2014-03-07 00:00:23.001427+00	0		
597	155732	57382	4528638	0	2014-03-07 00:00:23.033858+00	0		
727	156931	44465	15925112	0	2014-03-15 10:00:20.735438+00	0		
728	156931	44465	15925113	0	2014-03-15 10:00:20.742819+00	0		
729	156931	44465	15925114	0	2014-03-15 10:00:20.751431+00	0		
730	156931	44465	15925115	0	2014-03-15 10:00:20.762966+00	0		
731	156931	44465	15925116	0	2014-03-15 10:00:20.770804+00	0		
732	156931	44465	15925117	0	2014-03-15 10:00:20.779172+00	0		
598	155732	57382	4528639	0	2014-03-07 00:00:23.043015+00	0		
599	155732	57382	4528640	0	2014-03-07 00:00:23.066162+00	0		
600	155732	57382	4528641	0	2014-03-07 00:00:23.0759+00	0		
601	155732	57382	4528642	0	2014-03-07 00:00:23.085004+00	0		
602	155732	57382	4528643	0	2014-03-07 00:00:23.093477+00	0		
603	155732	57382	4528644	0	2014-03-07 00:00:23.102996+00	0		
604	155732	57382	4528645	0	2014-03-07 00:00:23.111034+00	0		
605	155732	57382	4528646	0	2014-03-07 00:00:23.120589+00	0		
606	155732	57382	4528647	0	2014-03-07 00:00:23.128956+00	0		
607	155732	57382	4528648	0	2014-03-07 00:00:23.145164+00	0		
608	155732	57382	4528649	0	2014-03-07 00:00:23.153914+00	0		
609	155732	57382	4528650	0	2014-03-07 00:00:23.162835+00	0		
652	156264	4434	8434807	0	2014-03-08 03:01:06.85221+00	0		
734	156981	5332	15926523	0	2014-03-15 19:00:16.563912+00	0		
735	156981	5332	15926524	0	2014-03-15 19:00:16.606797+00	0		
803	157237	1178	7649325	0	2014-04-17 14:00:22.255415+00	0		
804	157237	1178	7649326	0	2014-04-17 14:00:22.973843+00	0		
736	157083	68971	15929024	0	2014-03-09 14:04:55.491213+00	0		
704	156740	7703	5750252	0	2014-03-13 21:00:19.297482+00	0		
737	157083	68971	15929025	0	2014-03-09 14:04:55.491213+00	0		
797	157237	1178	7649319	0	2014-03-10 18:18:58.643571+00	0		
738	157083	68971	15929026	0	2014-03-09 14:04:55.491213+00	0		
739	157083	68971	15929027	0	2014-03-09 14:04:55.491213+00	0		
822	153589	331	13387310	0	2014-03-10 20:00:03.275851+00	0		
740	157083	68971	15929028	0	2014-03-09 14:04:55.491213+00	0		
798	157237	1178	7649320	0	2014-03-10 18:18:58.643571+00	0		
741	157083	68971	15929029	0	2014-03-09 14:04:55.491213+00	0		
742	157083	68971	15929030	0	2014-03-09 14:04:55.491213+00	0		
743	157083	68971	15929031	0	2014-03-09 14:04:55.491213+00	0		
799	157237	1178	7649321	0	2014-03-10 18:18:58.643571+00	0		
744	157083	68971	15929032	0	2014-03-09 14:04:55.491213+00	0		
745	157083	68971	15929033	0	2014-03-09 14:04:55.491213+00	0		
705	156740	7703	5750253	0	2014-03-13 21:00:19.347085+00	0		
746	157083	68971	15929034	0	2014-03-09 14:04:55.491213+00	0		
800	157237	1178	7649322	0	2014-03-10 18:18:58.643571+00	0		
747	157083	68971	15929035	0	2014-03-09 14:04:55.491213+00	0		
748	157083	68971	15929036	0	2014-03-09 14:04:55.491213+00	0		
823	153589	331	13387311	0	2014-03-10 20:00:03.275851+00	0		
749	157083	68971	15929037	0	2014-03-09 14:04:55.491213+00	0		
801	157237	1178	7649323	0	2014-03-10 18:18:58.643571+00	0		
750	157083	68971	15929038	0	2014-03-09 14:04:55.491213+00	0		
802	157237	1178	7649324	0	2014-03-10 18:18:58.643571+00	0		
706	156739	7703	5750254	0	2014-03-13 21:00:19.398854+00	0		
824	153589	331	13387312	0	2014-03-10 20:00:03.275851+00	0		
805	157237	1178	7649327	0	2014-03-10 18:18:58.643571+00	0		
707	156740	7703	5750255	0	2014-03-13 21:00:19.444522+00	0		
806	157237	1178	7649328	0	2014-03-10 18:18:58.643571+00	0		
825	153589	331	13387313	0	2014-03-10 20:00:03.275851+00	0		
807	157237	1178	7649329	0	2014-03-10 18:18:58.643571+00	0		
808	157237	1178	7649330	0	2014-03-10 18:18:58.643571+00	0		
708	156739	7703	5750256	0	2014-03-13 21:00:19.480054+00	0		
809	157237	1178	7649331	0	2014-03-10 18:18:58.643571+00	0		
826	153589	331	13387314	0	2014-03-10 20:00:03.275851+00	0		
810	157237	1178	7649332	0	2014-03-10 18:18:58.643571+00	0		
811	157237	1178	7649333	0	2014-03-10 18:18:58.643571+00	0		
709	156740	7703	5750257	0	2014-03-13 21:00:19.52134+00	0		
812	157237	1178	7649334	0	2014-03-10 18:18:58.643571+00	0		
818	153589	331	13387306	0	2014-03-10 20:00:03.275851+00	0		
710	156931	44465	15925095	0	2014-03-15 10:00:20.486306+00	0		
819	153589	331	13387307	0	2014-03-10 20:00:03.275851+00	0		
711	156931	44465	15925096	0	2014-03-15 10:00:20.547854+00	0		
820	153589	331	13387308	0	2014-03-10 20:00:03.275851+00	0		
712	156931	44465	15925097	0	2014-03-15 10:00:20.559589+00	0		
821	153589	331	13387309	0	2014-03-10 20:00:03.275851+00	0		
827	153589	331	13387315	0	2014-03-10 20:00:03.275851+00	0		
713	156931	44465	15925098	0	2014-03-15 10:00:20.568541+00	0		
828	153589	331	13387316	0	2014-03-10 20:00:03.275851+00	0		
714	156931	44465	15925099	0	2014-03-15 10:00:20.578674+00	0		
829	153589	331	13387317	0	2014-03-10 20:00:03.275851+00	0		
715	156931	44465	15925100	0	2014-03-15 10:00:20.587353+00	0		
830	153589	331	13387318	0	2014-03-10 20:00:03.275851+00	0		
716	156931	44465	15925101	0	2014-03-15 10:00:20.595882+00	0		
831	153589	331	13387319	0	2014-03-10 20:00:03.275851+00	0		
717	156931	44465	15925102	0	2014-03-15 10:00:20.605437+00	0		
718	156931	44465	15925103	0	2014-03-15 10:00:20.613632+00	0		
719	156931	44465	15925104	0	2014-03-15 10:00:20.621091+00	0		
720	156931	44465	15925105	0	2014-03-15 10:00:20.661757+00	0		
721	156931	44465	15925106	0	2014-03-15 10:00:20.674606+00	0		
722	156931	44465	15925107	0	2014-03-15 10:00:20.682871+00	0		
723	156931	44465	15925108	0	2014-03-15 10:00:20.695622+00	0		
724	156931	44465	15925109	0	2014-03-15 10:00:20.710756+00	0		
725	156931	44465	15925110	0	2014-03-15 10:00:20.718999+00	0		
726	156931	44465	15925111	0	2014-03-15 10:00:20.727594+00	0		
733	156931	44465	15925118	0	2014-03-15 10:00:20.787587+00	0		
836	157253	326	13387329	0	2014-03-10 20:00:03.275851+00	0		
895	157472	5179	4264503	0	2014-03-19 05:00:21.394308+00	0		
837	157253	326	13387330	0	2014-03-10 20:00:03.275851+00	0		
838	157253	326	13387331	0	2014-03-10 20:00:03.275851+00	0		
896	157475	39882	4264504	0	2014-03-19 05:00:21.89569+00	0		
839	157254	326	13387332	0	2014-03-10 20:00:03.275851+00	0		
855	157322	295	2266004	0	2014-03-18 15:00:23.195196+00	0		
856	157322	295	2266005	0	2014-03-18 15:00:23.553356+00	0		
857	157322	295	2266006	0	2014-03-18 15:00:23.875703+00	0		
858	157322	295	2266007	0	2014-03-18 15:00:24.198375+00	0		
859	157322	295	2266008	0	2014-03-18 15:00:24.53809+00	0		
860	157322	295	2266009	0	2014-03-18 15:00:24.858729+00	0		
861	157322	295	2266010	0	2014-03-18 15:00:25.17742+00	0		
862	157322	295	2266011	0	2014-03-18 15:00:25.492946+00	0		
863	157322	295	2266012	0	2014-03-18 15:00:25.832427+00	0		
864	157322	295	2266013	0	2014-03-18 15:00:26.142846+00	0		
865	157322	295	2266014	0	2014-03-18 15:00:26.453399+00	0		
866	157324	5297	11465747	0	2014-03-18 15:00:31.368155+00	0		
867	157325	7712	11465748	0	2014-03-18 15:00:31.376556+00	0		
868	157326	7020	11465750	0	2014-03-18 15:00:31.385056+00	0		
869	157326	7020	11465752	0	2014-03-18 15:00:31.393221+00	0		
870	157327	7020	11465753	0	2014-03-18 15:00:31.400549+00	0		
871	157328	7020	14167181	0	2014-03-18 16:00:15.319233+00	0		
872	157328	7020	14167182	0	2014-03-18 16:00:15.344174+00	0		
873	157328	7020	14167183	0	2014-03-18 16:00:15.382984+00	0		
874	157328	7020	14167184	0	2014-03-18 16:00:15.411089+00	0		
875	157328	7020	14167185	0	2014-03-18 16:00:15.436418+00	0		
876	157328	7020	14167186	0	2014-03-18 16:00:15.460973+00	0		
877	157328	7020	14167187	0	2014-03-18 16:00:15.49009+00	0		
878	157328	7020	14167188	0	2014-03-18 16:00:15.517071+00	0		
879	157328	7020	14167189	0	2014-03-18 16:00:15.550066+00	0		
880	157328	7020	14167190	0	2014-03-18 16:00:15.588402+00	0		
881	157328	7020	14167191	0	2014-03-18 16:00:15.623933+00	0		
882	157328	7020	14167192	0	2014-03-18 16:00:15.659685+00	0		
883	157434	4434	4264491	0	2014-03-19 03:00:31.51906+00	0		
884	157438	7020	4264492	0	2014-03-19 03:00:32.784196+00	0		
885	157442	5210	4264493	0	2014-03-19 03:00:34.221487+00	0		
887	157447	7020	4264495	0	2014-03-19 03:00:35.809693+00	0		
888	157447	7020	4264496	0	2014-03-19 03:00:36.750827+00	0		
889	157449	4434	4264497	0	2014-03-19 03:00:37.136301+00	0		
890	157458	5099	4264498	0	2014-03-19 04:00:23.247342+00	0		
891	157447	7020	4264499	0	2014-03-19 05:00:17.563962+00	0		
892	157463	5099	4264500	0	2014-03-19 05:00:18.645206+00	0		
893	157468	7020	4264501	0	2014-03-19 05:00:20.119864+00	0		
894	157468	7020	2736532	0	2014-03-19 05:00:20.442462+00	0		
897	157480	5099	4264505	0	2014-03-19 05:00:25.078615+00	0		
898	157486	5099	4264506	0	2014-03-19 05:00:26.632146+00	0		
899	157488	5099	4264507	0	2014-03-19 05:00:26.946172+00	0		
683	156405	2429	15911188	0	2014-03-11 17:00:37.743698+00	0		
684	156405	2429	15911189	0	2014-03-11 17:00:37.761585+00	0		
685	156405	2429	15911190	0	2014-03-11 17:00:37.778358+00	0		
686	156405	2429	15911191	0	2014-03-11 17:00:37.794402+00	0		
687	156405	2429	15911192	0	2014-03-11 17:00:37.810273+00	0		
688	156405	2429	15911193	0	2014-03-11 17:00:37.829358+00	0		
900	157491	7703	4264508	0	2014-03-19 05:00:27.446398+00	0		
901	136879	848	6611554	0	2014-03-21 00:00:20.963274+00	0		
835	157252	326	13695833	0	2014-12-27 04:00:50.577719+00	0		
903	136879	5099	15942251	0	2014-03-21 15:00:13.008624+00	0		
904	136879	5099	15942252	0	2014-03-21 15:00:13.0642+00	0		
905	136879	5099	15942253	0	2014-03-21 15:00:13.123041+00	0		
906	136879	5099	15942254	0	2014-03-21 15:00:13.181782+00	0		
907	136879	5099	15942255	0	2014-03-21 15:00:13.246561+00	0		
908	136879	5099	15942256	0	2014-03-21 15:00:13.308738+00	0		
909	136879	5099	15942257	0	2014-03-21 15:00:13.371865+00	0		
910	136879	5099	15942258	0	2014-03-21 15:00:13.450121+00	0		
911	136879	5099	15942259	0	2014-03-21 15:00:13.507167+00	0		
912	136879	6085	11886852	0	2014-03-22 03:00:28.864038+00	0		
913	136879	6085	11886869	0	2014-03-22 03:00:29.138738+00	0		
886	157445	5099	17004869	0	2014-11-06 19:00:10.817807+00	0		
834	157252	326	13695836	0	2014-12-27 04:00:52.365097+00	0		
914	157794	7020	15949916	0	2014-03-22 18:00:18.065977+00	0		
915	157794	7020	15949917	0	2014-03-22 18:00:18.150824+00	0		
916	157794	7020	15949918	0	2014-03-22 18:00:18.318857+00	0		
917	157794	7020	15949919	0	2014-03-22 18:00:18.474255+00	0		
918	157794	7020	15949920	0	2014-03-22 18:00:18.554036+00	0		
919	157794	7020	15949921	0	2014-03-22 18:00:18.617254+00	0		
920	157794	7020	15949922	0	2014-03-22 18:00:18.674342+00	0		
921	157795	7020	15949923	0	2014-03-22 18:00:18.709554+00	0		
922	157795	7020	15949924	0	2014-03-22 18:00:18.781236+00	0		
923	157795	7020	15949925	0	2014-03-22 18:00:18.837152+00	0		
924	157795	7020	15949926	0	2014-03-22 18:00:18.901405+00	0		
925	157795	7020	15949927	0	2014-03-22 18:00:18.972661+00	0		
926	157796	7020	15949956	0	2014-03-22 18:00:23.924235+00	0		
927	157796	7020	15949957	0	2014-03-22 18:00:23.975664+00	0		
928	157796	7020	15949958	0	2014-03-22 18:00:24.032007+00	0		
929	157796	7020	15949959	0	2014-03-22 18:00:24.091195+00	0		
930	157797	44465	15949960	0	2014-03-22 18:00:24.202208+00	0		
931	157797	44465	15949961	0	2014-03-22 18:00:24.607854+00	0		
932	157797	44465	15949962	0	2014-03-22 18:00:24.964296+00	0		
933	157797	44465	15949963	0	2014-03-22 18:00:25.322285+00	0		
934	157797	44465	15949964	0	2014-03-22 18:00:25.68501+00	0		
935	157850	7020	15952906	0	2014-03-23 11:00:25.343088+00	0		
936	157850	7020	15952907	0	2014-03-23 11:00:25.466756+00	0		
937	157850	7020	15952908	0	2014-03-23 11:00:25.579636+00	0		
938	157850	7020	15952909	0	2014-03-23 11:00:25.660684+00	0		
939	157850	7020	15952910	0	2014-03-23 11:00:25.731289+00	0		
940	157850	7020	15952911	0	2014-03-23 11:00:25.820801+00	0		
941	157850	7020	15952912	0	2014-03-23 11:00:25.909823+00	0		
942	157850	7020	15952913	0	2014-03-23 11:00:26.012921+00	0		
943	157861	5114	15953015	0	2014-03-23 11:00:31.868775+00	0		
944	157861	5114	15953016	0	2014-03-23 11:00:32.271578+00	0		
945	157861	5114	15953017	0	2014-03-23 11:00:32.666679+00	0		
946	157861	5114	15953018	0	2014-03-23 11:00:33.181344+00	0		
947	157861	5114	15953019	0	2014-03-23 11:00:33.665296+00	0		
948	157861	5114	15953020	0	2014-03-23 11:00:34.087091+00	0		
949	157862	7020	15953187	0	2014-03-23 12:00:24.652209+00	0		
950	157862	7020	15953188	0	2014-03-23 12:00:24.913094+00	0		
951	157863	7020	15953189	0	2014-03-23 12:00:25.063319+00	0		
952	157864	7020	15953190	0	2014-03-23 12:00:25.265182+00	0		
840	136879	5067	12500415	0	2014-03-18 11:00:24.208327+00	0		
841	136879	5067	12500416	0	2014-03-18 11:00:24.278483+00	0		
842	136879	5067	12500417	0	2014-03-18 11:00:24.309043+00	0		
843	136879	5067	12500418	0	2014-03-18 11:00:24.336368+00	0		
844	136879	5067	12500419	0	2014-03-18 11:00:24.36408+00	0		
958	157863	7020	15953196	0	2014-03-23 12:00:26.402824+00	0		
959	157865	7020	15953197	0	2014-03-23 12:00:26.697212+00	0		
960	157866	7020	15953446	0	2014-03-23 12:00:35.674393+00	0		
961	157866	7020	15953447	0	2014-03-23 12:00:35.851413+00	0		
962	157866	7020	15953448	0	2014-03-23 12:00:35.982336+00	0		
963	157866	7020	15953449	0	2014-03-23 12:00:36.066395+00	0		
970	157876	185	15954066	0	2014-03-23 14:00:29.589427+00	0		
974	157910	7020	15955661	0	2014-03-23 18:19:15.958033+00	0		
975	157911	7020	15955662	0	2014-03-23 18:19:16.143609+00	0		
976	157911	7020	15955663	0	2014-03-23 18:19:16.219189+00	0		
977	157910	7020	15955664	0	2014-03-23 18:19:16.333911+00	0		
978	157910	7020	15955665	0	2014-03-23 18:19:16.392096+00	0		
979	157911	7020	15955666	0	2014-03-23 18:19:16.459449+00	0		
980	157911	7020	15955667	0	2014-03-23 18:19:16.680818+00	0		
981	157911	7020	15955668	0	2014-03-23 18:19:16.750799+00	0		
982	157910	7020	15955669	0	2014-03-23 18:19:16.801786+00	0		
983	157911	7020	15955670	0	2014-03-23 18:19:16.886414+00	0		
984	157910	7020	15955671	0	2014-03-23 18:19:17.020987+00	0		
985	157910	7020	15955672	0	2014-03-23 18:19:17.286718+00	0		
986	157911	7020	15955673	0	2014-03-23 18:19:17.630771+00	0		
987	157985	7020	15957455	0	2014-03-24 08:00:15.441513+00	0		
988	157985	7020	15957456	0	2014-03-24 08:00:17.429102+00	0		
989	157985	7020	15957457	0	2014-03-24 08:00:19.434857+00	0		
990	157985	7020	15957458	0	2014-03-24 08:00:21.444339+00	0		
991	157992	5099	15957459	0	2014-03-24 08:00:23.18149+00	0		
992	157992	5099	15957460	0	2014-03-24 08:00:24.803729+00	0		
993	157998	7703	15957461	0	2014-03-24 08:00:36.403048+00	0		
994	157998	7703	15957462	0	2014-03-24 08:00:37.332549+00	0		
995	157998	7703	15957463	0	2014-03-24 08:00:38.212381+00	0		
996	157998	7703	15957464	0	2014-03-24 08:00:39.132525+00	0		
997	157998	7703	15957465	0	2014-03-24 08:00:40.096669+00	0		
998	158006	7703	15957466	0	2014-03-24 08:00:44.287816+00	0		
999	158006	7703	15957467	0	2014-03-24 08:00:46.611575+00	0		
1000	158006	7703	15957468	0	2014-03-24 08:00:48.850322+00	0		
1003	158199	5099	15957477	0	2014-03-25 02:01:54.999017+00	0		
1004	158199	5099	15957478	0	2014-03-25 02:01:58.998524+00	0		
1005	158199	5099	15957479	0	2014-03-25 02:02:01.604899+00	0		
1006	158199	5099	15957480	0	2014-03-25 02:02:04.298191+00	0		
1007	158199	5099	15957481	0	2014-03-25 02:02:07.636433+00	0		
1008	158202	5099	15957482	0	2014-03-25 02:02:08.119272+00	0		
1009	158202	5099	15957483	0	2014-03-25 02:02:08.462243+00	0		
1010	158202	5099	15957484	0	2014-03-25 02:02:08.843465+00	0		
1011	158202	5099	15957485	0	2014-03-25 02:02:09.191786+00	0		
1023	136879	5249	15676922	0	2014-03-26 05:00:47.234965+00	0		
1037	158609	7020	6900193	0	2014-03-27 20:00:14.489794+00	0		
1038	158609	7020	6900194	0	2014-03-27 20:00:14.597586+00	0		
1039	158609	7020	6900195	0	2014-03-27 20:00:14.672547+00	0		
1040	158609	7020	6900196	0	2014-03-27 20:00:14.75141+00	0		
1041	158609	7020	6900197	0	2014-03-27 20:00:14.834947+00	0		
1042	158615	7020	6428159	0	2014-03-27 20:00:19.125953+00	0		
1043	158615	7020	6428160	0	2014-03-27 20:00:19.142043+00	0		
1044	158615	7020	6428161	0	2014-03-27 20:00:19.167182+00	0		
1045	158615	7020	6428162	0	2014-03-27 20:00:19.182147+00	0		
1051	158677	9542	11572842	0	2014-03-28 09:00:14.227062+00	0		
1052	158677	9542	11572843	0	2014-03-28 09:00:14.910977+00	0		
1053	158682	5099	11572844	0	2014-03-28 09:00:16.692665+00	0		
1054	158682	5099	11572845	0	2014-03-28 09:00:19.236318+00	0		
1055	158698	7454	11572846	0	2014-03-28 10:00:21.927699+00	0		
845	136879	5067	12500420	0	2014-03-18 11:00:24.389412+00	0		
846	136879	5067	12500421	0	2014-03-18 11:00:24.429585+00	0		
847	136879	5067	12500422	0	2014-03-18 11:00:24.461142+00	0		
848	136879	69762	12500430	0	2014-03-18 11:00:24.615097+00	0		
849	136879	69762	12500431	0	2014-03-18 11:00:24.650281+00	0		
850	136879	69762	12500432	0	2014-03-18 11:00:24.675694+00	0		
851	136879	69762	12500433	0	2014-03-18 11:00:24.705021+00	0		
852	136879	69762	12500434	0	2014-03-18 11:00:24.731408+00	0		
853	136879	69762	12500435	0	2014-03-18 11:00:24.756372+00	0		
854	136879	69762	12500436	0	2014-03-18 11:00:24.782261+00	0		
1056	158705	7729	11572847	0	2014-03-28 10:00:23.905537+00	0		
1024	158508	5147	2449373	0	2014-03-19 23:05:53.58194+00	0		
1057	158705	7729	11572848	0	2014-03-28 10:00:25.876433+00	0		
1025	158508	5147	2449374	0	2014-03-19 23:05:53.58194+00	0		
1026	158508	5147	2449375	0	2014-03-19 23:05:53.58194+00	0		
1058	158709	7020	11572849	0	2014-03-28 10:00:27.298354+00	0		
1027	158508	5147	2449376	0	2014-03-19 23:05:53.58194+00	0		
1028	158508	5147	2449377	0	2014-03-19 23:05:53.58194+00	0		
1059	158712	5210	11572850	0	2014-03-28 10:00:28.726657+00	0		
1029	158508	5147	2449378	0	2014-03-19 23:05:53.58194+00	0		
1030	158508	5147	2449379	0	2014-03-19 23:05:53.58194+00	0		
1060	158715	5099	11572852	0	2014-03-28 10:00:31.094088+00	0		
1031	158508	5147	2449380	0	2014-03-19 23:05:53.58194+00	0		
1032	158508	5147	2449381	0	2014-03-19 23:05:53.58194+00	0		
1061	158715	5099	11572853	0	2014-03-28 10:00:32.107093+00	0		
1033	158508	5147	2449382	0	2014-03-19 23:05:53.58194+00	0		
1034	158508	5147	2449383	0	2014-03-19 23:05:53.58194+00	0		
1062	158715	5099	11572854	0	2014-03-28 10:00:33.26074+00	0		
1035	158508	5147	2449384	0	2014-03-19 23:05:53.58194+00	0		
1063	158715	5099	11572855	0	2014-03-28 10:00:34.206818+00	0		
1036	158607	326	12732618	0	2014-03-20 18:32:15.96576+00	0		
1046	158622	7020	397958	0	2015-08-21 10:03:16.461671+00	0		
1047	158622	7020	397959	0	2015-08-21 10:03:17.059027+00	0		
1048	158622	7020	397960	0	2015-08-21 10:03:17.503917+00	0		
1050	158622	7020	397962	0	2015-08-21 10:03:18.421539+00	0		
953	157865	7020	15953191	0	2014-03-23 12:00:25.731625+00	0		
954	157864	7020	15953192	0	2014-03-23 12:00:25.767084+00	0		
955	157862	7020	15953193	0	2014-03-23 12:00:25.910142+00	0		
956	157863	7020	15953194	0	2014-03-23 12:00:26.04991+00	0		
957	157863	7020	15953195	0	2014-03-23 12:00:26.196872+00	0		
964	157866	7020	15953450	0	2014-03-23 12:00:36.159102+00	0		
965	157866	7020	15953451	0	2014-03-23 12:00:36.241926+00	0		
966	157866	7020	15953452	0	2014-03-23 12:00:36.319853+00	0		
967	157866	7020	15953453	0	2014-03-23 12:00:36.39446+00	0		
968	157866	7020	15953454	0	2014-03-23 12:00:36.402777+00	0		
1067	158677	9542	11572859	0	2014-03-28 10:00:38.966549+00	0		
1071	158804	7703	7043945	0	2014-03-28 14:00:37.807162+00	0		
1072	158805	7703	7043946	0	2014-03-28 14:00:38.136939+00	0		
1073	158806	7703	1236620	0	2014-03-28 14:00:38.19088+00	0		
1074	158807	7703	7043948	0	2014-03-28 14:00:38.207621+00	0		
1075	158807	7703	7043949	0	2014-03-28 14:00:38.298942+00	0		
1078	158857	7703	7043952	0	2014-03-28 18:00:45.181625+00	0		
1079	158858	7703	7043953	0	2014-03-28 18:00:45.590897+00	0		
1080	158858	7703	7043954	0	2014-03-28 18:00:45.635475+00	0		
1081	158859	7703	7043955	0	2014-03-28 18:00:46.044962+00	0		
1083	158863	7020	7043956	0	2014-03-28 19:00:15.515019+00	0		
1084	158863	7020	7043957	0	2014-03-28 19:00:15.847417+00	0		
1085	158864	7703	7043958	0	2014-03-28 19:00:16.321035+00	0		
1086	158864	7703	7043959	0	2014-03-28 19:00:16.60635+00	0		
1087	158865	7703	7043960	0	2014-03-28 19:00:16.911795+00	0		
1088	158866	7703	7043980	0	2014-03-28 19:00:27.59483+00	0		
1089	158866	7703	7043981	0	2014-03-28 19:00:27.806092+00	0		
1139	158894	7020	12806435	0	2014-03-28 21:01:27.168397+00	0		
1090	158866	7703	7043982	0	2014-03-28 19:00:28.016242+00	0		
1091	158866	7703	7043983	0	2014-03-28 19:00:28.244083+00	0		
1092	158866	7703	7043984	0	2014-03-28 19:00:28.46854+00	0		
1093	158866	7703	7043985	0	2014-03-28 19:00:28.66638+00	0		
1094	158866	7703	7043986	0	2014-03-28 19:00:28.867834+00	0		
1096	158866	7703	7043988	0	2014-03-28 19:00:29.235237+00	0		
1097	158866	7703	7043989	0	2014-03-28 19:00:29.413396+00	0		
1098	158868	7703	7043990	0	2014-03-28 19:00:33.010064+00	0		
1099	158868	7703	7043991	0	2014-03-28 19:00:33.331277+00	0		
1100	158868	7703	7043992	0	2014-03-28 19:00:33.578834+00	0		
1101	158869	7703	7043993	0	2014-03-28 19:00:33.935634+00	0		
1102	158869	7703	7043994	0	2014-03-28 19:00:34.38385+00	0		
1103	158869	7703	7043995	0	2014-03-28 19:00:34.829277+00	0		
1104	158869	7703	7043996	0	2014-03-28 19:00:35.24933+00	0		
1105	158870	7703	7043998	0	2014-03-28 19:00:37.118454+00	0		
1106	158870	7703	7043999	0	2014-03-28 19:00:37.425217+00	0		
1107	158870	7703	7044000	0	2014-03-28 19:00:37.684609+00	0		
1108	158870	7703	7044001	0	2014-03-28 19:00:37.892013+00	0		
1109	158870	7703	7044002	0	2014-03-28 19:00:38.145515+00	0		
1110	158870	7703	7044003	0	2014-03-28 19:00:38.421068+00	0		
1111	158870	7703	7044004	0	2014-03-28 19:00:38.742822+00	0		
1112	158870	7703	7044005	0	2014-03-28 19:00:39.116097+00	0		
1114	158870	7703	7044007	0	2014-03-28 19:00:39.627531+00	0		
1115	158886	7020	12806415	0	2014-03-28 21:00:19.957091+00	0		
