1	217069	2492	12732715	0	2015-02-15 00:17:46.192559+00	0		
2	217077	2493	12808129	0	2015-02-15 01:23:49.672778+00	0		
3	217186	2494	12808402	0	2015-02-15 13:37:09.598854+00	0		
4	217204	2495	12808500	0	2015-02-15 18:46:44.386872+00	0		
5	217221	2496	12808505	0	2015-02-15 19:20:13.874767+00	0		
6	217222	2497	12808506	0	2015-02-15 19:25:11.466201+00	0		
7	217251	2498	12808587	0	2015-02-15 23:29:48.761732+00	0		
8	217258	2499	12808602	0	2015-02-16 00:55:30.359557+00	0		
9	217259	2500	12808621	0	2015-02-16 01:28:53.424381+00	0		
10	217260	2501	12808645	0	2015-02-16 02:03:48.352932+00	0		
11	217318	2502	12808863	0	2015-02-16 11:27:19.551096+00	0		
12	217389	2503	12809070	0	2015-02-16 15:52:52.925687+00	0		
13	217513	2504	12809403	0	2015-02-17 13:36:44.411621+00	0		
14	217603	2506	12810011	0	2015-02-18 13:23:15.782207+00	0		
15	217642	2507	12810106	0	2015-02-18 17:59:35.382212+00	0		
16	217651	2509	12810140	0	2015-02-18 21:17:10.578939+00	0		
17	217660	2510	12810183	0	2015-02-18 23:03:02.987024+00	0		
18	217664	2511	12810194	0	2015-02-19 00:01:31.994607+00	0		
19	218046	2700	12811209	0	2015-02-21 12:33:13.715326+00	0		
21	218056	2754	12811212	0	2015-02-21 12:51:35.028785+00	0		
22	218063	2853	12811228	0	2015-02-21 13:47:32.050507+00	0		
23	218064	2942	12811235	0	2015-02-21 14:43:38.152627+00	0		
24	218065	2943	12811236	0	2015-02-21 14:45:52.085427+00	0		
25	218066	2944	12811239	0	2015-02-21 14:49:17.865313+00	0		
26	218067	2945	12811240	0	2015-02-21 14:51:57.707007+00	0		
27	218123	2947	12811479	0	2015-02-22 00:54:35.495843+00	0		
28	218125	2948	12811483	0	2015-02-22 00:57:49.663701+00	0		
29	218126	2949	12811486	0	2015-02-22 01:06:40.418333+00	0		
30	218130	2950	12811494	0	2015-02-22 01:25:49.888879+00	0		
31	218131	2951	12811495	0	2015-02-22 01:29:36.982078+00	0		
109	230334	3197	12821900	0	2015-03-22 19:47:11.277669+00	0		
96	230334	3140	7303460	0	2015-03-16 16:28:19.640332+00	0		
97	230334	3141	12614402	0	2015-03-16 16:36:44.575744+00	0		
35	218229	2974	12811938	0	2015-02-22 20:01:48.512416+00	0		
36	218233	2975	12811958	0	2015-02-22 21:05:25.69003+00	0		
37	218240	2976	12811991	0	2015-02-22 21:55:52.215029+00	0		
38	218253	2978	12812100	0	2015-02-22 23:36:00.964979+00	0		
39	218260	2656	12812138	0	2015-02-23 01:54:22.070067+00	0		
40	218360	2988	12812322	0	2015-02-23 15:48:48.164476+00	0		
41	218361	2989	12812323	0	2015-02-23 15:59:55.866165+00	0		
42	218362	2990	12812324	0	2015-02-23 16:17:50.611585+00	0		
43	218383	2991	12812343	0	2015-02-23 17:40:22.412966+00	0		
44	218384	2992	12812344	0	2015-02-23 17:44:43.009599+00	0		
45	218386	2993	12812352	0	2015-02-23 18:06:41.764143+00	0		
46	218387	2994	12812355	0	2015-02-23 18:12:05.015608+00	0		
47	218388	2995	12812366	0	2015-02-23 18:31:14.930838+00	0		
48	218538	3003	12812581	0	2015-02-24 13:53:41.628054+00	0		
49	218540	3004	12812586	0	2015-02-24 14:09:25.353796+00	0		
50	218574	3007	12812783	0	2015-02-24 21:15:35.54091+00	0		
51	218611	3008	12812835	0	2015-02-24 23:04:34.539862+00	0		
52	218624	3009	12812856	0	2015-02-25 00:12:14.048907+00	0		
53	218625	3010	12812863	0	2015-02-25 00:38:54.182764+00	0		
20	218047	2764	12811211	0	2015-02-21 12:43:42.441507+00	0		
54	224347	3038	12814133	0	2015-02-28 15:24:30.630617+00	0		
55	224348	3039	12814135	0	2015-02-28 15:28:42.173115+00	0		
56	227637	3041	12814455	0	2015-03-01 18:54:34.494798+00	0		
32	218214	2973	1070456	0	2015-02-22 18:25:24.131315+00	0		
34	218214	2973	11789092	0	2015-02-22 18:25:24.131315+00	0		
57	228007	3042	7571450	0	2015-03-01 21:28:37.8619+00	0		
58	230334	2421	12483065	0	2015-03-03 22:13:30.53879+00	0		
59	230334	2422	12573009	0	2015-03-03 22:15:04.035477+00	0		
60	230334	2422	12573008	0	2015-03-03 22:15:04.035477+00	0		
61	230334	2422	12672084	0	2015-03-03 22:15:04.035477+00	0		
62	230334	3044	12518689	0	2015-03-04 18:45:24.997956+00	0		
63	230334	3044	12477383	0	2015-03-04 18:45:24.997956+00	0		
64	230334	3045	1687083	0	2015-03-04 22:05:31.742922+00	0		
65	230554	3046	12815724	0	2015-03-04 23:23:23.065298+00	0		
66	230334	3047	12572638	0	2015-03-05 00:03:09.833939+00	0		
67	230334	3048	12438304	0	2015-03-05 00:06:33.091491+00	0		
68	230589	3049	12815754	0	2015-03-05 00:18:42.037638+00	0		
69	230591	3050	12815761	0	2015-03-05 00:36:51.926995+00	0		
70	230592	3051	12815764	0	2015-03-05 00:42:20.902298+00	0		
71	230600	3052	12815773	0	2015-03-05 00:58:29.380424+00	0		
72	230601	3053	12815775	0	2015-03-05 01:03:05.137788+00	0		
73	230334	3056	12498942	0	2015-03-05 09:15:56.059111+00	0		
74	230334	3057	7597259	0	2015-03-05 09:28:47.846254+00	0		
75	230334	3058	12506769	0	2015-03-05 09:53:54.465696+00	0		
76	230334	3059	12659180	0	2015-03-05 10:48:52.025541+00	0		
77	230334	3061	12509772	0	2015-03-05 15:00:21.959784+00	0		
78	230334	3074	12524210	0	2015-03-07 23:14:12.677054+00	0		
79	230334	3075	12575941	0	2015-03-07 23:20:30.076778+00	0		
80	230334	3076	12729228	0	2015-03-07 23:28:56.160546+00	0		
81	230334	3077	12438830	0	2015-03-07 23:36:59.413241+00	0		
83	231884	3079	12425889	0	2015-03-10 11:37:12.908023+00	0		
84	230334	3082	12817656	0	2015-03-10 23:14:21.450291+00	0		
85	232258	3105	12818056	0	2015-03-12 00:14:27.522232+00	0		
86	232262	3106	12818061	0	2015-03-12 00:44:27.464903+00	0		
87	230334	3108	9268731	0	2015-03-12 19:52:18.18884+00	0		
88	230334	3109	12818277	0	2015-03-12 19:58:46.324335+00	0		
89	230334	3112	7979080	0	2015-03-13 22:16:47.261738+00	0		
90	230334	3112	3988707	0	2015-03-13 22:16:47.261738+00	0		
92	232869	3136	12819051	0	2015-03-15 17:08:50.381981+00	0		
111	230334	3199	12597076	0	2015-03-22 22:28:39.993779+00	0		
98	230334	3143	12600057	0	2015-03-16 20:04:42.501352+00	0		
99	230334	3144	12600048	0	2015-03-16 20:09:35.551024+00	0		
100	230334	3145	12819642	0	2015-03-16 20:23:39.141425+00	0		
101	230334	3145	12729110	0	2015-03-16 20:23:39.141425+00	0		
102	230334	3146	12543955	0	2015-03-16 20:33:49.431494+00	0		
103	230334	3147	12579496	0	2015-03-16 20:52:58.409071+00	0		
104	233136	3155	12819899	0	2015-03-17 05:54:47.980821+00	0		
105	230334	3156	12819610	0	2015-03-17 18:10:42.922315+00	0		
106	233294	3157	12820250	0	2015-03-18 03:31:13.804176+00	0		
107	230334	3170	12438831	0	2015-03-19 14:01:06.324254+00	0		
108	230334	3181	12504332	0	2015-03-21 22:12:21.583889+00	0		
91	232869	3136	12819039	0	2015-03-15 16:34:56.854816+00	0		
93	232869	3136	12819052	0	2015-03-15 17:08:50.381981+00	0		
94	232869	3136	12819053	0	2015-03-15 17:08:50.381981+00	0		
95	232869	3136	12819054	0	2015-03-15 17:08:50.381981+00	0		
113	230334	3202	12765040	0	2015-03-23 14:12:50.042934+00	0		
114	230334	3203	12765033	0	2015-03-23 14:33:02.674576+00	0		
115	230334	3215	12822275	0	2015-03-23 21:00:44.841808+00	0		
116	230334	3249	12625748	0	2015-03-25 01:27:37.516842+00	0		
117	230334	3268	12598730	0	2015-03-26 17:41:39.861851+00	0		
118	230334	3269	12823450	0	2015-03-26 19:46:28.368774+00	0		
119	230334	3270	12823444	0	2015-03-26 19:51:21.896281+00	0		
82	230334	2754	12816968	0	2015-03-09 08:23:07.365085+00	0		
120	230334	3271	12823445	0	2015-03-26 19:56:26.381322+00	0		
121	230334	3277	10506657	0	2015-03-27 13:28:38.468894+00	0		
110	230334	3198	12599192	0	2015-03-22 20:13:07.373292+00	0		
112	230334	3198	12507272	0	2015-03-23 11:24:41.167691+00	0		
122	230334	3293	12819974	0	2015-03-29 22:04:42.372316+00	0		
123	230334	3294	12596681	0	2015-03-30 15:08:08.009449+00	0		
124	230334	3327	12824997	0	2015-04-01 00:25:25.687453+00	0		
125	230334	3334	12804805	0	2015-04-01 13:09:49.528141+00	0		
126	230334	3340	12825220	0	2015-04-01 20:25:31.424123+00	0		
127	230334	3342	12449053	0	2015-04-01 20:33:25.812117+00	0		
128	230334	3348	12471451	0	2015-04-06 21:22:50.319717+00	0		
129	230334	3349	12827251	0	2015-04-06 23:25:46.389583+00	0		
130	230334	3350	12827250	0	2015-04-06 23:27:20.725529+00	0		
131	230334	3363	12828162	0	2015-04-09 22:56:22.858583+00	0		
132	230334	3367	12516711	0	2015-04-11 19:40:05.860937+00	0		
133	230334	3368	12516718	0	2015-04-11 19:48:27.268098+00	0		
134	230334	3389	12630192	0	2015-04-17 23:27:54.603105+00	0		
135	230334	3391	12693496	0	2015-04-18 19:55:39.344109+00	0		
136	230334	3438	12795904	0	2015-04-26 03:42:51.505325+00	0		
137	230334	3859	12838841	0	2015-05-14 14:22:15.359783+00	0		
138	230334	3983	12839357	0	2015-05-16 13:25:42.43688+00	0		
33	230334	2973	1071135	0	2015-02-22 18:25:24.131315+00	0		
139	230334	4971	12848803	0	2015-06-22 18:51:33.866907+00	0		
140	230334	4975	12848891	0	2015-06-23 03:58:16.753794+00	0		
141	230334	4992	12849080	0	2015-06-23 18:52:20.237808+00	0		
142	230334	5124	12625928	0	2015-06-28 04:50:27.998749+00	0		
143	230334	5210	12436865	0	2015-07-04 18:07:22.78869+00	0		
144	230334	5219	12442967	0	2015-07-06 16:42:49.204276+00	0		
145	230334	5222	12529521	0	2015-07-07 13:30:05.027985+00	0		
146	230334	5223	12855158	0	2015-07-07 15:11:10.683945+00	0		
147	230334	5263	12835526	0	2015-07-11 09:36:54.737728+00	0		
148	230334	5278	12857096	0	2015-07-13 19:33:16.083768+00	0		
149	230334	5450	12571356	0	2015-08-08 18:09:13.188201+00	0		
150	230334	5451	12436217	0	2015-08-08 18:15:59.038963+00	0		
151	230334	5545	12504560	0	2015-08-15 21:38:02.821453+00	0		
152	230334	5567	12510901	0	2015-08-16 19:07:03.617989+00	0		
153	230334	5571	12436229	0	2015-08-17 10:43:29.022062+00	0		
154	230334	5592	12870426	0	2015-08-18 14:15:20.624734+00	0		
155	230334	5604	12818176	0	2015-08-18 22:00:48.201717+00	0		
156	230334	5605	12870664	0	2015-08-18 22:10:30.090901+00	0		
157	230334	5607	12818177	0	2015-08-18 22:16:22.437629+00	0		
158	230334	5612	12461408	0	2015-08-19 15:46:12.605082+00	0		
159	230334	5613	12870857	0	2015-08-19 16:08:43.275378+00	0		
160	230334	5614	12870859	0	2015-08-19 16:16:33.121382+00	0		
161	230334	5615	12870866	0	2015-08-19 16:21:53.361519+00	0		
162	230334	5660	12871319	0	2015-08-21 00:45:55.759875+00	0		
163	230334	5696	12814073	0	2015-08-22 21:08:02.727619+00	0		
165	230334	5713	12872497	0	2015-08-24 18:39:02.080219+00	0		
166	230334	5731	12436664	0	2015-08-25 19:08:38.344071+00	0		
167	230334	5732	11785435	0	2015-08-25 19:55:52.516452+00	0		
168	230334	5757	12873246	0	2015-08-27 22:54:10.49944+00	0		
164	230334	5711	12872469	0	2015-08-24 15:11:34.321357+00	0		
169	230334	5976	12814517	0	2015-09-04 21:45:05.610754+00	0		
170	230334	6254	12546562	0	2015-09-12 11:52:52.956849+00	0		
171	230334	6980	12881760	0	2015-09-27 03:20:42.863293+00	0		
172	230334	7325	12441228	0	2015-10-11 20:05:25.18126+00	0		
173	230334	7420	12885528	0	2015-10-13 20:09:31.386781+00	0		
174	230334	7421	12885534	0	2015-10-13 20:13:48.824674+00	0		
175	230334	7484	12885755	0	2015-10-14 19:01:23.949564+00	0		
176	230334	7484	12885756	0	2015-10-14 19:05:07.264772+00	0		
177	230334	7484	12885757	0	2015-10-14 19:05:09.693951+00	0		
178	230334	7495	12885951	0	2015-10-15 21:38:16.252793+00	0		
179	230334	7517	12886242	0	2015-10-17 01:27:21.845219+00	0		
