185	201443	2516	2690	0	2015-02-21 12:10:53.648427+00	0		
188	201443	2516	2693	0	2015-02-21 12:11:58.348571+00	0		
191	201443	2516	2695	0	2015-02-21 12:12:39.593632+00	0		
194	201443	2516	2698	0	2015-02-21 12:13:46.297022+00	0		
105	201443	2047	2048	0	2014-12-23 22:03:48.432547+00	0		
6	201443	772	1211	0	2014-11-29 11:30:17.617531+00	0		
142	201443	2514	2513	0	2015-02-20 17:12:03.144889+00	0		
101	201443	1832	1965	0	2014-12-18 19:26:25.370018+00	0		
201	201443	2518	2705	0	2015-02-21 12:32:24.140811+00	0		
7	201443	772	1212	0	2014-11-29 11:34:11.768147+00	0		
8	201443	772	1213	0	2014-11-29 11:46:41.511369+00	0		
202	201443	2518	2706	0	2015-02-21 12:32:46.759274+00	0		
9	201443	772	1214	0	2014-11-29 12:02:56.591658+00	0		
103	201443	2005	2004	0	2014-12-22 17:41:52.914187+00	0		
10	201443	772	1215	0	2014-11-29 12:19:30.201422+00	0		
104	201443	1830	2012	0	2014-12-22 20:56:40.565701+00	0		
11	201443	772	1216	0	2014-11-29 12:24:33.453567+00	0		
12	201443	772	1217	0	2014-11-29 12:27:18.617738+00	0		
204	201443	2518	2708	0	2015-02-21 12:33:32.681575+00	0		
13	201443	772	1218	0	2014-11-29 12:33:51.906324+00	0		
14	201443	772	1219	0	2014-11-29 12:43:52.176777+00	0		
206	201443	2518	2709	0	2015-02-21 12:33:54.118911+00	0		
15	201443	738	1220	0	2014-11-29 12:45:45.642917+00	0		
209	201443	2518	2712	0	2015-02-21 12:34:56.921633+00	0		
16	201443	738	1221	0	2014-11-29 12:45:45.731412+00	0		
211	201443	2518	2713	0	2015-02-21 12:35:21.388269+00	0		
17	201443	772	1222	0	2014-11-29 12:47:30.370423+00	0		
115	201443	2165	2166	0	2015-01-01 21:54:16.947319+00	0		
118	201443	2165	2169	0	2015-01-01 22:27:49.360141+00	0		
213	201443	2518	2715	0	2015-02-21 12:36:05.958513+00	0		
216	201443	2518	2718	0	2015-02-21 12:37:11.477554+00	0		
19	201443	772	1224	0	2014-11-29 12:54:06.320617+00	0		
111	201443	2133	2134	0	2014-12-30 06:13:11.312935+00	0		
18	201443	772	1223	0	2014-11-29 12:50:50.455168+00	0		
217	201443	2518	2719	0	2015-02-21 12:37:34.342041+00	0		
221	201443	2518	2722	0	2015-02-21 12:38:50.11681+00	0		
121	201443	1257	2213	0	2015-01-12 21:39:48.901824+00	0		
20	201443	772	1225	0	2014-11-29 12:57:48.872515+00	0		
122	201443	1257	2216	0	2015-01-13 03:03:11.811069+00	0		
21	201443	772	1226	0	2014-11-29 13:01:26.689739+00	0		
125	201443	1257	2219	0	2015-01-14 06:32:38.192725+00	0		
22	201443	772	1227	0	2014-11-29 13:04:11.311671+00	0		
23	201443	772	1228	0	2014-11-29 13:06:22.965063+00	0		
24	201443	772	1229	0	2014-11-29 13:15:08.949859+00	0		
25	201443	772	1230	0	2014-11-29 13:19:19.02296+00	0		
128	201443	702	2230	0	2015-01-14 09:42:28.092442+00	0		
26	201443	772	1231	0	2014-11-29 13:21:43.259723+00	0		
27	201443	772	1232	0	2014-11-29 13:24:01.06095+00	0		
224	201443	2518	2725	0	2015-02-21 12:39:51.584464+00	0		
28	201443	736	1233	0	2014-11-29 13:37:43.564225+00	0		
130	201443	1256	2272	0	2015-01-15 19:11:06.735697+00	0		
29	201443	736	1234	0	2014-11-29 13:37:43.564225+00	0		
131	201443	2277	2276	0	2015-01-16 10:33:59.799334+00	0		
30	201443	736	1235	0	2014-11-29 13:37:43.564225+00	0		
132	201443	2277	2176	0	2015-01-16 10:33:59.799334+00	0		
31	201443	736	1236	0	2014-11-29 13:37:43.564225+00	0		
32	201443	772	1237	0	2014-11-29 15:38:58.573702+00	0		
228	201443	2518	2729	0	2015-02-21 12:41:24.880205+00	0		
33	201443	772	1238	0	2014-11-29 15:42:03.198158+00	0		
34	201443	772	1239	0	2014-11-29 15:49:01.767604+00	0		
129	201443	2264	2263	0	2015-01-15 05:44:49.5202+00	0		
35	201443	772	1240	0	2014-11-29 15:52:58.294938+00	0		
136	201443	2328	2329	0	2015-01-24 06:02:55.193753+00	0		
36	201443	772	1241	0	2014-11-29 16:11:19.452717+00	0		
133	201443	2293	2294	0	2015-01-18 14:57:44.562497+00	0		
37	201443	772	1242	0	2014-11-29 16:16:19.817735+00	0		
137	201443	1257	2339	0	2015-01-27 03:46:50.025606+00	0		
38	201443	772	1243	0	2014-11-29 16:19:17.989068+00	0		
138	201443	2440	2441	0	2015-02-07 15:48:37.721578+00	0		
231	201443	2518	2731	0	2015-02-21 12:42:09.148373+00	0		
139	212612	1904	1923	0	2015-02-08 05:14:58.050712+00	0		
262	201443	2519	2764	0	2015-02-21 12:53:38.031206+00	0		
235	201443	2518	2736	0	2015-02-21 12:43:38.196872+00	0		
146	201443	2516	2652	0	2015-02-21 11:23:04.110918+00	0		
149	201443	2516	2655	0	2015-02-21 11:50:30.054962+00	0		
152	201443	2516	2658	0	2015-02-21 11:51:35.38459+00	0		
156	201443	2516	2662	0	2015-02-21 11:53:06.652683+00	0		
159	201443	2516	2664	0	2015-02-21 11:53:50.583466+00	0		
162	201443	2516	2667	0	2015-02-21 11:54:58.125754+00	0		
165	201443	2516	2670	0	2015-02-21 11:56:10.461994+00	0		
166	201443	2516	2671	0	2015-02-21 11:56:33.516732+00	0		
169	201443	2516	2674	0	2015-02-21 11:57:46.411009+00	0		
173	201443	2516	2678	0	2015-02-21 11:59:13.631292+00	0		
178	201443	2516	2683	0	2015-02-21 12:01:09.556126+00	0		
181	201443	2516	2686	0	2015-02-21 12:09:17.490482+00	0		
238	201443	2519	2739	0	2015-02-21 12:44:47.143496+00	0		
242	201443	2519	2743	0	2015-02-21 12:46:16.959656+00	0		
247	201443	2519	2748	0	2015-02-21 12:48:05.24493+00	0		
248	201443	2519	2749	0	2015-02-21 12:48:26.706676+00	0		
252	201443	2519	2753	0	2015-02-21 12:49:49.156994+00	0		
253	201443	2519	2755	0	2015-02-21 12:50:13.592307+00	0		
258	201443	2519	2760	0	2015-02-21 12:52:06.278896+00	0		
259	201443	2519	2761	0	2015-02-21 12:52:29.274301+00	0		
270	201443	2519	2772	0	2015-02-21 12:56:33.886235+00	0		
277	201443	2519	2779	0	2015-02-21 12:59:20.796411+00	0		
280	201443	2520	2782	0	2015-02-21 13:00:29.358171+00	0		
281	201443	2520	2783	0	2015-02-21 13:00:54.121151+00	0		
287	201443	2520	2788	0	2015-02-21 13:02:55.515735+00	0		
292	201443	2520	2793	0	2015-02-21 13:04:50.086195+00	0		
293	201443	2520	2794	0	2015-02-21 13:05:13.560926+00	0		
295	201443	2520	2796	0	2015-02-21 13:06:03.21232+00	0		
297	201443	2520	2798	0	2015-02-21 13:06:37.304145+00	0		
300	201443	2520	2801	0	2015-02-21 13:07:46.726248+00	0		
303	201443	2520	2804	0	2015-02-21 13:08:53.483027+00	0		
305	201443	2520	2806	0	2015-02-21 13:09:51.253784+00	0		
307	201443	2520	2808	0	2015-02-21 13:10:36.670168+00	0		
310	201443	2520	2811	0	2015-02-21 13:11:49.91395+00	0		
313	201443	2520	2814	0	2015-02-21 13:13:01.397085+00	0		
316	201443	2520	2817	0	2015-02-21 13:14:07.355452+00	0		
317	201443	2520	2818	0	2015-02-21 13:14:32.89757+00	0		
320	201443	2520	2821	0	2015-02-21 13:15:42.415304+00	0		
321	201443	2520	2822	0	2015-02-21 13:16:06.535277+00	0		
325	201443	2521	2826	0	2015-02-21 13:36:30.71726+00	0		
326	201443	2521	2827	0	2015-02-21 13:36:54.116833+00	0		
39	201443	772	1244	0	2014-11-29 16:32:24.348169+00	0		
40	201443	772	1245	0	2014-11-29 16:36:09.225578+00	0		
278	201443	2519	2780	0	2015-02-21 12:59:43.576141+00	0		
41	201443	772	1246	0	2014-11-29 16:38:49.734121+00	0		
102	201443	1829	1968	0	2014-12-18 21:03:34.194419+00	0		
42	201443	772	1247	0	2014-11-29 16:47:31.97496+00	0		
43	201443	772	1248	0	2014-11-29 16:54:23.397725+00	0		
44	201443	772	1249	0	2014-11-29 16:57:09.476079+00	0		
45	201443	772	1251	0	2014-11-29 17:28:01.505571+00	0		
218	201443	2566	2496	0	2015-02-21 12:37:58.429848+00	0		
46	201443	734	1252	0	2014-11-29 19:10:12.499376+00	0		
116	201443	2165	2167	0	2015-01-01 22:01:09.714983+00	0		
47	201443	734	1253	0	2014-11-29 19:14:38.58748+00	0		
119	201443	2165	2170	0	2015-01-01 22:44:58.183345+00	0		
48	201443	734	1254	0	2014-11-29 19:26:53.8273+00	0		
286	201443	2520	2787	0	2015-02-21 13:02:32.25106+00	0		
49	201443	890	1255	0	2014-11-29 19:33:12.626905+00	0		
50	201443	890	1256	0	2014-11-29 19:41:47.98668+00	0		
126	201443	1256	2222	0	2015-01-14 06:46:36.017483+00	0		
51	201443	890	1257	0	2014-11-29 19:51:05.167357+00	0		
123	201443	1257	2217	0	2015-01-13 03:06:31.415953+00	0		
52	201443	772	1270	0	2014-11-30 07:49:06.659377+00	0		
53	201443	772	1271	0	2014-11-30 07:56:08.380514+00	0		
289	201443	2520	2790	0	2015-02-21 13:03:42.188352+00	0		
54	201443	772	1272	0	2014-11-30 07:59:39.181507+00	0		
134	212612	2295	2294	0	2015-01-18 15:09:36.472452+00	0		
55	201443	772	1273	0	2014-11-30 08:02:46.609917+00	0		
56	201443	772	1274	0	2014-11-30 08:09:57.104292+00	0		
294	201443	2520	2795	0	2015-02-21 13:05:38.620137+00	0		
57	201443	772	1275	0	2014-11-30 09:00:57.362018+00	0		
58	201443	772	1276	0	2014-11-30 09:06:06.344171+00	0		
147	201443	2516	2653	0	2015-02-21 11:49:52.927403+00	0		
150	201443	2516	2656	0	2015-02-21 11:50:51.688066+00	0		
153	201443	2516	2659	0	2015-02-21 11:51:57.585146+00	0		
157	201443	2516	2663	0	2015-02-21 11:53:27.76242+00	0		
59	201443	772	1277	0	2014-11-30 09:17:26.327329+00	0		
60	201443	772	1278	0	2014-11-30 09:36:28.048838+00	0		
160	201443	2516	2665	0	2015-02-21 11:54:14.724858+00	0		
61	201443	772	1279	0	2014-11-30 09:42:30.024292+00	0		
163	201443	2516	2668	0	2015-02-21 11:55:28.124048+00	0		
167	201443	2516	2672	0	2015-02-21 11:57:00.795253+00	0		
170	201443	2516	2675	0	2015-02-21 11:58:08.086192+00	0		
174	201443	2516	2679	0	2015-02-21 11:59:39.130395+00	0		
62	201443	772	1280	0	2014-11-30 09:55:39.580058+00	0		
177	201443	2516	2682	0	2015-02-21 12:00:46.138029+00	0		
63	201443	772	1281	0	2014-11-30 10:07:07.360061+00	0		
179	201443	2516	2684	0	2015-02-21 12:01:29.050022+00	0		
64	201443	772	1282	0	2014-11-30 10:16:55.293408+00	0		
182	201443	2516	2687	0	2015-02-21 12:09:37.928283+00	0		
65	201443	772	1283	0	2014-11-30 10:22:20.824361+00	0		
183	201443	2516	2688	0	2015-02-21 12:10:07.46081+00	0		
66	201443	772	1284	0	2014-11-30 10:35:03.353536+00	0		
186	201443	2516	2691	0	2015-02-21 12:11:13.699858+00	0		
67	201443	772	1285	0	2014-11-30 10:38:24.997542+00	0		
68	201443	772	1286	0	2014-11-30 10:46:30.572972+00	0		
69	201443	772	1287	0	2014-11-30 10:50:22.219806+00	0		
192	201443	2516	2696	0	2015-02-21 12:12:59.446046+00	0		
70	201443	772	1288	0	2014-11-30 11:05:49.891253+00	0		
196	201443	2518	2699	0	2015-02-21 12:30:30.433907+00	0		
71	201443	772	1291	0	2014-11-30 11:09:52.601+00	0		
3	201443	1203	1204	0	2014-11-28 19:51:24.784913+00	0		
4	201443	1204	1205	0	2014-11-28 19:53:53.600808+00	0		
5	201443	1204	1206	0	2014-11-28 20:10:28.363592+00	0		
199	201443	2518	2703	0	2015-02-21 12:31:39.726262+00	0		
72	201443	660	1299	0	2014-12-01 11:09:28.611394+00	0		
200	201443	2518	2704	0	2015-02-21 12:32:00.901022+00	0		
73	201443	660	1300	0	2014-12-01 11:11:00.608796+00	0		
203	201443	2518	2707	0	2015-02-21 12:33:10.241091+00	0		
74	201443	961	1301	0	2014-12-01 11:15:55.562072+00	0		
207	201443	2518	2710	0	2015-02-21 12:34:17.673991+00	0		
75	201443	961	1303	0	2014-12-01 11:18:09.779911+00	0		
189	201443	2526	2509	0	2015-02-21 12:12:15.395753+00	0		
214	201443	2518	2716	0	2015-02-21 12:36:29.019838+00	0		
210	201443	2564	2495	0	2015-02-21 12:35:17.661036+00	0		
222	201443	2518	2723	0	2015-02-21 12:39:11.143601+00	0		
225	201443	2518	2726	0	2015-02-21 12:40:13.114553+00	0		
226	201443	2518	2727	0	2015-02-21 12:40:38.656959+00	0		
229	201443	2518	2730	0	2015-02-21 12:41:46.52056+00	0		
233	201443	2518	2734	0	2015-02-21 12:42:54.045911+00	0		
236	201443	2518	2737	0	2015-02-21 12:44:01.005569+00	0		
239	201443	2519	2740	0	2015-02-21 12:45:06.489571+00	0		
241	201443	2519	2742	0	2015-02-21 12:45:52.835733+00	0		
243	201443	2519	2744	0	2015-02-21 12:46:39.465161+00	0		
245	201443	2519	2746	0	2015-02-21 12:47:23.965639+00	0		
246	201443	2519	2747	0	2015-02-21 12:47:42.993085+00	0		
249	201443	2519	2750	0	2015-02-21 12:48:45.8023+00	0		
251	201443	2519	2752	0	2015-02-21 12:49:32.245447+00	0		
255	201443	2519	2757	0	2015-02-21 12:50:57.578575+00	0		
260	201443	2519	2762	0	2015-02-21 12:52:52.796077+00	0		
264	201443	2519	2766	0	2015-02-21 12:54:16.910942+00	0		
266	201443	2519	2768	0	2015-02-21 12:54:58.049128+00	0		
271	201443	2519	2773	0	2015-02-21 12:56:56.187511+00	0		
276	201443	2519	2778	0	2015-02-21 12:58:58.022457+00	0		
298	201443	2520	2799	0	2015-02-21 13:06:59.954083+00	0		
301	201443	2520	2802	0	2015-02-21 13:08:11.313955+00	0		
304	201443	2520	2805	0	2015-02-21 13:09:19.52181+00	0		
308	201443	2520	2809	0	2015-02-21 13:10:57.579364+00	0		
311	201443	2520	2812	0	2015-02-21 13:12:15.642628+00	0		
314	201443	2520	2815	0	2015-02-21 13:13:19.848514+00	0		
318	201443	2520	2819	0	2015-02-21 13:14:56.51124+00	0		
323	201443	2520	2824	0	2015-02-21 13:16:53.395976+00	0		
327	201443	2521	2828	0	2015-02-21 13:37:14.968497+00	0		
329	201443	2521	2830	0	2015-02-21 13:38:05.714604+00	0		
331	201443	2521	2832	0	2015-02-21 13:38:49.095357+00	0		
333	201443	2521	2834	0	2015-02-21 13:39:46.646524+00	0		
336	201443	2521	2837	0	2015-02-21 13:41:09.883183+00	0		
338	201443	2521	2839	0	2015-02-21 13:41:52.69719+00	0		
340	201443	2521	2841	0	2015-02-21 13:42:33.901933+00	0		
341	201443	2521	2842	0	2015-02-21 13:42:55.487223+00	0		
343	201443	2521	2844	0	2015-02-21 13:43:45.622023+00	0		
344	201443	2521	2845	0	2015-02-21 13:44:09.337436+00	0		
347	201443	2521	2848	0	2015-02-21 13:45:17.458993+00	0		
348	201443	2521	2849	0	2015-02-21 13:45:41.887726+00	0		
350	201443	2521	2851	0	2015-02-21 13:46:31.579535+00	0		
351	201443	2521	2852	0	2015-02-21 13:46:52.849249+00	0		
92	201443	1826	964	0	2014-12-15 23:54:29.324326+00	0		
93	201443	1829	1830	0	2014-12-16 01:11:15.468134+00	0		
94	201443	1830	1831	0	2014-12-16 01:14:20.460628+00	0		
2	201443	1202	584	0	2014-11-28 11:44:09.691649+00	0		
95	201443	1829	1832	0	2014-12-16 01:22:38.60355+00	0		
96	201443	1832	1833	0	2014-12-16 01:25:31.757957+00	0		
80	201443	1408	1150	0	2014-12-02 14:13:07.423259+00	0		
97	201443	1832	1860	0	2014-12-16 19:46:36.423599+00	0		
98	201443	1860	1862	0	2014-12-16 20:23:38.579965+00	0		
1	201443	1003	1001	0	2014-11-26 19:46:43.79701+00	0		
296	201443	2520	2797	0	2015-02-21 13:06:21.966345+00	0		
117	201443	2165	2168	0	2015-01-01 22:22:42.112799+00	0		
113	201443	2133	2136	0	2014-12-30 06:30:21.156594+00	0		
86	201443	1545	1549	0	2014-12-05 12:12:44.192319+00	0		
124	201443	1257	2218	0	2015-01-13 03:19:52.251454+00	0		
87	201443	1545	1550	0	2014-12-05 12:33:03.48585+00	0		
88	201443	1257	1556	0	2014-12-06 15:15:34.629984+00	0		
76	201443	960	1305	0	2014-12-01 12:46:45.762942+00	0		
77	201443	960	1306	0	2014-12-01 12:46:48.225552+00	0		
78	201443	958	1307	0	2014-12-01 13:01:14.704031+00	0		
79	201443	958	1308	0	2014-12-01 13:02:28.286983+00	0		
81	201443	1484	1485	0	2014-12-03 18:36:46.817845+00	0		
82	201443	1484	1486	0	2014-12-03 18:59:47.948415+00	0		
83	201443	855	1523	0	2014-12-03 22:47:13.198977+00	0		
84	201443	855	1525	0	2014-12-03 22:49:18.138916+00	0		
85	201443	855	1527	0	2014-12-03 22:53:04.224201+00	0		
89	201443	957	1607	0	2014-12-11 19:24:20.690981+00	0		
90	201443	957	1608	0	2014-12-11 19:26:49.56853+00	0		
127	201443	702	2229	0	2015-01-14 09:41:17.522955+00	0		
91	201443	957	1609	0	2014-12-11 19:28:20.276602+00	0		
299	201443	2520	2800	0	2015-02-21 13:07:23.638622+00	0		
302	201443	2520	2803	0	2015-02-21 13:08:34.636106+00	0		
306	201443	2520	2807	0	2015-02-21 13:10:12.33411+00	0		
309	201443	2520	2810	0	2015-02-21 13:11:24.8534+00	0		
312	201443	2520	2813	0	2015-02-21 13:12:39.993629+00	0		
315	201443	2520	2816	0	2015-02-21 13:13:43.672302+00	0		
319	201443	2520	2820	0	2015-02-21 13:15:19.594039+00	0		
99	201443	1937	1935	0	2014-12-17 15:26:09.521428+00	0		
322	201443	2520	2823	0	2015-02-21 13:16:29.44398+00	0		
100	201443	1937	1936	0	2014-12-17 15:26:09.521428+00	0		
135	201443	2293	2296	0	2015-01-18 15:13:40.214948+00	0		
324	201443	2521	2825	0	2015-02-21 13:36:08.192537+00	0		
141	212612	1924	1925	0	2015-02-08 05:40:44.002157+00	0		
158	201443	2516	2651	0	2015-02-21 11:53:31.955108+00	0		
148	201443	2516	2654	0	2015-02-21 11:50:08.979826+00	0		
151	201443	2516	2657	0	2015-02-21 11:51:12.801587+00	0		
154	201443	2516	2660	0	2015-02-21 11:52:21.305035+00	0		
155	201443	2516	2661	0	2015-02-21 11:52:44.100108+00	0		
161	201443	2516	2666	0	2015-02-21 11:54:36.267118+00	0		
164	201443	2516	2669	0	2015-02-21 11:55:47.4098+00	0		
168	201443	2516	2673	0	2015-02-21 11:57:23.151588+00	0		
171	201443	2516	2676	0	2015-02-21 11:58:29.878971+00	0		
172	201443	2516	2677	0	2015-02-21 11:58:53.759316+00	0		
175	201443	2516	2680	0	2015-02-21 12:00:00.784196+00	0		
176	201443	2516	2681	0	2015-02-21 12:00:22.758361+00	0		
180	201443	2516	2685	0	2015-02-21 12:01:51.592956+00	0		
184	201443	2516	2689	0	2015-02-21 12:10:29.532703+00	0		
187	201443	2516	2692	0	2015-02-21 12:11:35.160051+00	0		
190	201443	2516	2694	0	2015-02-21 12:12:17.1903+00	0		
193	201443	2516	2697	0	2015-02-21 12:13:23.153473+00	0		
197	201443	2518	2701	0	2015-02-21 12:30:52.542636+00	0		
198	201443	2518	2702	0	2015-02-21 12:31:15.62748+00	0		
145	201443	2516	2650	0	2015-02-21 11:20:40.836614+00	0		
208	201443	2518	2711	0	2015-02-21 12:34:35.807371+00	0		
212	201443	2518	2714	0	2015-02-21 12:35:43.641349+00	0		
215	201443	2518	2717	0	2015-02-21 12:36:53.145395+00	0		
219	201443	2518	2720	0	2015-02-21 12:38:04.519786+00	0		
220	201443	2518	2721	0	2015-02-21 12:38:27.211644+00	0		
223	201443	2518	2724	0	2015-02-21 12:39:29.428398+00	0		
227	201443	2518	2728	0	2015-02-21 12:41:02.297709+00	0		
232	201443	2518	2733	0	2015-02-21 12:42:31.465681+00	0		
234	201443	2518	2735	0	2015-02-21 12:43:16.447702+00	0		
237	201443	2519	2738	0	2015-02-21 12:44:23.686588+00	0		
240	201443	2519	2741	0	2015-02-21 12:45:26.725282+00	0		
244	201443	2519	2745	0	2015-02-21 12:47:02.048991+00	0		
250	201443	2519	2751	0	2015-02-21 12:49:08.409107+00	0		
254	201443	2519	2756	0	2015-02-21 12:50:36.215598+00	0		
256	201443	2519	2758	0	2015-02-21 12:51:22.470907+00	0		
257	201443	2519	2759	0	2015-02-21 12:51:46.689331+00	0		
261	201443	2519	2763	0	2015-02-21 12:53:15.322797+00	0		
263	201443	2519	2765	0	2015-02-21 12:53:58.741207+00	0		
265	201443	2519	2767	0	2015-02-21 12:54:35.462933+00	0		
267	201443	2519	2769	0	2015-02-21 12:55:22.260411+00	0		
268	201443	2519	2770	0	2015-02-21 12:55:44.91936+00	0		
269	201443	2519	2771	0	2015-02-21 12:56:07.344553+00	0		
272	201443	2519	2774	0	2015-02-21 12:57:18.246496+00	0		
273	201443	2519	2775	0	2015-02-21 12:57:40.888661+00	0		
274	201443	2519	2776	0	2015-02-21 12:58:04.057581+00	0		
275	201443	2519	2777	0	2015-02-21 12:58:28.358402+00	0		
279	201443	2519	2781	0	2015-02-21 13:00:06.816838+00	0		
283	201443	2520	2784	0	2015-02-21 13:01:17.581284+00	0		
284	201443	2520	2785	0	2015-02-21 13:01:44.394942+00	0		
285	201443	2520	2786	0	2015-02-21 13:02:08.465969+00	0		
288	201443	2520	2789	0	2015-02-21 13:03:18.290744+00	0		
290	201443	2520	2791	0	2015-02-21 13:04:07.395612+00	0		
291	201443	2520	2792	0	2015-02-21 13:04:27.495471+00	0		
328	201443	2521	2829	0	2015-02-21 13:37:36.996294+00	0		
330	201443	2521	2831	0	2015-02-21 13:38:28.942653+00	0		
332	201443	2521	2833	0	2015-02-21 13:39:19.799494+00	0		
334	201443	2521	2835	0	2015-02-21 13:40:09.616605+00	0		
335	201443	2521	2836	0	2015-02-21 13:40:33.801655+00	0		
337	201443	2521	2838	0	2015-02-21 13:41:33.481551+00	0		
339	201443	2521	2840	0	2015-02-21 13:42:13.635594+00	0		
342	201443	2521	2843	0	2015-02-21 13:43:21.605456+00	0		
345	201443	2521	2846	0	2015-02-21 13:44:33.982268+00	0		
346	201443	2521	2847	0	2015-02-21 13:44:53.363918+00	0		
349	201443	2521	2850	0	2015-02-21 13:46:07.882565+00	0		
352	201443	2544	2853	0	2015-02-21 13:46:57.224824+00	0		
353	201443	2521	2854	0	2015-02-21 13:47:15.846998+00	0		
354	201443	2521	2855	0	2015-02-21 13:47:39.473064+00	0		
355	201443	2521	2856	0	2015-02-21 13:48:01.765504+00	0		
356	201443	2521	2857	0	2015-02-21 13:48:24.753595+00	0		
357	201443	2521	2858	0	2015-02-21 13:48:51.817862+00	0		
358	201443	2521	2859	0	2015-02-21 13:49:16.498226+00	0		
359	201443	2521	2860	0	2015-02-21 13:49:41.27024+00	0		
360	201443	2521	2861	0	2015-02-21 13:50:05.647992+00	0		
361	201443	2521	2862	0	2015-02-21 13:50:31.750667+00	0		
362	201443	2521	2863	0	2015-02-21 13:50:56.043346+00	0		
363	201443	2521	2864	0	2015-02-21 13:51:37.512428+00	0		
369	201443	2521	2870	0	2015-02-21 13:53:58.996659+00	0		
364	201443	2521	2865	0	2015-02-21 13:52:02.542899+00	0		
365	201443	2521	2866	0	2015-02-21 13:52:25.932463+00	0		
366	201443	2521	2867	0	2015-02-21 13:52:48.719118+00	0		
367	201443	2521	2868	0	2015-02-21 13:53:12.061057+00	0		
368	201443	2521	2869	0	2015-02-21 13:53:36.209775+00	0		
370	201443	2521	2871	0	2015-02-21 13:54:22.296238+00	0		
371	201443	2521	2872	0	2015-02-21 13:54:44.262232+00	0		
372	201443	2521	2873	0	2015-02-21 13:55:06.263721+00	0		
373	201443	2521	2874	0	2015-02-21 13:55:28.617263+00	0		
374	201443	2522	2875	0	2015-02-21 13:55:50.733099+00	0		
375	201443	2522	2876	0	2015-02-21 13:56:10.123318+00	0		
376	201443	2522	2877	0	2015-02-21 13:56:34.287891+00	0		
377	201443	2522	2878	0	2015-02-21 13:56:55.937533+00	0		
378	201443	2522	2879	0	2015-02-21 13:57:18.375901+00	0		
379	201443	2522	2880	0	2015-02-21 13:57:44.336647+00	0		
380	201443	2522	2881	0	2015-02-21 13:58:06.299862+00	0		
381	201443	2522	2882	0	2015-02-21 13:58:31.148767+00	0		
382	201443	2522	2883	0	2015-02-21 13:58:51.712888+00	0		
383	201443	2522	2884	0	2015-02-21 13:59:18.797095+00	0		
384	201443	2522	2885	0	2015-02-21 13:59:42.0098+00	0		
385	201443	2522	2886	0	2015-02-21 14:00:03.285188+00	0		
386	201443	2522	2887	0	2015-02-21 14:00:29.720691+00	0		
387	201443	2522	2888	0	2015-02-21 14:00:56.272624+00	0		
388	201443	2522	2889	0	2015-02-21 14:01:22.014104+00	0		
389	201443	2522	2890	0	2015-02-21 14:01:46.179213+00	0		
390	201443	2522	2891	0	2015-02-21 14:02:07.870259+00	0		
391	201443	2522	2892	0	2015-02-21 14:02:29.080392+00	0		
392	201443	2522	2893	0	2015-02-21 14:02:48.328371+00	0		
393	201443	2522	2894	0	2015-02-21 14:03:10.489609+00	0		
394	201443	2522	2895	0	2015-02-21 14:03:32.729535+00	0		
395	201443	2522	2896	0	2015-02-21 14:03:54.801167+00	0		
396	201443	2522	2897	0	2015-02-21 14:04:19.661669+00	0		
397	201443	2522	2898	0	2015-02-21 14:04:42.702476+00	0		
398	201443	2522	2899	0	2015-02-21 14:05:06.339986+00	0		
399	201443	2522	2900	0	2015-02-21 14:05:30.765998+00	0		
400	201443	2522	2901	0	2015-02-21 14:05:48.933178+00	0		
401	201443	2522	2902	0	2015-02-21 14:06:12.305782+00	0		
402	201443	2522	2903	0	2015-02-21 14:06:36.896527+00	0		
403	201443	2522	2904	0	2015-02-21 14:07:05.389718+00	0		
282	201443	2546	2511	0	2015-02-21 13:01:06.994464+00	0		
404	201443	2522	2905	0	2015-02-21 14:07:27.872491+00	0		
405	201443	2522	2906	0	2015-02-21 14:07:50.986204+00	0		
205	201443	2546	2493	0	2015-02-21 12:33:53.683652+00	0		
195	201443	2528	2503	0	2015-02-21 12:16:49.033858+00	0		
406	201443	2522	2907	0	2015-02-21 14:08:13.063356+00	0		
407	201443	2522	2908	0	2015-02-21 14:08:38.736181+00	0		
408	201443	2522	2909	0	2015-02-21 14:09:02.590565+00	0		
409	201443	2522	2910	0	2015-02-21 14:09:26.019482+00	0		
410	201443	2522	2911	0	2015-02-21 14:09:50.321122+00	0		
411	201443	2522	2912	0	2015-02-21 14:10:11.48544+00	0		
412	201443	2522	2913	0	2015-02-21 14:10:29.792616+00	0		
413	201443	2522	2914	0	2015-02-21 14:10:53.678484+00	0		
414	201443	2522	2915	0	2015-02-21 14:11:17.737636+00	0		
415	201443	2522	2916	0	2015-02-21 14:11:40.006137+00	0		
416	201443	2522	2917	0	2015-02-21 14:12:02.352389+00	0		
417	201443	2522	2918	0	2015-02-21 14:12:30.232807+00	0		
418	201443	2522	2919	0	2015-02-21 14:12:53.741619+00	0		
419	201443	2522	2920	0	2015-02-21 14:13:15.114061+00	0		
420	201443	2522	2921	0	2015-02-21 14:13:38.690355+00	0		
421	201443	2522	2922	0	2015-02-21 14:14:02.471589+00	0		
422	201443	2522	2923	0	2015-02-21 14:14:24.303098+00	0		
423	201443	2522	2924	0	2015-02-21 14:14:48.832423+00	0		
424	201443	2522	2925	0	2015-02-21 14:15:07.576925+00	0		
425	201443	2522	2926	0	2015-02-21 14:15:29.8096+00	0		
426	201443	2522	2927	0	2015-02-21 14:15:48.004471+00	0		
427	201443	2522	2928	0	2015-02-21 14:16:13.256746+00	0		
428	201443	2522	2929	0	2015-02-21 14:16:36.173457+00	0		
429	201443	2522	2930	0	2015-02-21 14:16:58.068441+00	0		
430	201443	2522	2931	0	2015-02-21 14:17:26.17017+00	0		
431	201443	2522	2932	0	2015-02-21 14:17:49.309645+00	0		
432	201443	2522	2933	0	2015-02-21 14:18:09.541548+00	0		
433	201443	2522	2934	0	2015-02-21 14:18:33.043202+00	0		
434	201443	2522	2935	0	2015-02-21 14:18:55.870125+00	0		
435	201443	2522	2936	0	2015-02-21 14:19:17.425289+00	0		
436	201443	2522	2937	0	2015-02-21 14:19:41.81686+00	0		
437	201443	2522	2938	0	2015-02-21 14:20:10.210829+00	0		
438	201443	2522	2939	0	2015-02-21 14:20:32.118997+00	0		
439	201443	2522	2940	0	2015-02-21 14:20:53.97953+00	0		
440	201443	2522	2941	0	2015-02-21 14:21:18.764819+00	0		
441	201443	2542	2942	0	2015-02-21 14:42:15.352955+00	0		
442	201443	2544	2943	0	2015-02-21 14:45:38.623011+00	0		
443	201443	2546	2944	0	2015-02-21 14:48:57.941969+00	0		
444	201443	2551	2945	0	2015-02-21 14:51:39.313366+00	0		
445	201443	2566	2947	0	2015-02-22 00:53:43.292127+00	0		
446	201443	2569	2948	0	2015-02-22 00:57:05.235105+00	0		
447	201443	2573	2949	0	2015-02-22 01:05:30.524866+00	0		
448	201443	2593	2950	0	2015-02-22 01:22:57.026738+00	0		
449	201443	2605	2951	0	2015-02-22 01:28:57.44363+00	0		
450	201443	2955	2956	0	2015-02-22 10:59:40.067163+00	0		
451	201443	2965	2966	0	2015-02-22 13:42:25.178892+00	0		
452	201443	2969	2970	0	2015-02-22 14:27:45.92476+00	0		
453	201443	2971	2972	0	2015-02-22 15:01:25.826507+00	0		
454	201443	2626	2974	0	2015-02-22 20:01:15.109614+00	0		
455	201443	2619	2975	0	2015-02-22 21:03:31.096428+00	0		
456	201443	2627	2976	0	2015-02-22 21:55:01.636819+00	0		
457	201443	2978	2525	0	2015-02-22 23:34:44.895799+00	0		
476	201443	3013	2986	0	2015-02-25 07:02:01.291159+00	0		
477	201443	3013	3011	0	2015-02-25 07:02:01.291159+00	0		
478	201443	3013	3012	0	2015-02-25 07:02:01.291159+00	0		
479	201443	3014	3015	0	2015-02-26 00:54:09.00855+00	0		
462	201443	2564	2988	0	2015-02-23 15:46:24.968699+00	0		
463	201443	2567	2989	0	2015-02-23 15:58:23.988229+00	0		
464	201443	2570	2990	0	2015-02-23 16:16:54.721947+00	0		
465	201443	2572	2991	0	2015-02-23 17:39:06.654714+00	0		
466	201443	2573	2992	0	2015-02-23 17:43:43.458737+00	0		
467	201443	2586	2993	0	2015-02-23 18:05:06.025548+00	0		
468	201443	2587	2994	0	2015-02-23 18:11:30.484612+00	0		
469	201443	2597	2995	0	2015-02-23 18:29:38.802492+00	0		
470	201443	2577	3003	0	2015-02-24 13:52:25.903298+00	0		
471	201443	2551	3004	0	2015-02-24 14:09:09.843299+00	0		
472	201443	3007	2529	0	2015-02-24 21:14:59.189927+00	0		
473	201443	2568	3008	0	2015-02-24 23:04:24.837018+00	0		
474	201443	2599	3009	0	2015-02-25 00:11:29.948399+00	0		
475	201443	2546	3010	0	2015-02-25 00:38:23.644154+00	0		
480	201443	3014	3016	0	2015-02-26 01:05:42.3976+00	0		
481	201443	3014	3017	0	2015-02-26 01:13:23.384935+00	0		
482	201443	3014	3018	0	2015-02-26 01:13:23.384935+00	0		
484	201443	2534	3038	0	2015-02-28 15:23:07.714395+00	0		
485	201443	2536	3039	0	2015-02-28 15:28:23.593894+00	0		
486	201443	2630	3041	0	2015-03-01 18:54:10.62581+00	0		
487	201443	2622	3042	0	2015-03-01 21:25:17.390776+00	0		
458	201443	2983	2977	0	2015-02-23 01:58:56.106605+00	0		
459	201443	2983	2980	0	2015-02-23 01:58:56.106605+00	0		
460	201443	2983	2981	0	2015-02-23 01:58:56.106605+00	0		
461	201443	2983	2982	0	2015-02-23 01:58:56.106605+00	0		
489	201443	2615	3049	0	2015-03-05 00:18:29.716019+00	0		
490	201443	2624	3050	0	2015-03-05 00:36:41.459662+00	0		
491	201443	2628	3051	0	2015-03-05 00:42:12.721241+00	0		
492	201443	2634	3052	0	2015-03-05 00:58:19.046729+00	0		
493	201443	2637	3053	0	2015-03-05 01:02:41.329917+00	0		
494	201443	2636	3080	0	2015-03-10 19:28:24.50818+00	0		
495	201443	3081	3082	0	2015-03-10 23:14:21.450291+00	0		
559	201443	688	3168	0	2015-03-18 20:43:27.629772+00	0		
560	201443	688	3169	0	2015-03-18 20:44:41.664379+00	0		
570	201443	686	3182	0	2015-03-22 07:37:21.900027+00	0		
519	201443	671	3113	0	2015-03-14 08:44:12.202322+00	0		
520	201443	671	3114	0	2015-03-14 08:47:29.850944+00	0		
521	201443	671	3115	0	2015-03-14 08:52:11.951211+00	0		
522	201443	671	3116	0	2015-03-14 08:54:58.59777+00	0		
523	201443	671	3117	0	2015-03-14 08:58:36.303979+00	0		
524	201443	671	3118	0	2015-03-14 09:04:54.418537+00	0		
525	201443	671	3119	0	2015-03-14 09:07:38.630124+00	0		
526	201443	671	3120	0	2015-03-14 09:14:50.620392+00	0		
527	201443	671	3121	0	2015-03-14 09:19:24.933588+00	0		
528	201443	671	3122	0	2015-03-14 09:23:05.873438+00	0		
529	201443	671	3123	0	2015-03-14 09:26:53.524025+00	0		
530	201443	671	3124	0	2015-03-14 09:41:12.643834+00	0		
586	201443	682	3205	0	2015-03-23 17:35:41.914804+00	0		
517	201443	2529	3105	0	2015-03-12 00:14:07.20064+00	0		
518	201443	2534	3106	0	2015-03-12 00:44:01.890923+00	0		
587	201443	682	3206	0	2015-03-23 17:37:30.695536+00	0		
531	201443	689	3125	0	2015-03-14 14:34:10.186866+00	0		
532	201443	689	3126	0	2015-03-14 14:36:24.36517+00	0		
533	201443	689	3127	0	2015-03-14 14:38:48.041648+00	0		
534	201443	689	3128	0	2015-03-14 14:41:14.370054+00	0		
535	201443	689	3129	0	2015-03-14 14:45:35.633963+00	0		
536	201443	689	3130	0	2015-03-14 14:48:21.092885+00	0		
537	201443	689	3131	0	2015-03-14 14:50:49.317158+00	0		
574	201443	686	3186	0	2015-03-22 07:46:40.521776+00	0		
575	201443	686	3187	0	2015-03-22 07:48:37.183184+00	0		
576	201443	686	3188	0	2015-03-22 07:50:30.831143+00	0		
577	201443	686	3189	0	2015-03-22 07:52:38.898614+00	0		
540	201443	3142	3143	0	2015-03-16 20:04:42.501352+00	0		
541	201443	2629	3146	0	2015-03-16 20:39:34.188588+00	0		
542	201443	3148	3149	0	2015-03-16 21:18:02.865015+00	0		
543	201443	3149	3150	0	2015-03-16 21:23:34.413243+00	0		
544	201443	3149	3151	0	2015-03-16 21:31:53.408955+00	0		
545	201443	3148	3152	0	2015-03-17 02:49:14.446707+00	0		
546	201443	3148	3153	0	2015-03-17 02:50:18.556318+00	0		
547	201443	3153	3154	0	2015-03-17 02:57:43.397347+00	0		
548	201443	2633	3157	0	2015-03-18 03:30:58.246151+00	0		
496	201443	666	3084	0	2015-03-11 19:06:15.815572+00	0		
497	201443	666	3085	0	2015-03-11 19:08:35.520994+00	0		
498	201443	666	3086	0	2015-03-11 19:08:41.974227+00	0		
499	201443	666	3087	0	2015-03-11 19:09:13.493344+00	0		
500	201443	666	3088	0	2015-03-11 19:09:33.562447+00	0		
501	201443	666	3089	0	2015-03-11 19:10:07.476279+00	0		
502	201443	666	3090	0	2015-03-11 19:10:33.555257+00	0		
503	201443	666	3091	0	2015-03-11 19:11:06.585771+00	0		
504	201443	666	3092	0	2015-03-11 19:11:23.189257+00	0		
505	201443	667	3093	0	2015-03-11 19:51:02.448803+00	0		
506	201443	667	3094	0	2015-03-11 19:51:24.26728+00	0		
507	201443	667	3095	0	2015-03-11 19:51:55.72587+00	0		
508	201443	667	3096	0	2015-03-11 19:52:20.812279+00	0		
509	201443	667	3097	0	2015-03-11 19:52:43.778072+00	0		
510	201443	667	3098	0	2015-03-11 19:53:11.57793+00	0		
511	201443	667	3099	0	2015-03-11 19:53:33.822469+00	0		
512	201443	667	3100	0	2015-03-11 19:53:58.140351+00	0		
513	201443	667	3101	0	2015-03-11 19:54:25.225545+00	0		
514	201443	667	3102	0	2015-03-11 19:54:44.289973+00	0		
515	201443	667	3103	0	2015-03-11 19:55:11.565556+00	0		
516	201443	667	3104	0	2015-03-11 19:55:34.260955+00	0		
550	201443	688	3159	0	2015-03-18 20:20:20.539459+00	0		
553	201443	688	3162	0	2015-03-18 20:28:17.65014+00	0		
554	201443	688	3163	0	2015-03-18 20:31:09.3286+00	0		
555	201443	688	3164	0	2015-03-18 20:34:30.040327+00	0		
556	201443	688	3165	0	2015-03-18 20:35:52.203412+00	0		
557	201443	688	3166	0	2015-03-18 20:38:26.615615+00	0		
558	201443	688	3167	0	2015-03-18 20:40:43.559073+00	0		
571	201443	686	3183	0	2015-03-22 07:39:23.615708+00	0		
572	201443	686	3184	0	2015-03-22 07:41:15.791723+00	0		
588	201443	682	3207	0	2015-03-23 17:39:52.802328+00	0		
589	201443	682	3208	0	2015-03-23 17:42:22.184224+00	0		
538	201443	689	3132	0	2015-03-14 14:52:56.347138+00	0		
539	201443	689	3133	0	2015-03-14 14:57:17.839538+00	0		
573	201443	686	3185	0	2015-03-22 07:44:07.883996+00	0		
578	201443	686	3190	0	2015-03-22 07:54:24.09865+00	0		
579	201443	684	3191	0	2015-03-22 07:57:06.973439+00	0		
580	201443	684	3192	0	2015-03-22 07:58:41.809307+00	0		
581	201443	684	3193	0	2015-03-22 08:00:57.566163+00	0		
582	201443	684	3194	0	2015-03-22 08:03:15.026559+00	0		
583	201443	684	3195	0	2015-03-22 08:05:24.831574+00	0		
585	201443	682	3204	0	2015-03-23 17:33:52.931755+00	0		
590	201443	682	3209	0	2015-03-23 17:44:39.976279+00	0		
591	201443	682	3210	0	2015-03-23 17:46:59.482812+00	0		
592	201443	682	3211	0	2015-03-23 17:49:02.096762+00	0		
561	201443	687	3172	0	2015-03-21 11:59:24.071411+00	0		
562	201443	687	3173	0	2015-03-21 12:01:32.621373+00	0		
563	201443	687	3174	0	2015-03-21 12:03:26.869679+00	0		
564	201443	687	3175	0	2015-03-21 12:06:22.067797+00	0		
565	201443	687	3176	0	2015-03-21 12:09:27.198734+00	0		
566	201443	687	3177	0	2015-03-21 12:11:38.837961+00	0		
567	201443	687	3178	0	2015-03-21 12:14:01.598349+00	0		
568	201443	687	3179	0	2015-03-21 12:16:01.160655+00	0		
569	201443	687	3180	0	2015-03-21 12:18:06.2415+00	0		
593	201443	682	3212	0	2015-03-23 17:50:46.662013+00	0		
594	201443	681	3217	0	2015-03-24 17:31:34.212847+00	0		
595	201443	681	3218	0	2015-03-24 17:33:20.066562+00	0		
549	201443	688	3158	0	2015-03-18 20:17:37.447808+00	0		
637	201443	3384	3385	0	2015-04-16 04:20:03.90009+00	0		
638	201443	3384	3386	0	2015-04-16 04:29:29.382232+00	0		
640	201443	3482	3481	0	2015-04-27 03:29:15.527215+00	0		
674	201443	3679	3678	0	2015-05-06 11:09:08.355729+00	0		
675	201443	3679	3680	0	2015-05-06 11:36:41.288275+00	0		
676	201443	3679	3681	0	2015-05-06 12:12:33.219832+00	0		
659	201443	3527	3522	0	2015-04-30 10:58:23.810842+00	0		
660	201443	3527	3523	0	2015-04-30 10:58:23.810842+00	0		
661	201443	3527	3525	0	2015-04-30 10:58:23.810842+00	0		
662	201443	3527	3526	0	2015-04-30 10:58:23.810842+00	0		
663	201443	3538	3539	0	2015-04-30 14:27:25.079144+00	0		
664	201443	3538	3540	0	2015-04-30 14:27:25.079144+00	0		
665	201443	3538	3541	0	2015-04-30 14:27:25.079144+00	0		
666	201443	3538	3542	0	2015-04-30 14:27:25.079144+00	0		
667	201443	3543	3544	0	2015-04-30 22:17:44.841075+00	0		
678	201443	3708	3706	0	2015-05-09 18:31:06.385821+00	0		
551	201443	688	3160	0	2015-03-18 20:22:59.454886+00	0		
552	201443	688	3161	0	2015-03-18 20:24:54.060761+00	0		
630	201443	3278	3279	0	2015-03-27 14:24:48.255919+00	0		
584	201443	684	3196	0	2015-03-22 08:07:23.113671+00	0		
596	201443	681	3219	0	2015-03-24 17:35:43.177396+00	0		
597	201443	681	3220	0	2015-03-24 17:37:57.862038+00	0		
598	201443	681	3221	0	2015-03-24 17:39:35.939683+00	0		
599	201443	681	3222	0	2015-03-24 17:42:58.166815+00	0		
600	201443	680	3223	0	2015-03-24 22:02:54.591247+00	0		
601	201443	680	3224	0	2015-03-24 22:04:45.733698+00	0		
602	201443	680	3225	0	2015-03-24 22:07:19.854787+00	0		
603	201443	680	3226	0	2015-03-24 22:09:55.119219+00	0		
604	201443	680	3227	0	2015-03-24 22:12:12.769154+00	0		
605	201443	680	3228	0	2015-03-24 22:14:45.804793+00	0		
606	201443	679	3229	0	2015-03-24 22:25:44.446458+00	0		
607	201443	679	3230	0	2015-03-24 22:27:23.219386+00	0		
608	201443	679	3231	0	2015-03-24 22:30:12.493417+00	0		
609	201443	679	3232	0	2015-03-24 22:33:49.615658+00	0		
610	201443	679	3233	0	2015-03-24 22:36:03.384721+00	0		
611	201443	679	3234	0	2015-03-24 22:47:56.822894+00	0		
612	201443	678	3235	0	2015-03-24 23:09:14.423022+00	0		
613	201443	678	3236	0	2015-03-24 23:12:02.487845+00	0		
614	201443	678	3237	0	2015-03-24 23:14:21.118019+00	0		
615	201443	678	3238	0	2015-03-24 23:16:32.081444+00	0		
616	201443	676	3239	0	2015-03-24 23:20:17.791433+00	0		
617	201443	676	3240	0	2015-03-24 23:22:34.93926+00	0		
618	201443	676	3241	0	2015-03-24 23:24:37.47678+00	0		
619	201443	676	3242	0	2015-03-24 23:26:45.707339+00	0		
620	201443	675	3243	0	2015-03-24 23:33:22.99072+00	0		
621	201443	675	3244	0	2015-03-24 23:35:08.64221+00	0		
622	201443	675	3245	0	2015-03-24 23:38:14.621644+00	0		
623	201443	675	3246	0	2015-03-24 23:40:40.135682+00	0		
624	201443	675	3247	0	2015-03-24 23:42:53.688195+00	0		
625	201443	675	3248	0	2015-03-24 23:45:08.745094+00	0		
626	201443	673	3250	0	2015-03-25 18:08:39.952494+00	0		
627	201443	673	3251	0	2015-03-25 18:16:03.500172+00	0		
628	201443	673	3252	0	2015-03-25 18:21:21.611025+00	0		
629	201443	673	3253	0	2015-03-25 18:25:19.835485+00	0		
631	201443	754	3378	0	2015-04-16 03:06:02.871034+00	0		
632	201443	754	3379	0	2015-04-16 03:06:02.871034+00	0		
633	201443	754	3380	0	2015-04-16 03:06:02.871034+00	0		
634	201443	759	3381	0	2015-04-16 03:26:13.830295+00	0		
635	201443	759	3382	0	2015-04-16 03:26:13.830295+00	0		
636	201443	759	3383	0	2015-04-16 03:26:13.830295+00	0		
668	201443	3543	3552	0	2015-05-02 06:35:44.85325+00	0		
680	201443	3734	3731	0	2015-05-09 22:41:48.909328+00	0		
681	201443	3734	3732	0	2015-05-09 22:41:48.909328+00	0		
683	201443	3741	3739	0	2015-05-10 08:01:14.226461+00	0		
639	212612	3470	3471	0	2015-04-26 17:42:16.599286+00	0		
641	201443	3482	3480	0	2015-04-27 03:29:15.527215+00	0		
642	201443	3487	3484	0	2015-04-27 07:45:02.526639+00	0		
643	201443	3487	3485	0	2015-04-27 07:45:02.526639+00	0		
644	201443	3487	3486	0	2015-04-27 07:45:02.526639+00	0		
645	201443	3491	3488	0	2015-04-27 08:37:42.19433+00	0		
646	201443	3491	3489	0	2015-04-27 08:37:42.19433+00	0		
647	201443	3491	3490	0	2015-04-27 08:37:42.19433+00	0		
648	201443	3498	3495	0	2015-04-27 09:04:54.371975+00	0		
649	201443	3498	3496	0	2015-04-27 09:04:54.371975+00	0		
650	201443	3498	3497	0	2015-04-27 09:04:54.371975+00	0		
651	201443	3439	3502	0	2015-04-27 10:51:23.570512+00	0		
652	201443	3439	3503	0	2015-04-27 10:57:52.921535+00	0		
653	201443	3508	3504	0	2015-04-28 03:30:31.802235+00	0		
654	201443	3508	3505	0	2015-04-28 03:30:31.802235+00	0		
655	201443	3508	3507	0	2015-04-28 03:30:31.802235+00	0		
670	201443	3662	3664	0	2015-05-06 01:39:29.80535+00	0		
684	201443	3741	3740	0	2015-05-10 08:01:14.226461+00	0		
669	201443	3662	3663	0	2015-05-06 01:27:15.140812+00	0		
671	201443	3669	3670	0	2015-05-06 02:38:58.089946+00	0		
672	201443	3669	3671	0	2015-05-06 02:44:45.882995+00	0		
673	201443	3669	3672	0	2015-05-06 02:47:22.810092+00	0		
696	201443	3880	3879	0	2015-05-14 23:03:40.401388+00	0		
697	201443	3880	3878	0	2015-05-14 23:03:40.401388+00	0		
698	201443	3880	3873	0	2015-05-14 23:03:40.401388+00	0		
699	201443	3880	3881	0	2015-05-14 23:09:47.940034+00	0		
700	201443	3880	3883	0	2015-05-14 23:57:04.391552+00	0		
677	201443	3692	3693	0	2015-05-08 12:44:12.61809+00	0		
679	201443	3708	3707	0	2015-05-09 18:31:06.385821+00	0		
682	201443	3734	3733	0	2015-05-09 22:41:48.909328+00	0		
706	201443	3915	3916	0	2015-05-15 10:23:24.660016+00	0		
707	201443	3915	3917	0	2015-05-15 10:29:41.000803+00	0		
708	201443	3915	3918	0	2015-05-15 10:33:42.973042+00	0		
709	201443	3915	3919	0	2015-05-15 10:37:03.730559+00	0		
710	201443	3915	3920	0	2015-05-15 10:40:44.725688+00	0		
711	201443	3915	3921	0	2015-05-15 10:44:05.511896+00	0		
712	201443	3915	3922	0	2015-05-15 10:49:40.554432+00	0		
713	201443	3915	3923	0	2015-05-15 10:53:21.60243+00	0		
714	201443	3915	3924	0	2015-05-15 11:10:26.526983+00	0		
715	201443	3915	3925	0	2015-05-15 11:17:17.343027+00	0		
716	201443	3915	3926	0	2015-05-15 11:20:37.266553+00	0		
717	201443	3915	3927	0	2015-05-15 11:23:25.222396+00	0		
718	201443	3915	3928	0	2015-05-15 14:44:42.666818+00	0		
719	201443	3915	3929	0	2015-05-15 14:47:18.336876+00	0		
720	201443	3915	3930	0	2015-05-15 14:49:55.367163+00	0		
721	201443	3915	3931	0	2015-05-15 14:53:56.68122+00	0		
722	201443	3915	3932	0	2015-05-15 14:56:19.519133+00	0		
723	201443	3915	3933	0	2015-05-15 14:58:12.916401+00	0		
724	201443	3915	3934	0	2015-05-15 15:03:01.293664+00	0		
725	201443	3915	3935	0	2015-05-15 15:05:50.069798+00	0		
726	201443	3915	3936	0	2015-05-15 15:09:16.932838+00	0		
727	201443	3915	3937	0	2015-05-15 15:13:30.993558+00	0		
728	201443	3915	3938	0	2015-05-15 15:18:06.464841+00	0		
729	201443	3915	3939	0	2015-05-15 15:20:34.016182+00	0		
730	201443	3915	3940	0	2015-05-15 15:24:30.603551+00	0		
731	201443	3915	3941	0	2015-05-15 15:26:54.079431+00	0		
732	201443	3915	3942	0	2015-05-15 15:35:53.921605+00	0		
688	201443	3849	3850	0	2015-05-14 05:34:51.175008+00	0		
689	201443	3849	3851	0	2015-05-14 05:41:21.685753+00	0		
691	201443	3858	3722	0	2015-05-14 14:13:00.741666+00	0		
692	201443	3722	3860	0	2015-05-14 15:17:58.438305+00	0		
693	201443	3722	3861	0	2015-05-14 15:17:58.438305+00	0		
694	201443	3722	3862	0	2015-05-14 15:17:58.438305+00	0		
701	201443	3858	3886	0	2015-05-15 01:10:27.734359+00	0		
702	201443	3886	3888	0	2015-05-15 01:28:36.967924+00	0		
703	201443	3886	3889	0	2015-05-15 01:28:36.967924+00	0		
704	201443	3886	3890	0	2015-05-15 01:28:36.967924+00	0		
733	201443	3915	3943	0	2015-05-15 15:38:20.078525+00	0		
734	201443	3915	3944	0	2015-05-15 15:42:37.797344+00	0		
735	201443	3915	3945	0	2015-05-15 15:46:31.183042+00	0		
736	201443	3915	3946	0	2015-05-15 15:59:27.088141+00	0		
737	201443	3915	3947	0	2015-05-15 16:03:22.511189+00	0		
738	201443	3915	3948	0	2015-05-15 16:07:36.874274+00	0		
739	201443	3915	3949	0	2015-05-15 16:10:54.97501+00	0		
740	201443	3915	3950	0	2015-05-15 16:13:26.019652+00	0		
747	201443	4002	4001	0	2015-05-16 22:49:02.386446+00	0		
748	201443	4002	4003	0	2015-05-16 22:50:33.578813+00	0		
749	201443	4002	4004	0	2015-05-16 23:01:03.538054+00	0		
750	201443	4002	4005	0	2015-05-16 23:04:25.029663+00	0		
751	201443	4002	4006	0	2015-05-16 23:08:46.440623+00	0		
752	201443	3915	4035	0	2015-05-17 07:49:04.599245+00	0		
753	201443	3915	4036	0	2015-05-17 07:53:30.814293+00	0		
754	201443	3915	4037	0	2015-05-17 08:09:36.826168+00	0		
755	201443	3915	4038	0	2015-05-17 08:15:18.277273+00	0		
685	201443	3770	3767	0	2015-05-12 05:10:31.645524+00	0		
686	201443	3770	3768	0	2015-05-12 05:10:31.645524+00	0		
687	201443	3770	3769	0	2015-05-12 05:10:31.645524+00	0		
764	201443	3504	4069	0	2015-05-20 12:26:26.816949+00	0		
765	201443	3504	4070	0	2015-05-20 12:30:35.507652+00	0		
766	201443	3504	4072	0	2015-05-20 12:32:57.759374+00	0		
767	201443	3504	4073	0	2015-05-20 12:36:53.930183+00	0		
769	201443	3505	4075	0	2015-05-20 12:42:14.893418+00	0		
770	201443	3505	4076	0	2015-05-20 12:44:51.139604+00	0		
771	201443	3505	4077	0	2015-05-20 12:49:09.125548+00	0		
772	201443	3507	4078	0	2015-05-20 12:52:49.633454+00	0		
773	201443	3507	4079	0	2015-05-20 12:55:17.048458+00	0		
775	201443	3507	4081	0	2015-05-20 15:05:41.856981+00	0		
776	201443	3484	4082	0	2015-05-20 15:11:40.593332+00	0		
777	201443	3484	4083	0	2015-05-20 15:20:34.464614+00	0		
778	201443	3484	4084	0	2015-05-20 15:28:36.27422+00	0		
779	201443	3485	4085	0	2015-05-20 15:32:13.561205+00	0		
780	201443	3485	4086	0	2015-05-20 15:37:26.514699+00	0		
781	201443	3485	4087	0	2015-05-20 15:40:19.054293+00	0		
782	201443	3486	4088	0	2015-05-20 15:46:24.625908+00	0		
783	201443	3486	4089	0	2015-05-20 15:50:15.65562+00	0		
784	201443	3486	4090	0	2015-05-20 15:56:25.982192+00	0		
785	201443	3488	4091	0	2015-05-20 16:03:35.774299+00	0		
786	201443	3488	4092	0	2015-05-20 16:07:09.834115+00	0		
787	201443	3488	4093	0	2015-05-20 16:10:42.262598+00	0		
788	201443	3489	4094	0	2015-05-20 16:13:55.72442+00	0		
789	201443	3489	4095	0	2015-05-20 16:16:07.995532+00	0		
790	201443	3489	4096	0	2015-05-20 16:18:42.269307+00	0		
791	201443	3490	4097	0	2015-05-20 16:21:43.380512+00	0		
792	201443	3490	4098	0	2015-05-20 16:24:35.655898+00	0		
793	201443	3490	4099	0	2015-05-20 16:28:36.299771+00	0		
794	201443	3522	4100	0	2015-05-20 16:40:12.997388+00	0		
795	201443	3522	4101	0	2015-05-20 16:47:08.172579+00	0		
796	201443	3522	4102	0	2015-05-20 16:49:22.736018+00	0		
797	201443	3523	4103	0	2015-05-20 16:53:48.377662+00	0		
798	201443	3523	4104	0	2015-05-20 16:57:14.912031+00	0		
799	201443	3523	4105	0	2015-05-20 17:01:06.731275+00	0		
800	201443	3523	4106	0	2015-05-20 17:04:47.544618+00	0		
801	201443	3523	4107	0	2015-05-20 19:41:12.473984+00	0		
802	201443	3525	4108	0	2015-05-20 20:21:19.639702+00	0		
803	201443	3525	4109	0	2015-05-20 20:29:24.434375+00	0		
804	201443	3525	4110	0	2015-05-20 20:32:07.708515+00	0		
805	201443	3525	4111	0	2015-05-20 20:35:48.992812+00	0		
806	201443	3525	4112	0	2015-05-20 20:37:53.929755+00	0		
807	201443	3526	4113	0	2015-05-20 20:41:35.366528+00	0		
808	201443	3526	4114	0	2015-05-20 20:44:02.571798+00	0		
809	201443	3526	4115	0	2015-05-20 20:47:07.022426+00	0		
810	201443	3526	4116	0	2015-05-20 20:49:59.123484+00	0		
811	201443	3526	4117	0	2015-05-20 20:52:37.521028+00	0		
812	201443	3735	4118	0	2015-05-20 21:02:33.536623+00	0		
813	201443	3735	4119	0	2015-05-20 21:04:27.148703+00	0		
814	201443	4126	4123	0	2015-05-20 21:22:34.307044+00	0		
815	201443	4126	4124	0	2015-05-20 21:22:34.307044+00	0		
816	201443	4126	4125	0	2015-05-20 21:22:34.307044+00	0		
820	201443	4123	4128	0	2015-05-20 21:38:38.498248+00	0		
821	201443	4123	4129	0	2015-05-20 21:38:38.498248+00	0		
822	201443	4123	4130	0	2015-05-20 21:38:38.498248+00	0		
828	201443	4125	4136	0	2015-05-20 22:10:57.331241+00	0		
829	201443	4125	4137	0	2015-05-20 22:10:57.331241+00	0		
824	201443	4124	4132	0	2015-05-20 21:45:40.626689+00	0		
825	201443	4124	4133	0	2015-05-20 21:45:40.626689+00	0		
826	201443	4124	4134	0	2015-05-20 21:45:40.626689+00	0		
827	201443	4124	4135	0	2015-05-20 21:45:40.626689+00	0		
830	201443	4125	4138	0	2015-05-20 22:10:57.331241+00	0		
831	201443	4125	4139	0	2015-05-20 22:10:57.331241+00	0		
832	201443	4151	4140	0	2015-05-20 22:17:33.144664+00	0		
833	201443	4151	4141	0	2015-05-20 22:17:33.144664+00	0		
834	201443	4151	4142	0	2015-05-20 22:17:33.144664+00	0		
835	201443	4151	4143	0	2015-05-20 22:17:33.144664+00	0		
741	201443	3731	3975	0	2015-05-16 08:02:53.225511+00	0		
742	201443	3731	3976	0	2015-05-16 08:31:45.598741+00	0		
743	201443	3731	3977	0	2015-05-16 08:38:05.507688+00	0		
744	201443	3732	3978	0	2015-05-16 09:25:47.504057+00	0		
745	201443	3732	3979	0	2015-05-16 09:32:22.974505+00	0		
746	201443	3732	3980	0	2015-05-16 09:37:14.740849+00	0		
756	201443	4044	4043	0	2015-05-18 02:59:10.144031+00	0		
757	201443	4048	4044	0	2015-05-18 03:03:27.370153+00	0		
758	201443	4048	4045	0	2015-05-18 03:03:27.370153+00	0		
759	201443	4048	4046	0	2015-05-18 03:03:27.370153+00	0		
760	201443	4048	4047	0	2015-05-18 03:03:27.370153+00	0		
761	201443	3733	4049	0	2015-05-18 07:20:07.643239+00	0		
762	201443	3733	4054	0	2015-05-18 11:38:02.410474+00	0		
763	201443	3733	4068	0	2015-05-20 12:21:37.341383+00	0		
768	201443	3505	4074	0	2015-05-20 12:40:15.276519+00	0		
774	201443	3507	4080	0	2015-05-20 12:57:03.255734+00	0		
823	201443	4123	4131	0	2015-05-20 21:38:38.498248+00	0		
836	201443	4151	4144	0	2015-05-20 22:17:33.144664+00	0		
837	201443	4151	4145	0	2015-05-20 22:17:33.144664+00	0		
838	201443	4151	4146	0	2015-05-20 22:17:33.144664+00	0		
936	201443	4145	4285	0	2015-05-28 16:56:13.210092+00	0		
690	201443	3849	3852	0	2015-05-14 05:50:13.360516+00	0		
843	201443	4159	4163	0	2015-05-21 13:26:18.022056+00	0		
844	201443	4159	4164	0	2015-05-21 13:26:55.573968+00	0		
845	201443	4159	4165	0	2015-05-21 13:27:32.761627+00	0		
846	201443	4163	4167	0	2015-05-21 13:39:34.243929+00	0		
847	201443	4165	4166	0	2015-05-21 13:40:19.456573+00	0		
848	201443	4165	4168	0	2015-05-21 13:43:16.006171+00	0		
849	201443	4169	4170	0	2015-05-21 16:00:04.416091+00	0		
850	201443	4169	4171	0	2015-05-21 16:00:43.657458+00	0		
695	201443	3722	3863	0	2015-05-14 15:17:58.438305+00	0		
852	201443	4173	4171	0	2015-05-21 16:19:52.764804+00	0		
853	201443	4175	4174	0	2015-05-21 16:37:58.114662+00	0		
854	201443	4176	4175	0	2015-05-21 16:40:40.608646+00	0		
705	201443	3886	3891	0	2015-05-15 01:28:36.967924+00	0		
855	201443	4180	4181	0	2015-05-22 08:23:51.440461+00	0		
856	201443	4181	4182	0	2015-05-22 08:26:32.2648+00	0		
857	201443	4181	4183	0	2015-05-22 08:29:43.792344+00	0		
858	201443	4181	4184	0	2015-05-22 08:33:29.500507+00	0		
859	201443	4181	4185	0	2015-05-22 09:25:07.398528+00	0		
860	201443	4186	4187	0	2015-05-22 10:47:08.199354+00	0		
861	201443	4187	4188	0	2015-05-22 10:52:45.178856+00	0		
872	201443	4141	4193	0	2015-05-24 18:42:10.813674+00	0		
873	201443	4141	4194	0	2015-05-24 18:42:10.813674+00	0		
874	201443	4141	4195	0	2015-05-24 18:42:10.813674+00	0		
875	201443	4141	4196	0	2015-05-24 18:42:10.813674+00	0		
876	201443	4141	4211	0	2015-05-24 18:42:10.813674+00	0		
877	201443	4141	4212	0	2015-05-24 18:42:10.813674+00	0		
878	201443	4141	4213	0	2015-05-24 18:42:10.813674+00	0		
879	201443	4141	4214	0	2015-05-24 18:42:10.813674+00	0		
880	201443	4141	4215	0	2015-05-24 18:42:10.813674+00	0		
881	201443	4141	4216	0	2015-05-24 18:42:10.813674+00	0		
882	201443	3858	4223	0	2015-05-24 23:07:19.754444+00	0		
883	201443	4226	4227	0	2015-05-24 23:25:30.896793+00	0		
884	201443	4226	4228	0	2015-05-24 23:43:06.9946+00	0		
885	201443	3858	4230	0	2015-05-25 00:01:25.999304+00	0		
886	201443	3858	4231	0	2015-05-25 00:04:50.119812+00	0		
887	201443	4142	4217	0	2015-05-25 18:17:57.816358+00	0		
888	201443	4142	4218	0	2015-05-25 18:17:57.816358+00	0		
889	201443	4142	4232	0	2015-05-25 18:17:57.816358+00	0		
890	201443	4142	4233	0	2015-05-25 18:17:57.816358+00	0		
891	201443	4142	4234	0	2015-05-25 18:17:57.816358+00	0		
892	201443	4142	4235	0	2015-05-25 18:17:57.816358+00	0		
893	201443	4142	4236	0	2015-05-25 18:17:57.816358+00	0		
894	201443	4142	4237	0	2015-05-25 18:17:57.816358+00	0		
895	201443	4142	4238	0	2015-05-25 18:17:57.816358+00	0		
896	201443	4142	4239	0	2015-05-25 18:17:57.816358+00	0		
897	201443	4143	4240	0	2015-05-25 21:15:22.442241+00	0		
898	201443	4143	4241	0	2015-05-25 21:15:22.442241+00	0		
899	201443	4143	4242	0	2015-05-25 21:15:22.442241+00	0		
900	201443	4143	4243	0	2015-05-25 21:15:22.442241+00	0		
901	201443	4143	4244	0	2015-05-25 21:15:22.442241+00	0		
902	201443	4143	4245	0	2015-05-25 21:15:22.442241+00	0		
903	201443	4143	4246	0	2015-05-25 21:15:22.442241+00	0		
904	201443	4143	4247	0	2015-05-25 21:15:22.442241+00	0		
905	201443	4143	4248	0	2015-05-25 21:15:22.442241+00	0		
906	201443	4143	4249	0	2015-05-25 21:15:22.442241+00	0		
907	201443	3767	4254	0	2015-05-26 14:29:14.874146+00	0		
908	201443	3767	4255	0	2015-05-26 14:29:14.874146+00	0		
909	201443	3767	4256	0	2015-05-26 14:29:14.874146+00	0		
910	201443	3767	4257	0	2015-05-26 14:29:14.874146+00	0		
911	201443	3768	4258	0	2015-05-26 14:39:05.221079+00	0		
912	201443	3768	4259	0	2015-05-26 14:39:05.221079+00	0		
913	201443	3768	4260	0	2015-05-26 14:39:05.221079+00	0		
914	201443	3768	4261	0	2015-05-26 14:39:05.221079+00	0		
915	201443	3769	4262	0	2015-05-26 14:50:11.604854+00	0		
916	201443	3769	4263	0	2015-05-26 14:50:11.604854+00	0		
917	201443	3769	4264	0	2015-05-26 14:50:11.604854+00	0		
918	201443	3769	4265	0	2015-05-26 14:50:11.604854+00	0		
919	201443	4144	4266	0	2015-05-27 20:20:23.562839+00	0		
920	201443	4144	4267	0	2015-05-27 20:20:23.562839+00	0		
921	201443	4144	4268	0	2015-05-27 20:20:23.562839+00	0		
922	201443	4144	4269	0	2015-05-27 20:20:23.562839+00	0		
923	201443	4144	4270	0	2015-05-27 20:20:23.562839+00	0		
924	201443	4144	4271	0	2015-05-27 20:20:23.562839+00	0		
925	201443	4144	4272	0	2015-05-27 20:20:23.562839+00	0		
926	201443	4144	4276	0	2015-05-27 20:20:23.562839+00	0		
927	201443	4144	4277	0	2015-05-27 20:20:23.562839+00	0		
928	201443	4144	4278	0	2015-05-27 20:20:23.562839+00	0		
929	201443	4151	4279	0	2015-05-27 20:22:32.775095+00	0		
930	201443	4279	4280	0	2015-05-27 20:24:22.783139+00	0		
931	201443	4144	4281	0	2015-05-28 00:44:50.264806+00	0		
932	201443	4144	4282	0	2015-05-28 00:44:50.264806+00	0		
933	201443	4141	4283	0	2015-05-28 01:00:27.986978+00	0		
934	201443	4142	4284	0	2015-05-28 01:02:39.46201+00	0		
937	201443	4145	4286	0	2015-05-28 16:56:13.210092+00	0		
938	201443	4145	4287	0	2015-05-28 16:56:13.210092+00	0		
939	201443	4145	4293	0	2015-05-28 16:56:13.210092+00	0		
940	201443	4145	4294	0	2015-05-28 16:56:13.210092+00	0		
941	201443	4145	4295	0	2015-05-28 16:56:13.210092+00	0		
942	201443	4145	4296	0	2015-05-28 16:56:13.210092+00	0		
839	201443	4151	4147	0	2015-05-20 22:17:33.144664+00	0		
840	201443	4151	4148	0	2015-05-20 22:17:33.144664+00	0		
841	201443	4151	4149	0	2015-05-20 22:17:33.144664+00	0		
842	201443	4151	4150	0	2015-05-20 22:17:33.144664+00	0		
851	201443	4170	4172	0	2015-05-21 16:09:29.444201+00	0		
935	201443	4289	4291	0	2015-05-28 12:26:25.091082+00	0		
862	201443	4140	4152	0	2015-05-22 13:19:21.038221+00	0		
863	201443	4140	4153	0	2015-05-22 13:19:21.038221+00	0		
864	201443	4140	4154	0	2015-05-22 13:19:21.038221+00	0		
865	201443	4140	4155	0	2015-05-22 13:19:21.038221+00	0		
866	201443	4140	4156	0	2015-05-22 13:19:21.038221+00	0		
867	201443	4140	4157	0	2015-05-22 13:19:21.038221+00	0		
868	201443	4140	4158	0	2015-05-22 13:19:21.038221+00	0		
869	201443	4140	4189	0	2015-05-22 13:19:21.038221+00	0		
948	201443	4146	4302	0	2015-05-28 17:48:28.087031+00	0		
949	201443	4146	4303	0	2015-05-28 17:48:28.087031+00	0		
950	201443	4146	4304	0	2015-05-28 17:48:28.087031+00	0		
951	201443	4146	4305	0	2015-05-28 17:48:28.087031+00	0		
960	201443	4147	4314	0	2015-05-28 20:48:21.527299+00	0		
961	201443	4147	4315	0	2015-05-28 20:48:21.527299+00	0		
962	201443	4147	4316	0	2015-05-28 20:48:21.527299+00	0		
963	201443	4147	4317	0	2015-05-28 20:48:21.527299+00	0		
964	201443	4147	4318	0	2015-05-28 20:48:21.527299+00	0		
965	201443	4147	4319	0	2015-05-28 20:48:21.527299+00	0		
966	201443	4147	4320	0	2015-05-28 20:48:21.527299+00	0		
967	201443	4147	4321	0	2015-05-28 20:48:21.527299+00	0		
968	201443	4147	4322	0	2015-05-28 20:48:21.527299+00	0		
969	201443	4147	4323	0	2015-05-28 20:48:21.527299+00	0		
970	201443	4147	4324	0	2015-05-28 20:48:21.527299+00	0		
971	201443	4148	4325	0	2015-05-28 21:45:36.506159+00	0		
972	201443	4148	4326	0	2015-05-28 21:45:36.506159+00	0		
973	201443	4148	4327	0	2015-05-28 21:45:36.506159+00	0		
974	201443	4148	4328	0	2015-05-28 21:45:36.506159+00	0		
975	201443	4148	4329	0	2015-05-28 21:45:36.506159+00	0		
976	201443	4148	4330	0	2015-05-28 21:45:36.506159+00	0		
977	201443	4148	4331	0	2015-05-28 21:45:36.506159+00	0		
978	201443	4148	4332	0	2015-05-28 21:45:36.506159+00	0		
979	201443	4148	4333	0	2015-05-28 21:45:36.506159+00	0		
980	201443	4148	4334	0	2015-05-28 21:45:36.506159+00	0		
981	201443	4148	4335	0	2015-05-28 21:45:36.506159+00	0		
982	201443	4149	4336	0	2015-05-28 23:10:37.491626+00	0		
983	201443	4149	4337	0	2015-05-28 23:10:37.491626+00	0		
984	201443	4149	4338	0	2015-05-28 23:10:37.491626+00	0		
985	201443	4149	4339	0	2015-05-28 23:10:37.491626+00	0		
986	201443	4149	4340	0	2015-05-28 23:10:37.491626+00	0		
987	201443	4149	4341	0	2015-05-28 23:10:37.491626+00	0		
988	201443	4149	4342	0	2015-05-28 23:10:37.491626+00	0		
989	201443	4149	4343	0	2015-05-28 23:10:37.491626+00	0		
990	201443	4149	4344	0	2015-05-28 23:10:37.491626+00	0		
991	201443	4150	4345	0	2015-05-29 00:23:50.815996+00	0		
992	201443	4150	4346	0	2015-05-29 00:23:50.815996+00	0		
993	201443	4150	4347	0	2015-05-29 00:23:50.815996+00	0		
994	201443	4150	4348	0	2015-05-29 00:23:50.815996+00	0		
995	201443	4150	4349	0	2015-05-29 00:23:50.815996+00	0		
996	201443	4150	4350	0	2015-05-29 00:23:50.815996+00	0		
997	201443	4150	4351	0	2015-05-29 00:23:50.815996+00	0		
998	201443	4150	4352	0	2015-05-29 00:23:50.815996+00	0		
999	201443	4150	4353	0	2015-05-29 00:23:50.815996+00	0		
1000	201443	4150	4354	0	2015-05-29 00:23:50.815996+00	0		
1001	201443	4150	4355	0	2015-05-29 00:23:50.815996+00	0		
1002	201443	4364	4356	0	2015-05-29 02:29:49.001889+00	0		
1003	201443	4364	4357	0	2015-05-29 02:29:49.001889+00	0		
1004	201443	4364	4358	0	2015-05-29 02:29:49.001889+00	0		
1005	201443	4364	4359	0	2015-05-29 02:29:49.001889+00	0		
1006	201443	4364	4360	0	2015-05-29 02:29:49.001889+00	0		
1007	201443	4364	4361	0	2015-05-29 02:29:49.001889+00	0		
1008	201443	4364	4362	0	2015-05-29 02:29:49.001889+00	0		
1009	201443	4364	4363	0	2015-05-29 02:29:49.001889+00	0		
1010	201443	4356	4365	0	2015-05-29 02:38:14.961787+00	0		
1011	201443	4357	4366	0	2015-05-29 02:43:57.615564+00	0		
1012	201443	4358	4367	0	2015-05-29 02:47:59.390546+00	0		
1013	201443	4360	4368	0	2015-05-29 02:49:40.908001+00	0		
1015	201443	4386	4382	0	2015-05-31 09:22:31.476395+00	0		
1016	201443	4386	4383	0	2015-05-31 09:22:31.476395+00	0		
1017	201443	4386	4384	0	2015-05-31 09:22:31.476395+00	0		
1018	201443	4386	4385	0	2015-05-31 09:22:31.476395+00	0		
1019	201443	4382	4387	0	2015-05-31 09:34:57.71112+00	0		
1020	201443	4382	4388	0	2015-05-31 09:34:57.71112+00	0		
1021	201443	4382	4389	0	2015-05-31 09:34:57.71112+00	0		
1022	201443	4383	4390	0	2015-05-31 10:22:44.475891+00	0		
1023	201443	4383	4391	0	2015-05-31 10:22:44.475891+00	0		
1024	201443	4383	4392	0	2015-05-31 10:22:44.475891+00	0		
1025	201443	4383	4393	0	2015-05-31 10:22:44.475891+00	0		
1026	201443	4383	4394	0	2015-05-31 10:22:44.475891+00	0		
1027	201443	4384	4395	0	2015-05-31 10:44:16.421083+00	0		
870	201443	4140	4190	0	2015-05-22 13:19:21.038221+00	0		
871	201443	4140	4191	0	2015-05-22 13:19:21.038221+00	0		
1028	201443	4384	4396	0	2015-05-31 10:44:16.421083+00	0		
1029	201443	4384	4397	0	2015-05-31 10:44:16.421083+00	0		
1030	201443	4384	4398	0	2015-05-31 10:44:16.421083+00	0		
1031	201443	4384	4399	0	2015-05-31 10:44:16.421083+00	0		
1032	201443	4385	4400	0	2015-05-31 11:06:05.453582+00	0		
1033	201443	4385	4401	0	2015-05-31 11:06:05.453582+00	0		
1034	201443	4385	4402	0	2015-05-31 11:06:05.453582+00	0		
