579	199484	1616	2527	0	2014-12-12 00:17:06.270173+00	1		
580	199484	1617	2527	0	2014-12-12 00:17:06.270173+00	2		
2352	199484	4418	3524	0	2015-08-13 03:50:18.470202+00	3		
2878	243252	6613	3584	0	2015-09-18 19:36:06.392114+00	2		
581	199484	1618	2527	0	2014-12-12 00:17:06.270173+00	3		
2355	199484	5540	2739	0	2015-08-15 15:02:27.962206+00	0		
2356	199484	5543	2739	0	2015-08-15 16:32:51.199463+00	0		
2358	199484	5573	2739	0	2015-08-17 14:00:24.113134+00	0		
604	199484	1210	2529	0	2014-12-12 06:07:20.920786+00	26		
2357	199484	5566	2366	0	2015-08-16 19:05:45.791384+00	2		
605	199484	1611	2529	0	2014-12-12 06:07:20.920786+00	1		
606	199484	1612	2529	0	2014-12-12 06:07:20.920786+00	2		
607	199484	1613	2529	0	2014-12-12 06:07:20.920786+00	3		
608	199484	1614	2529	0	2014-12-12 06:07:20.920786+00	4		
609	199484	1615	2529	0	2014-12-12 06:07:20.920786+00	5		
610	199484	1641	2529	0	2014-12-12 06:07:20.920786+00	6		
611	199484	1642	2529	0	2014-12-12 06:07:20.920786+00	7		
644	199484	1664	2553	0	2014-12-15 03:44:35.845458+00	1		
612	199484	1643	2529	0	2014-12-12 06:07:20.920786+00	8		
645	199484	1665	2553	0	2014-12-15 03:44:35.845458+00	2		
613	199484	1644	2529	0	2014-12-12 06:07:20.920786+00	9		
646	199484	1666	2553	0	2014-12-15 03:44:35.845458+00	3		
614	199484	1645	2529	0	2014-12-12 06:07:20.920786+00	10		
2359	199484	5575	2739	0	2015-08-17 15:50:33.444137+00	0		
615	199484	1646	2529	0	2014-12-12 06:07:20.920786+00	11		
616	199484	1647	2529	0	2014-12-12 06:07:20.920786+00	12		
2360	199484	5582	2739	0	2015-08-17 21:19:16.945601+00	0		
617	199484	1648	2529	0	2014-12-12 06:07:20.920786+00	13		
618	199484	1649	2529	0	2014-12-12 06:07:20.920786+00	14		
619	199484	1650	2529	0	2014-12-12 06:07:20.920786+00	15		
568	199484	1595	2521	0	2014-12-10 22:21:00.82478+00	1		
620	199484	1651	2529	0	2014-12-12 06:07:20.920786+00	16		
647	199484	1667	2553	0	2014-12-15 03:44:35.845458+00	4		
648	199484	1668	2553	0	2014-12-15 03:44:35.845458+00	5		
653	199484	1679	2553	0	2014-12-15 03:44:35.845458+00	10		
654	199484	1683	2553	0	2014-12-15 03:44:35.845458+00	11		
649	199484	1669	2553	0	2014-12-15 03:44:35.845458+00	6		
650	199484	1675	2553	0	2014-12-15 03:44:35.845458+00	7		
651	199484	1676	2553	0	2014-12-15 03:44:35.845458+00	8		
652	199484	1678	2553	0	2014-12-15 03:44:35.845458+00	9		
655	199484	1684	2553	0	2014-12-15 03:44:35.845458+00	12		
656	199484	1685	2553	0	2014-12-15 03:44:35.845458+00	13		
2361	199484	5584	2739	0	2015-08-17 22:48:58.95994+00	0		
657	199484	1686	2553	0	2014-12-15 03:44:35.845458+00	14		
658	199484	1687	2553	0	2014-12-15 03:44:35.845458+00	15		
659	199484	1688	2553	0	2014-12-15 03:44:35.845458+00	16		
660	199484	1689	2553	0	2014-12-15 03:44:35.845458+00	17		
661	199484	1690	2553	0	2014-12-15 03:44:35.845458+00	18		
709	199484	1746	2553	0	2014-12-15 03:44:35.845458+00	66		
710	199484	1747	2553	0	2014-12-15 03:44:35.845458+00	67		
711	199484	1748	2553	0	2014-12-15 03:44:35.845458+00	68		
712	199484	1749	2553	0	2014-12-15 03:44:35.845458+00	69		
713	199484	1750	2553	0	2014-12-15 03:44:35.845458+00	70		
714	199484	1751	2553	0	2014-12-15 03:44:35.845458+00	71		
727	199484	1764	2553	0	2014-12-15 03:44:35.845458+00	84		
728	199484	1765	2553	0	2014-12-15 03:44:35.845458+00	85		
787	199484	1847	2563	0	2014-12-16 08:11:15.021133+00	1		
788	199484	1848	2563	0	2014-12-16 08:11:15.021133+00	2		
789	199484	1849	2563	0	2014-12-16 08:11:15.021133+00	3		
790	199484	1850	2565	0	2014-12-16 10:27:18.255604+00	1		
791	199484	1851	2565	0	2014-12-16 10:27:18.255604+00	2		
792	199484	1852	2565	0	2014-12-16 10:27:18.255604+00	3		
2362	199484	5585	2739	0	2015-08-17 23:25:53.43035+00	0		
2363	199484	5589	2739	0	2015-08-18 09:40:45.779901+00	0		
1150	199484	2335	2846	0	2015-01-28 23:19:15.900739+00	1		
2364	199484	5590	2739	0	2015-08-18 10:08:59.875225+00	0		
2365	199484	5591	2739	0	2015-08-18 11:23:28.886717+00	0		
2366	199484	5593	2739	0	2015-08-18 14:30:44.587588+00	0		
2367	199484	5595	2739	0	2015-08-18 19:39:56.962923+00	0		
1151	199484	2336	2846	0	2015-01-28 23:19:15.900739+00	2		
1152	199484	2337	2846	0	2015-01-28 23:19:15.900739+00	3		
2368	199484	5596	2739	0	2015-08-18 20:17:59.457632+00	0		
582	199484	1619	2527	0	2014-12-12 00:17:06.270173+00	4		
583	199484	1620	2527	0	2014-12-12 00:17:06.270173+00	5		
584	199484	1621	2527	0	2014-12-12 00:17:06.270173+00	6		
585	199484	1622	2527	0	2014-12-12 00:17:06.270173+00	7		
586	199484	1623	2527	0	2014-12-12 00:17:06.270173+00	8		
621	199484	1652	2529	0	2014-12-12 06:07:20.920786+00	17		
622	199484	1653	2529	0	2014-12-12 06:07:20.920786+00	18		
2369	199484	5597	3545	0	2015-08-18 20:35:42.637421+00	0		
623	199484	1654	2529	0	2014-12-12 06:07:20.920786+00	19		
624	199484	1655	2529	0	2014-12-12 06:07:20.920786+00	20		
625	199484	1656	2529	0	2014-12-12 06:07:20.920786+00	21		
569	199484	1596	2521	0	2014-12-10 22:21:00.82478+00	2		
570	199484	1597	2521	0	2014-12-10 22:21:00.82478+00	3		
571	199484	1598	2521	0	2014-12-10 22:21:00.82478+00	4		
572	199484	1599	2521	0	2014-12-10 22:21:00.82478+00	5		
573	199484	1600	2521	0	2014-12-10 22:21:00.82478+00	6		
574	199484	1601	2521	0	2014-12-10 22:21:00.82478+00	7		
691	199484	1726	2553	0	2014-12-15 03:44:35.845458+00	48		
2371	199484	5601	2739	0	2015-08-18 21:15:51.181248+00	0		
692	199484	1727	2553	0	2014-12-15 03:44:35.845458+00	49		
2372	199484	5603	2739	0	2015-08-18 21:47:32.880114+00	0		
693	199484	1728	2553	0	2014-12-15 03:44:35.845458+00	50		
2373	199484	5606	2739	0	2015-08-18 22:15:32.776621+00	0		
2374	199484	5608	2739	0	2015-08-18 22:42:37.294534+00	0		
4	199484	192	2335	0	2014-11-17 23:41:11.363369+00	1		
2375	199484	5609	3546	0	2015-08-18 23:21:28.840549+00	1		
2376	199484	5611	2752	0	2015-08-19 14:36:35.369974+00	0		
2377	208776	5616	2431	0	2015-08-19 16:25:06.049411+00	37		
1897	199484	4691	2757	0	2015-06-05 13:17:28.629811+00	0		
1059	199702	178	2431	0	2015-01-12 12:08:06.726388+00	15		
1060	199703	173	2431	0	2015-01-12 12:08:06.726388+00	16		
1061	199565	191	2431	0	2015-01-12 12:08:06.726388+00	17		
1062	206621	209	2431	0	2015-01-12 12:08:06.726388+00	18		
1063	199566	274	2431	0	2015-01-12 12:08:06.726388+00	19		
1064	199567	257	2431	0	2015-01-12 12:08:06.726388+00	20		
1073	199570	200	2431	0	2015-01-12 12:08:06.726388+00	31		
876	201081	183	2431	0	2014-12-19 06:06:19.343517+00	29		
6	199484	242	2337	0	2014-11-18 00:24:48.410273+00	2		
11	199557	156	2338	0	2014-11-18 06:22:37.908174+00	1		
2381	199484	5636	2761	0	2015-08-20 09:53:48.833985+00	0		
2378	256216	5621	3547	0	2015-08-19 18:10:30.94149+00	1		
2382	199484	5637	2746	0	2015-08-20 12:00:59.690263+00	0		
2383	199484	5647	2734	0	2015-08-20 15:37:52.611988+00	0		
2353	199484	5521	2770	0	2015-08-13 15:05:50.559237+00	0		
2801	243252	6487	3647	0	2015-09-16 07:30:44.978803+00	1		
2800	259564	6247	3647	0	2015-09-16 06:51:00.540549+00	2		
2380	256216	5628	3548	0	2015-08-19 21:49:36.71297+00	5		
2370	199484	5598	3545	0	2015-08-18 20:42:01.797272+00	0		
1153	199484	2338	2846	0	2015-01-28 23:19:15.900739+00	4		
2384	199484	5651	2746	0	2015-08-20 21:29:46.966644+00	0		
3258	199484	7307	2757	0	2015-10-11 11:23:11.817909+00	0		
2444	199484	5898	3587	0	2015-09-01 20:33:31.304019+00	42		
2445	199484	5899	3587	0	2015-09-01 20:33:31.304019+00	41		
2446	199484	5900	3587	0	2015-09-01 20:33:31.304019+00	40		
2447	199484	5901	3587	0	2015-09-01 20:33:31.304019+00	39		
1093	199484	2233	2759	0	2015-01-14 11:30:35.321739+00	1		
1154	199484	2340	2846	0	2015-01-28 23:19:15.900739+00	5		
1683	199484	3717	3209	0	2015-05-10 03:34:22.095228+00	13		
1684	199484	3718	3209	0	2015-05-10 03:34:22.095228+00	14		
694	199484	1729	2553	0	2014-12-15 03:44:35.845458+00	51		
1685	199484	3719	3209	0	2015-05-10 03:34:22.095228+00	15		
2602	199484	6154	3606	0	2015-09-10 05:19:57.213847+00	6		
2448	199484	5902	3587	0	2015-09-01 20:33:31.304019+00	38		
2449	199484	5903	3587	0	2015-09-01 20:33:31.304019+00	37		
662	199484	1691	2553	0	2014-12-15 03:44:35.845458+00	19		
663	199484	1692	2553	0	2014-12-15 03:44:35.845458+00	20		
695	199484	1730	2553	0	2014-12-15 03:44:35.845458+00	52		
664	199484	1693	2553	0	2014-12-15 03:44:35.845458+00	21		
665	199484	1700	2553	0	2014-12-15 03:44:35.845458+00	22		
666	199484	1701	2553	0	2014-12-15 03:44:35.845458+00	23		
667	199484	1702	2553	0	2014-12-15 03:44:35.845458+00	24		
668	199484	1703	2553	0	2014-12-15 03:44:35.845458+00	25		
669	199484	1704	2553	0	2014-12-15 03:44:35.845458+00	26		
670	199484	1705	2553	0	2014-12-15 03:44:35.845458+00	27		
671	199484	1706	2553	0	2014-12-15 03:44:35.845458+00	28		
672	199484	1707	2553	0	2014-12-15 03:44:35.845458+00	29		
673	199484	1708	2553	0	2014-12-15 03:44:35.845458+00	30		
674	199484	1709	2553	0	2014-12-15 03:44:35.845458+00	31		
675	199484	1710	2553	0	2014-12-15 03:44:35.845458+00	32		
676	199484	1711	2553	0	2014-12-15 03:44:35.845458+00	33		
677	199484	1712	2553	0	2014-12-15 03:44:35.845458+00	34		
678	199484	1713	2553	0	2014-12-15 03:44:35.845458+00	35		
679	199484	1714	2553	0	2014-12-15 03:44:35.845458+00	36		
680	199484	1715	2553	0	2014-12-15 03:44:35.845458+00	37		
681	199484	1716	2553	0	2014-12-15 03:44:35.845458+00	38		
682	199484	1717	2553	0	2014-12-15 03:44:35.845458+00	39		
683	199484	1718	2553	0	2014-12-15 03:44:35.845458+00	40		
684	199484	1719	2553	0	2014-12-15 03:44:35.845458+00	41		
685	199484	1720	2553	0	2014-12-15 03:44:35.845458+00	42		
686	199484	1721	2553	0	2014-12-15 03:44:35.845458+00	43		
687	199484	1722	2553	0	2014-12-15 03:44:35.845458+00	44		
688	199484	1723	2553	0	2014-12-15 03:44:35.845458+00	45		
689	199484	1724	2553	0	2014-12-15 03:44:35.845458+00	46		
690	199484	1725	2553	0	2014-12-15 03:44:35.845458+00	47		
696	199484	1731	2553	0	2014-12-15 03:44:35.845458+00	53		
697	199484	1734	2553	0	2014-12-15 03:44:35.845458+00	54		
698	199484	1735	2553	0	2014-12-15 03:44:35.845458+00	55		
699	199484	1736	2553	0	2014-12-15 03:44:35.845458+00	56		
700	199484	1737	2553	0	2014-12-15 03:44:35.845458+00	57		
701	199484	1738	2553	0	2014-12-15 03:44:35.845458+00	58		
702	199484	1739	2553	0	2014-12-15 03:44:35.845458+00	59		
703	199484	1740	2553	0	2014-12-15 03:44:35.845458+00	60		
704	199484	1741	2553	0	2014-12-15 03:44:35.845458+00	61		
705	199484	1742	2553	0	2014-12-15 03:44:35.845458+00	62		
706	199484	1743	2553	0	2014-12-15 03:44:35.845458+00	63		
707	199484	1744	2553	0	2014-12-15 03:44:35.845458+00	64		
708	199484	1745	2553	0	2014-12-15 03:44:35.845458+00	65		
1155	199484	2341	2846	0	2015-01-28 23:19:15.900739+00	6		
1156	199484	2342	2846	0	2015-01-28 23:19:15.900739+00	7		
2491	199484	5975	3587	0	2015-09-04 06:10:04.598907+00	19		
2450	199484	5904	3587	0	2015-09-01 20:33:31.304019+00	36		
2490	199484	5974	3587	0	2015-09-04 06:10:04.598907+00	31		
3009	199484	6811	3663	0	2015-09-22 06:08:48.540524+00	59		
1157	199484	2343	2846	0	2015-01-28 23:19:15.900739+00	8		
1158	199484	2344	2846	0	2015-01-28 23:19:15.900739+00	9		
1159	199484	2345	2846	0	2015-01-28 23:19:15.900739+00	10		
1160	199484	2346	2846	0	2015-01-28 23:19:15.900739+00	11		
766	199484	1805	2553	0	2014-12-15 03:44:35.845458+00	123		
837	199484	1911	2577	0	2014-12-17 14:41:57.161132+00	8		
838	199484	1912	2577	0	2014-12-17 14:41:57.161132+00	9		
746	199484	1785	2553	0	2014-12-15 03:44:35.845458+00	103		
747	199484	1786	2553	0	2014-12-15 03:44:35.845458+00	104		
748	199484	1787	2553	0	2014-12-15 03:44:35.845458+00	105		
749	199484	1788	2553	0	2014-12-15 03:44:35.845458+00	106		
750	199484	1789	2553	0	2014-12-15 03:44:35.845458+00	107		
751	199484	1790	2553	0	2014-12-15 03:44:35.845458+00	108		
752	199484	1791	2553	0	2014-12-15 03:44:35.845458+00	109		
753	199484	1792	2553	0	2014-12-15 03:44:35.845458+00	110		
754	199484	1793	2553	0	2014-12-15 03:44:35.845458+00	111		
755	199484	1794	2553	0	2014-12-15 03:44:35.845458+00	112		
756	199484	1795	2553	0	2014-12-15 03:44:35.845458+00	113		
757	199484	1796	2553	0	2014-12-15 03:44:35.845458+00	114		
758	199484	1797	2553	0	2014-12-15 03:44:35.845458+00	115		
759	199484	1798	2553	0	2014-12-15 03:44:35.845458+00	116		
760	199484	1799	2553	0	2014-12-15 03:44:35.845458+00	117		
2417	199693	5811	3579	0	2015-08-30 02:53:32.96607+00	1		
1686	199484	3720	3209	0	2015-05-10 03:34:22.095228+00	16		
2637	199484	6283	3209	0	2015-09-13 13:24:41.326014+00	58		
2658	199484	6304	2753	0	2015-09-13 15:08:03.21928+00	0		
3086	199561	6821	3670	0	2015-09-22 07:42:28.38476+00	7		
30	199556	280	2339	0	2014-11-18 06:52:28.29835+00	1		
12	199558	243	2339	0	2014-11-18 06:25:44.344669+00	2		
2430	199484	5832	3518	0	2015-08-30 23:26:53.015671+00	8		
761	199484	1800	2553	0	2014-12-15 03:44:35.845458+00	118		
762	199484	1801	2553	0	2014-12-15 03:44:35.845458+00	119		
1961	199484	4773	2754	0	2015-06-08 07:59:40.206564+00	0		
763	199484	1802	2553	0	2014-12-15 03:44:35.845458+00	120		
764	199484	1803	2553	0	2014-12-15 03:44:35.845458+00	121		
765	199484	1804	2553	0	2014-12-15 03:44:35.845458+00	122		
951	199484	2046	2616	0	2014-12-23 20:10:37.654938+00	29		
839	199484	1913	2577	0	2014-12-17 14:41:57.161132+00	10		
2419	199581	5821	3236	0	2015-08-30 14:01:13.492731+00	8		
2418	199484	5819	2759	0	2015-08-30 09:10:06.574515+00	0		
2354	199484	5523	2759	0	2015-08-14 09:24:01.999781+00	0		
1756	199580	4059	3236	0	2015-05-19 04:17:15.046882+00	5		
1755	199561	4058	3236	0	2015-05-19 04:01:58.245155+00	6		
1753	199581	4034	3236	0	2015-05-17 05:44:36.265513+00	7		
827	199484	1901	2574	0	2014-12-17 08:25:17.175929+00	1		
1161	199484	2347	2846	0	2015-01-28 23:19:15.900739+00	12		
828	199484	1902	2574	0	2014-12-17 08:25:17.175929+00	2		
829	199484	1903	2574	0	2014-12-17 08:25:17.175929+00	3		
2394	256216	5700	3554	0	2015-08-23 02:30:17.422203+00	1		
2395	256216	5705	3559	0	2015-08-24 01:59:19.022049+00	1		
2811	199484	6536	3654	0	2015-09-17 14:00:32.206724+00	1		
830	199484	1904	2577	0	2014-12-17 14:41:57.161132+00	1		
2399	199484	5719	2758	0	2015-08-24 20:12:01.454603+00	0		
831	199484	1905	2577	0	2014-12-17 14:41:57.161132+00	2		
832	199484	1906	2577	0	2014-12-17 14:41:57.161132+00	3		
833	199484	1907	2577	0	2014-12-17 14:41:57.161132+00	4		
834	199484	1908	2577	0	2014-12-17 14:41:57.161132+00	5		
835	199484	1909	2577	0	2014-12-17 14:41:57.161132+00	6		
836	199484	1910	2577	0	2014-12-17 14:41:57.161132+00	7		
840	199484	1914	2577	0	2014-12-17 14:41:57.161132+00	11		
841	199484	1915	2577	0	2014-12-17 14:41:57.161132+00	12		
842	199484	1916	2577	0	2014-12-17 14:41:57.161132+00	13		
843	199484	1917	2577	0	2014-12-17 14:41:57.161132+00	14		
844	199484	1918	2577	0	2014-12-17 14:41:57.161132+00	15		
845	199484	1919	2577	0	2014-12-17 14:41:57.161132+00	16		
846	199484	1920	2577	0	2014-12-17 14:41:57.161132+00	17		
847	199484	1921	2577	0	2014-12-17 14:41:57.161132+00	18		
848	199484	1922	2577	0	2014-12-17 14:41:57.161132+00	19		
849	199484	1923	2577	0	2014-12-17 14:41:57.161132+00	20		
850	199484	1924	2577	0	2014-12-17 14:41:57.161132+00	21		
2420	256216	5825	3581	0	2015-08-30 15:53:00.88223+00	1		
851	199484	1925	2577	0	2014-12-17 14:41:57.161132+00	22		
852	199484	1926	2577	0	2014-12-17 14:41:57.161132+00	23		
2438	256216	5882	3583	0	2015-08-31 22:14:20.354062+00	1		
2401	199484	5734	2758	0	2015-08-25 21:48:09.895703+00	0		
1962	199484	4774	2755	0	2015-06-08 11:04:56.174647+00	0		
1162	199484	2348	2846	0	2015-01-28 23:19:15.900739+00	13		
2402	199484	5735	2734	0	2015-08-25 23:07:01.952622+00	0		
1163	199484	2349	2846	0	2015-01-28 23:19:15.900739+00	14		
2396	199484	5714	2762	0	2015-08-24 18:57:39.712248+00	0		
2492	199484	5982	3560	0	2015-09-05 10:47:51.079645+00	1		
1164	199484	2350	2846	0	2015-01-28 23:19:15.900739+00	15		
1165	199484	2351	2846	0	2015-01-28 23:19:15.900739+00	16		
1166	199484	2353	2846	0	2015-01-28 23:19:15.900739+00	17		
715	199484	1752	2553	0	2014-12-15 03:44:35.845458+00	72		
3260	199484	7309	2731	0	2015-10-11 14:55:58.553207+00	0		
716	199484	1753	2553	0	2014-12-15 03:44:35.845458+00	73		
717	199484	1754	2553	0	2014-12-15 03:44:35.845458+00	74		
718	199484	1755	2553	0	2014-12-15 03:44:35.845458+00	75		
719	199484	1756	2553	0	2014-12-15 03:44:35.845458+00	76		
720	199484	1757	2553	0	2014-12-15 03:44:35.845458+00	77		
721	199484	1758	2553	0	2014-12-15 03:44:35.845458+00	78		
722	199484	1759	2553	0	2014-12-15 03:44:35.845458+00	79		
723	199484	1760	2553	0	2014-12-15 03:44:35.845458+00	80		
724	199484	1761	2553	0	2014-12-15 03:44:35.845458+00	81		
725	199484	1762	2553	0	2014-12-15 03:44:35.845458+00	82		
726	199484	1763	2553	0	2014-12-15 03:44:35.845458+00	83		
729	199484	1766	2553	0	2014-12-15 03:44:35.845458+00	86		
730	199484	1767	2553	0	2014-12-15 03:44:35.845458+00	87		
731	199484	1768	2553	0	2014-12-15 03:44:35.845458+00	88		
3261	199564	7324	3756	0	2015-10-11 19:40:30.201743+00	1		
732	199484	1769	2553	0	2014-12-15 03:44:35.845458+00	89		
1171	199484	2366	2846	0	2015-02-01 12:20:33.981251+00	18		
2808	199484	6500	3650	0	2015-09-16 21:12:50.851113+00	1		
2702	199484	6348	3209	0	2015-09-14 04:22:11.126782+00	81		
1091	199484	2220	2739	0	2015-01-13 17:02:21.687876+00	1		
2803	199484	6492	3638	0	2015-09-16 09:09:45.81557+00	5		
1095	199484	2234	2760	0	2015-01-14 11:44:09.527143+00	1		
2385	199484	5652	2746	0	2015-08-20 21:43:22.728557+00	0		
733	199484	1770	2553	0	2014-12-15 03:44:35.845458+00	90		
734	199484	1772	2553	0	2014-12-15 03:44:35.845458+00	91		
735	199484	1773	2553	0	2014-12-15 03:44:35.845458+00	92		
736	199484	1774	2553	0	2014-12-15 03:44:35.845458+00	93		
737	199484	1775	2553	0	2014-12-15 03:44:35.845458+00	94		
738	199484	1776	2553	0	2014-12-15 03:44:35.845458+00	95		
739	199484	1777	2553	0	2014-12-15 03:44:35.845458+00	96		
740	199484	1778	2553	0	2014-12-15 03:44:35.845458+00	97		
741	199484	1779	2553	0	2014-12-15 03:44:35.845458+00	98		
742	199484	1780	2553	0	2014-12-15 03:44:35.845458+00	99		
743	199484	1782	2553	0	2014-12-15 03:44:35.845458+00	100		
744	199484	1783	2553	0	2014-12-15 03:44:35.845458+00	101		
745	199484	1784	2553	0	2014-12-15 03:44:35.845458+00	102		
1889	199484	4676	3282	0	2015-06-05 06:27:32.627081+00	75		
2393	199484	5689	2759	0	2015-08-22 18:25:12.453122+00	0		
2398	199484	5717	3564	0	2015-08-24 19:50:16.642875+00	1		
3087	199484	6823	3684	0	2015-09-22 08:14:14.229457+00	1		
3088	199484	6847	3686	0	2015-09-22 20:12:36.454868+00	1		
2397	199484	5716	3560	0	2015-08-24 19:08:18.2872+00	4		
2812	199484	6538	3655	0	2015-09-17 15:45:46.33049+00	1		
2400	199484	5733	2758	0	2015-08-25 21:21:42.411766+00	0		
2813	199565	6543	2359	0	2015-09-17 16:57:22.747185+00	16		
1965	199484	4779	2734	0	2015-06-09 05:40:17.528471+00	0		
36	199564	164	2344	0	2014-11-18 07:03:35.144131+00	1		
3010	199484	6812	3663	0	2015-09-22 06:12:39.124176+00	60		
3259	199484	7308	2757	0	2015-10-11 12:07:43.182171+00	0		
2700	199484	6344	3209	0	2015-09-14 02:47:19.923071+00	79		
2807	199484	6499	3649	0	2015-09-16 20:34:02.629471+00	1		
2806	199484	6498	3649	0	2015-09-16 20:15:53.696911+00	2		
2810	199484	6529	3653	0	2015-09-17 12:23:12.555183+00	1		
2386	199484	5653	3549	0	2015-08-20 22:12:07.346951+00	1		
2802	199484	6491	3638	0	2015-09-16 08:59:20.108883+00	4		
2804	199484	6493	3638	0	2015-09-16 09:09:45.81557+00	6		
2805	259578	6495	3548	0	2015-09-16 15:30:57.133816+00	14		
1890	199484	4677	3282	0	2015-06-05 06:27:32.627081+00	76		
779	199484	1837	2560	0	2014-12-16 03:29:54.87588+00	1		
780	199484	1838	2560	0	2014-12-16 03:29:54.87588+00	2		
781	199484	1839	2560	0	2014-12-16 03:29:54.87588+00	3		
782	199484	1840	2560	0	2014-12-16 03:29:54.87588+00	4		
783	199484	1841	2560	0	2014-12-16 03:29:54.87588+00	5		
784	199484	1842	2560	0	2014-12-16 03:29:54.87588+00	6		
853	199484	1927	2577	0	2014-12-17 14:41:57.161132+00	24		
854	199484	1928	2577	0	2014-12-17 14:41:57.161132+00	25		
855	199484	1929	2577	0	2014-12-17 14:41:57.161132+00	26		
856	199484	1930	2577	0	2014-12-17 14:41:57.161132+00	27		
2421	256216	5826	3581	0	2015-08-30 15:53:04.730799+00	2		
857	199484	1931	2577	0	2014-12-17 14:41:57.161132+00	28		
2809	199484	6501	3650	0	2015-09-16 21:23:19.857877+00	2		
2814	199484	6550	3656	0	2015-09-17 20:14:05.001329+00	1		
3011	199484	6813	3663	0	2015-09-22 06:17:25.830445+00	61		
3089	199484	6879	3688	0	2015-09-23 11:07:34.355419+00	1		
1180	199484	2376	2861	0	2015-02-02 05:03:19.073024+00	1		
1181	199484	2377	2861	0	2015-02-02 05:03:19.073024+00	2		
1131	199557	2312	2341	0	2015-01-21 14:30:06.568661+00	2		
1182	199484	2378	2861	0	2015-02-02 05:03:19.073024+00	3		
1172	199484	2367	2846	0	2015-02-01 12:20:33.981251+00	19		
1183	199484	2379	2861	0	2015-02-02 05:03:19.073024+00	4		
1184	199484	2380	2861	0	2015-02-02 05:03:19.073024+00	5		
1185	199484	2381	2861	0	2015-02-02 05:03:19.073024+00	6		
1186	199484	2382	2861	0	2015-02-02 05:03:19.073024+00	7		
1187	199484	2383	2861	0	2015-02-02 05:03:19.073024+00	8		
1188	199484	2384	2861	0	2015-02-02 05:03:19.073024+00	9		
1694	199484	3729	3209	0	2015-05-10 03:34:22.095228+00	24		
2635	199484	6281	3209	0	2015-09-13 13:24:41.326014+00	56		
1173	199484	2369	2846	0	2015-02-01 12:20:33.981251+00	20		
1174	199484	2370	2846	0	2015-02-01 12:20:33.981251+00	21		
1175	199484	2371	2846	0	2015-02-01 12:20:33.981251+00	22		
1176	199484	2372	2846	0	2015-02-01 12:20:33.981251+00	23		
1177	199484	2373	2846	0	2015-02-01 12:20:33.981251+00	24		
1178	199484	2374	2846	0	2015-02-01 12:20:33.981251+00	25		
1179	199484	2375	2846	0	2015-02-01 12:20:33.981251+00	26		
822	199484	1895	2573	0	2014-12-17 07:00:48.94201+00	21		
823	199484	1896	2573	0	2014-12-17 07:00:48.94201+00	22		
824	199484	1897	2573	0	2014-12-17 07:00:48.94201+00	23		
928	199484	2023	2616	0	2014-12-23 20:10:37.654938+00	6		
3262	199557	7315	3756	0	2015-10-11 19:40:30.201743+00	2		
3263	199556	7316	3756	0	2015-10-11 19:40:30.201743+00	3		
3264	199555	7317	3756	0	2015-10-11 19:40:30.201743+00	4		
3265	199578	7318	3756	0	2015-10-11 19:40:30.201743+00	5		
3266	199563	7319	3756	0	2015-10-11 19:40:30.201743+00	6		
3267	199558	7320	3756	0	2015-10-11 19:40:30.201743+00	7		
3268	199562	7321	3756	0	2015-10-11 19:40:30.201743+00	8		
3269	199580	7314	3756	0	2015-10-11 19:40:30.201743+00	9		
3270	199561	7310	3756	0	2015-10-11 19:40:30.201743+00	10		
929	199484	2024	2616	0	2014-12-23 20:10:37.654938+00	7		
930	199484	2025	2616	0	2014-12-23 20:10:37.654938+00	8		
3271	199581	7313	3756	0	2015-10-11 19:40:30.201743+00	11		
931	199484	2026	2616	0	2014-12-23 20:10:37.654938+00	9		
932	199484	2027	2616	0	2014-12-23 20:10:37.654938+00	10		
933	199484	2028	2616	0	2014-12-23 20:10:37.654938+00	11		
934	199484	2029	2616	0	2014-12-23 20:10:37.654938+00	12		
935	199484	2030	2616	0	2014-12-23 20:10:37.654938+00	13		
3272	199582	7322	3756	0	2015-10-11 19:40:30.201743+00	12		
626	199484	1657	2529	0	2014-12-12 06:07:20.920786+00	22		
627	199484	1658	2529	0	2014-12-12 06:07:20.920786+00	23		
628	199484	1659	2529	0	2014-12-12 06:07:20.920786+00	24		
629	199484	1660	2529	0	2014-12-12 06:07:20.920786+00	25		
630	199484	1661	2529	0	2014-12-12 06:07:20.920786+00	26		
631	199484	1662	2529	0	2014-12-12 06:07:20.920786+00	26		
632	199484	1663	2529	0	2014-12-12 06:07:20.920786+00	27		
3273	199701	7311	3756	0	2015-10-11 19:40:30.201743+00	13		
3274	199702	7312	3756	0	2015-10-11 19:40:30.201743+00	14		
2387	199484	5654	2746	0	2015-08-20 22:17:26.609919+00	0		
936	199484	2031	2616	0	2014-12-23 20:10:37.654938+00	14		
937	199484	2032	2616	0	2014-12-23 20:10:37.654938+00	15		
938	199484	2033	2616	0	2014-12-23 20:10:37.654938+00	16		
2392	199484	5673	3524	0	2015-08-21 11:00:49.644063+00	2		
923	199484	2017	2616	0	2014-12-23 20:10:37.654938+00	1		
1966	199484	4781	2734	0	2015-06-09 06:58:35.779842+00	0		
1963	199484	4775	2755	0	2015-06-08 11:10:07.548442+00	0		
2388	199484	5655	2746	0	2015-08-20 22:42:12.353668+00	0		
924	199484	2018	2616	0	2014-12-23 20:10:37.654938+00	2		
925	199484	2019	2616	0	2014-12-23 20:10:37.654938+00	3		
926	199484	2021	2616	0	2014-12-23 20:10:37.654938+00	4		
1190	199484	2386	2861	0	2015-02-02 05:03:19.073024+00	11		
2610	199484	6184	3614	0	2015-09-10 23:32:10.41947+00	1		
2626	199484	6233	3209	0	2015-09-12 05:23:01.619082+00	49		
802	199484	1853	2573	0	2014-12-17 07:00:48.94201+00	1		
803	199484	1854	2573	0	2014-12-17 07:00:48.94201+00	2		
804	199484	1855	2573	0	2014-12-17 07:00:48.94201+00	3		
805	199484	1856	2573	0	2014-12-17 07:00:48.94201+00	4		
806	199484	1857	2573	0	2014-12-17 07:00:48.94201+00	5		
807	199484	1858	2573	0	2014-12-17 07:00:48.94201+00	6		
808	199484	1859	2573	0	2014-12-17 07:00:48.94201+00	7		
809	199484	1879	2573	0	2014-12-17 07:00:48.94201+00	8		
810	199484	1882	2573	0	2014-12-17 07:00:48.94201+00	9		
811	199484	1883	2573	0	2014-12-17 07:00:48.94201+00	10		
812	199484	1885	2573	0	2014-12-17 07:00:48.94201+00	11		
813	199484	1886	2573	0	2014-12-17 07:00:48.94201+00	12		
814	199484	1887	2573	0	2014-12-17 07:00:48.94201+00	13		
815	199484	1888	2573	0	2014-12-17 07:00:48.94201+00	14		
816	199484	1889	2573	0	2014-12-17 07:00:48.94201+00	15		
817	199484	1890	2573	0	2014-12-17 07:00:48.94201+00	16		
818	199484	1891	2573	0	2014-12-17 07:00:48.94201+00	17		
819	199484	1892	2573	0	2014-12-17 07:00:48.94201+00	18		
820	199484	1893	2573	0	2014-12-17 07:00:48.94201+00	19		
821	199484	1894	2573	0	2014-12-17 07:00:48.94201+00	20		
825	199484	1898	2573	0	2014-12-17 07:00:48.94201+00	24		
826	199484	1899	2573	0	2014-12-17 07:00:48.94201+00	25		
927	199484	2022	2616	0	2014-12-23 20:10:37.654938+00	5		
939	199484	2034	2616	0	2014-12-23 20:10:37.654938+00	17		
940	199484	2035	2616	0	2014-12-23 20:10:37.654938+00	18		
941	199484	2036	2616	0	2014-12-23 20:10:37.654938+00	19		
942	199484	2037	2616	0	2014-12-23 20:10:37.654938+00	20		
943	199484	2038	2616	0	2014-12-23 20:10:37.654938+00	21		
944	199484	2039	2616	0	2014-12-23 20:10:37.654938+00	22		
945	199484	2040	2616	0	2014-12-23 20:10:37.654938+00	23		
946	199484	2041	2616	0	2014-12-23 20:10:37.654938+00	24		
947	199484	2042	2616	0	2014-12-23 20:10:37.654938+00	25		
948	199484	2043	2616	0	2014-12-23 20:10:37.654938+00	26		
949	199484	2044	2616	0	2014-12-23 20:10:37.654938+00	27		
950	199484	2045	2616	0	2014-12-23 20:10:37.654938+00	28		
2627	199484	6234	3209	0	2015-09-12 05:23:01.619082+00	50		
1748	199484	3740	3209	0	2015-05-16 08:46:36.376828+00	30		
1749	199484	3742	3209	0	2015-05-16 08:46:36.376828+00	31		
1766	199484	4120	3209	0	2015-05-20 21:40:35.273094+00	32		
1191	199484	2387	2861	0	2015-02-02 05:03:19.073024+00	12		
1672	199484	3703	3209	0	2015-05-09 18:27:50.344224+00	1		
3092	199484	6901	3691	0	2015-09-23 20:11:10.698272+00	1		
1691	199484	3726	3209	0	2015-05-10 03:34:22.095228+00	21		
1692	199484	3727	3209	0	2015-05-10 03:34:22.095228+00	22		
1693	199484	3728	3209	0	2015-05-10 03:34:22.095228+00	23		
2701	199484	6347	3209	0	2015-09-14 04:22:11.126782+00	80		
3012	199484	6814	3663	0	2015-09-22 06:20:58.796365+00	62		
2632	199484	6278	3209	0	2015-09-13 13:24:41.326014+00	53		
1097	199484	2235	2761	0	2015-01-14 11:55:42.31858+00	1		
3093	199484	6903	3692	0	2015-09-23 20:57:17.777726+00	1		
2615	199484	6200	3209	0	2015-09-11 03:27:26.766883+00	46		
3095	199484	6906	3693	0	2015-09-23 21:42:09.635183+00	1		
3096	199484	6921	3549	0	2015-09-24 14:09:21.600052+00	2		
2609	199484	6172	3209	0	2015-09-10 10:01:52.070905+00	41		
2611	199484	6196	3209	0	2015-09-11 03:27:26.766883+00	42		
2612	199484	6197	3209	0	2015-09-11 03:27:26.766883+00	43		
878	199484	1932	2587	0	2014-12-19 08:20:57.94884+00	1		
879	199484	1933	2587	0	2014-12-19 08:20:57.94884+00	2		
880	199484	1934	2587	0	2014-12-19 08:20:57.94884+00	3		
881	199484	1938	2587	0	2014-12-19 08:20:57.94884+00	4		
882	199484	1939	2587	0	2014-12-19 08:20:57.94884+00	5		
883	199484	1940	2587	0	2014-12-19 08:20:57.94884+00	6		
884	199484	1941	2587	0	2014-12-19 08:20:57.94884+00	7		
885	199484	1942	2587	0	2014-12-19 08:20:57.94884+00	8		
886	199484	1943	2587	0	2014-12-19 08:20:57.94884+00	9		
887	199484	1944	2587	0	2014-12-19 08:20:57.94884+00	10		
888	199484	1945	2587	0	2014-12-19 08:20:57.94884+00	11		
889	199484	1946	2587	0	2014-12-19 08:20:57.94884+00	12		
890	199484	1947	2587	0	2014-12-19 08:20:57.94884+00	13		
891	199484	1948	2587	0	2014-12-19 08:20:57.94884+00	14		
892	199484	1949	2587	0	2014-12-19 08:20:57.94884+00	15		
893	199484	1950	2587	0	2014-12-19 08:20:57.94884+00	16		
894	199484	1959	2587	0	2014-12-19 08:20:57.94884+00	17		
895	199484	1960	2587	0	2014-12-19 08:20:57.94884+00	18		
896	199484	1961	2587	0	2014-12-19 08:20:57.94884+00	19		
897	199484	1962	2587	0	2014-12-19 08:20:57.94884+00	20		
898	199484	1981	2587	0	2014-12-19 08:20:57.94884+00	21		
899	199484	1982	2587	0	2014-12-19 08:20:57.94884+00	22		
900	199484	1983	2587	0	2014-12-19 08:20:57.94884+00	23		
2885	199484	3738	3662	0	2015-09-18 20:49:14.951754+00	2		
1135	199580	2318	2341	0	2015-01-21 23:28:09.787065+00	9		
2613	199484	6198	3209	0	2015-09-11 03:27:26.766883+00	44		
2628	199484	6242	3209	0	2015-09-12 08:32:04.053789+00	51		
2631	199484	6272	3209	0	2015-09-13 10:54:23.26629+00	52		
2639	199484	6285	3209	0	2015-09-13 13:24:41.326014+00	60		
2640	199484	6286	3209	0	2015-09-13 13:24:41.326014+00	61		
2641	199484	6287	3209	0	2015-09-13 13:24:41.326014+00	62		
2642	199484	6288	3209	0	2015-09-13 13:24:41.326014+00	63		
2643	199484	6289	3209	0	2015-09-13 13:24:41.326014+00	64		
2644	199484	6290	3209	0	2015-09-13 13:24:41.326014+00	65		
2645	199484	6291	3209	0	2015-09-13 13:24:41.326014+00	66		
2646	199484	6292	3209	0	2015-09-13 13:24:41.326014+00	67		
2647	199484	6293	3209	0	2015-09-13 13:24:41.326014+00	68		
2648	199484	6294	3209	0	2015-09-13 13:24:41.326014+00	69		
2649	199484	6295	3209	0	2015-09-13 13:24:41.326014+00	70		
2650	199484	6296	3209	0	2015-09-13 13:24:41.326014+00	71		
2655	199484	6301	3209	0	2015-09-13 13:24:41.326014+00	76		
1964	199484	4776	2755	0	2015-06-08 11:12:02.59507+00	0		
3275	199484	7326	3690	0	2015-10-12 07:33:26.48906+00	65		
3276	199484	7327	3690	0	2015-10-12 07:33:26.48906+00	66		
1891	199484	4678	3282	0	2015-06-05 06:27:32.627081+00	77		
1892	199484	4679	3282	0	2015-06-05 06:27:32.627081+00	78		
1893	199484	4680	3282	0	2015-06-05 06:27:32.627081+00	79		
1923	199484	4725	3282	0	2015-06-06 09:30:50.110923+00	108		
1894	199484	4682	3282	0	2015-06-05 06:27:32.627081+00	80		
1832	199484	4604	3282	0	2015-06-04 10:22:30.44272+00	22		
1833	199484	4605	3282	0	2015-06-04 10:22:30.44272+00	23		
1192	199484	2388	2861	0	2015-02-02 05:03:19.073024+00	13		
1193	199484	2389	2861	0	2015-02-02 05:03:19.073024+00	14		
1194	199484	2390	2861	0	2015-02-02 05:03:19.073024+00	15		
1195	199484	2391	2861	0	2015-02-02 05:03:19.073024+00	16		
1196	199484	2392	2861	0	2015-02-02 05:03:19.073024+00	17		
1197	199484	2393	2861	0	2015-02-02 05:03:19.073024+00	18		
1198	199484	2394	2861	0	2015-02-02 05:03:19.073024+00	19		
1199	199484	2395	2861	0	2015-02-02 05:03:19.073024+00	20		
1200	199484	2396	2861	0	2015-02-02 05:03:19.073024+00	21		
2580	199484	6139	3508	0	2015-09-09 04:48:07.147355+00	5		
1969	199484	4784	2758	0	2015-06-09 07:45:58.060144+00	0		
1916	199484	4718	3282	0	2015-06-06 09:30:50.110923+00	101		
1968	199484	4783	2758	0	2015-06-09 07:24:16.184618+00	0		
1834	199484	4606	3282	0	2015-06-04 10:22:30.44272+00	24		
1696	199484	3975	3209	0	2015-05-10 03:34:22.095228+00	26		
1137	213139	2320	2341	0	2015-01-21 23:38:21.707518+00	13		
2603	199484	6155	3209	0	2015-09-10 07:11:59.562301+00	9		
2614	199484	6199	3209	0	2015-09-11 03:27:26.766883+00	45		
2624	199484	6230	3209	0	2015-09-12 05:14:08.116616+00	48		
2494	199484	5984	3560	0	2015-09-05 11:00:59.858822+00	2		
1220	199484	2436	2334	0	2015-02-06 16:06:18.760151+00	2		
1424	199484	3033	3137	0	2015-02-28 07:26:17.173705+00	44		
1931	199484	4733	3282	0	2015-06-06 09:30:50.110923+00	116		
1225	199484	2415	2875	0	2015-02-08 05:09:30.613246+00	1		
1226	199484	2417	2875	0	2015-02-08 05:09:30.613246+00	2		
1932	199484	4734	3282	0	2015-06-06 09:30:50.110923+00	117		
1933	199484	4735	3282	0	2015-06-06 09:30:50.110923+00	118		
1934	199484	4736	3282	0	2015-06-06 09:30:50.110923+00	119		
1227	199484	2418	2875	0	2015-02-08 05:09:30.613246+00	3		
1935	199484	4737	3282	0	2015-06-06 09:30:50.110923+00	121		
1228	199484	2419	2875	0	2015-02-08 05:09:30.613246+00	4		
1229	199484	2420	2875	0	2015-02-08 05:09:30.613246+00	5		
1230	199484	2423	2875	0	2015-02-08 05:09:30.613246+00	6		
1231	199484	2424	2875	0	2015-02-08 05:09:30.613246+00	7		
1263	199484	2472	2879	0	2015-02-08 22:12:20.355448+00	12		
1232	199484	2425	2875	0	2015-02-08 05:09:30.613246+00	8		
1233	199484	2426	2875	0	2015-02-08 05:09:30.613246+00	9		
1234	199484	2427	2875	0	2015-02-08 05:09:30.613246+00	10		
1936	199484	4738	3282	0	2015-06-06 09:30:50.110923+00	122		
1235	199484	2428	2875	0	2015-02-08 05:09:30.613246+00	11		
1236	199484	2429	2875	0	2015-02-08 05:09:30.613246+00	12		
1237	199484	2430	2875	0	2015-02-08 05:09:30.613246+00	13		
1238	199484	2443	2875	0	2015-02-08 05:09:30.613246+00	14		
1239	199484	2444	2875	0	2015-02-08 05:09:30.613246+00	15		
1240	199484	2445	2875	0	2015-02-08 05:09:30.613246+00	16		
1241	199484	2446	2875	0	2015-02-08 05:09:30.613246+00	17		
1242	199484	2447	2875	0	2015-02-08 05:09:30.613246+00	18		
1264	199484	2473	2879	0	2015-02-08 22:12:20.355448+00	13		
1244	199484	2453	2875	0	2015-02-08 05:09:30.613246+00	20		
1937	199484	4739	3282	0	2015-06-06 09:30:50.110923+00	123		
1245	199484	2454	2875	0	2015-02-08 05:09:30.613246+00	21		
1246	199484	2455	2875	0	2015-02-08 05:09:30.613246+00	22		
1247	199484	2456	2875	0	2015-02-08 05:09:30.613246+00	23		
1248	199484	2457	2875	0	2015-02-08 05:09:30.613246+00	24		
1249	199484	2458	2875	0	2015-02-08 05:09:30.613246+00	25		
1250	199484	2459	2875	0	2015-02-08 05:09:30.613246+00	26		
1251	199484	2460	2875	0	2015-02-08 05:09:30.613246+00	27		
1252	199484	2461	2879	0	2015-02-08 22:12:20.355448+00	1		
1253	199484	2462	2879	0	2015-02-08 22:12:20.355448+00	2		
1254	199484	2463	2879	0	2015-02-08 22:12:20.355448+00	3		
1255	199484	2464	2879	0	2015-02-08 22:12:20.355448+00	4		
1256	199484	2465	2879	0	2015-02-08 22:12:20.355448+00	5		
1257	199484	2466	2879	0	2015-02-08 22:12:20.355448+00	6		
1258	199484	2467	2879	0	2015-02-08 22:12:20.355448+00	7		
1259	199484	2468	2879	0	2015-02-08 22:12:20.355448+00	8		
1260	199484	2469	2879	0	2015-02-08 22:12:20.355448+00	9		
1261	199484	2470	2879	0	2015-02-08 22:12:20.355448+00	10		
1262	199484	2471	2879	0	2015-02-08 22:12:20.355448+00	11		
1265	199484	2474	2879	0	2015-02-08 22:12:20.355448+00	14		
1266	199484	2475	2879	0	2015-02-08 22:12:20.355448+00	15		
1267	199484	2476	2879	0	2015-02-08 22:12:20.355448+00	16		
1268	199484	2477	2879	0	2015-02-08 22:12:20.355448+00	17		
1269	199484	2478	2879	0	2015-02-08 22:12:20.355448+00	18		
1270	199484	2479	2879	0	2015-02-08 22:12:20.355448+00	19		
2389	199484	5656	2746	0	2015-08-20 22:49:01.145404+00	0		
2	199484	79	2335	0	2014-11-17 23:33:22.738457+00	2		
1273	199484	2505	2758	0	2015-02-18 11:12:57.108996+00	1		
2886	199484	6616	3662	0	2015-09-18 20:49:56.372677+00	1		
1189	199484	2385	2861	0	2015-02-02 05:03:19.073024+00	10		
1201	199484	2397	2862	0	2015-02-02 09:14:59.525464+00	1		
1202	199484	2398	2862	0	2015-02-02 09:14:59.525464+00	2		
1203	199484	2399	2862	0	2015-02-02 09:14:59.525464+00	3		
1204	199484	2400	2862	0	2015-02-02 09:14:59.525464+00	4		
1205	199484	2401	2862	0	2015-02-02 09:14:59.525464+00	5		
1206	199484	2402	2862	0	2015-02-02 09:14:59.525464+00	6		
1207	199484	2403	2862	0	2015-02-02 09:14:59.525464+00	7		
1208	199484	2404	2862	0	2015-02-02 09:14:59.525464+00	8		
1209	199484	2405	2862	0	2015-02-02 09:14:59.525464+00	9		
1210	199484	2406	2862	0	2015-02-02 09:14:59.525464+00	10		
1211	199484	2407	2862	0	2015-02-02 09:14:59.525464+00	11		
1212	199484	2408	2862	0	2015-02-02 09:14:59.525464+00	12		
1213	199484	2409	2862	0	2015-02-02 09:14:59.525464+00	13		
1214	199484	2410	2862	0	2015-02-02 09:14:59.525464+00	14		
1215	199484	2411	2862	0	2015-02-02 09:14:59.525464+00	15		
1216	199484	2412	2862	0	2015-02-02 09:14:59.525464+00	16		
1217	199484	2413	2862	0	2015-02-02 09:14:59.525464+00	17		
1218	199484	2414	2862	0	2015-02-02 09:14:59.525464+00	18		
1820	199484	4592	3282	0	2015-06-04 10:22:30.44272+00	10		
1271	199484	2480	2879	0	2015-02-08 22:12:20.355448+00	20		
1821	199484	4593	3282	0	2015-06-04 10:22:30.44272+00	11		
1243	199484	2452	2875	0	2015-02-08 05:09:30.613246+00	19		
3277	199484	7328	3690	0	2015-10-12 07:33:26.48906+00	67		
1098	199484	5714	2762	0	2015-01-14 12:14:03.588304+00	1		
1872	199484	4658	3282	0	2015-06-05 06:27:32.627081+00	58		
1822	199484	4594	3282	0	2015-06-04 10:22:30.44272+00	12		
1907	199484	4709	3282	0	2015-06-06 09:30:50.110923+00	92		
1837	199484	4609	3282	0	2015-06-04 10:22:30.44272+00	27		
3013	199484	6815	3663	0	2015-09-22 06:33:28.14495+00	63		
1983	199484	4810	3282	0	2015-06-10 19:24:16.414565+00	139		
1954	199484	4756	3282	0	2015-06-06 09:30:50.110923+00	155		
2073	199557	4967	3364	0	2015-06-22 15:25:15.536808+00	2		
1412	201056	2984	2342	0	2015-02-23 05:52:04.993163+00	17		
380	199484	1324	2455	0	2014-12-01 18:33:01.287101+00	1		
401	199484	1293	2456	0	2014-12-01 21:09:20.421233+00	1		
403	199484	1341	2457	0	2014-12-01 21:32:59.791792+00	1		
906	199484	1990	2458	0	2014-12-19 21:40:20.909611+00	30		
444	199484	1388	2458	0	2014-12-02 00:06:37.303857+00	1		
2893	199484	6628	3663	0	2015-09-19 07:15:39.834763+00	6		
2337	199484	5499	2768	0	2015-08-10 07:41:11.926575+00	0		
2894	199695	6629	3665	0	2015-09-19 09:52:32.265047+00	8		
3097	199484	6927	3282	0	2015-09-24 14:48:03.198485+00	120		
1431	199561	3078	2985	0	2015-03-10 10:34:43.091279+00	0		
1434	199484	3257	2734	0	2015-03-26 12:02:26.835073+00	1		
1435	199484	3258	2734	0	2015-03-26 12:20:56.742778+00	1		
1437	199484	3260	2734	0	2015-03-26 12:57:58.630187+00	1		
2339	199484	5502	2739	0	2015-08-10 11:01:35.430944+00	0		
1432	199484	3254	2757	0	2015-03-26 07:03:52.122637+00	1		
1441	199484	3273	2747	0	2015-03-27 10:48:05.446431+00	1		
2903	256247	6638	3666	0	2015-09-19 11:01:08.565463+00	12		
2390	199484	5659	2747	0	2015-08-20 23:03:14.28969+00	0		
2404	199484	5758	3573	0	2015-08-27 22:55:43.643073+00	1		
1819	199484	4591	3282	0	2015-06-04 10:22:30.44272+00	9		
1084	199484	2207	2731	0	2015-01-12 14:52:23.045216+00	1		
1099	199484	2237	2734	0	2015-01-14 12:20:38.690147+00	1		
2405	199484	5759	3574	0	2015-08-27 23:04:07.389692+00	1		
1433	199484	3255	2757	0	2015-03-26 07:12:44.959821+00	1		
1436	199484	3259	2734	0	2015-03-26 12:27:33.715229+00	1		
1442	199484	3274	2749	0	2015-03-27 11:41:06.482463+00	1		
2634	199484	6280	3209	0	2015-09-13 13:24:41.326014+00	55		
2619	259235	6217	3617	0	2015-09-11 14:16:52.527873+00	1		
1085	199484	2203	2731	0	2015-01-12 14:59:37.891955+00	1		
3278	199484	7329	3690	0	2015-10-12 07:33:26.48906+00	68		
3279	199484	7330	3690	0	2015-10-12 07:33:26.48906+00	69		
1823	199484	4595	3282	0	2015-06-04 10:22:30.44272+00	13		
1827	199484	4599	3282	0	2015-06-04 10:22:30.44272+00	17		
1873	199484	4659	3282	0	2015-06-05 06:27:32.627081+00	59		
1874	199484	4660	3282	0	2015-06-05 06:27:32.627081+00	60		
2341	199484	5509	3519	0	2015-08-12 11:47:56.478782+00	2		
1875	199484	4661	3282	0	2015-06-05 06:27:32.627081+00	61		
1876	199484	4662	3282	0	2015-06-05 06:27:32.627081+00	62		
1818	199484	4590	3282	0	2015-06-04 10:22:30.44272+00	8		
1815	199484	4587	3282	0	2015-06-04 10:22:30.44272+00	5		
1841	199484	4613	3282	0	2015-06-04 10:22:30.44272+00	31		
2616	199484	4458	3615	0	2015-09-11 03:36:41.779427+00	2		
1100	199484	2238	2758	0	2015-01-14 12:34:36.913034+00	1		
2617	199484	4151	3615	0	2015-09-11 03:36:41.779427+00	3		
2406	256216	5773	3578	0	2015-08-28 18:19:49.228806+00	6		
1842	199484	4614	3282	0	2015-06-04 10:22:30.44272+00	32		
1843	199484	4615	3282	0	2015-06-04 10:22:30.44272+00	33		
1844	199484	4616	3282	0	2015-06-04 10:22:30.44272+00	34		
1845	199484	4617	3282	0	2015-06-04 10:22:30.44272+00	35		
1846	199484	4618	3282	0	2015-06-04 10:22:30.44272+00	36		
1847	199484	4619	3282	0	2015-06-04 10:22:30.44272+00	37		
1848	199484	4620	3282	0	2015-06-04 10:22:30.44272+00	38		
1849	199484	4621	3282	0	2015-06-04 10:22:30.44272+00	39		
2620	199484	6219	3619	0	2015-09-11 23:54:03.872873+00	1		
2621	199484	6220	3619	0	2015-09-12 00:06:20.323318+00	2		
1221	199484	2437	2334	0	2015-02-06 16:09:33.187961+00	3		
1850	199484	4622	3282	0	2015-06-04 10:22:30.44272+00	40		
2604	199484	6158	3209	0	2015-09-10 08:46:04.026562+00	36		
1650	199484	3647	3179	0	2015-05-04 23:27:31.243599+00	2		
2605	199484	6165	3209	0	2015-09-10 09:25:26.17937+00	37		
1687	199484	3721	3209	0	2015-05-10 03:34:22.095228+00	17		
1688	199484	3723	3209	0	2015-05-10 03:34:22.095228+00	18		
1695	199484	3730	3209	0	2015-05-10 03:34:22.095228+00	25		
1698	199484	3736	3209	0	2015-05-10 03:34:22.095228+00	28		
1970	199484	4785	2758	0	2015-06-09 08:07:00.81202+00	0		
1971	199484	4786	2757	0	2015-06-09 08:55:30.873605+00	0		
1699	199484	3737	3209	0	2015-05-10 03:34:22.095228+00	29		
1689	199484	3724	3209	0	2015-05-10 03:34:22.095228+00	19		
1690	199484	3725	3209	0	2015-05-10 03:34:22.095228+00	20		
1855	199484	4641	3282	0	2015-06-05 06:27:32.627081+00	41		
1856	199484	4642	3282	0	2015-06-05 06:27:32.627081+00	42		
1857	199484	4643	3282	0	2015-06-05 06:27:32.627081+00	43		
1858	199484	4644	3282	0	2015-06-05 06:27:32.627081+00	44		
3	199484	187	2335	0	2014-11-17 23:37:37.756514+00	3		
46	199582	220	2344	0	2014-11-18 07:03:35.144131+00	13		
71	199628	651	2349	0	2014-11-18 12:50:13.046119+00	1		
72	199629	652	2349	0	2014-11-18 12:53:31.317401+00	2		
127	199853	739	2349	0	2014-11-19 11:22:55.10997+00	3		
1859	199484	4645	3282	0	2015-06-05 06:27:32.627081+00	45		
1860	199484	4646	3282	0	2015-06-05 06:27:32.627081+00	46		
1861	199484	4647	3282	0	2015-06-05 06:27:32.627081+00	47		
2606	199484	6166	3209	0	2015-09-10 09:25:26.17937+00	38		
2607	199484	6167	3209	0	2015-09-10 09:25:26.17937+00	39		
1913	199484	4715	3282	0	2015-06-06 09:30:50.110923+00	98		
1914	199484	4716	3282	0	2015-06-06 09:30:50.110923+00	99		
2608	199484	6168	3209	0	2015-09-10 09:25:26.17937+00	40		
1972	199484	4788	2757	0	2015-06-09 12:29:41.710161+00	0		
1973	199484	4789	2757	0	2015-06-09 13:47:10.683541+00	0		
1974	199484	4792	2755	0	2015-06-10 05:53:05.43047+00	0		
1975	199484	4793	2731	0	2015-06-10 06:31:11.12785+00	0		
2629	199484	6252	2758	0	2015-09-12 10:44:50.586249+00	0		
1915	199484	4717	3282	0	2015-06-06 09:30:50.110923+00	100		
1917	199484	4719	3282	0	2015-06-06 09:30:50.110923+00	102		
2074	199555	4968	3364	0	2015-06-22 15:43:32.330513+00	4		
3014	199484	6816	3663	0	2015-09-22 06:38:58.841849+00	64		
1426	199484	3035	3137	0	2015-02-28 07:26:17.173705+00	46		
1427	199484	3036	3137	0	2015-02-28 07:26:17.173705+00	47		
1955	199484	4757	3282	0	2015-06-06 09:30:50.110923+00	156		
1956	199484	4758	3282	0	2015-06-06 09:30:50.110923+00	157		
1957	199484	4759	3282	0	2015-06-06 09:30:50.110923+00	158		
2704	199484	6350	3209	0	2015-09-14 04:22:11.126782+00	83		
2236	199484	5080	2748	0	2015-07-03 14:37:26.200035+00	0		
2237	199484	5213	2770	0	2015-07-06 09:24:43.290655+00	0		
2496	199484	5984	3560	0	2015-09-05 11:13:46.291649+00	3		
2630	199484	6256	3509	0	2015-09-12 21:35:25.765758+00	3		
2705	199484	6351	3209	0	2015-09-14 04:22:11.126782+00	84		
2238	199484	5224	2748	0	2015-07-08 13:00:58.495014+00	0		
2234	199484	5206	2768	0	2015-07-03 10:04:44.879594+00	0		
2707	199484	6353	3209	0	2015-09-14 04:22:11.126782+00	86		
2708	199484	6354	3209	0	2015-09-14 04:22:11.126782+00	87		
2663	204843	6310	3585	0	2015-09-13 19:25:28.793997+00	18		
2709	199484	6355	3209	0	2015-09-14 04:22:11.126782+00	88		
2710	199484	6356	3209	0	2015-09-14 04:22:11.126782+00	89		
2711	199484	6357	3209	0	2015-09-14 04:22:11.126782+00	90		
2713	199484	6359	3209	0	2015-09-14 04:22:11.126782+00	92		
2725	199484	6371	3209	0	2015-09-14 04:24:59.337341+00	104		
1651	199484	3648	3179	0	2015-05-04 23:27:31.243599+00	1		
2338	199484	5500	2770	0	2015-08-10 07:55:37.403169+00	0		
1652	199484	3649	3179	0	2015-05-04 23:27:31.243599+00	3		
1653	199484	3650	3179	0	2015-05-04 23:27:31.243599+00	4		
1654	199484	3651	3179	0	2015-05-04 23:27:31.243599+00	5		
1655	199484	3652	3179	0	2015-05-04 23:27:31.243599+00	6		
1656	199484	3653	3179	0	2015-05-04 23:27:31.243599+00	7		
1657	199484	3654	3179	0	2015-05-04 23:27:31.243599+00	8		
1658	199484	3655	3179	0	2015-05-04 23:27:31.243599+00	9		
153	199484	4690	2382	0	2014-11-21 09:23:03.064595+00	2		
3281	199484	7332	3690	0	2015-10-12 07:33:26.48906+00	71		
2440	256216	5915	3585	0	2015-09-01 09:26:03.359155+00	13		
2726	199484	6372	3628	0	2015-09-14 04:49:24.187093+00	1		
3103	199484	6982	3706	0	2015-09-27 07:42:37.545471+00	1		
2733	199484	6386	2758	0	2015-09-14 08:40:26.436864+00	0		
1443	199484	3275	2750	0	2015-03-27 12:23:16.927529+00	1		
1444	199484	3276	2750	0	2015-03-27 13:22:38.116958+00	1		
2431	199484	5834	3518	0	2015-08-31 03:09:23.134731+00	7		
2432	199484	5835	3518	0	2015-08-31 03:09:23.134731+00	6		
2433	199484	5838	3518	0	2015-08-31 03:09:23.134731+00	5		
2434	199484	5839	3518	0	2015-08-31 03:09:23.134731+00	4		
2435	199484	5840	3518	0	2015-08-31 03:09:23.134731+00	3		
2436	199484	5843	3518	0	2015-08-31 03:39:40.791338+00	2		
2437	199484	5846	3518	0	2015-08-31 03:55:10.074822+00	1		
2343	199484	5511	3518	0	2015-08-12 12:41:30.557009+00	35		
2344	199484	5512	3518	0	2015-08-12 12:41:30.557009+00	34		
2345	199484	5513	3518	0	2015-08-12 12:41:30.557009+00	33		
2349	199484	5517	3518	0	2015-08-12 12:41:30.557009+00	29		
2316	199484	5457	3518	0	2015-08-09 09:53:04.264178+00	58		
1632	199484	3434	3178	0	2015-05-04 21:36:40.113203+00	1		
1633	199484	3440	3178	0	2015-05-04 21:36:40.113203+00	2		
1634	199484	3441	3178	0	2015-05-04 21:36:40.113203+00	3		
1635	199484	3442	3178	0	2015-05-04 21:36:40.113203+00	4		
1636	199484	3443	3178	0	2015-05-04 21:36:40.113203+00	5		
1637	199484	3444	3178	0	2015-05-04 21:36:40.113203+00	6		
1638	199484	3618	3178	0	2015-05-04 21:36:40.113203+00	7		
1639	199484	3620	3178	0	2015-05-04 21:36:40.113203+00	8		
575	199484	1602	2521	0	2014-12-10 22:21:00.82478+00	8		
2317	199484	5459	3518	0	2015-08-09 09:53:04.264178+00	57		
2318	199484	5460	3518	0	2015-08-09 09:53:04.264178+00	56		
1101	199484	2239	2757	0	2015-01-14 12:46:12.109956+00	1		
2319	199484	5461	3518	0	2015-08-09 09:53:04.264178+00	55		
2320	199484	5462	3518	0	2015-08-09 09:53:04.264178+00	54		
2321	199484	5463	3518	0	2015-08-09 09:53:04.264178+00	53		
2322	199484	5464	3518	0	2015-08-09 09:53:04.264178+00	52		
2323	199484	5465	3518	0	2015-08-09 09:53:04.264178+00	51		
2324	199484	5466	3518	0	2015-08-09 09:53:04.264178+00	50		
2325	199484	5467	3518	0	2015-08-09 09:53:04.264178+00	49		
1976	199484	4794	2731	0	2015-06-10 06:40:19.286065+00	0		
2239	199484	5225	2748	0	2015-07-08 14:49:40.067043+00	0		
2235	199484	5207	2734	0	2015-07-03 10:14:16.54143+00	0		
2075	199556	4969	3364	0	2015-06-22 15:50:51.867877+00	3		
2326	199484	5468	3518	0	2015-08-09 09:53:04.264178+00	48		
2330	199484	5472	3518	0	2015-08-09 09:53:04.264178+00	44		
2331	199484	5473	3518	0	2015-08-09 09:53:04.264178+00	43		
2333	199484	5475	3518	0	2015-08-09 09:53:04.264178+00	41		
2334	199484	5476	3518	0	2015-08-09 09:53:04.264178+00	40		
2888	199484	6616	3663	0	2015-09-18 20:57:21.044727+00	1		
122	199484	629	2358	0	2014-11-18 22:44:42.978924+00	1		
2889	199484	6618	3663	0	2015-09-18 21:19:48.709992+00	2		
2618	199484	6212	3615	0	2015-09-11 03:43:11.896356+00	1		
2734	199484	6387	2758	0	2015-09-14 09:25:03.842756+00	0		
2659	259562	6305	3585	0	2015-09-13 19:06:33.816927+00	5		
2763	199484	6416	3619	0	2015-09-14 19:26:50.396841+00	5		
2623	199484	6007	3620	0	2015-09-12 05:11:58.785824+00	2		
86	199484	668	2358	0	2014-11-18 14:11:50.247543+00	2		
2735	259567	6388	3626	0	2015-09-14 12:33:47.573496+00	3		
2895	204843	6630	3665	0	2015-09-19 09:53:49.937857+00	7		
2765	199484	6418	3619	0	2015-09-14 21:30:21.934989+00	7		
2660	243252	6306	3585	0	2015-09-13 19:15:01.590023+00	14		
3102	199484	6980	3703	0	2015-09-27 03:18:57.199902+00	1		
1102	199484	2240	2756	0	2015-01-14 12:56:07.189205+00	1		
1700	199484	3743	2752	0	2015-05-10 10:57:46.762887+00	0		
2573	199484	6104	3600	0	2015-09-08 06:36:13.831183+00	1		
2577	199484	6119	2385	0	2015-09-08 07:11:35.975255+00	1		
121	199484	719	2360	0	2014-11-18 21:28:05.416516+00	1		
149	199484	773	2376	0	2014-11-19 18:03:16.213014+00	1		
150	199484	777	2377	0	2014-11-19 23:05:31.688051+00	1		
1	199484	66	2334	0	2014-11-17 22:31:28.012111+00	6		
155	199484	112	2383	0	2014-11-21 09:28:22.739403+00	1		
154	199484	113	2383	0	2014-11-21 09:28:18.540425+00	2		
156	199484	795	2384	0	2014-11-21 09:30:12.019369+00	1		
157	199484	796	2384	0	2014-11-21 09:31:14.152113+00	2		
163	199484	812	2386	0	2014-11-21 13:13:06.820446+00	1		
159	199484	800	2386	0	2014-11-21 10:12:09.331972+00	2		
160	199484	804	2386	0	2014-11-21 10:17:43.846728+00	3		
3015	199484	6817	3663	0	2015-09-22 06:42:00.361267+00	65		
2661	259563	6307	3585	0	2015-09-13 19:19:23.715005+00	15		
3059	199484	6757	3661	0	2015-09-22 06:56:14.110693+00	47		
3060	199484	6758	3661	0	2015-09-22 06:56:14.110693+00	49		
3061	199484	6779	3661	0	2015-09-22 06:56:14.110693+00	50		
3062	199484	6781	3661	0	2015-09-22 06:56:14.110693+00	51		
3063	199484	6782	3661	0	2015-09-22 06:56:14.110693+00	52		
3064	199484	6783	3661	0	2015-09-22 06:56:14.110693+00	53		
3065	199484	6784	3661	0	2015-09-22 06:56:14.110693+00	54		
3066	199484	6785	3661	0	2015-09-22 06:56:14.110693+00	55		
3067	199484	6786	3661	0	2015-09-22 06:56:14.110693+00	56		
2662	259564	6308	3585	0	2015-09-13 19:22:03.576592+00	16		
3068	199484	6787	3661	0	2015-09-22 06:56:14.110693+00	57		
3074	199484	6809	3661	0	2015-09-22 06:56:14.110693+00	63		
3075	199484	6810	3661	0	2015-09-22 06:56:14.110693+00	64		
3076	199484	6811	3661	0	2015-09-22 06:56:14.110693+00	65		
3077	199484	6812	3661	0	2015-09-22 06:56:14.110693+00	66		
3078	199484	6813	3661	0	2015-09-22 06:56:14.110693+00	67		
2664	259565	6309	3585	0	2015-09-13 19:25:49.248007+00	17		
2748	199484	4025	3631	0	2015-09-14 16:08:15.330371+00	1		
2749	259235	6402	3548	0	2015-09-14 16:30:03.860557+00	2		
2753	259563	6407	3548	0	2015-09-14 16:51:44.0843+00	7		
3079	199484	6814	3661	0	2015-09-22 06:56:14.110693+00	68		
2761	199484	6414	3619	0	2015-09-14 18:23:03.329244+00	3		
2762	199484	6415	3619	0	2015-09-14 18:47:41.000929+00	4		
3098	199484	6929	3695	0	2015-09-24 15:11:16.795335+00	2		
3101	199484	6974	2750	0	2015-09-26 10:52:01.605839+00	0		
2379	256247	3877	3548	0	2015-08-19 21:45:46.984757+00	1		
2439	256216	5885	3584	0	2015-08-31 22:43:01.889805+00	1		
2890	199484	6619	3663	0	2015-09-18 21:28:58.758771+00	3		
2896	259565	6631	3665	0	2015-09-19 09:55:29.997467+00	6		
3016	199484	6818	3663	0	2015-09-22 06:47:12.613544+00	66		
3080	199484	6815	3661	0	2015-09-22 06:56:14.110693+00	69		
3081	199484	6816	3661	0	2015-09-22 06:56:14.110693+00	70		
3082	199484	6817	3661	0	2015-09-22 06:56:14.110693+00	71		
3083	199484	6818	3661	0	2015-09-22 06:56:14.110693+00	72		
2764	199484	6417	3619	0	2015-09-14 19:35:22.063323+00	6		
3084	199484	6819	3661	0	2015-09-22 06:56:14.110693+00	73		
3085	199484	6820	3661	0	2015-09-22 06:56:14.110693+00	74		
2411	199484	5800	2382	0	2015-08-30 00:49:13.705451+00	1		
1481	199484	3371	2763	0	2015-04-14 13:23:18.20487+00	1		
1484	199484	3376	2760	0	2015-04-15 10:11:25.171729+00	1		
1485	199484	3377	2760	0	2015-04-15 11:12:19.086802+00	1		
3099	199484	6930	3695	0	2015-09-24 15:12:57.638625+00	1		
1518	199484	3429	3137	0	2015-04-26 10:25:14.532721+00	26		
1640	199484	3621	3178	0	2015-05-04 21:36:40.113203+00	9		
1519	199484	3430	3137	0	2015-04-26 10:25:14.532721+00	27		
1520	199484	3431	3137	0	2015-04-26 10:25:14.532721+00	28		
1521	199484	3432	3137	0	2015-04-26 10:25:14.532721+00	29		
1494	199484	3405	3137	0	2015-04-25 09:57:39.974829+00	2		
1641	199484	3638	3178	0	2015-05-04 21:36:40.113203+00	10		
1522	199484	3433	3137	0	2015-04-26 10:25:14.532721+00	30		
1642	199484	3639	3178	0	2015-05-04 21:36:40.113203+00	11		
1523	199484	3445	3137	0	2015-04-26 10:25:14.532721+00	31		
1643	199484	3640	3178	0	2015-05-04 21:36:40.113203+00	13		
1524	199484	3446	3137	0	2015-04-26 10:25:14.532721+00	32		
1644	199484	3641	3178	0	2015-05-04 21:36:40.113203+00	12		
1525	199484	3447	3137	0	2015-04-26 10:25:14.532721+00	33		
1645	199484	3642	3178	0	2015-05-04 21:36:40.113203+00	14		
1526	199484	3448	3137	0	2015-04-26 10:25:14.532721+00	34		
1646	199484	3643	3178	0	2015-05-04 21:36:40.113203+00	15		
1527	199484	3449	3137	0	2015-04-26 10:25:14.532721+00	35		
1647	199484	3644	3178	0	2015-05-04 21:36:40.113203+00	16		
1528	199484	3450	3137	0	2015-04-26 10:25:14.532721+00	36		
1648	199484	3645	3178	0	2015-05-04 21:36:40.113203+00	17		
1535	199484	3457	3139	0	2015-04-26 13:23:54.503395+00	1		
1649	199484	3646	3178	0	2015-05-04 21:36:40.113203+00	18		
1536	199484	3458	3139	0	2015-04-26 13:23:54.503395+00	2		
1537	199484	3459	3139	0	2015-04-26 13:23:54.503395+00	3		
1538	199484	3460	3139	0	2015-04-26 13:23:54.503395+00	4		
1539	199484	3461	3139	0	2015-04-26 13:23:54.503395+00	5		
1540	199484	3462	3139	0	2015-04-26 13:23:54.503395+00	6		
1541	199484	3463	3139	0	2015-04-26 13:23:54.503395+00	7		
1542	199484	3464	3139	0	2015-04-26 13:23:54.503395+00	8		
1543	199484	3465	3139	0	2015-04-26 13:23:54.503395+00	9		
1544	199484	3466	3139	0	2015-04-26 13:23:54.503395+00	10		
2727	199484	6375	3628	0	2015-09-14 05:01:31.031619+00	2		
1529	199484	3451	3137	0	2015-04-26 10:25:14.532721+00	37		
1530	199484	3452	3137	0	2015-04-26 10:25:14.532721+00	38		
587	199484	1624	2527	0	2014-12-12 00:17:06.270173+00	9		
588	199484	1625	2527	0	2014-12-12 00:17:06.270173+00	10		
589	199484	1626	2527	0	2014-12-12 00:17:06.270173+00	11		
590	199484	1627	2527	0	2014-12-12 00:17:06.270173+00	12		
591	199484	1628	2527	0	2014-12-12 00:17:06.270173+00	13		
592	199484	1629	2527	0	2014-12-12 00:17:06.270173+00	14		
593	199484	1630	2527	0	2014-12-12 00:17:06.270173+00	15		
594	199484	1631	2527	0	2014-12-12 00:17:06.270173+00	16		
595	199484	1632	2527	0	2014-12-12 00:17:06.270173+00	17		
596	199484	1633	2527	0	2014-12-12 00:17:06.270173+00	18		
597	199484	1634	2527	0	2014-12-12 00:17:06.270173+00	19		
598	199484	1635	2527	0	2014-12-12 00:17:06.270173+00	20		
599	199484	1636	2527	0	2014-12-12 00:17:06.270173+00	21		
600	199484	1637	2527	0	2014-12-12 00:17:06.270173+00	22		
1103	199484	2241	2755	0	2015-01-14 13:06:15.329671+00	1		
2240	199484	5226	2748	0	2015-07-09 05:25:20.270396+00	0		
2243	199484	5229	2731	0	2015-07-09 06:51:48.268682+00	0		
2076	199564	4970	3364	0	2015-06-22 15:58:31.460347+00	1		
2244	199484	5230	2739	0	2015-07-09 10:52:38.431585+00	0		
2245	199484	5231	2739	0	2015-07-09 11:47:03.238767+00	0		
2246	199484	5248	2739	0	2015-07-09 13:08:40.660099+00	0		
164	199484	813	2388	0	2014-11-21 13:16:13.622158+00	1		
3282	199484	7333	3690	0	2015-10-12 07:33:26.48906+00	72		
3283	199484	7334	3690	0	2015-10-12 07:33:26.48906+00	73		
2736	259568	6389	3626	0	2015-09-14 12:37:16.513809+00	2		
3284	199484	7335	3690	0	2015-10-12 07:33:26.48906+00	74		
3285	199484	7336	3690	0	2015-10-12 07:33:26.48906+00	75		
2750	259568	6403	3548	0	2015-09-14 16:32:17.565947+00	3		
2754	259564	6408	3548	0	2015-09-14 16:54:59.629744+00	8		
3286	199484	7337	3690	0	2015-10-12 07:33:26.48906+00	76		
3287	199484	7338	3690	0	2015-10-12 07:33:26.48906+00	77		
3288	199484	7339	3690	0	2015-10-12 07:33:26.48906+00	78		
2665	199695	6311	3585	0	2015-09-13 19:28:56.386244+00	19		
3289	199484	7340	3690	0	2015-10-12 07:33:26.48906+00	79		
3290	199484	7341	3690	0	2015-10-12 07:33:26.48906+00	80		
3291	199484	7342	3690	0	2015-10-12 07:33:26.48906+00	81		
3292	199484	7343	3690	0	2015-10-12 07:33:26.48906+00	82		
3293	199484	7344	3690	0	2015-10-12 07:33:26.48906+00	83		
3294	199484	7345	3690	0	2015-10-12 07:33:26.48906+00	84		
3295	199484	7346	3690	0	2015-10-12 07:33:26.48906+00	85		
3296	199484	7347	3690	0	2015-10-12 07:33:26.48906+00	86		
3297	199484	7348	3690	0	2015-10-12 07:33:26.48906+00	87		
3298	199484	7349	3690	0	2015-10-12 07:33:26.48906+00	88		
3299	199484	7350	3690	0	2015-10-12 07:33:26.48906+00	89		
3300	199484	7351	3690	0	2015-10-12 07:33:26.48906+00	90		
2923	199484	6674	3663	0	2015-09-20 00:19:43.103297+00	14		
3304	199484	7355	3723	0	2015-10-12 12:00:30.298825+00	5		
2579	199484	6125	2355	0	2015-09-08 07:31:48.305164+00	3		
3305	199484	7387	3761	0	2015-10-13 05:34:28.149738+00	1		
2625	199484	6232	3620	0	2015-09-12 05:15:08.095104+00	1		
1104	199484	2242	2763	0	2015-01-14 13:14:46.242849+00	1		
2960	199484	6739	3663	0	2015-09-21 02:35:09.972589+00	24		
2962	199484	6741	3663	0	2015-09-21 04:10:13.229629+00	26		
3017	199484	6819	3663	0	2015-09-22 06:51:59.942166+00	67		
3306	199484	7356	3690	0	2015-10-13 08:12:18.030269+00	91		
3307	199484	7357	3690	0	2015-10-13 08:12:18.030269+00	92		
2891	199484	6620	3663	0	2015-09-18 21:33:40.892806+00	4		
2897	259564	6633	3665	0	2015-09-19 09:56:41.198903+00	5		
2904	259569	6639	3666	0	2015-09-19 11:17:22.722826+00	11		
2905	211953	6640	3666	0	2015-09-19 11:17:22.722826+00	10		
2906	259571	6641	3666	0	2015-09-19 11:17:22.722826+00	9		
2931	199484	6710	3671	0	2015-09-20 11:03:41.814772+00	1		
2907	259562	6642	3666	0	2015-09-19 11:17:22.722826+00	8		
2908	259572	6643	3666	0	2015-09-19 11:17:22.722826+00	7		
2909	259573	6644	3666	0	2015-09-19 11:17:22.722826+00	6		
2932	199484	6711	2747	0	2015-09-20 18:52:18.416574+00	0		
2910	259235	6645	3666	0	2015-09-19 11:17:22.722826+00	13		
2911	211954	6646	3666	0	2015-09-19 11:37:54.911926+00	5		
2912	259576	6647	3666	0	2015-09-19 11:37:54.911926+00	4		
1489	199484	3399	2358	0	2015-04-21 10:40:23.372724+00	3		
2247	199484	5253	2739	0	2015-07-09 14:26:20.966977+00	0		
2913	260959	6648	3666	0	2015-09-19 11:37:54.911926+00	3		
2935	199484	6712	3663	0	2015-09-20 19:31:08.81063+00	15		
2241	199484	5227	2748	0	2015-07-09 05:33:26.341253+00	0		
2914	260960	6649	3666	0	2015-09-19 11:37:54.911926+00	2		
2915	260960	6650	3666	0	2015-09-19 11:37:54.911926+00	1		
2916	199484	6654	3663	0	2015-09-19 17:00:23.655034+00	7		
2918	199484	6666	3663	0	2015-09-19 23:37:19.882371+00	9		
1569	199484	3524	2374	0	2015-04-30 08:40:52.572356+00	9		
2922	199484	6672	3663	0	2015-09-20 00:09:23.952794+00	13		
2939	199484	6716	3663	0	2015-09-20 20:00:50.527027+00	19		
2942	199484	6720	3672	0	2015-09-20 21:46:47.418704+00	1		
2943	199484	6721	3606	0	2015-09-20 22:07:43.935617+00	1		
1105	199484	2243	2754	0	2015-01-14 13:24:34.261607+00	1		
2949	199484	6727	3606	0	2015-09-20 23:06:21.641711+00	8		
192	199564	283	2395	0	2014-11-22 13:48:44.60302+00	1		
190	199555	247	2395	0	2014-11-22 13:48:44.60302+00	4		
196	199578	276	2395	0	2014-11-22 13:48:44.60302+00	5		
197	199563	310	2395	0	2014-11-22 13:48:44.60302+00	6		
