1335	199471	1594	8689	0	2014-12-10 17:06:03.252513+00	0		
2	199471	3	8164	0	2014-11-17 22:04:26.319871+00	0		
36	199471	38	6602	0	2014-11-17 22:20:46.071654+00	0		
1651	199471	1943	8592	0	2014-12-17 15:39:07.182205+00	0		
4	199471	7	1270	0	2014-11-17 22:11:39.0969+00	0		
1841	199471	2153	829	0	2014-12-31 03:40:36.082269+00	0		
6	199471	8	1323	0	2014-11-17 22:12:01.076522+00	0		
7	199471	10	2057	0	2014-11-17 22:12:18.382741+00	0		
8	199471	11	4231	0	2014-11-17 22:12:35.381887+00	0		
1666	199471	1964	8825	0	2014-12-18 17:23:41.325239+00	0		
9	199471	12	5953	0	2014-11-17 22:12:52.301678+00	0		
1866	199471	2183	9151	0	2015-01-07 18:59:44.849138+00	0		
1414	199471	1688	3365	0	2014-12-12 12:02:37.598259+00	0		
11	199471	14	5969	0	2014-11-17 22:13:29.546684+00	0		
1742	199471	2051	8960	0	2014-12-24 17:15:38.809559+00	0		
12	199471	15	5970	0	2014-11-17 22:13:45.964373+00	0		
2203	199471	2495	1767	0	2015-02-15 18:45:54.59192+00	0		
13	199471	16	5981	0	2014-11-17 22:14:03.20782+00	0		
1863	199471	2180	2601	0	2015-01-07 04:27:47.606743+00	0		
14	199471	17	6014	0	2014-11-17 22:14:20.086027+00	0		
1744	199471	2053	8962	0	2014-12-24 23:18:48.055707+00	0		
15	199471	18	6013	0	2014-11-17 22:14:33.547755+00	0		
16	199471	4	8165	0	2014-11-17 22:14:57.389624+00	0		
17	199471	19	6013	0	2014-11-17 22:14:53.993796+00	0		
18	199471	20	6229	0	2014-11-17 22:15:10.945502+00	0		
19	199471	21	6229	0	2014-11-17 22:15:46.269032+00	0		
195	199471	369	833	0	2014-11-18 09:26:10.975163+00	0		
1688	199471	1993	8611	0	2014-12-19 22:36:23.13981+00	0		
21	199471	23	6307	0	2014-11-17 22:16:28.865689+00	0		
22	199471	24	6331	0	2014-11-17 22:16:49.344642+00	0		
196	199471	370	833	0	2014-11-18 09:26:26.544395+00	0		
23	199471	25	6332	0	2014-11-17 22:17:05.975621+00	0		
24	199471	26	6333	0	2014-11-17 22:17:20.595916+00	0		
1878	199471	2195	9203	0	2015-01-11 21:07:30.316112+00	0		
25	199471	27	6334	0	2014-11-17 22:17:38.61148+00	0		
206	199471	380	1325	0	2014-11-18 09:29:03.689217+00	0		
26	199471	28	6353	0	2014-11-17 22:17:55.059217+00	0		
1690	199471	1995	8611	0	2014-12-20 05:02:28.792737+00	0		
27	199471	29	6424	0	2014-11-17 22:18:13.719508+00	0		
28	199471	30	6424	0	2014-11-17 22:18:27.38102+00	0		
1750	199471	2061	3275	0	2014-12-25 13:37:35.338038+00	0		
29	199471	31	6417	0	2014-11-17 22:18:44.860946+00	0		
30	199471	32	6417	0	2014-11-17 22:19:03.550175+00	0		
1691	199471	1996	8611	0	2014-12-20 16:08:18.752879+00	0		
31	199471	33	6421	0	2014-11-17 22:19:19.849288+00	0		
224	199471	398	2516	0	2014-11-18 09:33:25.944839+00	0		
32	199471	34	6421	0	2014-11-17 22:19:36.563408+00	0		
33	199471	35	6423	0	2014-11-17 22:19:53.091484+00	0		
1492	199471	1772	8817	0	2014-12-15 00:23:40.980688+00	0		
34	199471	36	6469	0	2014-11-17 22:20:09.605334+00	0		
234	199471	408	805	0	2014-11-18 09:35:56.584987+00	0		
35	199471	37	6554	0	2014-11-17 22:20:27.576288+00	0		
37	199471	39	6602	0	2014-11-17 22:21:38.967454+00	0		
38	199471	40	6602	0	2014-11-17 22:22:00.998716+00	0		
235	199471	409	805	0	2014-11-18 09:36:11.952903+00	0		
39	199471	41	6602	0	2014-11-17 22:22:17.511852+00	0		
40	199471	42	6602	0	2014-11-17 22:22:34.059038+00	0		
1694	199471	2001	8926	0	2014-12-22 09:15:22.838282+00	0		
41	199471	43	6603	0	2014-11-17 22:22:47.465996+00	0		
1859	199471	2174	1126	0	2015-01-04 14:23:09.7023+00	0		
1751	199471	2064	2585	0	2014-12-26 07:34:55.590217+00	0		
1611	199471	1904	8705	0	2014-12-17 09:00:49.460949+00	0		
1738	199471	117	8957	0	2014-12-24 11:59:08.941716+00	0		
2204	199471	2496	729	0	2015-02-15 19:19:12.827761+00	0		
2206	199471	2502	729	0	2015-02-16 11:26:49.716678+00	0		
1679	199471	1981	829	0	2014-12-19 08:07:42.498373+00	0		
1682	199471	1984	2601	0	2014-12-19 13:53:02.507764+00	0		
1920	199471	2220	9244	0	2015-01-13 17:46:11.422494+00	0		
1683	199471	1987	1789	0	2014-12-19 18:08:07.967546+00	0		
1684	199471	1988	1506	0	2014-12-19 19:20:18.251811+00	0		
1842	199471	2155	819	0	2014-12-31 12:24:22.061441+00	0		
2207	199471	2504	1767	0	2015-02-17 13:34:59.386868+00	0		
1695	199471	2002	7848	0	2014-12-22 17:07:57.283756+00	0		
1760	199471	2072	8987	0	2014-12-27 14:06:04.233505+00	0		
1858	199471	2173	8622	0	2015-01-03 17:53:46.146705+00	0		
1810	199471	2124	4562	0	2014-12-29 18:55:13.89306+00	0		
1696	199471	2003	3447	0	2014-12-22 17:34:58.239453+00	0		
1703	199471	2013	7122	0	2014-12-22 22:54:02.760885+00	0		
1705	199471	2015	7122	0	2014-12-22 23:13:31.576084+00	0		
1706	199471	2016	829	0	2014-12-23 12:54:16.427272+00	0		
1718	199471	2028	8953	0	2014-12-23 18:57:08.08218+00	0		
1775	199471	2087	7224	0	2014-12-28 05:55:41.534844+00	0		
1861	199471	2178	1579	0	2015-01-05 23:45:15.114461+00	0		
1860	199471	2176	8618	0	2015-01-05 22:01:13.879535+00	0		
1870	199471	2187	7497	0	2015-01-07 22:11:43.339057+00	0		
1813	199471	2126	2601	0	2014-12-30 00:57:53.713355+00	0		
1824	199471	2133	830	0	2014-12-30 05:53:10.098037+00	0		
1809	199471	223	5925	0	2014-12-29 10:01:12.179669+00	0		
1862	199471	641	3275	0	2015-01-06 19:19:53.859252+00	0		
1840	199471	2152	3901	0	2014-12-30 19:46:04.728669+00	0		
1843	199471	2156	2593	0	2015-01-01 03:27:52.722464+00	0		
1844	199471	2157	9078	0	2015-01-01 05:21:52.119825+00	0		
1876	199471	1986	6736	0	2015-01-08 23:42:40.911005+00	0		
1849	199471	2162	9084	0	2015-01-01 19:37:59.20095+00	0		
1877	199471	2194	4976	0	2015-01-09 20:23:04.573534+00	0		
1879	199471	2197	9210	0	2015-01-12 05:29:16.220758+00	0		
1882	199471	2200	9215	0	2015-01-12 12:36:32.852104+00	0		
1960	199471	237	5925	0	2015-01-15 02:59:39.890875+00	0		
1921	199471	2223	9254	0	2015-01-14 08:25:41.44988+00	0		
1864	199471	2181	864	0	2015-01-07 08:26:19.952118+00	0		
1872	199471	2189	729	0	2015-01-08 00:17:34.575347+00	0		
2210	199471	2512	9903	0	2015-02-19 19:09:37.299128+00	0		
2209	199471	2508	2399	0	2015-02-18 20:51:02.586102+00	0		
1857	199471	2172	894	0	2015-01-02 23:53:23.990383+00	0		
2208	199471	2505	8486	0	2015-02-18 11:12:57.108996+00	0		
1874	199471	2192	776	0	2015-01-08 18:13:11.274051+00	0		
1961	199471	235	5925	0	2015-01-15 02:59:39.890875+00	0		
1962	199471	234	5925	0	2015-01-15 02:59:39.890875+00	0		
1963	199471	233	5925	0	2015-01-15 02:59:39.890875+00	0		
1964	199471	232	5925	0	2015-01-15 02:59:39.890875+00	0		
1965	199471	230	5925	0	2015-01-15 02:59:39.890875+00	0		
1966	199471	229	5925	0	2015-01-15 02:59:39.890875+00	0		
1967	199471	228	5925	0	2015-01-15 02:59:39.890875+00	0		
42	199471	44	6603	0	2014-11-17 22:23:03.706706+00	0		
43	199471	45	6603	0	2014-11-17 22:23:21.506656+00	0		
2205	199471	2497	729	0	2015-02-15 19:24:53.304662+00	0		
44	199471	46	6603	0	2014-11-17 22:23:41.171637+00	0		
1344	199471	1610	8701	0	2014-12-11 21:10:31.862503+00	0		
46	199471	48	6603	0	2014-11-17 22:23:59.164919+00	0		
47	199471	49	6604	0	2014-11-17 22:24:24.031835+00	0		
174	199471	348	824	0	2014-11-18 09:20:51.154234+00	0		
48	199471	50	6601	0	2014-11-17 22:24:40.361584+00	0		
1825	199471	2137	2222	0	2014-12-30 06:42:54.386471+00	0		
49	199471	51	6601	0	2014-11-17 22:24:57.476072+00	0		
50	199471	52	6601	0	2014-11-17 22:25:16.027628+00	0		
51	199471	53	6601	0	2014-11-17 22:25:32.078387+00	0		
52	199471	54	6601	0	2014-11-17 22:25:47.790458+00	0		
53	199471	55	7029	0	2014-11-17 22:26:04.851164+00	0		
54	199471	56	7029	0	2014-11-17 22:26:25.830326+00	0		
55	199471	57	7122	0	2014-11-17 22:26:41.662101+00	0		
1570	199471	1860	7820	0	2014-12-16 19:51:39.335786+00	0		
56	199471	58	7122	0	2014-11-17 22:26:58.183909+00	0		
197	199471	371	833	0	2014-11-18 09:26:41.721992+00	0		
57	199471	59	7122	0	2014-11-17 22:27:14.689357+00	0		
58	199471	60	7122	0	2014-11-17 22:27:31.837037+00	0		
70	199471	73	7122	0	2014-11-17 22:31:38.423722+00	0		
200	199471	374	843	0	2014-11-18 09:27:28.103704+00	0		
72	199471	75	7122	0	2014-11-17 22:32:14.316234+00	0		
1653	199471	1945	8561	0	2014-12-17 15:44:07.44102+00	0		
1420	199471	1698	3259	0	2014-12-12 23:53:20.600363+00	0		
1586	199471	1879	8850	0	2014-12-17 03:28:31.193557+00	0		
209	199471	383	845	0	2014-11-18 09:29:46.516753+00	0		
77	199471	81	7384	0	2014-11-17 22:33:57.85498+00	0		
1612	199471	1905	8564	0	2014-12-17 09:11:23.711255+00	0		
78	199471	82	7384	0	2014-11-17 22:34:14.918235+00	0		
80	199471	84	7384	0	2014-11-17 22:34:48.280462+00	0		
1618	199471	1911	8573	0	2014-12-17 09:32:45.100506+00	0		
82	199471	86	7384	0	2014-11-17 22:35:21.785+00	0		
84	199471	88	7384	0	2014-11-17 22:35:54.570364+00	0		
86	199471	91	7384	0	2014-11-17 22:36:28.778042+00	0		
88	199471	93	7384	0	2014-11-17 22:37:06.258952+00	0		
90	199471	95	7650	0	2014-11-17 22:37:44.83978+00	0		
93	199471	98	7695	0	2014-11-17 22:38:36.529156+00	0		
225	199471	399	1328	0	2014-11-18 09:33:40.139676+00	0		
95	199471	100	8029	0	2014-11-17 22:39:13.579088+00	0		
97	199471	102	8029	0	2014-11-17 22:39:46.320715+00	0		
1739	199471	78	8957	0	2014-12-24 11:59:25.78857+00	0		
98	199471	103	8029	0	2014-11-17 22:40:03.039938+00	0		
99	199471	104	8029	0	2014-11-17 22:40:19.23974+00	0		
101	199471	106	8029	0	2014-11-17 22:40:53.344923+00	0		
236	199471	410	817	0	2014-11-18 09:36:27.316437+00	0		
103	199471	108	8029	0	2014-11-17 22:41:30.962057+00	0		
105	199471	110	8124	0	2014-11-17 22:42:06.84854+00	0		
107	199471	112	5566	0	2014-11-17 22:42:33.492359+00	0		
109	199471	114	8124	0	2014-11-17 22:42:52.371491+00	0		
112	199471	119	8167	0	2014-11-17 22:44:01.420291+00	0		
1530	199471	1814	8825	0	2014-12-15 16:21:09.730369+00	0		
249	199471	423	1457	0	2014-11-18 09:39:48.198463+00	0		
1873	199471	2190	9154	0	2015-01-08 01:20:35.93191+00	0		
1553	199471	1843	8825	0	2014-12-16 05:06:45.120035+00	0		
1707	199471	2017	8838	0	2014-12-23 13:18:45.210035+00	0		
1680	199471	1982	829	0	2014-12-19 08:14:27.664172+00	0		
1587	199471	1881	8825	0	2014-12-17 04:45:00.074135+00	0		
1719	199471	2029	8713	0	2014-12-23 18:58:09.938448+00	0		
1336	199471	1595	837	0	2014-12-10 21:49:37.613754+00	0		
1968	199471	227	5925	0	2015-01-15 02:59:39.890875+00	0		
1350	199471	1616	8705	0	2014-12-11 23:20:36.950668+00	0		
1351	199471	1617	8706	0	2014-12-11 23:24:14.463942+00	0		
1375	199471	1641	8715	0	2014-12-12 04:59:00.353123+00	0		
1743	199471	2052	8961	0	2014-12-24 17:21:57.731536+00	0		
1415	199471	1689	8741	0	2014-12-12 12:09:14.879312+00	0		
1745	199471	2054	8963	0	2014-12-24 23:34:25.164807+00	0		
1685	199471	1989	776	0	2014-12-19 20:10:01.194726+00	0		
1689	199471	1994	8897	0	2014-12-20 00:00:37.167392+00	0		
1692	199471	1997	8825	0	2014-12-20 19:28:27.919184+00	0		
1422	199471	1700	831	0	2014-12-14 07:40:12.385473+00	0		
1454	199471	1732	6022	0	2014-12-14 14:55:26.242041+00	0		
1455	199471	1734	8798	0	2014-12-14 21:28:13.617135+00	0		
1493	199471	1773	2416	0	2014-12-15 00:24:34.49207+00	0		
1501	199471	1782	8821	0	2014-12-15 00:40:20.636154+00	0		
1525	199471	1806	829	0	2014-12-15 06:08:35.892741+00	0		
1529	199471	1813	2194	0	2014-12-15 12:53:30.49163+00	0		
1850	199471	2163	1047	0	2015-01-01 20:14:38.274095+00	0		
1546	199471	1836	825	0	2014-12-16 02:54:33.547037+00	0		
1554	199471	1844	830	0	2014-12-16 06:02:35.185321+00	0		
1560	199471	1850	829	0	2014-12-16 09:58:53.779986+00	0		
1561	199471	1851	829	0	2014-12-16 10:12:22.91754+00	0		
1563	199471	1853	8838	0	2014-12-16 11:13:20.677763+00	0		
2248	199471	2552	1767	0	2015-02-20 20:50:39.172678+00	0		
1697	199471	2004	2709	0	2014-12-22 17:39:11.090691+00	0		
2292	199471	2596	729	0	2015-02-20 21:15:51.123861+00	0		
1704	199471	2014	7122	0	2014-12-22 23:00:12.752662+00	0		
1845	199471	2158	7220	0	2015-01-01 05:28:32.864389+00	0		
1865	199471	2182	9147	0	2015-01-07 08:35:17.609444+00	0		
1752	199471	2062	8977	0	2014-12-26 07:59:17.880786+00	0		
1761	199471	2073	8989	0	2014-12-27 14:13:35.511763+00	0		
1776	199471	2088	7224	0	2014-12-28 06:13:13.206273+00	0		
1811	199471	2125	2601	0	2014-12-29 19:16:44.153798+00	0		
1814	199471	2128	2601	0	2014-12-30 01:01:30.383358+00	0		
1880	199471	2198	9209	0	2015-01-12 05:38:15.939455+00	0		
1883	199471	2201	9216	0	2015-01-12 12:52:01.850323+00	0		
1922	199471	2207	9255	0	2015-01-14 08:43:37.032001+00	0		
1741	199471	205	5925	0	2014-12-24 14:51:50.775319+00	0		
1867	199471	2184	9152	0	2015-01-07 19:11:06.60595+00	0		
1871	199471	2188	1552	0	2015-01-07 23:28:24.240256+00	0		
2297	199471	2601	729	0	2015-02-20 21:18:03.115215+00	0		
2342	199471	2644	729	0	2015-02-20 21:35:32.113787+00	0		
2390	199471	2691	1767	0	2015-02-21 12:11:19.041094+00	0		
1875	199471	2193	7552	0	2015-01-08 18:15:25.127809+00	0		
1969	199471	225	5925	0	2015-01-15 02:59:39.890875+00	0		
1970	199471	224	5925	0	2015-01-15 02:59:39.890875+00	0		
1971	199471	217	5925	0	2015-01-15 02:59:39.890875+00	0		
1972	199471	208	5925	0	2015-01-15 02:59:39.890875+00	0		
1973	199471	197	5925	0	2015-01-15 02:59:39.890875+00	0		
1974	199471	176	5925	0	2015-01-15 02:59:39.890875+00	0		
59	199471	61	7122	0	2014-11-17 22:27:56.876657+00	0		
60	199471	62	7122	0	2014-11-17 22:28:28.156727+00	0		
61	199471	63	7122	0	2014-11-17 22:28:44.401113+00	0		
1654	199471	1946	8550	0	2014-12-17 15:49:13.347867+00	0		
62	199471	64	7122	0	2014-11-17 22:29:02.047184+00	0		
63	199471	65	7122	0	2014-11-17 22:29:18.499277+00	0		
64	199471	67	7122	0	2014-11-17 22:29:36.010817+00	0		
65	199471	68	7122	0	2014-11-17 22:29:52.903428+00	0		
1777	199471	2089	7220	0	2014-12-28 06:59:29.583731+00	0		
66	199471	69	7122	0	2014-11-17 22:30:27.174652+00	0		
67	199471	70	7122	0	2014-11-17 22:30:44.022645+00	0		
68	199471	71	7122	0	2014-11-17 22:31:02.091363+00	0		
1668	199471	1967	1165	0	2014-12-18 20:02:10.400107+00	0		
69	199471	72	7122	0	2014-11-17 22:31:20.90752+00	0		
190	199471	364	790	0	2014-11-18 09:24:56.39774+00	0		
71	199471	74	7122	0	2014-11-17 22:31:57.250368+00	0		
73	199471	76	7188	0	2014-11-17 22:32:31.727042+00	0		
76	199471	80	7384	0	2014-11-17 22:33:24.280761+00	0		
198	199471	372	844	0	2014-11-18 09:26:56.93542+00	0		
79	199471	83	7384	0	2014-11-17 22:34:31.451763+00	0		
81	199471	85	7384	0	2014-11-17 22:35:04.666769+00	0		
83	199471	87	7384	0	2014-11-17 22:35:38.009923+00	0		
207	199471	381	997	0	2014-11-18 09:29:16.317716+00	0		
85	199471	90	7384	0	2014-11-17 22:36:12.259635+00	0		
87	199471	92	7384	0	2014-11-17 22:36:46.55088+00	0		
1421	199471	1699	2602	0	2014-12-13 00:15:24.441231+00	0		
89	199471	94	7638	0	2014-11-17 22:37:26.75131+00	0		
210	199471	384	850	0	2014-11-18 09:30:01.938376+00	0		
91	199471	96	7695	0	2014-11-17 22:38:03.077152+00	0		
92	199471	97	7695	0	2014-11-17 22:38:19.414711+00	0		
94	199471	99	7695	0	2014-11-17 22:38:55.734915+00	0		
215	199471	389	860	0	2014-11-18 09:31:12.917398+00	0		
96	199471	101	8029	0	2014-11-17 22:39:29.714461+00	0		
100	199471	105	8029	0	2014-11-17 22:40:35.980069+00	0		
102	199471	107	8029	0	2014-11-17 22:41:15.439609+00	0		
221	199471	395	2197	0	2014-11-18 09:32:42.033395+00	0		
104	199471	109	8029	0	2014-11-17 22:41:50.194392+00	0		
106	199471	111	8124	0	2014-11-17 22:42:23.639746+00	0		
108	199471	113	8041	0	2014-11-17 22:42:35.299252+00	0		
110	199471	115	8124	0	2014-11-17 22:43:08.87116+00	0		
111	199471	116	8124	0	2014-11-17 22:43:37.062943+00	0		
1681	199471	1983	807	0	2014-12-19 08:20:48.477837+00	0		
113	199471	118	8124	0	2014-11-17 22:43:59.981056+00	0		
114	199471	89	8168	0	2014-11-17 22:44:09.494762+00	0		
233	199471	407	2564	0	2014-11-18 09:35:41.240722+00	0		
1686	199471	1990	3462	0	2014-12-19 21:40:20.909611+00	0		
1531	199471	1815	8826	0	2014-12-15 16:38:10.230999+00	0		
117	199471	124	3087	0	2014-11-17 22:48:06.099088+00	0		
238	199471	412	2768	0	2014-11-18 09:36:58.200065+00	0		
1815	199471	2129	2601	0	2014-12-30 01:03:02.758187+00	0		
119	199471	126	6022	0	2014-11-17 22:48:37.915715+00	0		
120	199471	127	6022	0	2014-11-17 22:48:54.507403+00	0		
121	199471	128	6053	0	2014-11-17 22:49:12.054869+00	0		
250	199471	424	1588	0	2014-11-18 09:40:04.617804+00	0		
1698	199471	2008	1051	0	2014-12-22 18:34:17.633128+00	0		
1812	199471	306	2601	0	2014-12-29 19:18:08.835761+00	0		
1337	199471	1596	8692	0	2014-12-10 21:53:49.043147+00	0		
1820	199471	202	2601	0	2014-12-30 01:20:54.935462+00	0		
1345	199471	1611	8702	0	2014-12-11 22:38:41.91447+00	0		
1352	199471	1618	8561	0	2014-12-11 23:25:21.318507+00	0		
1376	199471	1642	8716	0	2014-12-12 05:02:24.42919+00	0		
1826	199471	2138	829	0	2014-12-30 06:55:27.821895+00	0		
1416	199471	1690	8742	0	2014-12-12 12:12:32.540746+00	0		
1693	199471	1998	8825	0	2014-12-20 21:35:55.213037+00	0		
1423	199471	1701	8771	0	2014-12-14 07:43:25.864549+00	0		
1456	199471	1735	1442	0	2014-12-14 21:40:38.757196+00	0		
1494	199471	1774	2416	0	2014-12-15 00:25:05.101469+00	0		
1526	199471	1561	8643	0	2014-12-15 06:43:16.117402+00	0		
2249	199471	2553	1767	0	2015-02-20 20:51:03.838186+00	0		
1547	199471	1837	818	0	2014-12-16 03:11:04.156122+00	0		
1555	199471	1845	830	0	2014-12-16 06:20:31.161821+00	0		
1562	199471	1852	807	0	2014-12-16 10:27:07.8616+00	0		
1564	199471	1854	8564	0	2014-12-16 11:17:42.384358+00	0		
1846	199471	2159	2139	0	2015-01-01 06:58:00.858673+00	0		
1571	199471	1832	7820	0	2014-12-16 19:51:53.213141+00	0		
1588	199471	1880	8851	0	2014-12-17 04:45:29.285053+00	0		
1613	199471	1906	8772	0	2014-12-17 09:17:04.645733+00	0		
2279	199471	2583	729	0	2015-02-20 21:10:40.28324+00	0		
2299	199471	2603	729	0	2015-02-20 21:18:55.199979+00	0		
1708	199471	2018	8943	0	2014-12-23 13:30:46.254044+00	0		
1720	199471	2030	8850	0	2014-12-23 18:59:25.661036+00	0		
1746	199471	2055	8964	0	2014-12-24 23:53:18.796998+00	0		
2343	199471	2645	729	0	2015-02-20 21:35:54.965022+00	0		
1753	199471	2063	1122	0	2014-12-26 08:14:38.161312+00	0		
1762	199471	2074	8990	0	2014-12-27 14:18:39.42656+00	0		
1884	199471	2202	9218	0	2015-01-12 13:02:15.340143+00	0		
1982	199471	262	5925	0	2015-01-15 02:59:39.890875+00	0		
1923	199471	2224	9254	0	2015-01-14 08:45:34.347174+00	0		
1868	199471	2185	2719	0	2015-01-07 19:28:35.914162+00	0		
2391	199471	2692	1767	0	2015-02-21 12:11:40.937863+00	0		
2442	199471	2745	1767	0	2015-02-21 12:47:07.112148+00	0		
2505	199471	2809	1767	0	2015-02-21 13:11:03.256979+00	0		
1881	199471	2199	9210	0	2015-01-12 06:40:12.427869+00	0		
1975	199471	184	5925	0	2015-01-15 02:59:39.890875+00	0		
1976	199471	260	5925	0	2015-01-15 02:59:39.890875+00	0		
1977	199471	239	5925	0	2015-01-15 02:59:39.890875+00	0		
1978	199471	139	5925	0	2015-01-15 02:59:39.890875+00	0		
1979	199471	226	5925	0	2015-01-15 02:59:39.890875+00	0		
1980	199471	238	5925	0	2015-01-15 02:59:39.890875+00	0		
1981	199471	244	5925	0	2015-01-15 02:59:39.890875+00	0		
1983	199471	277	5925	0	2015-01-15 02:59:39.890875+00	0		
2508	199471	2812	1767	0	2015-02-21 13:12:22.773426+00	0		
2555	199471	2860	1767	0	2015-02-21 13:49:47.586555+00	0		
2596	199471	2901	1767	0	2015-02-21 14:05:54.112538+00	0		
2212	199471	2515	9914	0	2015-02-20 15:57:26.195887+00	0		
3351	199471	3947	11296	0	2015-05-15 16:03:22.511189+00	0		
122	199471	129	6252	0	2014-11-17 22:49:27.92757+00	0		
123	199471	130	6328	0	2014-11-17 22:49:44.201481+00	0		
124	199471	131	6758	0	2014-11-17 22:50:00.931297+00	0		
126	199471	133	6874	0	2014-11-17 22:50:37.380487+00	0		
1655	199471	1947	8713	0	2014-12-17 15:53:57.694905+00	0		
1669	199471	1970	3306	0	2014-12-18 21:50:35.268573+00	0		
191	199471	365	2484	0	2014-11-18 09:25:11.835956+00	0		
2155	199471	2442	3008	0	2015-02-07 17:42:40.374797+00	0		
199	199471	373	844	0	2014-11-18 09:27:12.284605+00	0		
211	199471	385	849	0	2014-11-18 09:30:17.15719+00	0		
1687	199471	1991	8896	0	2014-12-19 21:55:30.842384+00	0		
216	199471	390	860	0	2014-11-18 09:31:28.246161+00	0		
222	199471	396	2512	0	2014-11-18 09:32:57.847258+00	0		
1991	199471	2275	862	0	2015-01-16 04:02:46.998644+00	0		
231	199471	405	835	0	2014-11-18 09:35:11.173458+00	0		
2014	199471	2306	9382	0	2015-01-20 18:08:14.941207+00	0		
1532	199471	1816	8825	0	2014-12-15 17:04:04.455847+00	0		
1699	199471	2009	3166	0	2014-12-22 18:54:40.928394+00	0		
1556	199471	1846	8825	0	2014-12-16 06:41:08.995143+00	0		
1996	199471	2291	1508	0	2015-01-16 23:35:44.218152+00	0		
1997	199471	2292	9219	0	2015-01-17 02:32:38.157602+00	0		
1709	199471	2019	8944	0	2014-12-23 13:37:09.60973+00	0		
1338	199471	1597	802	0	2014-12-10 22:08:36.424459+00	0		
1346	199471	1612	8703	0	2014-12-11 22:43:37.238019+00	0		
1353	199471	1619	3365	0	2014-12-11 23:26:34.074278+00	0		
1365	199471	1631	8560	0	2014-12-12 00:02:52.807402+00	0		
1367	199471	1633	8570	0	2014-12-12 00:04:52.356302+00	0		
1851	199471	2164	6757	0	2015-01-01 20:52:08.815512+00	0		
1377	199471	1643	8551	0	2014-12-12 05:03:14.042104+00	0		
1417	199471	1691	8743	0	2014-12-12 12:15:54.243158+00	0		
1424	199471	1702	8772	0	2014-12-14 07:46:36.309745+00	0		
1457	199471	1736	8560	0	2014-12-14 21:41:26.452887+00	0		
1458	199471	1737	8799	0	2014-12-14 21:51:23.697668+00	0		
1495	199471	1775	8566	0	2014-12-15 00:26:43.5918+00	0		
1527	199471	1807	8643	0	2014-12-15 06:56:54.136614+00	0		
1548	199471	1838	8692	0	2014-12-16 03:12:29.515826+00	0		
1565	199471	1855	3365	0	2014-12-16 11:21:02.448679+00	0		
1572	199471	1833	7820	0	2014-12-16 19:52:22.77364+00	0		
1589	199471	1882	8713	0	2014-12-17 04:55:41.019639+00	0		
1614	199471	1907	8798	0	2014-12-17 09:21:54.746672+00	0		
1615	199471	1908	832	0	2014-12-17 09:24:33.63134+00	0		
1721	199471	2031	8579	0	2014-12-23 19:00:20.114131+00	0		
1747	199471	2057	8966	0	2014-12-25 00:05:00.984517+00	0		
2040	199471	2328	9444	0	2015-01-24 06:15:09.219802+00	0		
1852	199471	2166	9086	0	2015-01-01 21:53:18.692141+00	0		
1754	199471	2065	729	0	2014-12-26 08:32:45.452043+00	0		
1763	199471	2075	2988	0	2014-12-27 14:25:42.117745+00	0		
1778	199471	2090	9003	0	2014-12-28 10:24:30.645676+00	0		
1816	199471	2130	2601	0	2014-12-30 01:05:27.207814+00	0		
1827	199471	2139	829	0	2014-12-30 07:10:24.563035+00	0		
2043	199471	2332	3001	0	2015-01-24 22:07:11.56409+00	0		
1847	199471	2160	9080	0	2015-01-01 08:02:09.295348+00	0		
1998	199471	2293	9341	0	2015-01-18 14:45:16.025961+00	0		
1924	199471	2225	9254	0	2015-01-14 08:53:46.729073+00	0		
1869	199471	2186	2688	0	2015-01-07 19:31:09.063833+00	0		
1990	199471	2273	9287	0	2015-01-15 20:15:04.556022+00	0		
1992	199471	2276	8618	0	2015-01-16 10:26:32.110049+00	0		
1993	199471	2288	911	0	2015-01-16 15:40:05.213969+00	0		
2200	199471	2489	9791	0	2015-02-13 17:56:59.407964+00	0		
2081	199471	2362	2601	0	2015-01-29 23:16:21.7741+00	0		
1885	199471	284	9215	0	2015-01-12 13:03:51.423326+00	0		
1886	199471	255	9215	0	2015-01-12 13:03:51.423326+00	0		
1887	199471	265	9215	0	2015-01-12 13:03:51.423326+00	0		
2151	199471	2434	895	0	2015-02-06 07:58:59.445749+00	0		
2035	199471	2322	9422	0	2015-01-22 17:25:12.730788+00	0		
2018	199471	2311	2467	0	2015-01-21 10:34:54.914734+00	0		
2082	199471	2363	5663	0	2015-01-30 13:23:34.096389+00	0		
1984	199471	2265	6302	0	2015-01-15 06:29:56.158602+00	0		
2137	199471	2419	3365	0	2015-02-03 11:05:29.961707+00	0		
2009	199471	2300	5118	0	2015-01-19 10:16:51.292589+00	0		
2013	199471	2304	7550	0	2015-01-20 00:18:13.989513+00	0		
2015	199471	2308	2031	0	2015-01-20 20:39:10.653454+00	0		
2069	199471	2361	5874	0	2015-01-28 09:14:25.403791+00	0		
2068	199471	2360	2399	0	2015-01-28 06:31:15.993517+00	0		
2149	199471	2432	9655	0	2015-02-05 22:14:23.579249+00	0		
2019	199471	1980	8851	0	2015-01-21 14:06:31.801039+00	0		
2020	199471	194	8851	0	2015-01-21 14:06:31.801039+00	0		
2027	199471	2314	9407	0	2015-01-21 20:34:25.602092+00	0		
2084	199471	2366	8566	0	2015-01-30 21:15:07.00141+00	0		
2153	199471	2438	3008	0	2015-02-07 10:57:32.073258+00	0		
2086	199471	2368	9198	0	2015-01-31 14:50:21.637088+00	0		
2202	199471	2493	1767	0	2015-02-15 01:17:03.17795+00	0		
2083	199471	2364	8175	0	2015-01-30 17:11:19.941354+00	0		
2188	199471	2475	836	0	2015-02-08 21:45:24.530972+00	0		
2036	199471	2323	9442	0	2015-01-24 03:52:56.414135+00	0		
2037	199471	2324	9442	0	2015-01-24 03:52:56.414135+00	0		
2038	199471	2325	9442	0	2015-01-24 03:52:56.414135+00	0		
2116	199471	2398	9583	0	2015-02-02 07:37:55.191436+00	0		
2045	199471	2335	8838	0	2015-01-26 06:47:25.02243+00	0		
2194	199471	2482	9726	0	2015-02-09 11:18:01.18069+00	0		
2048	199471	2338	9477	0	2015-01-26 09:25:14.288161+00	0		
2135	199471	2417	8839	0	2015-02-03 04:56:45.942861+00	0		
2136	199471	2418	8839	0	2015-02-03 05:53:36.803956+00	0		
2049	199471	2340	8839	0	2015-01-27 04:58:21.256323+00	0		
2197	199471	2486	1085	0	2015-02-10 22:50:28.887878+00	0		
2067	199471	2359	9499	0	2015-01-28 03:25:18.449275+00	0		
2145	199471	2428	8713	0	2015-02-05 00:36:29.67728+00	0		
2147	199471	2430	8579	0	2015-02-05 07:44:21.010155+00	0		
2070	199471	291	5925	0	2015-01-29 09:11:41.252933+00	0		
2071	199471	252	5925	0	2015-01-29 09:11:41.252933+00	0		
2072	199471	279	5925	0	2015-01-29 09:11:41.252933+00	0		
2073	199471	142	5925	0	2015-01-29 09:11:41.252933+00	0		
2074	199471	196	5925	0	2015-01-29 09:11:41.252933+00	0		
2075	199471	207	5925	0	2015-01-29 09:11:41.252933+00	0		
2076	199471	216	5925	0	2015-01-29 09:11:41.252933+00	0		
2196	199471	2484	9734	0	2015-02-09 20:02:00.442323+00	0		
2087	199471	2369	834	0	2015-02-01 11:42:18.073007+00	0		
2109	199471	2391	8713	0	2015-02-02 03:03:13.352118+00	0		
2201	199471	2490	9799	0	2015-02-14 02:29:34.446899+00	0		
2134	199471	2416	9606	0	2015-02-02 20:34:57.452633+00	0		
2140	199471	2423	8870	0	2015-02-04 09:35:50.723636+00	0		
2142	199471	2425	836	0	2015-02-04 09:43:26.211187+00	0		
2156	199471	2443	8592	0	2015-02-08 00:15:04.462711+00	0		
125	199471	132	6758	0	2014-11-17 22:50:20.082339+00	0		
169	199471	343	796	0	2014-11-18 09:19:35.636144+00	0		
1656	199471	1948	8560	0	2014-12-17 16:02:02.188438+00	0		
2050	199471	2341	8839	0	2015-01-27 05:15:05.545278+00	0		
192	199471	366	828	0	2014-11-18 09:25:24.46468+00	0		
201	199471	375	846	0	2014-11-18 09:27:43.665354+00	0		
1670	199471	1971	3306	0	2014-12-18 21:52:28.882191+00	0		
205	199471	379	883	0	2014-11-18 09:28:46.358783+00	0		
212	199471	386	1253	0	2014-11-18 09:30:33.082428+00	0		
1671	199471	1972	3306	0	2014-12-18 21:53:44.502666+00	0		
214	199471	388	860	0	2014-11-18 09:30:57.436148+00	0		
223	199471	397	2486	0	2014-11-18 09:33:13.700804+00	0		
1755	199471	2066	8978	0	2014-12-26 12:23:13.192425+00	0		
2189	199471	2476	8550	0	2015-02-08 21:49:28.333106+00	0		
243	199471	417	1439	0	2014-11-18 09:38:12.698057+00	0		
244	199471	418	1439	0	2014-11-18 09:38:28.947611+00	0		
1533	199471	1817	8825	0	2014-12-15 17:19:57.144631+00	0		
1700	199471	2010	8936	0	2014-12-22 19:09:31.240525+00	0		
1339	199471	1598	803	0	2014-12-10 22:15:02.87876+00	0		
2250	199471	2554	2306	0	2015-02-20 20:51:28.060559+00	0		
1347	199471	1613	8704	0	2014-12-11 22:47:02.583435+00	0		
1349	199471	1615	828	0	2014-12-11 22:48:51.759149+00	0		
1354	199471	1620	3365	0	2014-12-11 23:27:51.704626+00	0		
1378	199471	1644	8718	0	2014-12-12 05:08:09.372978+00	0		
1383	199471	1649	8724	0	2014-12-12 05:26:22.130171+00	0		
1418	199471	1692	8744	0	2014-12-12 12:17:47.754731+00	0		
1425	199471	1703	8773	0	2014-12-14 07:50:31.627151+00	0		
1459	199471	1738	8800	0	2014-12-14 21:55:22.51864+00	0		
1496	199471	1776	8575	0	2014-12-15 00:28:12.445626+00	0		
1528	199471	1809	4365	0	2014-12-15 08:18:36.53129+00	0		
2300	199471	2604	729	0	2015-02-20 21:19:24.439373+00	0		
1549	199471	1839	3825	0	2014-12-16 03:13:55.703549+00	0		
1557	199471	1847	829	0	2014-12-16 07:09:40.84294+00	0		
1566	199471	1856	3365	0	2014-12-16 11:27:59.253764+00	0		
2078	199471	140	9519	0	2015-01-29 09:21:02.75291+00	0		
2079	199471	303	9519	0	2015-01-29 09:21:02.75291+00	0		
1573	199471	1830	7820	0	2014-12-16 19:53:09.860615+00	0		
1590	199471	1883	832	0	2014-12-17 05:19:59.835421+00	0		
1616	199471	1909	8850	0	2014-12-17 09:27:27.905493+00	0		
1710	199471	2020	824	0	2014-12-23 13:42:59.94868+00	0		
1722	199471	2032	8584	0	2014-12-23 19:01:12.496551+00	0		
1748	199471	2059	8960	0	2014-12-25 00:11:48.766116+00	0		
1848	199471	2161	9007	0	2015-01-01 11:30:06.482597+00	0		
1853	199471	2167	1452	0	2015-01-01 22:01:09.714983+00	0		
1764	199471	2076	782	0	2014-12-27 14:33:14.940035+00	0		
1779	199471	2091	9004	0	2014-12-28 10:32:00.662699+00	0		
1817	199471	2131	2601	0	2014-12-30 01:07:15.107407+00	0		
1828	199471	2140	830	0	2014-12-30 07:23:15.324843+00	0		
2344	199471	2646	729	0	2015-02-20 21:36:19.73763+00	0		
1925	199471	2226	9254	0	2015-01-14 08:55:45.868681+00	0		
2152	199471	2435	9660	0	2015-02-06 09:09:48.307262+00	0		
1994	199471	2289	911	0	2015-01-16 15:49:10.9936+00	0		
2085	199471	2367	8560	0	2015-01-30 21:21:37.074645+00	0		
2010	199471	2301	773	0	2015-01-19 13:14:28.624573+00	0		
1888	199471	143	9216	0	2015-01-12 13:04:40.296593+00	0		
2154	199471	2439	9679	0	2015-02-07 15:07:05.420192+00	0		
2392	199471	2693	1767	0	2015-02-21 12:12:03.872482+00	0		
2444	199471	2747	1767	0	2015-02-21 12:47:48.509657+00	0		
1985	199471	2266	5925	0	2015-01-15 07:21:06.586823+00	0		
2039	199471	2327	9443	0	2015-01-24 05:50:26.407986+00	0		
2041	199471	2330	9444	0	2015-01-24 06:19:41.941092+00	0		
2044	199471	2333	1581	0	2015-01-24 22:35:58.488619+00	0		
1999	199471	2294	9341	0	2015-01-18 14:57:44.562497+00	0		
2088	199471	2370	8863	0	2015-02-01 11:47:11.470549+00	0		
2506	199471	2810	1767	0	2015-02-21 13:11:30.530769+00	0		
2016	199471	2309	3632	0	2015-01-20 21:20:53.591316+00	0		
2021	199471	249	9398	0	2015-01-21 14:13:13.856911+00	0		
2022	199471	281	9398	0	2015-01-21 14:13:13.856911+00	0		
2023	199471	259	9398	0	2015-01-21 14:13:13.856911+00	0		
2028	199471	2315	3462	0	2015-01-21 22:11:00.732901+00	0		
2557	199471	2862	1767	0	2015-02-21 13:50:36.654582+00	0		
2597	199471	2902	1767	0	2015-02-21 14:06:19.153738+00	0		
2213	199471	2516	1767	0	2015-02-20 18:05:03.892375+00	0		
2046	199471	2336	8564	0	2015-01-26 06:52:01.099827+00	0		
3352	199471	3948	8413	0	2015-05-15 16:07:36.874274+00	0		
2110	199471	2392	8710	0	2015-02-02 03:07:05.187268+00	0		
2117	199471	2399	3365	0	2015-02-02 07:41:16.130499+00	0		
2195	199471	2483	8957	0	2015-02-09 11:25:42.625735+00	0		
2138	199471	2420	3365	0	2015-02-03 11:10:38.741332+00	0		
2198	199471	2487	1053	0	2015-02-10 22:53:50.763431+00	0		
2141	199471	2424	2595	0	2015-02-04 09:40:28.392538+00	0		
2146	199471	2429	9644	0	2015-02-05 00:43:24.022856+00	0		
2148	199471	2431	9645	0	2015-02-05 09:02:24.47878+00	0		
2150	199471	2433	5621	0	2015-02-05 22:21:15.665813+00	0		
2157	199471	2444	8592	0	2015-02-08 00:32:32.58863+00	0		
2172	199471	2459	8614	0	2015-02-08 05:03:28.579333+00	0		
2173	199471	2460	8614	0	2015-02-08 05:09:16.554449+00	0		
127	199471	134	6956	0	2014-11-17 22:50:54.845951+00	0		
170	199471	344	796	0	2014-11-18 09:19:50.734093+00	0		
1657	199471	1949	836	0	2014-12-17 16:16:32.038467+00	0		
2190	199471	2477	7834	0	2015-02-08 21:55:46.530605+00	0		
193	199471	367	833	0	2014-11-18 09:25:39.720025+00	0		
202	199471	376	841	0	2014-11-18 09:27:58.991652+00	0		
1672	199471	1973	1471	0	2014-12-18 22:24:51.272946+00	0		
208	199471	382	852	0	2014-11-18 09:29:31.48018+00	0		
213	199471	387	859	0	2014-11-18 09:30:45.105884+00	0		
1756	199471	2067	5802	0	2014-12-26 12:25:17.418832+00	0		
245	199471	419	2488	0	2014-11-18 09:38:45.783763+00	0		
1534	199471	1818	8825	0	2014-12-15 17:36:06.802136+00	0		
246	199471	420	2488	0	2014-11-18 09:39:02.175104+00	0		
2047	199471	2337	832	0	2015-01-26 06:54:16.566653+00	0		
2051	199471	2342	8850	0	2015-01-27 07:30:22.324366+00	0		
1340	199471	1599	838	0	2014-12-10 22:16:49.241337+00	0		
2139	199471	2422	2399	0	2015-02-03 14:11:40.8051+00	0		
1348	199471	1614	828	0	2014-12-11 22:48:01.535012+00	0		
1355	199471	1621	8708	0	2014-12-11 23:33:33.291785+00	0		
1379	199471	1645	8719	0	2014-12-12 05:11:53.409945+00	0		
1419	199471	1693	8745	0	2014-12-12 12:21:21.822847+00	0		
1426	199471	1704	8774	0	2014-12-14 07:54:51.01411+00	0		
1460	199471	1739	8586	0	2014-12-14 21:56:13.352947+00	0		
1497	199471	1777	8818	0	2014-12-15 00:31:58.206883+00	0		
1711	199471	2021	8944	0	2014-12-23 13:48:20.994332+00	0		
1701	199471	2011	2289	0	2014-12-22 20:30:25.391465+00	0		
1550	199471	1840	8833	0	2014-12-16 03:21:23.727963+00	0		
1558	199471	1848	829	0	2014-12-16 07:49:49.722242+00	0		
1567	199471	1857	8560	0	2014-12-16 11:35:06.993224+00	0		
2252	199471	2556	1767	0	2015-02-20 20:52:20.522556+00	0		
2080	199471	308	5925	0	2015-01-29 09:35:31.968511+00	0		
1574	199471	1831	7820	0	2014-12-16 19:53:31.863528+00	0		
1591	199471	1884	8852	0	2014-12-17 05:20:48.888668+00	0		
1593	199471	1886	8579	0	2014-12-17 05:33:08.701434+00	0		
1597	199471	1890	801	0	2014-12-17 05:54:23.58303+00	0		
1617	199471	1910	8573	0	2014-12-17 09:28:39.65061+00	0		
1713	199471	2023	8839	0	2014-12-23 13:50:12.095468+00	0		
1723	199471	2033	8702	0	2014-12-23 19:03:50.445924+00	0		
1749	199471	2060	8967	0	2014-12-25 00:16:01.803961+00	0		
1854	199471	2168	9087	0	2015-01-01 22:22:42.112799+00	0		
1765	199471	2077	8991	0	2014-12-27 14:37:20.243301+00	0		
1780	199471	2092	9005	0	2014-12-28 10:35:53.40044+00	0		
1818	199471	2132	2601	0	2014-12-30 01:09:27.246331+00	0		
1829	199471	2141	830	0	2014-12-30 07:27:14.781637+00	0		
2301	199471	2605	729	0	2015-02-20 21:19:47.271088+00	0		
2089	199471	2371	8863	0	2015-02-01 11:52:51.736453+00	0		
2111	199471	2393	8550	0	2015-02-02 03:11:24.964577+00	0		
1926	199471	2228	4670	0	2015-01-14 09:15:53.146996+00	0		
2118	199471	2400	3365	0	2015-02-02 07:45:51.205144+00	0		
1995	199471	2290	9296	0	2015-01-16 16:08:58.420737+00	0		
2199	199471	2488	1081	0	2015-02-10 22:57:00.82327+00	0		
1889	199471	253	9218	0	2015-01-12 13:06:23.647071+00	0		
1890	199471	282	9218	0	2015-01-12 13:06:23.647071+00	0		
1891	199471	311	9218	0	2015-01-12 13:06:23.647071+00	0		
1892	199471	183	9218	0	2015-01-12 13:06:23.647071+00	0		
1893	199471	144	9218	0	2015-01-12 13:06:23.647071+00	0		
1894	199471	195	9218	0	2015-01-12 13:06:23.647071+00	0		
1895	199471	200	9218	0	2015-01-12 13:06:23.647071+00	0		
1896	199471	206	9218	0	2015-01-12 13:06:23.647071+00	0		
2011	199471	2302	773	0	2015-01-19 14:37:11.322007+00	0		
2143	199471	2426	832	0	2015-02-04 09:46:48.424397+00	0		
2158	199471	2445	9693	0	2015-02-08 00:41:41.258009+00	0		
2174	199471	2461	8708	0	2015-02-08 06:03:13.597675+00	0		
1986	199471	2267	9275	0	2015-01-15 07:41:52.819899+00	0		
2000	199471	2297	9342	0	2015-01-18 16:44:30.047321+00	0		
2017	199471	2310	3001	0	2015-01-20 21:29:31.177169+00	0		
2024	199471	246	9399	0	2015-01-21 14:23:15.407428+00	0		
2029	199471	2316	9410	0	2015-01-21 23:12:35.915173+00	0		
2042	199471	2331	2416	0	2015-01-24 07:04:19.269978+00	0		
2393	199471	2694	1767	0	2015-02-21 12:12:22.9574+00	0		
2446	199471	2749	1767	0	2015-02-21 12:48:32.359449+00	0		
2507	199471	2811	1767	0	2015-02-21 13:11:59.0578+00	0		
2558	199471	2863	1767	0	2015-02-21 13:51:02.022982+00	0		
2598	199471	2903	1767	0	2015-02-21 14:06:42.087541+00	0		
2349	199471	2650	1767	0	2015-02-21 10:59:13.722268+00	0		
3353	199471	3949	8413	0	2015-05-15 16:10:54.97501+00	0		
128	199471	135	7789	0	2014-11-17 22:51:10.755771+00	0		
2191	199471	2478	7834	0	2015-02-08 22:01:25.642964+00	0		
129	199471	136	7907	0	2014-11-17 22:51:26.270588+00	0		
1658	199471	1950	8867	0	2014-12-17 16:25:16.73344+00	0		
131	199471	138	3008	0	2014-11-17 22:53:24.525455+00	0		
132	199471	141	8169	0	2014-11-17 22:58:38.199879+00	0		
173	199471	347	824	0	2014-11-18 09:20:35.863575+00	0		
133	199471	147	2823	0	2014-11-17 23:01:49.349664+00	0		
134	199471	151	8170	0	2014-11-17 23:03:49.652073+00	0		
135	199471	187	2346	0	2014-11-17 23:37:37.756514+00	0		
136	199471	192	8171	0	2014-11-17 23:41:11.363369+00	0		
137	199471	231	1567	0	2014-11-18 00:08:17.756011+00	0		
1757	199471	2068	8979	0	2014-12-26 13:01:03.200063+00	0		
139	199471	296	8172	0	2014-11-18 00:44:03.105421+00	0		
140	199471	313	8165	0	2014-11-18 01:23:18.808842+00	0		
2001	199471	1674	9347	0	2015-01-18 18:04:45.268729+00	0		
141	199471	315	7441	0	2014-11-18 08:54:30.130116+00	0		
142	199471	316	3008	0	2014-11-18 08:59:25.856079+00	0		
143	199471	317	865	0	2014-11-18 09:13:01.44409+00	0		
1897	199471	261	9219	0	2015-01-12 13:11:47.995913+00	0		
1702	199471	979	8937	0	2014-12-22 20:49:42.454855+00	0		
145	199471	319	864	0	2014-11-18 09:13:30.07248+00	0		
146	199471	320	862	0	2014-11-18 09:13:46.670189+00	0		
1898	199471	251	9219	0	2015-01-12 13:11:47.995913+00	0		
147	199471	321	818	0	2014-11-18 09:14:01.816951+00	0		
148	199471	322	814	0	2014-11-18 09:14:17.318611+00	0		
149	199471	323	814	0	2014-11-18 09:14:32.790074+00	0		
1575	199471	1861	2977	0	2014-12-16 19:55:06.127194+00	0		
150	199471	324	870	0	2014-11-18 09:14:48.850944+00	0		
151	199471	325	869	0	2014-11-18 09:15:04.113684+00	0		
1899	199471	178	9219	0	2015-01-12 13:11:47.995913+00	0		
152	199471	326	816	0	2014-11-18 09:15:18.757817+00	0		
153	199471	327	874	0	2014-11-18 09:15:33.873636+00	0		
1900	199471	173	9219	0	2015-01-12 13:11:47.995913+00	0		
154	199471	328	1011	0	2014-11-18 09:15:48.629466+00	0		
1341	199471	1600	818	0	2014-12-10 22:18:24.544551+00	0		
155	199471	329	1011	0	2014-11-18 09:16:04.147917+00	0		
1356	199471	1622	8566	0	2014-12-11 23:36:56.389845+00	0		
156	199471	330	1011	0	2014-11-18 09:16:19.467257+00	0		
1357	199471	1623	8709	0	2014-12-11 23:43:59.911922+00	0		
157	199471	331	829	0	2014-11-18 09:16:34.69876+00	0		
1380	199471	1646	8720	0	2014-12-12 05:14:50.953294+00	0		
158	199471	332	2544	0	2014-11-18 09:16:49.933579+00	0		
1427	199471	1705	8776	0	2014-12-14 07:59:44.829446+00	0		
159	199471	333	876	0	2014-11-18 09:17:05.072405+00	0		
1461	199471	1740	8579	0	2014-12-14 21:57:08.117384+00	0		
1498	199471	1778	8818	0	2014-12-15 00:32:37.538786+00	0		
1535	199471	1820	3603	0	2014-12-15 19:03:48.130964+00	0		
1901	199471	191	9219	0	2015-01-12 13:11:47.995913+00	0		
1551	199471	1841	2595	0	2014-12-16 03:25:14.723346+00	0		
1559	199471	1849	807	0	2014-12-16 08:10:55.190945+00	0		
1568	199471	1858	8839	0	2014-12-16 11:44:49.059443+00	0		
1902	199471	209	9219	0	2015-01-12 13:11:47.995913+00	0		
1903	199471	274	9219	0	2015-01-12 13:11:47.995913+00	0		
1592	199471	1885	8853	0	2014-12-17 05:27:09.052647+00	0		
1619	199471	1912	8713	0	2014-12-17 09:38:24.180493+00	0		
187	199471	361	790	0	2014-11-18 09:24:09.122452+00	0		
1904	199471	257	9219	0	2015-01-12 13:11:47.995913+00	0		
194	199471	368	833	0	2014-11-18 09:25:55.44024+00	0		
1712	199471	2022	8561	0	2014-12-23 13:49:16.210926+00	0		
204	199471	378	883	0	2014-11-18 09:28:29.572058+00	0		
1724	199471	2034	8592	0	2014-12-23 19:05:54.157784+00	0		
217	199471	391	891	0	2014-11-18 09:31:44.22419+00	0		
1855	199471	2169	9086	0	2015-01-01 22:27:49.360141+00	0		
232	199471	406	835	0	2014-11-18 09:35:25.812016+00	0		
1766	199471	2078	8992	0	2014-12-27 14:42:09.032639+00	0		
1781	199471	2093	9008	0	2014-12-28 11:48:19.258935+00	0		
1819	199471	215	2601	0	2014-12-30 01:20:48.403823+00	0		
1830	199471	2142	830	0	2014-12-30 07:29:38.626549+00	0		
1905	199471	258	9219	0	2015-01-12 13:11:47.995913+00	0		
2052	199471	2343	8713	0	2015-01-27 08:10:18.182968+00	0		
2253	199471	2557	1767	0	2015-02-20 20:52:46.331776+00	0		
2281	199471	2585	729	0	2015-02-20 21:11:35.433851+00	0		
2090	199471	2372	8550	0	2015-02-01 11:58:22.818229+00	0		
2112	199471	2394	8702	0	2015-02-02 04:54:04.111866+00	0		
1927	199471	2230	8193	0	2015-01-14 10:11:49.480719+00	0		
1673	199471	1974	9149	0	2014-12-18 23:33:20.995446+00	0		
2119	199471	2401	2592	0	2015-02-02 07:59:22.323206+00	0		
1906	199471	264	9219	0	2015-01-12 13:11:47.995913+00	0		
1907	199471	240	9219	0	2015-01-12 13:11:47.995913+00	0		
1908	199471	256	9219	0	2015-01-12 13:11:47.995913+00	0		
2012	199471	2303	6708	0	2015-01-19 14:38:12.049153+00	0		
2144	199471	2427	8564	0	2015-02-04 09:48:59.064162+00	0		
2159	199471	2446	827	0	2015-02-08 00:45:27.236423+00	0		
1987	199471	2268	9279	0	2015-01-15 09:21:12.258024+00	0		
2302	199471	2606	729	0	2015-02-20 21:20:09.77528+00	0		
2025	199471	2312	9400	0	2015-01-21 14:30:06.568661+00	0		
2030	199471	2317	9411	0	2015-01-21 23:21:48.83231+00	0		
2346	199471	2647	729	0	2015-02-20 21:36:43.350477+00	0		
2350	199471	2651	1767	0	2015-02-21 11:17:47.98602+00	0		
2175	199471	2462	8564	0	2015-02-08 06:10:17.071251+00	0		
2394	199471	2695	1767	0	2015-02-21 12:12:41.555173+00	0		
2440	199471	2743	1767	0	2015-02-21 12:46:22.314981+00	0		
2441	199471	2744	1767	0	2015-02-21 12:46:44.727235+00	0		
2447	199471	2750	1767	0	2015-02-21 12:48:51.226219+00	0		
2509	199471	2813	1767	0	2015-02-21 13:12:46.267556+00	0		
2528	199471	2832	1767	0	2015-02-21 13:38:55.982795+00	0		
2559	199471	2864	1767	0	2015-02-21 13:51:44.248877+00	0		
2599	199471	2904	1767	0	2015-02-21 14:07:10.755469+00	0		
2215	199471	2518	1767	0	2015-02-20 19:19:24.06895+00	0		
2627	199471	2932	1767	0	2015-02-21 14:17:55.366199+00	0		
3354	199471	3950	8413	0	2015-05-15 16:13:26.019652+00	0		
1659	199471	1957	1296	0	2014-12-17 18:40:30.089712+00	0		
1674	199471	1975	729	0	2014-12-18 23:45:32.441638+00	0		
379	199471	553	2571	0	2014-11-18 10:12:55.786932+00	0		
2192	199471	2479	8561	0	2015-02-08 22:04:57.536825+00	0		
1758	199471	2069	8960	0	2014-12-26 13:21:43.899996+00	0		
1536	199471	1821	8825	0	2014-12-15 19:04:29.486493+00	0		
3186	199471	3778	11183	0	2015-05-12 05:39:43.90042+00	0		
2216	199471	2519	1767	0	2015-02-20 19:56:00.539476+00	0		
1576	199471	1863	8825	0	2014-12-16 21:02:43.217217+00	0		
2254	199471	2558	1767	0	2015-02-20 20:53:17.017354+00	0		
2303	199471	2607	729	0	2015-02-20 21:20:30.157163+00	0		
1342	199471	1601	2597	0	2014-12-10 22:20:13.614176+00	0		
2347	199471	2648	729	0	2015-02-20 21:37:10.079552+00	0		
1358	199471	1624	2592	0	2014-12-11 23:44:58.340642+00	0		
1381	199471	1647	8721	0	2014-12-12 05:19:12.41798+00	0		
1428	199471	1706	8571	0	2014-12-14 08:00:50.691263+00	0		
1462	199471	1741	8580	0	2014-12-14 21:57:55.804964+00	0		
1499	199471	1779	8819	0	2014-12-15 00:34:45.094108+00	0		
1552	199471	1842	2595	0	2014-12-16 03:29:29.693806+00	0		
1569	199471	1859	8839	0	2014-12-16 11:49:27.42785+00	0		
2351	199471	2652	1767	0	2015-02-21 11:23:09.900049+00	0		
2352	199471	2653	1767	0	2015-02-21 11:49:55.184454+00	0		
1594	199471	1887	836	0	2014-12-17 05:35:45.103031+00	0		
1620	199471	1913	8710	0	2014-12-17 09:41:36.129082+00	0		
2395	199471	2696	1767	0	2015-02-21 12:13:05.54267+00	0		
2412	199471	2714	1767	0	2015-02-21 12:35:49.123085+00	0		
2450	199471	2753	1767	0	2015-02-21 12:49:55.067549+00	0		
1714	199471	2024	8839	0	2014-12-23 13:51:20.461831+00	0		
1725	199471	2035	8592	0	2014-12-23 19:06:46.91325+00	0		
1856	199471	2170	9089	0	2015-01-01 22:44:58.183345+00	0		
1767	199471	2079	8993	0	2014-12-27 14:46:42.26973+00	0		
1782	199471	2094	9009	0	2014-12-28 11:52:03.996686+00	0		
1783	199471	2095	9009	0	2014-12-28 11:54:07.68317+00	0		
1821	199471	309	2601	0	2014-12-30 01:20:59.892853+00	0		
1822	199471	273	2601	0	2014-12-30 01:21:06.854581+00	0		
1831	199471	2143	837	0	2014-12-30 07:34:56.969605+00	0		
2510	199471	2814	1767	0	2015-02-21 13:13:06.267564+00	0		
1928	199471	2229	8193	0	2015-01-14 10:11:51.880662+00	0		
2560	199471	2865	1767	0	2015-02-21 13:52:08.29721+00	0		
2600	199471	2905	1767	0	2015-02-21 14:07:33.392991+00	0		
2002	199471	1670	9348	0	2015-01-18 18:15:39.284061+00	0		
1909	199471	263	9220	0	2015-01-12 13:18:27.844768+00	0		
2625	199471	2930	1767	0	2015-02-21 14:17:04.460853+00	0		
432	199471	606	857	0	2014-11-18 10:26:43.54398+00	0		
2460	199471	2764	1767	0	2015-02-21 12:53:42.908178+00	0		
1988	199471	2269	9280	0	2015-01-15 09:39:51.310758+00	0		
2026	199471	2313	9400	0	2015-01-21 14:35:57.249514+00	0		
2031	199471	2318	9398	0	2015-01-21 23:27:54.616185+00	0		
444	199471	618	5421	0	2014-11-18 10:29:42.775402+00	0		
448	199471	622	5902	0	2014-11-18 10:30:45.15617+00	0		
454	199471	628	5911	0	2014-11-18 10:32:19.19032+00	0		
457	199471	631	2744	0	2014-11-18 10:33:01.886564+00	0		
2053	199471	2344	8574	0	2015-01-27 08:15:11.065993+00	0		
461	199471	635	5641	0	2014-11-18 10:34:03.549509+00	0		
462	199471	636	3933	0	2014-11-18 10:34:18.759942+00	0		
463	199471	637	8174	0	2014-11-18 10:55:17.158127+00	0		
466	199471	640	3363	0	2014-11-18 11:39:48.354793+00	0		
469	199471	644	8176	0	2014-11-18 11:56:27.975561+00	0		
472	199471	647	8175	0	2014-11-18 12:40:35.878919+00	0		
476	199471	652	8175	0	2014-11-18 12:52:55.974541+00	0		
2091	199471	2373	8561	0	2015-02-01 12:04:24.401732+00	0		
482	199471	658	8180	0	2014-11-18 13:04:44.926673+00	0		
2113	199471	2395	836	0	2015-02-02 04:59:28.174389+00	0		
2120	199471	2402	8561	0	2015-02-02 08:03:59.237846+00	0		
2160	199471	2447	827	0	2015-02-08 00:53:30.90783+00	0		
2176	199471	2463	3363	0	2015-02-08 06:16:32.453044+00	0		
2184	199471	2471	8560	0	2015-02-08 06:49:37.270999+00	0		
1660	199471	1958	922	0	2014-12-17 19:02:10.18623+00	0		
1675	199471	1976	729	0	2014-12-18 23:46:13.362235+00	0		
2193	199471	2480	8870	0	2015-02-08 22:09:06.477487+00	0		
380	199471	554	2602	0	2014-11-18 10:13:11.480592+00	0		
1759	199471	2070	8960	0	2014-12-26 13:34:00.695558+00	0		
1537	199471	1822	8825	0	2014-12-15 19:14:23.468271+00	0		
2255	199471	2559	1767	0	2015-02-20 20:53:42.147407+00	0		
2304	199471	2608	729	0	2015-02-20 21:20:57.930702+00	0		
1343	199471	1602	2597	0	2014-12-10 22:20:51.413847+00	0		
2348	199471	2649	729	0	2015-02-20 21:37:31.947231+00	0		
1359	199471	1625	8710	0	2014-12-11 23:51:43.156493+00	0		
1361	199471	1627	8711	0	2014-12-11 23:55:40.321159+00	0		
1362	199471	1628	8713	0	2014-12-12 00:00:01.030147+00	0		
1382	199471	1648	8722	0	2014-12-12 05:22:04.507889+00	0		
1384	199471	1650	8561	0	2014-12-12 05:27:11.733136+00	0		
1429	199471	1707	8777	0	2014-12-14 08:03:19.179957+00	0		
1463	199471	1742	8801	0	2014-12-14 22:09:27.467453+00	0		
1500	199471	1780	8820	0	2014-12-15 00:37:21.186803+00	0		
2353	199471	2654	1767	0	2015-02-21 11:50:15.05749+00	0		
2397	199471	2698	1767	0	2015-02-21 12:13:51.254211+00	0		
2435	199471	2738	1767	0	2015-02-21 12:44:28.95845+00	0		
2453	199471	2757	1767	0	2015-02-21 12:51:06.18694+00	0		
1577	199471	1865	8607	0	2014-12-16 22:16:06.868133+00	0		
1595	199471	1888	827	0	2014-12-17 05:40:07.283291+00	0		
1621	199471	1914	8856	0	2014-12-17 09:47:29.993393+00	0		
2511	199471	2815	1767	0	2015-02-21 13:13:25.093739+00	0		
2561	199471	2866	1767	0	2015-02-21 13:52:31.893227+00	0		
1715	199471	2025	8709	0	2014-12-23 13:52:15.070485+00	0		
1716	199471	2026	832	0	2014-12-23 13:53:32.114571+00	0		
1726	199471	2036	8564	0	2014-12-23 19:07:41.651626+00	0		
1727	199471	2037	827	0	2014-12-23 19:08:51.61855+00	0		
1768	199471	2080	8994	0	2014-12-27 14:49:38.568118+00	0		
1771	199471	2083	8995	0	2014-12-27 14:55:40.033501+00	0		
1784	199471	2096	9010	0	2014-12-28 11:59:11.041831+00	0		
1823	199471	2127	2601	0	2014-12-30 01:21:11.512602+00	0		
1832	199471	2144	822	0	2014-12-30 07:41:29.600762+00	0		
440	199471	614	3920	0	2014-11-18 10:28:40.717038+00	0		
2601	199471	2906	1767	0	2015-02-21 14:07:55.94215+00	0		
2217	199471	2520	1767	0	2015-02-20 20:20:03.407209+00	0		
445	199471	619	5887	0	2014-11-18 10:29:58.23231+00	0		
446	199471	620	5887	0	2014-11-18 10:30:13.565871+00	0		
2003	199471	1680	9349	0	2015-01-18 18:20:37.044501+00	0		
1910	199471	270	8859	0	2015-01-12 13:24:18.239844+00	0		
1929	199471	2231	1496	0	2015-01-14 10:54:30.365662+00	0		
452	199471	626	3367	0	2014-11-18 10:31:48.715868+00	0		
455	199471	629	5537	0	2014-11-18 10:32:31.580438+00	0		
1989	199471	2270	9281	0	2015-01-15 09:55:58.300412+00	0		
464	199471	638	3008	0	2014-11-18 11:33:00.031853+00	0		
467	199471	642	8175	0	2014-11-18 11:47:21.662495+00	0		
470	199471	645	3008	0	2014-11-18 12:11:42.628768+00	0		
2032	199471	2319	8851	0	2015-01-21 23:33:12.662759+00	0		
473	199471	648	3008	0	2014-11-18 12:41:31.003276+00	0		
474	199471	649	3008	0	2014-11-18 12:43:52.097659+00	0		
477	199471	654	7444	0	2014-11-18 12:58:53.329323+00	0		
480	199471	656	8169	0	2014-11-18 13:01:57.08563+00	0		
483	199471	659	8181	0	2014-11-18 13:10:29.902662+00	0		
2054	199471	2345	9489	0	2015-01-27 08:23:21.361198+00	0		
2161	199471	2448	1036	0	2015-02-08 01:15:49.409719+00	0		
3188	199471	3780	11185	0	2015-05-12 05:46:14.375045+00	0		
485	199471	661	786	0	2014-11-18 13:30:30.330995+00	0		
486	199471	662	781	0	2014-11-18 13:42:37.400605+00	0		
2092	199471	2374	8614	0	2015-02-01 12:11:06.892195+00	0		
2114	199471	2396	8772	0	2015-02-02 05:02:59.873452+00	0		
2121	199471	2403	8713	0	2015-02-02 08:08:28.567094+00	0		
2177	199471	2464	2592	0	2015-02-08 06:24:21.995356+00	0		
1661	199471	1959	7834	0	2014-12-17 23:04:36.87871+00	0		
1676	199471	1977	729	0	2014-12-18 23:48:47.845785+00	0		
1538	199471	1823	8825	0	2014-12-15 20:16:55.372914+00	0		
2724	199471	3154	840	0	2015-03-17 02:57:43.397347+00	0		
2257	199471	2561	1767	0	2015-02-20 20:54:30.793145+00	0		
2305	199471	2609	729	0	2015-02-20 21:21:24.606136+00	0		
2354	199471	2655	1767	0	2015-02-21 11:50:35.05612+00	0		
1360	199471	1626	875	0	2014-12-11 23:52:43.481593+00	0		
1385	199471	1651	8563	0	2014-12-12 05:28:06.20219+00	0		
1430	199471	1708	8570	0	2014-12-14 08:04:08.954893+00	0		
1464	199471	1743	8802	0	2014-12-14 22:25:10.950599+00	0		
1502	199471	1783	8592	0	2014-12-15 00:41:09.384854+00	0		
2398	199471	2699	1767	0	2015-02-21 12:30:35.798315+00	0		
2454	199471	2758	1767	0	2015-02-21 12:51:28.810025+00	0		
1578	199471	1537	8607	0	2014-12-16 22:24:49.702918+00	0		
1596	199471	1889	827	0	2014-12-17 05:49:03.84325+00	0		
1622	199471	1915	8579	0	2014-12-17 09:50:13.145615+00	0		
1717	199471	2027	8945	0	2014-12-23 13:59:03.586095+00	0		
1728	199471	2038	827	0	2014-12-23 19:09:35.633565+00	0		
1769	199471	2081	791	0	2014-12-27 14:51:28.778191+00	0		
1785	199471	2097	1035	0	2014-12-28 12:00:38.20597+00	0		
1833	199471	2145	830	0	2014-12-30 07:49:06.686018+00	0		
2475	199471	2779	1767	0	2015-02-21 12:59:25.622614+00	0		
1930	199471	2232	8318	0	2015-01-14 11:00:15.249264+00	0		
409	199471	583	3022	0	2014-11-18 10:20:55.97643+00	0		
2513	199471	2817	1767	0	2015-02-21 13:14:12.125905+00	0		
2004	199471	1677	9350	0	2015-01-18 18:35:22.668781+00	0		
1911	199471	210	9222	0	2015-01-12 13:34:59.956235+00	0		
413	199471	587	5802	0	2014-11-18 10:21:57.588461+00	0		
2518	199471	2822	1767	0	2015-02-21 13:16:12.55745+00	0		
2562	199471	2867	1767	0	2015-02-21 13:52:54.201046+00	0		
2033	199471	2320	9398	0	2015-01-21 23:38:08.794004+00	0		
2603	199471	2908	1767	0	2015-02-21 14:08:44.159131+00	0		
2218	199471	2521	1767	0	2015-02-20 20:21:32.261512+00	0		
2055	199471	2346	8579	0	2015-01-27 09:14:16.574177+00	0		
2162	199471	2449	1033	0	2015-02-08 01:17:48.137562+00	0		
2708	199471	3078	10211	0	2015-03-10 10:28:14.989588+00	0		
2093	199471	2375	8614	0	2015-02-01 12:20:21.08108+00	0		
2115	199471	2397	8705	0	2015-02-02 05:58:38.323405+00	0		
2122	199471	2404	875	0	2015-02-02 08:12:57.973926+00	0		
2178	199471	2465	8710	0	2015-02-08 06:29:51.000933+00	0		
2725	199471	3073	9944	0	2015-03-18 12:08:32.109479+00	0		
2711	199471	3107	10236	0	2015-03-12 12:53:05.174236+00	0		
2661	199471	2996	1330	0	2015-02-24 10:21:55.694023+00	0		
2747	199471	3274	4812	0	2015-03-27 11:41:06.482463+00	0		
2727	199471	3199	10342	0	2015-03-22 23:15:47.718202+00	0		
2677	199471	3025	10056	0	2015-02-26 23:44:09.272199+00	0		
2211	199471	2513	9296	0	2015-02-20 15:40:34.341887+00	0		
447	199471	621	5918	0	2014-11-18 10:30:28.942912+00	0		
450	199471	624	854	0	2014-11-18 10:31:17.146987+00	0		
2689	199471	3040	2712	0	2015-02-28 21:16:56.239841+00	0		
2637	199471	2952	9932	0	2015-02-22 07:09:44.042251+00	0		
2656	199471	2981	9968	0	2015-02-23 01:40:40.909101+00	0		
2658	199471	307	9971	0	2015-02-23 06:08:59.786362+00	0		
2660	199471	2987	9979	0	2015-02-23 12:40:46.955368+00	0		
2669	199471	3013	2218	0	2015-02-25 07:02:36.925605+00	0		
458	199471	632	3607	0	2014-11-18 10:33:17.031815+00	0		
2690	199471	3044	2399	0	2015-03-04 18:44:04.82618+00	0		
459	199471	633	3756	0	2014-11-18 10:33:32.150983+00	0		
460	199471	634	4786	0	2014-11-18 10:33:48.057833+00	0		
2672	199471	2441	6661	0	2015-02-26 02:07:54.157506+00	0		
465	199471	639	3008	0	2014-11-18 11:35:13.730391+00	0		
468	199471	643	8175	0	2014-11-18 11:50:29.251964+00	0		
471	199471	646	8178	0	2014-11-18 12:38:58.54008+00	0		
2696	199471	3061	2399	0	2015-03-05 15:00:21.959784+00	0		
475	199471	651	8175	0	2014-11-18 12:50:13.046119+00	0		
478	199471	655	7444	0	2014-11-18 12:59:01.715454+00	0		
2715	199471	3138	829	0	2015-03-16 10:23:37.491862+00	0		
481	199471	657	3008	0	2014-11-18 13:02:42.496439+00	0		
2729	199471	3202	10348	0	2015-03-23 14:12:50.042934+00	0		
2684	199471	3033	2223	0	2015-02-28 07:17:52.893826+00	0		
2705	199471	3072	10163	0	2015-03-07 08:44:08.460186+00	0		
2706	199471	3074	1251	0	2015-03-07 23:14:12.677054+00	0		
2742	199471	3261	9298	0	2015-03-26 14:13:35.829271+00	0		
2691	199471	3045	3221	0	2015-03-04 22:05:56.773448+00	0		
2710	199471	3080	729	0	2015-03-10 19:28:24.50818+00	0		
2692	199471	3054	10089	0	2015-03-05 03:58:47.515785+00	0		
2712	199471	3108	1767	0	2015-03-12 19:52:18.18884+00	0		
2697	199471	3063	10154	0	2015-03-06 03:07:26.278978+00	0		
2714	199471	3112	10250	0	2015-03-13 22:19:21.37869+00	0		
2744	199471	3263	10380	0	2015-03-26 16:26:45.70227+00	0		
2717	199471	3140	932	0	2015-03-16 16:28:19.640332+00	0		
2719	199471	3144	2441	0	2015-03-16 20:09:35.551024+00	0		
2720	199471	3145	2194	0	2015-03-16 20:23:39.141425+00	0		
2721	199471	3146	729	0	2015-03-16 20:37:15.95173+00	0		
2722	199471	3150	840	0	2015-03-16 21:22:23.327133+00	0		
2730	199471	3203	10348	0	2015-03-23 14:33:02.674576+00	0		
2731	199471	3213	10351	0	2015-03-23 19:01:43.635058+00	0		
2733	199471	3215	10348	0	2015-03-23 21:00:44.841808+00	0		
2735	199471	3254	2887	0	2015-03-26 07:03:52.122637+00	0		
2737	199471	3256	10378	0	2015-03-26 09:37:55.409132+00	0		
2738	199471	3257	10050	0	2015-03-26 10:39:17.608715+00	0		
2739	199471	3258	10050	0	2015-03-26 12:20:56.742778+00	0		
2741	199471	3260	8519	0	2015-03-26 12:57:58.630187+00	0		
2746	199471	3273	10384	0	2015-03-27 10:48:05.446431+00	0		
2745	199471	3268	1568	0	2015-03-26 17:41:39.861851+00	0		
2726	199471	3171	10309	0	2015-03-19 22:02:13.674909+00	0		
2748	199471	3275	3770	0	2015-03-27 12:23:16.927529+00	0		
2749	199471	3276	10388	0	2015-03-27 13:22:38.116958+00	0		
2752	199471	3288	2408	0	2015-03-29 10:49:18.160368+00	0		
2750	199471	3278	10389	0	2015-03-27 14:20:18.260266+00	0		
2756	199471	3295	10451	0	2015-03-30 16:05:58.881385+00	0		
2728	199471	3200	10325	0	2015-03-23 00:09:16.085913+00	0		
2757	199471	3296	1313	0	2015-03-30 16:18:24.663148+00	0		
2759	199471	3298	10453	0	2015-03-30 16:43:39.41545+00	0		
2760	199471	3299	986	0	2015-03-30 16:58:41.958534+00	0		
2761	199471	3300	8317	0	2015-03-30 17:11:56.972509+00	0		
2763	199471	3305	10455	0	2015-03-30 17:37:58.826563+00	0		
2765	199471	3307	10456	0	2015-03-30 18:05:19.620624+00	0		
2766	199471	3308	10402	0	2015-03-30 18:11:22.988296+00	0		
2767	199471	3309	7746	0	2015-03-30 18:25:08.499038+00	0		
2771	199471	3313	882	0	2015-03-30 18:55:00.354675+00	0		
2772	199471	3314	10457	0	2015-03-30 19:11:04.74727+00	0		
2734	199471	3216	894	0	2015-03-24 17:23:03.990513+00	0		
487	199471	663	8182	0	2014-11-18 13:53:44.521477+00	0		
1662	199471	1960	7834	0	2014-12-17 23:07:44.314587+00	0		
1677	199471	1978	5271	0	2014-12-19 00:28:59.830892+00	0		
2219	199471	2522	1767	0	2015-02-20 20:23:57.177971+00	0		
492	199471	669	800	0	2014-11-18 14:13:03.550409+00	0		
2258	199471	2562	1767	0	2015-02-20 20:54:54.023769+00	0		
493	199471	670	3008	0	2014-11-18 14:13:06.273033+00	0		
495	199471	672	7441	0	2014-11-18 14:14:24.545529+00	0		
2268	199471	2572	729	0	2015-02-20 21:06:02.829151+00	0		
1729	199471	2039	8710	0	2014-12-23 19:10:33.989557+00	0		
497	199471	674	3008	0	2014-11-18 14:18:40.310756+00	0		
2298	199471	2602	729	0	2015-02-20 21:18:29.982963+00	0		
2306	199471	2610	729	0	2015-02-20 21:21:55.476692+00	0		
1363	199471	1629	8592	0	2014-12-12 00:00:59.733824+00	0		
500	199471	677	771	0	2014-11-18 14:20:43.543585+00	0		
1386	199471	1652	8582	0	2014-12-12 05:29:00.34854+00	0		
1431	199471	1709	8778	0	2014-12-14 08:08:00.017633+00	0		
1465	199471	1744	8802	0	2014-12-14 22:26:14.989156+00	0		
1503	199471	1784	7834	0	2014-12-15 02:55:49.402685+00	0		
1539	199471	1824	2387	0	2014-12-15 20:21:28.413289+00	0		
2355	199471	2656	1767	0	2015-02-21 11:50:56.770062+00	0		
1579	199471	1864	1051	0	2014-12-16 22:30:41.58111+00	0		
1598	199471	1891	8854	0	2014-12-17 06:05:41.424724+00	0		
1623	199471	1916	8709	0	2014-12-17 09:52:08.604359+00	0		
1770	199471	2082	791	0	2014-12-27 14:52:41.432032+00	0		
506	199471	683	8185	0	2014-11-18 14:26:10.307749+00	0		
1786	199471	2098	1273	0	2014-12-28 12:02:05.978084+00	0		
1834	199471	2146	830	0	2014-12-30 07:56:47.950098+00	0		
508	199471	685	8174	0	2014-11-18 14:27:09.731154+00	0		
2387	199471	2688	1767	0	2015-02-21 12:10:13.267176+00	0		
2388	199471	2689	1767	0	2015-02-21 12:10:34.694431+00	0		
2399	199471	2701	1767	0	2015-02-21 12:30:58.014266+00	0		
2005	199471	1672	9351	0	2015-01-18 18:40:33.639433+00	0		
1931	199471	2233	9256	0	2015-01-14 11:30:35.321739+00	0		
2405	199471	2707	1767	0	2015-02-21 12:33:15.195737+00	0		
513	199471	693	8186	0	2014-11-18 14:45:42.917142+00	0		
2457	199471	2761	1767	0	2015-02-21 12:52:35.512455+00	0		
2034	199471	2321	814	0	2015-01-22 02:24:18.643277+00	0		
515	199471	698	8190	0	2014-11-18 15:56:39.988767+00	0		
74	199471	79	771	0	2014-11-17 22:32:50.146605+00	0		
2515	199471	2819	1767	0	2015-02-21 13:15:02.067073+00	0		
2545	199471	2849	1767	0	2015-02-21 13:45:47.044654+00	0		
2563	199471	2868	1767	0	2015-02-21 13:53:18.360898+00	0		
116	199471	668	5537	0	2014-11-17 22:47:50.553581+00	0		
2056	199471	2347	7834	0	2015-01-27 10:21:37.179934+00	0		
