1099	199682	1602	17156093	0	2014-12-10 22:22:50.386325+00	0		
1100	199682	1602	17156094	0	2014-12-10 22:22:50.386325+00	0		
1101	199682	1602	17156108	0	2014-12-10 22:22:50.386325+00	0		
1102	199682	1602	17156109	0	2014-12-10 22:22:50.386325+00	0		
1103	199682	1602	17156110	0	2014-12-10 22:22:50.386325+00	0		
1104	199682	1602	17156111	0	2014-12-10 22:22:50.386325+00	0		
1105	199682	1602	17156112	0	2014-12-10 22:22:50.386325+00	0		
1106	199682	1602	17156113	0	2014-12-10 22:22:50.386325+00	0		
8	199682	554	16278495	0	2014-11-19 09:32:00.793861+00	0		
1107	199682	1602	17156114	0	2014-12-10 22:22:50.386325+00	0		
10	199682	554	16278497	0	2014-11-19 09:32:00.793861+00	0		
11	199682	554	16278498	0	2014-11-19 09:32:00.793861+00	0		
1115	199682	1602	17156122	0	2014-12-10 22:22:50.386325+00	0		
12	199682	554	16278499	0	2014-11-19 09:32:00.793861+00	0		
13	199682	554	16278500	0	2014-11-19 09:32:00.793861+00	0		
1116	199682	1602	17156123	0	2014-12-10 22:22:50.386325+00	0		
14	199682	554	16278501	0	2014-11-19 09:32:00.793861+00	0		
15	199682	554	16278502	0	2014-11-19 09:32:00.793861+00	0		
1117	199682	1602	17156124	0	2014-12-10 22:22:50.386325+00	0		
16	199682	554	16278503	0	2014-11-19 09:32:00.793861+00	0		
17	199682	554	16278504	0	2014-11-19 09:32:00.793861+00	0		
1118	199682	1602	17156125	0	2014-12-10 22:22:50.386325+00	0		
18	199682	554	16278505	0	2014-11-19 09:32:00.793861+00	0		
19	199682	554	16278506	0	2014-11-19 09:32:00.793861+00	0		
1119	199682	1603	17156612	0	2014-12-11 00:21:15.111671+00	0		
20	199682	554	16278507	0	2014-11-19 09:32:00.793861+00	0		
21	199682	554	16278508	0	2014-11-19 09:32:00.793861+00	0		
1122	199682	1606	16855096	0	2014-12-11 12:28:52.8803+00	0		
22	199682	554	16278509	0	2014-11-19 09:32:00.793861+00	0		
23	199682	554	16278510	0	2014-11-19 09:32:00.793861+00	0		
1123	199682	1606	16855097	0	2014-12-11 12:28:52.8803+00	0		
24	199682	554	16278511	0	2014-11-19 09:32:00.793861+00	0		
25	199682	554	16278512	0	2014-11-19 09:32:00.793861+00	0		
1124	199682	1210	17160155	0	2014-12-11 22:27:41.887092+00	0		
26	199682	554	16278513	0	2014-11-19 09:32:00.793861+00	0		
27	199682	554	16278514	0	2014-11-19 09:32:00.793861+00	0		
28	199682	554	16278515	0	2014-11-19 09:32:00.793861+00	0		
29	199682	554	8065524	0	2014-11-19 09:32:00.793861+00	0		
1125	199682	1210	17160156	0	2014-12-11 22:27:41.887092+00	0		
30	199682	554	8065525	0	2014-11-19 09:32:00.793861+00	0		
31	199682	554	8065526	0	2014-11-19 09:32:00.793861+00	0		
1126	199682	1210	17160157	0	2014-12-11 22:27:41.887092+00	0		
32	199682	554	8065527	0	2014-11-19 09:32:00.793861+00	0		
33	199682	554	8065528	0	2014-11-19 09:32:00.793861+00	0		
1127	199682	1210	17160162	0	2014-12-11 22:27:41.887092+00	0		
34	199682	554	8065529	0	2014-11-19 09:32:00.793861+00	0		
35	199682	554	8065530	0	2014-11-19 09:32:00.793861+00	0		
1128	199682	1210	17160163	0	2014-12-11 22:27:41.887092+00	0		
9	199682	554	16278496	0	2014-11-19 09:32:00.793861+00	0		
37	199682	554	8065532	0	2014-11-19 09:32:00.793861+00	0		
1129	199682	1210	17160164	0	2014-12-11 22:27:41.887092+00	0		
38	199682	554	8065533	0	2014-11-19 09:32:00.793861+00	0		
39	199682	554	8065534	0	2014-11-19 09:32:00.793861+00	0		
1130	199682	1210	17160165	0	2014-12-11 22:27:41.887092+00	0		
40	199682	554	8065535	0	2014-11-19 09:32:00.793861+00	0		
41	199682	554	8065591	0	2014-11-19 09:32:00.793861+00	0		
1131	199682	1210	17160166	0	2014-12-11 22:27:41.887092+00	0		
42	199682	554	8065592	0	2014-11-19 09:32:00.793861+00	0		
1132	199682	1210	17160167	0	2014-12-11 22:27:41.887092+00	0		
1133	199682	1210	17160168	0	2014-12-11 22:27:41.887092+00	0		
1134	199682	1210	17160198	0	2014-12-11 22:27:41.887092+00	0		
1135	199682	1210	17160200	0	2014-12-11 22:27:41.887092+00	0		
1138	199682	1210	17160203	0	2014-12-11 22:27:41.887092+00	0		
1139	199682	1210	17160204	0	2014-12-11 22:27:41.887092+00	0		
1140	199682	1210	17160205	0	2014-12-11 22:27:41.887092+00	0		
1141	199682	1210	17160210	0	2014-12-11 22:27:41.887092+00	0		
1899	199682	1987	16549490	0	2014-12-19 18:19:10.795628+00	0		
1142	199682	1614	17148948	0	2014-12-12 06:11:36.313822+00	0		
1143	199682	1614	17148949	0	2014-12-12 06:11:36.313822+00	0		
1144	199682	1614	17148950	0	2014-12-12 06:11:36.313822+00	0		
1145	199682	1614	17148951	0	2014-12-12 06:11:36.313822+00	0		
1146	199682	1614	17148952	0	2014-12-12 06:11:36.313822+00	0		
1147	199682	1614	17148953	0	2014-12-12 06:11:36.313822+00	0		
1148	199682	1614	17148970	0	2014-12-12 06:11:36.313822+00	0		
1921	199682	1989	7918102	0	2014-12-19 21:10:26.439768+00	0		
1979	199682	1869	10698702	0	2014-12-22 18:45:04.967996+00	0		
1186	199682	1791	17161426	0	2014-12-15 03:47:56.424052+00	0		
1187	199682	1791	17115711	0	2014-12-15 03:47:56.424052+00	0		
1188	199682	1791	17115713	0	2014-12-15 03:47:56.424052+00	0		
1189	199682	1791	17115714	0	2014-12-15 03:47:56.424052+00	0		
1190	199682	1791	17115715	0	2014-12-15 03:47:56.424052+00	0		
1191	199682	1791	17115716	0	2014-12-15 03:47:56.424052+00	0		
1192	199682	1791	17115717	0	2014-12-15 03:47:56.424052+00	0		
1193	199682	1791	17115718	0	2014-12-15 03:47:56.424052+00	0		
36	199682	554	8065531	0	2014-11-19 09:32:00.793861+00	0		
1156	199682	1261	9192382	0	2014-12-13 02:52:52.101452+00	0		
1157	199682	1261	17164160	0	2014-12-13 02:52:52.101452+00	0		
1158	199682	1261	17164161	0	2014-12-13 02:52:52.101452+00	0		
1159	199682	1261	9192385	0	2014-12-13 02:52:52.101452+00	0		
1160	199682	1261	9192386	0	2014-12-13 02:52:52.101452+00	0		
1161	199682	1261	9192387	0	2014-12-13 02:52:52.101452+00	0		
1162	199682	1261	9192388	0	2014-12-13 02:52:52.101452+00	0		
1098	199682	1602	17156092	0	2014-12-10 22:22:50.386325+00	0		
1108	199682	1602	17156115	0	2014-12-10 22:22:50.386325+00	0		
1109	199682	1602	17156116	0	2014-12-10 22:22:50.386325+00	0		
1110	199682	1602	17156117	0	2014-12-10 22:22:50.386325+00	0		
1111	199682	1602	17156118	0	2014-12-10 22:22:50.386325+00	0		
1112	199682	1602	17156119	0	2014-12-10 22:22:50.386325+00	0		
1113	199682	1602	17156120	0	2014-12-10 22:22:50.386325+00	0		
1149	199682	1614	17148954	0	2014-12-12 06:11:36.313822+00	0		
1824	199682	1971	17183032	0	2014-12-18 23:03:54.176356+00	0		
1751	199682	1965	16567507	0	2014-12-18 19:22:47.917132+00	0		
1980	199682	1869	10698703	0	2014-12-22 18:45:04.967996+00	0		
1981	199682	1869	10698704	0	2014-12-22 18:45:04.967996+00	0		
1982	199682	1869	10698705	0	2014-12-22 18:45:04.967996+00	0		
1983	199682	1869	10698706	0	2014-12-22 18:45:04.967996+00	0		
1984	199682	1869	10698708	0	2014-12-22 18:45:04.967996+00	0		
43	199682	554	8065593	0	2014-11-19 09:32:00.793861+00	0		
44	199682	554	8065594	0	2014-11-19 09:32:00.793861+00	0		
1163	199682	1261	9192389	0	2014-12-13 02:52:52.101452+00	0		
45	199682	554	8065595	0	2014-11-19 09:32:00.793861+00	0		
46	199682	554	8065596	0	2014-11-19 09:32:00.793861+00	0		
47	199682	554	8065597	0	2014-11-19 09:32:00.793861+00	0		
1164	199682	1261	9192390	0	2014-12-13 02:52:52.101452+00	0		
48	199682	554	8065598	0	2014-11-19 09:32:00.793861+00	0		
49	199682	554	8065599	0	2014-11-19 09:32:00.793861+00	0		
50	199682	553	16083738	0	2014-11-19 09:33:23.817165+00	0		
1165	199682	1261	17164162	0	2014-12-13 02:52:52.101452+00	0		
51	199682	553	16083739	0	2014-11-19 09:33:23.817165+00	0		
52	199682	553	16083740	0	2014-11-19 09:33:23.817165+00	0		
53	199682	553	16083741	0	2014-11-19 09:33:23.817165+00	0		
1166	199682	1261	9192392	0	2014-12-13 02:52:52.101452+00	0		
54	199682	553	16083742	0	2014-11-19 09:33:23.817165+00	0		
55	199682	553	16083743	0	2014-11-19 09:33:23.817165+00	0		
56	199682	553	16083744	0	2014-11-19 09:33:23.817165+00	0		
1167	199682	1261	17164163	0	2014-12-13 02:52:52.101452+00	0		
57	199682	553	16083745	0	2014-11-19 09:33:23.817165+00	0		
58	199682	553	16083746	0	2014-11-19 09:33:23.817165+00	0		
59	199682	553	16083747	0	2014-11-19 09:33:23.817165+00	0		
60	199682	553	16083748	0	2014-11-19 09:33:23.817165+00	0		
61	199682	553	16083749	0	2014-11-19 09:33:23.817165+00	0		
62	199682	553	16083750	0	2014-11-19 09:33:23.817165+00	0		
1169	199682	1261	17164164	0	2014-12-13 02:52:52.101452+00	0		
63	199682	553	16083751	0	2014-11-19 09:33:23.817165+00	0		
64	199682	620	16278432	0	2014-11-19 09:36:21.358502+00	0		
65	199682	620	16278433	0	2014-11-19 09:36:21.358502+00	0		
1170	199682	1261	17164165	0	2014-12-13 02:52:52.101452+00	0		
66	199682	620	16278434	0	2014-11-19 09:36:21.358502+00	0		
67	199682	620	16278435	0	2014-11-19 09:36:21.358502+00	0		
68	199682	620	16278436	0	2014-11-19 09:36:21.358502+00	0		
1171	199682	1261	9192397	0	2014-12-13 02:52:52.101452+00	0		
69	199682	620	16278437	0	2014-11-19 09:36:21.358502+00	0		
70	199682	620	16278438	0	2014-11-19 09:36:21.358502+00	0		
71	199682	620	16278439	0	2014-11-19 09:36:21.358502+00	0		
1172	199682	1261	17164166	0	2014-12-13 02:52:52.101452+00	0		
72	199682	620	16278440	0	2014-11-19 09:36:21.358502+00	0		
73	199682	620	16278441	0	2014-11-19 09:36:21.358502+00	0		
74	199682	620	16278442	0	2014-11-19 09:36:21.358502+00	0		
75	199682	620	16278443	0	2014-11-19 09:36:21.358502+00	0		
76	199682	620	16278444	0	2014-11-19 09:36:21.358502+00	0		
77	199682	620	16278445	0	2014-11-19 09:36:21.358502+00	0		
78	199682	620	16278446	0	2014-11-19 09:36:21.358502+00	0		
79	199682	620	16278447	0	2014-11-19 09:36:21.358502+00	0		
80	199682	620	16278448	0	2014-11-19 09:36:21.358502+00	0		
1175	199682	1261	1278205	0	2014-12-13 02:52:52.101452+00	0		
81	199682	620	15005179	0	2014-11-19 09:36:21.358502+00	0		
82	199682	620	12984406	0	2014-11-19 09:36:21.358502+00	0		
1177	199682	1261	9192474	0	2014-12-13 02:52:52.101452+00	0		
1178	199682	1261	9192475	0	2014-12-13 02:52:52.101452+00	0		
1180	199682	1261	9192477	0	2014-12-13 02:52:52.101452+00	0		
1181	199682	1261	9192478	0	2014-12-13 02:52:52.101452+00	0		
1182	199682	1261	9192479	0	2014-12-13 02:52:52.101452+00	0		
1183	199682	1261	17164167	0	2014-12-13 02:52:52.101452+00	0		
1184	199682	1261	17164168	0	2014-12-13 02:52:52.101452+00	0		
1185	199682	1261	17164169	0	2014-12-13 02:52:52.101452+00	0		
1985	199682	1869	10698709	0	2014-12-22 18:45:04.967996+00	0		
1120	199682	1604	17156613	0	2014-12-11 00:24:40.69609+00	0		
1986	199682	1869	10698710	0	2014-12-22 18:45:04.967996+00	0		
1987	199682	1869	10698711	0	2014-12-22 18:45:04.967996+00	0		
1988	199682	1869	10698712	0	2014-12-22 18:45:04.967996+00	0		
1989	199682	1869	10698713	0	2014-12-22 18:45:04.967996+00	0		
1173	199682	1261	1278203	0	2014-12-13 02:52:52.101452+00	0		
1168	199682	1261	6464620	0	2014-12-13 02:52:52.101452+00	0		
1174	199682	1261	1278204	0	2014-12-13 02:52:52.101452+00	0		
1176	199682	1261	1278206	0	2014-12-13 02:52:52.101452+00	0		
1179	199682	1261	1409467	0	2014-12-13 02:52:52.101452+00	0		
1194	199682	1791	17115719	0	2014-12-15 03:47:56.424052+00	0		
1195	199682	1791	17115720	0	2014-12-15 03:47:56.424052+00	0		
1196	199682	1791	17115721	0	2014-12-15 03:47:56.424052+00	0		
1197	199682	1791	17115722	0	2014-12-15 03:47:56.424052+00	0		
1198	199682	1791	17115723	0	2014-12-15 03:47:56.424052+00	0		
1199	199682	1791	17115739	0	2014-12-15 03:47:56.424052+00	0		
1200	199682	1791	17115740	0	2014-12-15 03:47:56.424052+00	0		
1201	199682	1791	17115741	0	2014-12-15 03:47:56.424052+00	0		
1202	199682	1805	17161427	0	2014-12-15 03:47:56.424052+00	0		
1203	199682	1791	17115742	0	2014-12-15 03:47:56.424052+00	0		
1232	199682	1553	17171608	0	2014-12-15 05:34:06.493864+00	0		
1311	199682	1551	17171903	0	2014-12-15 08:40:27.073428+00	0		
1599	199682	978	14728432	0	2014-12-16 23:36:24.601725+00	0		
1752	199682	1965	16988143	0	2014-12-18 19:27:34.859221+00	0		
1825	199682	1971	17183033	0	2014-12-18 23:04:13.280607+00	0		
1900	199682	1987	16549494	0	2014-12-19 18:19:34.447899+00	0		
1922	199682	978	14728420	0	2014-12-19 21:23:36.467996+00	0		
1990	199682	1869	10698714	0	2014-12-22 18:45:04.967996+00	0		
1991	199682	1870	3817541	0	2014-12-22 18:45:04.967996+00	0		
1992	199682	1870	3817542	0	2014-12-22 18:45:04.967996+00	0		
1993	199682	1870	3817543	0	2014-12-22 18:45:04.967996+00	0		
1994	199682	1870	3817544	0	2014-12-22 18:45:04.967996+00	0		
1995	199682	1870	3817545	0	2014-12-22 18:45:04.967996+00	0		
1996	199682	1870	3817546	0	2014-12-22 18:45:04.967996+00	0		
1997	199682	1870	3817547	0	2014-12-22 18:45:04.967996+00	0		
1998	199682	1870	3817548	0	2014-12-22 18:45:04.967996+00	0		
1999	199682	1870	3817549	0	2014-12-22 18:45:04.967996+00	0		
2000	199682	1870	3817550	0	2014-12-22 18:45:04.967996+00	0		
83	199682	620	12984407	0	2014-11-19 09:36:21.358502+00	0		
84	199682	620	12984408	0	2014-11-19 09:36:21.358502+00	0		
85	199682	620	12984409	0	2014-11-19 09:36:21.358502+00	0		
1233	199682	1553	17171609	0	2014-12-15 05:34:36.648244+00	0		
86	199682	620	12984410	0	2014-11-19 09:36:21.358502+00	0		
87	199682	620	12984411	0	2014-11-19 09:36:21.358502+00	0		
1312	199682	1551	17171905	0	2014-12-15 08:41:40.028241+00	0		
88	199682	620	12984412	0	2014-11-19 09:36:21.358502+00	0		
89	199682	620	12984413	0	2014-11-19 09:36:21.358502+00	0		
1316	199682	1810	15016640	0	2014-12-15 11:56:23.159992+00	0		
90	199682	620	12984414	0	2014-11-19 09:36:21.358502+00	0		
91	199682	620	12984415	0	2014-11-19 09:36:21.358502+00	0		
92	199682	620	12984416	0	2014-11-19 09:36:21.358502+00	0		
93	199682	620	12984417	0	2014-11-19 09:36:21.358502+00	0		
2181	199682	2156	8425532	0	2015-01-01 03:28:32.300316+00	0		
94	199682	620	12984418	0	2014-11-19 09:36:21.358502+00	0		
95	199682	620	12984419	0	2014-11-19 09:36:21.358502+00	0		
96	199682	620	15005176	0	2014-11-19 09:36:21.358502+00	0		
97	199682	620	15005177	0	2014-11-19 09:36:21.358502+00	0		
98	199682	620	15005178	0	2014-11-19 09:36:21.358502+00	0		
99	199682	622	1829630	0	2014-11-19 09:44:04.979446+00	0		
1363	199682	1819	17173429	0	2014-12-15 18:16:24.458349+00	0		
100	199682	622	1829631	0	2014-11-19 09:44:04.979446+00	0		
101	199682	622	1829632	0	2014-11-19 09:44:04.979446+00	0		
1364	199682	1819	17173430	0	2014-12-15 18:16:24.458349+00	0		
102	199682	622	1829633	0	2014-11-19 09:44:04.979446+00	0		
103	199682	622	1829634	0	2014-11-19 09:44:04.979446+00	0		
1365	199682	1819	17173431	0	2014-12-15 18:16:24.458349+00	0		
104	199682	622	1829635	0	2014-11-19 09:44:04.979446+00	0		
105	199682	622	1829636	0	2014-11-19 09:44:04.979446+00	0		
1366	199682	1819	17173432	0	2014-12-15 18:16:24.458349+00	0		
106	199682	622	1829637	0	2014-11-19 09:44:04.979446+00	0		
107	199682	622	1829638	0	2014-11-19 09:44:04.979446+00	0		
1367	199682	1819	17173433	0	2014-12-15 18:16:24.458349+00	0		
108	199682	622	1829639	0	2014-11-19 09:44:04.979446+00	0		
109	199682	618	9857427	0	2014-11-19 09:50:23.331444+00	0		
1368	199682	1819	17173434	0	2014-12-15 18:16:24.458349+00	0		
110	199682	618	9857428	0	2014-11-19 09:50:23.331444+00	0		
111	199682	618	9857429	0	2014-11-19 09:50:23.331444+00	0		
1369	199682	1819	17173435	0	2014-12-15 18:16:24.458349+00	0		
112	199682	618	9857430	0	2014-11-19 09:50:23.331444+00	0		
113	199682	618	9857431	0	2014-11-19 09:50:23.331444+00	0		
1370	199682	1819	17173436	0	2014-12-15 18:16:24.458349+00	0		
114	199682	618	9857432	0	2014-11-19 09:50:23.331444+00	0		
115	199682	618	9857433	0	2014-11-19 09:50:23.331444+00	0		
1409	199682	1844	17175921	0	2014-12-16 06:02:49.173508+00	0		
116	199682	618	9857434	0	2014-11-19 09:50:23.331444+00	0		
117	199682	391	9857440	0	2014-11-19 09:50:23.331444+00	0		
1410	199682	1844	17175922	0	2014-12-16 06:02:49.173508+00	0		
118	199682	391	9857441	0	2014-11-19 09:50:23.331444+00	0		
119	199682	391	9857442	0	2014-11-19 09:50:23.331444+00	0		
1411	199682	1844	17175923	0	2014-12-16 06:02:49.173508+00	0		
120	199682	391	9857443	0	2014-11-19 09:50:23.331444+00	0		
121	199682	391	9857444	0	2014-11-19 09:50:23.331444+00	0		
1412	199682	1844	17175924	0	2014-12-16 06:02:49.173508+00	0		
122	199682	391	9857445	0	2014-11-19 09:50:23.331444+00	0		
1413	199682	1844	17175925	0	2014-12-16 06:02:49.173508+00	0		
1414	199682	1844	17175926	0	2014-12-16 06:02:49.173508+00	0		
1415	199682	1844	17175927	0	2014-12-16 06:02:49.173508+00	0		
1416	199682	1844	17175928	0	2014-12-16 06:02:49.173508+00	0		
1417	199682	1844	17175929	0	2014-12-16 06:02:49.173508+00	0		
1459	199682	1848	17176082	0	2014-12-16 07:53:55.572605+00	0		
1460	199682	1848	17176083	0	2014-12-16 07:53:55.572605+00	0		
1461	199682	1848	17176084	0	2014-12-16 07:53:55.572605+00	0		
1462	199682	1848	17176085	0	2014-12-16 07:53:55.572605+00	0		
1463	199682	1848	17176086	0	2014-12-16 07:53:55.572605+00	0		
1464	199682	1848	17176087	0	2014-12-16 07:53:55.572605+00	0		
1465	199682	1848	17176088	0	2014-12-16 07:53:55.572605+00	0		
1466	199682	1848	17176089	0	2014-12-16 07:53:55.572605+00	0		
1467	199682	1848	17176101	0	2014-12-16 07:53:55.572605+00	0		
1468	199682	1848	17176102	0	2014-12-16 07:53:55.572605+00	0		
1469	199682	1848	17176103	0	2014-12-16 07:53:55.572605+00	0		
1470	199682	1848	17176104	0	2014-12-16 07:53:55.572605+00	0		
1753	199682	1829	17185219	0	2014-12-18 19:30:25.939263+00	0		
1826	199682	1971	17183034	0	2014-12-18 23:04:29.900136+00	0		
1901	199682	1987	16549479	0	2014-12-19 18:20:13.744895+00	0		
1923	199682	1990	353551	0	2014-12-19 21:40:38.72525+00	0		
2002	199682	1870	3817552	0	2014-12-22 18:45:04.967996+00	0		
2003	199682	1870	3817553	0	2014-12-22 18:45:04.967996+00	0		
2182	199682	2156	8425533	0	2015-01-01 03:28:32.300316+00	0		
2183	199682	2156	8425535	0	2015-01-01 03:28:32.300316+00	0		
2184	199682	2156	8425537	0	2015-01-01 03:28:32.300316+00	0		
2185	199682	2156	8425538	0	2015-01-01 03:28:32.300316+00	0		
2186	199682	2156	8425539	0	2015-01-01 03:28:32.300316+00	0		
2187	199682	2156	8425541	0	2015-01-01 03:28:32.300316+00	0		
1121	199682	1605	17156707	0	2014-12-11 00:51:37.842182+00	0		
1204	199682	1553	17171570	0	2014-12-15 05:16:34.243875+00	0		
1317	199682	1810	15016641	0	2014-12-15 11:56:23.159992+00	0		
1318	199682	1810	15016642	0	2014-12-15 11:56:23.159992+00	0		
1319	199682	1810	15016643	0	2014-12-15 11:56:23.159992+00	0		
1320	199682	1810	15016644	0	2014-12-15 11:56:23.159992+00	0		
1321	199682	1810	15016645	0	2014-12-15 11:56:23.159992+00	0		
1322	199682	1810	15016646	0	2014-12-15 11:56:23.159992+00	0		
1418	199682	1844	17175930	0	2014-12-16 06:02:49.173508+00	0		
1419	199682	1844	17175931	0	2014-12-16 06:02:49.173508+00	0		
2104	199682	2009	376778	0	2014-12-30 20:09:29.300267+00	0		
2105	199682	2009	376779	0	2014-12-30 20:09:29.300267+00	0		
2106	199682	2009	376780	0	2014-12-30 20:09:29.300267+00	0		
2107	199682	2009	376781	0	2014-12-30 20:09:29.300267+00	0		
2108	199682	2009	376782	0	2014-12-30 20:09:29.300267+00	0		
2109	199682	2009	376783	0	2014-12-30 20:09:29.300267+00	0		
2110	199682	2009	376784	0	2014-12-30 20:09:29.300267+00	0		
123	199682	391	9857446	0	2014-11-19 09:50:23.331444+00	0		
1234	199682	1553	17171610	0	2014-12-15 05:35:12.207928+00	0		
124	199682	391	9857447	0	2014-11-19 09:50:23.331444+00	0		
125	199682	391	9857448	0	2014-11-19 09:50:23.331444+00	0		
1313	199682	1551	17171906	0	2014-12-15 08:42:11.687219+00	0		
126	199682	391	9857449	0	2014-11-19 09:50:23.331444+00	0		
127	199682	391	9857450	0	2014-11-19 09:50:23.331444+00	0		
1329	199682	1811	15016623	0	2014-12-15 12:32:10.949079+00	0		
128	199682	391	9857451	0	2014-11-19 09:50:23.331444+00	0		
129	199682	391	9857452	0	2014-11-19 09:50:23.331444+00	0		
1371	199682	1820	9471469	0	2014-12-15 19:04:00.353028+00	0		
130	199682	391	9857453	0	2014-11-19 09:50:23.331444+00	0		
131	199682	391	9857454	0	2014-11-19 09:50:23.331444+00	0		
1434	199682	1845	17175946	0	2014-12-16 06:20:42.877757+00	0		
132	199682	391	9857455	0	2014-11-19 09:50:23.331444+00	0		
133	199682	391	9857456	0	2014-11-19 09:50:23.331444+00	0		
1435	199682	1845	17175947	0	2014-12-16 06:20:42.877757+00	0		
134	199682	391	9857457	0	2014-11-19 09:50:23.331444+00	0		
135	199682	618	16294511	0	2014-11-19 09:52:17.418267+00	0		
1436	199682	1845	17175948	0	2014-12-16 06:20:42.877757+00	0		
136	199682	618	16294512	0	2014-11-19 09:52:17.418267+00	0		
137	199682	618	16294513	0	2014-11-19 09:52:17.418267+00	0		
1437	199682	1845	17175949	0	2014-12-16 06:20:42.877757+00	0		
138	199682	12	16293031	0	2014-11-19 09:53:48.774319+00	0		
139	199682	12	16293032	0	2014-11-19 09:53:48.774319+00	0		
1438	199682	1845	17175951	0	2014-12-16 06:20:42.877757+00	0		
140	199682	12	16293033	0	2014-11-19 09:53:48.774319+00	0		
141	199682	12	16293034	0	2014-11-19 09:53:48.774319+00	0		
1439	199682	1845	17175952	0	2014-12-16 06:20:42.877757+00	0		
142	199682	12	16293035	0	2014-11-19 09:53:48.774319+00	0		
143	199682	12	16293036	0	2014-11-19 09:53:48.774319+00	0		
1440	199682	1845	17175953	0	2014-12-16 06:20:42.877757+00	0		
144	199682	12	16293037	0	2014-11-19 09:53:48.774319+00	0		
145	199682	583	1319400	0	2014-11-19 09:57:25.035173+00	0		
1441	199682	1845	17175954	0	2014-12-16 06:20:42.877757+00	0		
146	199682	583	1319401	0	2014-11-19 09:57:25.035173+00	0		
147	199682	583	1319402	0	2014-11-19 09:57:25.035173+00	0		
1442	199682	1845	17175956	0	2014-12-16 06:20:42.877757+00	0		
148	199682	583	1319403	0	2014-11-19 09:57:25.035173+00	0		
149	199682	583	1319404	0	2014-11-19 09:57:25.035173+00	0		
1443	199682	1845	17175957	0	2014-12-16 06:20:42.877757+00	0		
150	199682	583	1319405	0	2014-11-19 09:57:25.035173+00	0		
151	199682	583	1319406	0	2014-11-19 09:57:25.035173+00	0		
1444	199682	1845	17175958	0	2014-12-16 06:20:42.877757+00	0		
152	199682	583	1319407	0	2014-11-19 09:57:25.035173+00	0		
153	199682	583	1319408	0	2014-11-19 09:57:25.035173+00	0		
1471	199682	1848	17176105	0	2014-12-16 07:53:55.572605+00	0		
154	199682	583	1319409	0	2014-11-19 09:57:25.035173+00	0		
155	199682	583	1319410	0	2014-11-19 09:57:25.035173+00	0		
1472	199682	1848	17176106	0	2014-12-16 07:53:55.572605+00	0		
156	199682	583	1319411	0	2014-11-19 09:57:25.035173+00	0		
157	199682	619	1319412	0	2014-11-19 09:57:25.035173+00	0		
1473	199682	1848	17176107	0	2014-12-16 07:53:55.572605+00	0		
158	199682	619	1319413	0	2014-11-19 09:57:25.035173+00	0		
159	199682	619	1319414	0	2014-11-19 09:57:25.035173+00	0		
1474	199682	1848	17176108	0	2014-12-16 07:53:55.572605+00	0		
160	199682	619	1319415	0	2014-11-19 09:57:25.035173+00	0		
161	199682	619	1319416	0	2014-11-19 09:57:25.035173+00	0		
1475	199682	1848	17176109	0	2014-12-16 07:53:55.572605+00	0		
162	199682	735	2849988	0	2014-11-19 10:03:45.221067+00	0		
1476	199682	1848	17176110	0	2014-12-16 07:53:55.572605+00	0		
1477	199682	1848	17176111	0	2014-12-16 07:53:55.572605+00	0		
1478	199682	1848	17176112	0	2014-12-16 07:53:55.572605+00	0		
1479	199682	1848	17176113	0	2014-12-16 07:53:55.572605+00	0		
1480	199682	1848	17176114	0	2014-12-16 07:53:55.572605+00	0		
1481	199682	1848	17176131	0	2014-12-16 07:53:55.572605+00	0		
1482	199682	1848	17176132	0	2014-12-16 07:53:55.572605+00	0		
1483	199682	1848	17176133	0	2014-12-16 07:53:55.572605+00	0		
1484	199682	1848	17176134	0	2014-12-16 07:53:55.572605+00	0		
1485	199682	1848	17176135	0	2014-12-16 07:53:55.572605+00	0		
1600	199682	1870	14879253	0	2014-12-16 23:43:01.033389+00	0		
1754	199682	2003	9608772	0	2014-12-18 19:44:11.676392+00	0		
1755	199682	2003	9608773	0	2014-12-18 19:44:11.676392+00	0		
1756	199682	2003	9608774	0	2014-12-18 19:44:11.676392+00	0		
1757	199682	2003	9608775	0	2014-12-18 19:44:11.676392+00	0		
1758	199682	2003	9608776	0	2014-12-18 19:44:11.676392+00	0		
1759	199682	2003	9608777	0	2014-12-18 19:44:11.676392+00	0		
1760	199682	2003	9608778	0	2014-12-18 19:44:11.676392+00	0		
1761	199682	2003	9608779	0	2014-12-18 19:44:11.676392+00	0		
1762	199682	2003	13712146	0	2014-12-18 19:44:11.676392+00	0		
1205	199682	1553	17171571	0	2014-12-15 05:17:17.172211+00	0		
1330	199682	1811	15016624	0	2014-12-15 12:32:10.949079+00	0		
1331	199682	1811	15016625	0	2014-12-15 12:32:10.949079+00	0		
1332	199682	1811	15016626	0	2014-12-15 12:32:10.949079+00	0		
1333	199682	1811	15016627	0	2014-12-15 12:32:10.949079+00	0		
1334	199682	1811	15016628	0	2014-12-15 12:32:10.949079+00	0		
1335	199682	1811	15016629	0	2014-12-15 12:32:10.949079+00	0		
1336	199682	1811	15016630	0	2014-12-15 12:32:10.949079+00	0		
163	199682	735	2849989	0	2014-11-19 10:03:45.221067+00	0		
1235	199682	1553	17171611	0	2014-12-15 05:35:44.302703+00	0		
164	199682	735	2849990	0	2014-11-19 10:03:45.221067+00	0		
165	199682	735	2849991	0	2014-11-19 10:03:45.221067+00	0		
1314	199682	1551	17171907	0	2014-12-15 08:42:43.070949+00	0		
166	199682	735	2849992	0	2014-11-19 10:03:45.221067+00	0		
167	199682	735	2849993	0	2014-11-19 10:03:45.221067+00	0		
1340	199682	1812	11188945	0	2014-12-15 12:38:48.055499+00	0		
168	199682	735	2849994	0	2014-11-19 10:03:45.221067+00	0		
169	199682	735	2849995	0	2014-11-19 10:03:45.221067+00	0		
170	199682	735	2849996	0	2014-11-19 10:03:45.221067+00	0		
171	199682	735	2849997	0	2014-11-19 10:03:45.221067+00	0		
2030	199682	2013	17204279	0	2014-12-22 22:56:29.85602+00	0		
172	199682	735	2849998	0	2014-11-19 10:03:45.221067+00	0		
1372	199682	1824	353834	0	2014-12-15 20:21:37.284641+00	0		
1493	199682	1842	17176368	0	2014-12-16 08:23:46.10935+00	0		
1510	199682	1851	17176563	0	2014-12-16 10:13:14.248418+00	0		
1533	199682	1860	17178234	0	2014-12-16 19:46:36.423599+00	0		
1601	199682	1871	12439776	0	2014-12-16 23:49:23.719906+00	0		
1605	199682	1872	12731482	0	2014-12-17 00:28:30.856154+00	0		
1606	199682	1872	12731483	0	2014-12-17 00:28:30.856154+00	0		
1607	199682	1872	12731484	0	2014-12-17 00:28:30.856154+00	0		
1608	199682	1872	12731485	0	2014-12-17 00:28:30.856154+00	0		
1609	199682	1872	12731486	0	2014-12-17 00:28:30.856154+00	0		
1610	199682	1873	12731487	0	2014-12-17 00:28:30.856154+00	0		
187	199682	614	3822314	0	2014-11-19 10:19:57.488296+00	0		
1611	199682	1874	12731488	0	2014-12-17 00:28:30.856154+00	0		
1612	199682	1874	12731489	0	2014-12-17 00:28:30.856154+00	0		
1613	199682	1874	12731490	0	2014-12-17 00:28:30.856154+00	0		
1614	199682	1874	12731491	0	2014-12-17 00:28:30.856154+00	0		
190	199682	621	8675734	0	2014-11-19 10:37:59.590703+00	0		
191	199682	621	8675735	0	2014-11-19 10:37:59.590703+00	0		
1615	199682	1874	12731492	0	2014-12-17 00:28:30.856154+00	0		
192	199682	621	8675736	0	2014-11-19 10:37:59.590703+00	0		
193	199682	621	8675737	0	2014-11-19 10:37:59.590703+00	0		
1616	199682	1874	12731493	0	2014-12-17 00:28:30.856154+00	0		
194	199682	621	8675738	0	2014-11-19 10:37:59.590703+00	0		
195	199682	621	8675739	0	2014-11-19 10:37:59.590703+00	0		
1617	199682	1874	12731494	0	2014-12-17 00:28:30.856154+00	0		
196	199682	621	8675740	0	2014-11-19 10:37:59.590703+00	0		
197	199682	621	8675741	0	2014-11-19 10:37:59.590703+00	0		
198	199682	621	8675742	0	2014-11-19 10:37:59.590703+00	0		
199	199682	621	8675743	0	2014-11-19 10:37:59.590703+00	0		
1619	199682	1874	12731496	0	2014-12-17 00:28:30.856154+00	0		
200	199682	621	8675744	0	2014-11-19 10:37:59.590703+00	0		
201	199682	371	14209888	0	2014-11-19 10:41:07.382363+00	0		
1620	199682	1874	12731497	0	2014-12-17 00:28:30.856154+00	0		
202	199682	371	14209891	0	2014-11-19 10:41:07.382363+00	0		
1621	199682	1874	12731498	0	2014-12-17 00:28:30.856154+00	0		
1622	199682	1874	12731499	0	2014-12-17 00:28:30.856154+00	0		
1623	199682	1874	12731500	0	2014-12-17 00:28:30.856154+00	0		
1624	199682	1875	12731501	0	2014-12-17 00:28:30.856154+00	0		
1625	199682	1875	12731502	0	2014-12-17 00:28:30.856154+00	0		
1627	199682	1876	12731504	0	2014-12-17 00:28:30.856154+00	0		
2031	199682	2013	17204311	0	2014-12-22 22:57:54.770899+00	0		
2032	199682	2014	16557503	0	2014-12-22 23:02:38.861547+00	0		
2033	199682	2014	16577680	0	2014-12-22 23:02:38.861547+00	0		
2034	199682	2014	16578908	0	2014-12-22 23:02:38.861547+00	0		
2035	199682	2014	16578121	0	2014-12-22 23:02:38.861547+00	0		
1618	199682	1874	13983138	0	2014-12-17 00:28:30.856154+00	0		
1626	199682	1875	10184358	0	2014-12-17 00:28:30.856154+00	0		
1827	199682	1971	17183035	0	2014-12-18 23:04:45.047877+00	0		
1836	199682	1971	17183039	0	2014-12-18 23:05:40.229791+00	0		
1838	199682	1971	17183041	0	2014-12-18 23:08:00.596923+00	0		
1902	199682	1987	13310205	0	2014-12-19 18:20:53.457683+00	0		
1924	199682	1825	1921784	0	2014-12-19 22:09:07.671043+00	0		
2004	199682	1974	2936232	0	2014-12-22 18:52:07.499304+00	0		
1763	199682	2003	13712147	0	2014-12-18 19:44:11.676392+00	0		
1764	199682	2003	13712148	0	2014-12-18 19:44:11.676392+00	0		
1765	199682	2003	13712149	0	2014-12-18 19:44:11.676392+00	0		
1766	199682	2003	13712150	0	2014-12-18 19:44:11.676392+00	0		
1767	199682	2003	13712151	0	2014-12-18 19:44:11.676392+00	0		
1768	199682	2003	13712152	0	2014-12-18 19:44:11.676392+00	0		
1769	199682	2003	13712153	0	2014-12-18 19:44:11.676392+00	0		
1770	199682	2003	13712154	0	2014-12-18 19:44:11.676392+00	0		
1771	199682	2003	13712155	0	2014-12-18 19:44:11.676392+00	0		
1772	199682	2003	13712156	0	2014-12-18 19:44:11.676392+00	0		
1773	199682	2003	13712157	0	2014-12-18 19:44:11.676392+00	0		
1206	199682	1553	17171572	0	2014-12-15 05:18:33.451595+00	0		
1341	199682	1812	11188946	0	2014-12-15 12:38:48.055499+00	0		
1342	199682	1812	11188947	0	2014-12-15 12:38:48.055499+00	0		
1343	199682	1812	11188948	0	2014-12-15 12:38:48.055499+00	0		
1344	199682	1812	11188949	0	2014-12-15 12:38:48.055499+00	0		
1345	199682	1812	11188950	0	2014-12-15 12:38:48.055499+00	0		
1486	199682	1842	17176327	0	2014-12-16 08:18:41.854801+00	0		
1511	199682	1851	17176564	0	2014-12-16 10:13:14.248418+00	0		
1512	199682	1851	17176565	0	2014-12-16 10:13:14.248418+00	0		
1513	199682	1851	17176566	0	2014-12-16 10:13:14.248418+00	0		
1514	199682	1851	17176567	0	2014-12-16 10:13:14.248418+00	0		
203	199682	371	14209890	0	2014-11-19 10:41:07.382363+00	0		
204	199682	371	14209889	0	2014-11-19 10:41:07.382363+00	0		
205	199682	371	14209892	0	2014-11-19 10:41:07.382363+00	0		
206	199682	371	14209893	0	2014-11-19 10:41:07.382363+00	0		
207	199682	371	14209913	0	2014-11-19 10:41:07.382363+00	0		
2377	199682	1820	9471464	0	2015-01-08 22:12:08.879744+00	0		
208	199682	371	14209952	0	2014-11-19 10:41:07.382363+00	0		
210	199682	370	14784363	0	2014-11-19 10:52:23.538087+00	0		
211	199682	370	14784253	0	2014-11-19 10:52:23.538087+00	0		
212	199682	370	14784281	0	2014-11-19 10:52:23.538087+00	0		
213	199682	370	14784282	0	2014-11-19 10:52:23.538087+00	0		
214	199682	370	14784283	0	2014-11-19 10:52:23.538087+00	0		
215	199682	370	14784304	0	2014-11-19 10:52:23.538087+00	0		
216	199682	370	14784339	0	2014-11-19 10:52:23.538087+00	0		
2267	199682	1457	9734024	0	2015-01-06 00:31:57.747259+00	0		
2295	199682	1974	2936230	0	2015-01-07 18:54:16.898375+00	0		
2111	199682	2009	376785	0	2014-12-30 20:09:29.300267+00	0		
2112	199682	2009	376786	0	2014-12-30 20:09:29.300267+00	0		
2113	199682	2009	376787	0	2014-12-30 20:09:29.300267+00	0		
2114	199682	1825	1921783	0	2014-12-30 20:11:58.132547+00	0		
2115	199682	2009	9734023	0	2014-12-30 20:14:57.110306+00	0		
2005	199682	2009	11609921	0	2014-12-22 18:54:51.058324+00	0		
2323	199682	2188	2164366	0	2015-01-07 23:30:48.638014+00	0		
2324	199682	2188	2164367	0	2015-01-07 23:30:48.638014+00	0		
2325	199682	2188	2164368	0	2015-01-07 23:30:48.638014+00	0		
2326	199682	2188	2164369	0	2015-01-07 23:30:48.638014+00	0		
2327	199682	2188	2164370	0	2015-01-07 23:30:48.638014+00	0		
2328	199682	2188	2164371	0	2015-01-07 23:30:48.638014+00	0		
2329	199682	2188	2164372	0	2015-01-07 23:30:48.638014+00	0		
1207	199682	1553	17171573	0	2014-12-15 05:19:17.494073+00	0		
1237	199682	1553	17171613	0	2014-12-15 05:36:45.339362+00	0		
1315	199682	1551	17171908	0	2014-12-15 08:43:18.891319+00	0		
1352	199682	1813	13551825	0	2014-12-15 12:53:47.274926+00	0		
1353	199682	1813	13551826	0	2014-12-15 12:53:47.274926+00	0		
1354	199682	1813	13551827	0	2014-12-15 12:53:47.274926+00	0		
1355	199682	1813	13551828	0	2014-12-15 12:53:47.274926+00	0		
1356	199682	1813	13551829	0	2014-12-15 12:53:47.274926+00	0		
1357	199682	1813	13551830	0	2014-12-15 12:53:47.274926+00	0		
1358	199682	1813	13551831	0	2014-12-15 12:53:47.274926+00	0		
1359	199682	1813	13551832	0	2014-12-15 12:53:47.274926+00	0		
1360	199682	1813	13551833	0	2014-12-15 12:53:47.274926+00	0		
1361	199682	1813	13551834	0	2014-12-15 12:53:47.274926+00	0		
1362	199682	1813	13551835	0	2014-12-15 12:53:47.274926+00	0		
2330	199682	2188	2164373	0	2015-01-07 23:30:48.638014+00	0		
1373	199682	1457	9543221	0	2014-12-15 20:38:44.466919+00	0		
2331	199682	2188	2164374	0	2015-01-07 23:30:48.638014+00	0		
1487	199682	1842	17176328	0	2014-12-16 08:19:43.4001+00	0		
1534	199682	1860	17178271	0	2014-12-16 19:50:21.106648+00	0		
1602	199682	1871	9496847	0	2014-12-16 23:50:19.493344+00	0		
1629	199682	1876	12731506	0	2014-12-17 00:28:30.856154+00	0		
1630	199682	1876	12731507	0	2014-12-17 00:28:30.856154+00	0		
1631	199682	1877	12731508	0	2014-12-17 00:28:30.856154+00	0		
1632	199682	1877	12731509	0	2014-12-17 00:28:30.856154+00	0		
1633	199682	1877	12731510	0	2014-12-17 00:28:30.856154+00	0		
1634	199682	1877	12731511	0	2014-12-17 00:28:30.856154+00	0		
1635	199682	1877	12731512	0	2014-12-17 00:28:30.856154+00	0		
1636	199682	1877	12731513	0	2014-12-17 00:28:30.856154+00	0		
1637	199682	1877	12731514	0	2014-12-17 00:28:30.856154+00	0		
1638	199682	1877	12731515	0	2014-12-17 00:28:30.856154+00	0		
1639	199682	1877	12731516	0	2014-12-17 00:28:30.856154+00	0		
1774	199682	1824	353835	0	2014-12-18 19:50:23.373038+00	0		
1828	199682	1971	17183036	0	2014-12-18 23:05:04.812659+00	0		
1903	199682	1987	16549498	0	2014-12-19 18:22:27.54422+00	0		
1925	199682	1992	14579977	0	2014-12-19 22:36:07.6335+00	0		
2340	199682	2190	2060563	0	2015-01-08 01:22:24.440458+00	0		
2008	199682	1989	7918103	0	2014-12-22 18:59:31.699856+00	0		
2036	199682	2014	16578107	0	2014-12-22 23:02:38.861547+00	0		
2037	199682	2014	16578015	0	2014-12-22 23:02:38.861547+00	0		
2332	199682	2188	2164375	0	2015-01-07 23:30:48.638014+00	0		
2333	199682	2188	2164376	0	2015-01-07 23:30:48.638014+00	0		
2334	199682	2188	2164377	0	2015-01-07 23:30:48.638014+00	0		
2335	199682	2188	2164378	0	2015-01-07 23:30:48.638014+00	0		
2354	199682	1973	8180130	0	2015-01-08 21:45:44.827924+00	0		
2375	199682	1820	9471462	0	2015-01-08 22:12:08.879744+00	0		
2376	199682	1820	9471463	0	2015-01-08 22:12:08.879744+00	0		
2378	199682	1820	9471466	0	2015-01-08 22:12:08.879744+00	0		
2379	199682	1820	9471467	0	2015-01-08 22:12:08.879744+00	0		
2380	199682	1820	9471468	0	2015-01-08 22:12:08.879744+00	0		
2381	199682	1820	9471470	0	2015-01-08 22:12:08.879744+00	0		
2382	199682	1820	9471471	0	2015-01-08 22:12:08.879744+00	0		
2188	199682	2156	8425542	0	2015-01-01 03:28:32.300316+00	0		
2189	199682	2156	8425558	0	2015-01-01 03:28:32.300316+00	0		
2190	199682	2156	8425559	0	2015-01-01 03:28:32.300316+00	0		
2191	199682	2156	8425561	0	2015-01-01 03:28:32.300316+00	0		
2192	199682	2156	8425562	0	2015-01-01 03:28:32.300316+00	0		
2193	199682	2156	8425564	0	2015-01-01 03:28:32.300316+00	0		
2194	199682	2156	8425566	0	2015-01-01 03:28:32.300316+00	0		
2195	199682	2156	8425568	0	2015-01-01 03:28:32.300316+00	0		
2196	199682	2156	8425569	0	2015-01-01 03:28:32.300316+00	0		
2240	199682	1829	17260590	0	2015-01-05 23:10:39.358456+00	0		
2296	199682	1974	2936231	0	2015-01-07 18:54:16.898375+00	0		
2297	199682	1974	2936233	0	2015-01-07 18:54:16.898375+00	0		
2298	199682	1974	2936234	0	2015-01-07 18:54:16.898375+00	0		
2299	199682	1974	2936235	0	2015-01-07 18:54:16.898375+00	0		
2300	199682	1974	2936236	0	2015-01-07 18:54:16.898375+00	0		
2301	199682	1974	2936239	0	2015-01-07 18:54:16.898375+00	0		
2302	199682	1974	2936240	0	2015-01-07 18:54:16.898375+00	0		
2303	199682	1974	2936241	0	2015-01-07 18:54:16.898375+00	0		
1238	199682	1806	17171626	0	2014-12-15 06:09:03.214062+00	0		
1374	199682	1348	9543214	0	2014-12-15 21:01:05.210825+00	0		
1375	199682	1348	9543215	0	2014-12-15 21:01:05.210825+00	0		
1376	199682	1348	9543216	0	2014-12-15 21:01:05.210825+00	0		
1377	199682	1348	9543217	0	2014-12-15 21:01:05.210825+00	0		
1378	199682	1348	9543218	0	2014-12-15 21:01:05.210825+00	0		
1379	199682	1348	9543219	0	2014-12-15 21:01:05.210825+00	0		
1380	199682	1348	9543220	0	2014-12-15 21:01:05.210825+00	0		
1381	199682	1348	9543222	0	2014-12-15 21:01:05.210825+00	0		
1382	199682	1348	9543223	0	2014-12-15 21:01:05.210825+00	0		
1383	199682	1348	9543224	0	2014-12-15 21:01:05.210825+00	0		
1384	199682	1348	9543225	0	2014-12-15 21:01:05.210825+00	0		
1488	199682	1842	17176329	0	2014-12-16 08:20:22.70675+00	0		
1535	199682	1833	17178409	0	2014-12-16 20:09:18.13515+00	0		
1603	199682	978	1443399	0	2014-12-16 23:51:03.490187+00	0		
1640	199682	1889	17176802	0	2014-12-17 05:49:35.498524+00	0		
1641	199682	1889	17176803	0	2014-12-17 05:49:35.498524+00	0		
1642	199682	1889	17176804	0	2014-12-17 05:49:35.498524+00	0		
1643	199682	1889	17176805	0	2014-12-17 05:49:35.498524+00	0		
1644	199682	1889	17176806	0	2014-12-17 05:49:35.498524+00	0		
1645	199682	1889	17176807	0	2014-12-17 05:49:35.498524+00	0		
1646	199682	1889	17176808	0	2014-12-17 05:49:35.498524+00	0		
1647	199682	1889	17176809	0	2014-12-17 05:49:35.498524+00	0		
1648	199682	1889	17176810	0	2014-12-17 05:49:35.498524+00	0		
1649	199682	1889	17176811	0	2014-12-17 05:49:35.498524+00	0		
1650	199682	1889	17176812	0	2014-12-17 05:49:35.498524+00	0		
1651	199682	1900	17179586	0	2014-12-17 07:34:30.704212+00	0		
1652	199682	1900	17179587	0	2014-12-17 07:34:30.704212+00	0		
1653	199682	1900	17179588	0	2014-12-17 07:34:30.704212+00	0		
1654	199682	1900	17179589	0	2014-12-17 07:34:30.704212+00	0		
1655	199682	1900	17179590	0	2014-12-17 07:34:30.704212+00	0		
1656	199682	1900	17179591	0	2014-12-17 07:34:30.704212+00	0		
1657	199682	1900	17179592	0	2014-12-17 07:34:30.704212+00	0		
1658	199682	1900	17179593	0	2014-12-17 07:34:30.704212+00	0		
1659	199682	1900	17179594	0	2014-12-17 07:34:30.704212+00	0		
1660	199682	1900	17179595	0	2014-12-17 07:34:30.704212+00	0		
1	199682	700	3697432	0	2014-11-18 18:33:28.25172+00	0		
2	199682	700	3697728	0	2014-11-18 18:33:28.25172+00	0		
3	199682	700	3705640	0	2014-11-18 18:33:28.25172+00	0		
4	199682	700	3705827	0	2014-11-18 18:33:28.25172+00	0		
1661	199682	1900	17179596	0	2014-12-17 07:34:30.704212+00	0		
1662	199682	1900	17179597	0	2014-12-17 07:34:30.704212+00	0		
1663	199682	1900	17179598	0	2014-12-17 07:34:30.704212+00	0		
1664	199682	1900	17179599	0	2014-12-17 07:34:30.704212+00	0		
1665	199682	1900	17179600	0	2014-12-17 07:34:30.704212+00	0		
1666	199682	1900	17179601	0	2014-12-17 07:34:30.704212+00	0		
1667	199682	1900	17179602	0	2014-12-17 07:34:30.704212+00	0		
1668	199682	1900	17179613	0	2014-12-17 07:34:30.704212+00	0		
1669	199682	1900	17179614	0	2014-12-17 07:34:30.704212+00	0		
1670	199682	1900	17179615	0	2014-12-17 07:34:30.704212+00	0		
1671	199682	1900	17179616	0	2014-12-17 07:34:30.704212+00	0		
1672	199682	1900	17179617	0	2014-12-17 07:34:30.704212+00	0		
1673	199682	1900	17179618	0	2014-12-17 07:34:30.704212+00	0		
1674	199682	1900	17179619	0	2014-12-17 07:34:30.704212+00	0		
1675	199682	1900	17179620	0	2014-12-17 07:34:30.704212+00	0		
1676	199682	1900	17179621	0	2014-12-17 07:34:30.704212+00	0		
1677	199682	1900	17179622	0	2014-12-17 07:34:30.704212+00	0		
1715	199682	1951	12731518	0	2014-12-17 18:40:56.12683+00	0		
1716	199682	1951	12731519	0	2014-12-17 18:40:56.12683+00	0		
1717	199682	1951	12731520	0	2014-12-17 18:40:56.12683+00	0		
1718	199682	1951	12731521	0	2014-12-17 18:40:56.12683+00	0		
1719	199682	1951	12731522	0	2014-12-17 18:40:56.12683+00	0		
1720	199682	1951	12731523	0	2014-12-17 18:40:56.12683+00	0		
1721	199682	1953	12731524	0	2014-12-17 18:40:56.12683+00	0		
1722	199682	1953	12731525	0	2014-12-17 18:40:56.12683+00	0		
1723	199682	1953	12731526	0	2014-12-17 18:40:56.12683+00	0		
1725	199682	1953	12731528	0	2014-12-17 18:40:56.12683+00	0		
1726	199682	1952	12731529	0	2014-12-17 18:40:56.12683+00	0		
1728	199682	1952	12731531	0	2014-12-17 18:40:56.12683+00	0		
1775	199682	1967	6473675	0	2014-12-18 20:02:24.018253+00	0		
1776	199682	1967	6473676	0	2014-12-18 20:02:24.018253+00	0		
1777	199682	1967	6473677	0	2014-12-18 20:02:24.018253+00	0		
1778	199682	1967	6473678	0	2014-12-18 20:02:24.018253+00	0		
1779	199682	1967	6473679	0	2014-12-18 20:02:24.018253+00	0		
1780	199682	1967	6473680	0	2014-12-18 20:02:24.018253+00	0		
1781	199682	1967	6473681	0	2014-12-18 20:02:24.018253+00	0		
1724	199682	1953	2025319	0	2014-12-17 18:40:56.12683+00	0		
1727	199682	1952	12731530	0	2014-12-17 18:40:56.12683+00	0		
1714	199682	1951	353947	0	2014-12-17 18:40:56.12683+00	0		
1208	199682	1553	17171574	0	2014-12-15 05:19:51.58186+00	0		
1239	199682	1806	17171627	0	2014-12-15 06:09:03.214062+00	0		
1240	199682	1806	17171628	0	2014-12-15 06:09:03.214062+00	0		
1241	199682	1806	17171629	0	2014-12-15 06:09:03.214062+00	0		
1242	199682	1806	17171630	0	2014-12-15 06:09:03.214062+00	0		
1243	199682	1806	17171631	0	2014-12-15 06:09:03.214062+00	0		
1244	199682	1806	17171632	0	2014-12-15 06:09:03.214062+00	0		
1245	199682	1806	17171633	0	2014-12-15 06:09:03.214062+00	0		
1420	199682	1844	17175932	0	2014-12-16 06:02:49.173508+00	0		
1421	199682	1844	17175933	0	2014-12-16 06:02:49.173508+00	0		
1422	199682	1844	17175934	0	2014-12-16 06:02:49.173508+00	0		
5	199682	99	16898350	0	2014-11-18 20:55:51.695906+00	0		
1423	199682	1844	17175935	0	2014-12-16 06:02:49.173508+00	0		
1424	199682	1844	17175936	0	2014-12-16 06:02:49.173508+00	0		
1425	199682	1844	17175937	0	2014-12-16 06:02:49.173508+00	0		
1426	199682	1844	17175938	0	2014-12-16 06:02:49.173508+00	0		
1427	199682	1844	17175939	0	2014-12-16 06:02:49.173508+00	0		
1428	199682	1844	17175940	0	2014-12-16 06:02:49.173508+00	0		
1429	199682	1844	17175941	0	2014-12-16 06:02:49.173508+00	0		
1430	199682	1844	17175942	0	2014-12-16 06:02:49.173508+00	0		
1431	199682	1844	17175943	0	2014-12-16 06:02:49.173508+00	0		
1432	199682	1844	17175944	0	2014-12-16 06:02:49.173508+00	0		
1433	199682	1844	17175945	0	2014-12-16 06:02:49.173508+00	0		
1497	199682	1842	17176372	0	2014-12-16 08:25:51.645827+00	0		
1515	199682	1851	17176568	0	2014-12-16 10:13:14.248418+00	0		
1604	199682	1869	376865	0	2014-12-17 00:01:00.402058+00	0		
1678	199682	1902	17179680	0	2014-12-17 08:15:40.499501+00	0		
1729	199682	1952	12731532	0	2014-12-17 18:40:56.12683+00	0		
1730	199682	1954	12731533	0	2014-12-17 18:40:56.12683+00	0		
1731	199682	1954	12731534	0	2014-12-17 18:40:56.12683+00	0		
1732	199682	1954	12731535	0	2014-12-17 18:40:56.12683+00	0		
1733	199682	1954	12731536	0	2014-12-17 18:40:56.12683+00	0		
1734	199682	1954	12731537	0	2014-12-17 18:40:56.12683+00	0		
1735	199682	1955	12731538	0	2014-12-17 18:40:56.12683+00	0		
1736	199682	1955	12731539	0	2014-12-17 18:40:56.12683+00	0		
1737	199682	1955	12731540	0	2014-12-17 18:40:56.12683+00	0		
1739	199682	1956	12731542	0	2014-12-17 18:40:56.12683+00	0		
1740	199682	1956	12731543	0	2014-12-17 18:40:56.12683+00	0		
1741	199682	1956	12731544	0	2014-12-17 18:40:56.12683+00	0		
1742	199682	1956	12731545	0	2014-12-17 18:40:56.12683+00	0		
1743	199682	1957	12731546	0	2014-12-17 18:40:56.12683+00	0		
1744	199682	1957	12731547	0	2014-12-17 18:40:56.12683+00	0		
1745	199682	1957	12731548	0	2014-12-17 18:40:56.12683+00	0		
1782	199682	1967	6473682	0	2014-12-18 20:02:24.018253+00	0		
1783	199682	1967	6473683	0	2014-12-18 20:02:24.018253+00	0		
1784	199682	1967	6473684	0	2014-12-18 20:02:24.018253+00	0		
1785	199682	1967	6473685	0	2014-12-18 20:02:24.018253+00	0		
1786	199682	1967	6473686	0	2014-12-18 20:02:24.018253+00	0		
1787	199682	1967	6473687	0	2014-12-18 20:02:24.018253+00	0		
1788	199682	1967	6473688	0	2014-12-18 20:02:24.018253+00	0		
1789	199682	1967	6473689	0	2014-12-18 20:02:24.018253+00	0		
1790	199682	1967	6473690	0	2014-12-18 20:02:24.018253+00	0		
1829	199682	1971	17183037	0	2014-12-18 23:05:22.399229+00	0		
1926	199682	1871	2328387	0	2014-12-19 22:48:02.101584+00	0		
2006	199682	2009	7663936	0	2014-12-22 18:57:58.518359+00	0		
2038	199682	2015	16578126	0	2014-12-22 23:13:44.544594+00	0		
1904	199682	1987	16549478	0	2014-12-19 18:22:51.049808+00	0		
1738	199682	1955	353962	0	2014-12-17 18:40:56.12683+00	0		
6	199682	96	16899141	0	2014-11-18 21:00:45.746128+00	0		
1209	199682	1553	17171575	0	2014-12-15 05:20:27.242439+00	0		
1265	199682	1808	15016664	0	2014-12-15 07:49:48.361904+00	0		
1266	199682	1808	15016665	0	2014-12-15 07:49:48.361904+00	0		
1267	199682	1808	15016666	0	2014-12-15 07:49:48.361904+00	0		
1268	199682	1808	15016667	0	2014-12-15 07:49:48.361904+00	0		
1269	199682	1808	15016668	0	2014-12-15 07:49:48.361904+00	0		
1270	199682	1808	15016669	0	2014-12-15 07:49:48.361904+00	0		
1271	199682	1808	15016670	0	2014-12-15 07:49:48.361904+00	0		
1272	199682	1808	15016671	0	2014-12-15 07:49:48.361904+00	0		
1273	199682	1808	15016672	0	2014-12-15 07:49:48.361904+00	0		
1274	199682	1808	15016673	0	2014-12-15 07:49:48.361904+00	0		
1275	199682	1808	15016674	0	2014-12-15 07:49:48.361904+00	0		
1385	199682	81	16893097	0	2014-12-15 22:10:51.764801+00	0		
1386	199682	81	16886729	0	2014-12-15 22:10:51.764801+00	0		
1387	199682	81	16886717	0	2014-12-15 22:10:51.764801+00	0		
1388	199682	81	16886667	0	2014-12-15 22:10:51.764801+00	0		
1445	199682	1845	17175959	0	2014-12-16 06:20:42.877757+00	0		
1446	199682	1845	17175960	0	2014-12-16 06:20:42.877757+00	0		
1447	199682	1845	17176017	0	2014-12-16 06:20:42.877757+00	0		
1448	199682	1845	17176018	0	2014-12-16 06:20:42.877757+00	0		
1449	199682	1845	17176019	0	2014-12-16 06:20:42.877757+00	0		
1450	199682	1845	17176020	0	2014-12-16 06:20:42.877757+00	0		
1451	199682	1845	17176021	0	2014-12-16 06:20:42.877757+00	0		
1452	199682	1845	17176022	0	2014-12-16 06:20:42.877757+00	0		
1453	199682	1845	17176023	0	2014-12-16 06:20:42.877757+00	0		
1454	199682	1845	17176024	0	2014-12-16 06:20:42.877757+00	0		
1455	199682	1845	17176025	0	2014-12-16 06:20:42.877757+00	0		
1456	199682	1845	17176026	0	2014-12-16 06:20:42.877757+00	0		
1457	199682	1845	17176027	0	2014-12-16 06:20:42.877757+00	0		
1458	199682	1845	17176028	0	2014-12-16 06:20:42.877757+00	0		
1489	199682	1842	17176342	0	2014-12-16 08:21:01.548951+00	0		
1516	199682	1851	17176569	0	2014-12-16 10:13:14.248418+00	0		
1517	199682	1851	17176581	0	2014-12-16 10:13:14.248418+00	0		
1518	199682	1851	17176593	0	2014-12-16 10:13:14.248418+00	0		
1519	199682	1851	17176594	0	2014-12-16 10:13:14.248418+00	0		
1520	199682	1851	17176595	0	2014-12-16 10:13:14.248418+00	0		
1521	199682	1851	17176596	0	2014-12-16 10:13:14.248418+00	0		
1522	199682	1851	17176597	0	2014-12-16 10:13:14.248418+00	0		
1523	199682	1851	17176598	0	2014-12-16 10:13:14.248418+00	0		
1710	199682	1920	17179839	0	2014-12-17 10:13:38.663836+00	0		
1711	199682	1920	17179841	0	2014-12-17 10:13:38.663836+00	0		
1712	199682	1920	17179843	0	2014-12-17 10:13:38.663836+00	0		
1713	199682	1920	17179845	0	2014-12-17 10:13:38.663836+00	0		
1746	199682	1877	353917	0	2014-12-17 18:49:38.814769+00	0		
1791	199682	1968	17185626	0	2014-12-18 21:04:35.022418+00	0		
1830	199682	1952	8469639	0	2014-12-18 23:05:29.188724+00	0		
1832	199682	1955	8469641	0	2014-12-18 23:05:29.188724+00	0		
1833	199682	1951	8469642	0	2014-12-18 23:05:29.188724+00	0		
1834	199682	1876	8469643	0	2014-12-18 23:05:29.188724+00	0		
1835	199682	1875	8469645	0	2014-12-18 23:05:29.188724+00	0		
1905	199682	1987	16549480	0	2014-12-19 18:23:27.188623+00	0		
1914	199682	1987	16549488	0	2014-12-19 18:46:04.363378+00	0		
1927	199682	1457	9734021	0	2014-12-19 22:51:40.822865+00	0		
2007	199682	2009	12180159	0	2014-12-22 18:59:00.795505+00	0		
2039	199682	2013	17204379	0	2014-12-22 23:16:13.325432+00	0		
2197	199682	2157	7115404	0	2015-01-01 05:42:50.963095+00	0		
2210	199682	2164	5968049	0	2015-01-01 20:57:22.619581+00	0		
2211	199682	2164	5968050	0	2015-01-01 20:57:22.619581+00	0		
2212	199682	2164	5968051	0	2015-01-01 20:57:22.619581+00	0		
2213	199682	2164	5968052	0	2015-01-01 20:57:22.619581+00	0		
2214	199682	2164	5968053	0	2015-01-01 20:57:22.619581+00	0		
2215	199682	2164	5968054	0	2015-01-01 20:57:22.619581+00	0		
2216	199682	2164	5968055	0	2015-01-01 20:57:22.619581+00	0		
2230	199682	2172	2673622	0	2015-01-03 00:01:11.166514+00	0		
2234	199682	1829	17259963	0	2015-01-05 21:15:07.776482+00	0		
2241	199682	1987	13310219	0	2015-01-05 23:42:23.015957+00	0		
2235	199682	1974	2936238	0	2015-01-05 22:51:29.052976+00	0		
2268	199682	2015	17260892	0	2015-01-06 01:45:04.16126+00	0		
1210	199682	1553	17171576	0	2014-12-15 05:20:59.759696+00	0		
1211	199682	1553	17171577	0	2014-12-15 05:21:33.437248+00	0		
1222	199682	1553	17171598	0	2014-12-15 05:28:16.017734+00	0		
1276	199682	1809	17171818	0	2014-12-15 08:18:51.50948+00	0		
1277	199682	1809	17171819	0	2014-12-15 08:18:51.50948+00	0		
1278	199682	1809	17171826	0	2014-12-15 08:18:51.50948+00	0		
1279	199682	1809	17171827	0	2014-12-15 08:18:51.50948+00	0		
1280	199682	1809	17171828	0	2014-12-15 08:18:51.50948+00	0		
1281	199682	1809	17171829	0	2014-12-15 08:18:51.50948+00	0		
1282	199682	1809	17171830	0	2014-12-15 08:18:51.50948+00	0		
1283	199682	1809	17171837	0	2014-12-15 08:18:51.50948+00	0		
1284	199682	1809	17171850	0	2014-12-15 08:18:51.50948+00	0		
1285	199682	1809	17171851	0	2014-12-15 08:18:51.50948+00	0		
1286	199682	1809	17171852	0	2014-12-15 08:18:51.50948+00	0		
1287	199682	1809	17171853	0	2014-12-15 08:18:51.50948+00	0		
1288	199682	1809	17171854	0	2014-12-15 08:18:51.50948+00	0		
1289	199682	1809	17171855	0	2014-12-15 08:18:51.50948+00	0		
1290	199682	1809	17171856	0	2014-12-15 08:18:51.50948+00	0		
1291	199682	1809	17171857	0	2014-12-15 08:18:51.50948+00	0		
1292	199682	1809	17171858	0	2014-12-15 08:18:51.50948+00	0		
1293	199682	1809	17171859	0	2014-12-15 08:18:51.50948+00	0		
1294	199682	1809	17171860	0	2014-12-15 08:18:51.50948+00	0		
1389	199682	962	1677988	0	2014-12-15 22:40:16.364055+00	0		
1490	199682	1842	17176359	0	2014-12-16 08:22:12.221468+00	0		
1496	199682	1842	17176371	0	2014-12-16 08:25:20.774143+00	0		
1504	199682	1842	17176380	0	2014-12-16 08:29:16.581789+00	0		
1524	199682	1851	17176599	0	2014-12-16 10:13:14.248418+00	0		
1525	199682	1851	17176600	0	2014-12-16 10:13:14.248418+00	0		
1526	199682	1851	17176601	0	2014-12-16 10:13:14.248418+00	0		
1527	199682	1851	17176610	0	2014-12-16 10:13:14.248418+00	0		
1528	199682	1851	17176611	0	2014-12-16 10:13:14.248418+00	0		
1529	199682	1851	17176612	0	2014-12-16 10:13:14.248418+00	0		
1530	199682	1851	17176620	0	2014-12-16 10:13:14.248418+00	0		
1531	199682	1851	17176621	0	2014-12-16 10:13:14.248418+00	0		
1532	199682	1851	17176632	0	2014-12-16 10:13:14.248418+00	0		
1537	199682	1862	17178482	0	2014-12-16 20:25:29.1763+00	0		
1703	199682	1920	17179826	0	2014-12-17 10:13:38.663836+00	0		
1704	199682	1920	17179828	0	2014-12-17 10:13:38.663836+00	0		
1705	199682	1920	17179830	0	2014-12-17 10:13:38.663836+00	0		
1706	199682	1920	17179832	0	2014-12-17 10:13:38.663836+00	0		
1707	199682	1920	17179834	0	2014-12-17 10:13:38.663836+00	0		
1708	199682	1920	17179836	0	2014-12-17 10:13:38.663836+00	0		
1709	199682	1920	17179837	0	2014-12-17 10:13:38.663836+00	0		
2217	199682	2164	5968056	0	2015-01-01 20:57:22.619581+00	0		
2218	199682	2164	5968057	0	2015-01-01 20:57:22.619581+00	0		
2219	199682	2164	5968058	0	2015-01-01 20:57:22.619581+00	0		
2220	199682	2164	5968059	0	2015-01-01 20:57:22.619581+00	0		
2221	199682	2164	5968060	0	2015-01-01 20:57:22.619581+00	0		
2222	199682	2164	5968061	0	2015-01-01 20:57:22.619581+00	0		
2223	199682	2171	11385917	0	2015-01-02 05:02:44.378745+00	0		
2224	199682	2171	11385918	0	2015-01-02 05:02:44.378745+00	0		
2225	199682	2171	11385919	0	2015-01-02 05:02:44.378745+00	0		
2226	199682	2171	11385920	0	2015-01-02 05:02:44.378745+00	0		
2227	199682	2171	11385921	0	2015-01-02 05:02:44.378745+00	0		
2228	199682	2171	11385922	0	2015-01-02 05:02:44.378745+00	0		
2229	199682	2171	2712464	0	2015-01-02 05:02:44.378745+00	0		
2061	199682	2087	13552174	0	2014-12-28 06:01:14.447616+00	0		
2088	199682	2089	13548609	0	2014-12-28 06:57:08.494192+00	0		
2089	199682	2089	13548610	0	2014-12-28 06:57:08.494192+00	0		
2090	199682	2089	13548611	0	2014-12-28 06:57:08.494192+00	0		
2091	199682	2089	13548612	0	2014-12-28 06:57:08.494192+00	0		
2092	199682	2089	13548613	0	2014-12-28 06:57:08.494192+00	0		
2093	199682	2089	13548614	0	2014-12-28 06:57:08.494192+00	0		
2094	199682	2089	13548615	0	2014-12-28 06:57:08.494192+00	0		
2095	199682	2089	13548616	0	2014-12-28 06:57:08.494192+00	0		
2096	199682	2089	13548617	0	2014-12-28 06:57:08.494192+00	0		
2097	199682	2089	13548618	0	2014-12-28 06:57:08.494192+00	0		
2098	199682	2089	13548619	0	2014-12-28 06:57:08.494192+00	0		
2099	199682	2089	13548620	0	2014-12-28 06:57:08.494192+00	0		
2231	199682	391	1150328	0	2015-01-05 10:51:24.530438+00	0		
2269	199682	391	5224846	0	2015-01-06 12:01:34.894831+00	0		
2270	199682	391	5224847	0	2015-01-06 12:01:34.894831+00	0		
2417	199682	2198	17288005	0	2015-01-12 05:38:21.093398+00	0		
2418	199682	2198	17288006	0	2015-01-12 05:38:21.093398+00	0		
2419	199682	2198	17288007	0	2015-01-12 05:38:21.093398+00	0		
2420	199682	2198	17288008	0	2015-01-12 05:38:21.093398+00	0		
2421	199682	2198	17288013	0	2015-01-12 05:38:21.093398+00	0		
2422	199682	2198	17288014	0	2015-01-12 05:38:21.093398+00	0		
1212	199682	1553	17171578	0	2014-12-15 05:22:05.056717+00	0		
1295	199682	1551	17171874	0	2014-12-15 08:28:09.981266+00	0		
2423	199682	2198	17288047	0	2015-01-12 05:38:21.093398+00	0		
1390	199682	962	1677994	0	2014-12-15 22:41:07.249401+00	0		
268	199682	964	6152661	0	2014-11-25 17:45:10.106222+00	0		
267	199682	963	6152660	0	2014-11-25 17:45:10.106222+00	0		
273	199682	964	6152666	0	2014-11-25 17:45:10.106222+00	0		
272	199682	964	6152665	0	2014-11-25 17:45:10.106222+00	0		
274	199682	964	6152667	0	2014-11-25 17:45:10.106222+00	0		
276	199682	964	6152669	0	2014-11-25 17:45:10.106222+00	0		
266	199682	963	6152659	0	2014-11-25 17:45:10.106222+00	0		
269	199682	964	6152662	0	2014-11-25 17:45:10.106222+00	0		
271	199682	964	6152664	0	2014-11-25 17:45:10.106222+00	0		
1491	199682	1842	17176366	0	2014-12-16 08:22:43.728583+00	0		
1536	199682	1862	17178481	0	2014-12-16 20:24:47.594489+00	0		
1538	199682	1862	17178483	0	2014-12-16 20:25:38.255531+00	0		
1747	199682	1958	12075162	0	2014-12-17 19:05:27.907838+00	0		
1748	199682	1958	12075163	0	2014-12-17 19:05:27.907838+00	0		
1749	199682	1958	12075164	0	2014-12-17 19:05:27.907838+00	0		
1750	199682	962	12075175	0	2014-12-17 19:05:27.907838+00	0		
1792	199682	1829	17185634	0	2014-12-18 21:14:10.42231+00	0		
1837	199682	1971	17183042	0	2014-12-18 23:06:05.380292+00	0		
2009	199682	1988	3834156	0	2014-12-22 19:00:08.894048+00	0		
2232	199682	391	1150327	0	2015-01-05 10:52:16.865499+00	0		
2271	199682	1958	5361562	0	2015-01-06 18:19:22.709256+00	0		
2282	199682	2179	17264248	0	2015-01-06 22:43:09.230724+00	0		
461	199682	986	17102536	0	2014-11-26 15:02:19.745134+00	0		
2341	199682	2190	2060564	0	2015-01-08 01:22:58.044028+00	0		
2116	199682	978	14728428	0	2014-12-30 20:28:30.522977+00	0		
2355	199682	978	4673338	0	2015-01-08 21:56:39.38918+00	0		
2383	199682	1820	9471472	0	2015-01-08 22:12:08.879744+00	0		
2384	199682	1871	9496848	0	2015-01-08 22:37:12.559904+00	0		
2385	199682	1485	16240150	0	2015-01-08 23:53:00.886859+00	0		
2386	199682	1871	12439777	0	2015-01-08 23:55:17.209072+00	0		
2388	199682	978	4341752	0	2015-01-09 20:16:21.621781+00	0		
2389	199682	978	4673342	0	2015-01-09 20:18:10.346891+00	0		
2390	199682	2194	353555	0	2015-01-09 20:24:15.028344+00	0		
2391	199682	2178	15905448	0	2015-01-09 21:48:34.604592+00	0		
2392	199682	1973	683212	0	2015-01-09 22:15:30.369156+00	0		
2393	199682	1973	1261341	0	2015-01-09 22:38:55.77055+00	0		
217	199682	781	16494681	0	2014-11-20 12:26:23.62899+00	0		
218	199682	780	16494670	0	2014-11-20 12:32:27.718761+00	0		
2403	199682	2197	17288071	0	2015-01-12 05:29:22.567724+00	0		
2404	199682	2197	17288072	0	2015-01-12 05:29:22.567724+00	0		
476	199682	1013	17106793	0	2014-11-27 21:42:04.380748+00	0		
477	199682	1013	17106794	0	2014-11-27 21:42:04.380748+00	0		
2405	199682	2197	17288073	0	2015-01-12 05:29:22.567724+00	0		
478	199682	1013	17106795	0	2014-11-27 21:42:04.380748+00	0		
2394	199682	2196	17286728	0	2015-01-11 23:59:03.425631+00	0		
479	199682	1013	17106796	0	2014-11-27 21:42:04.380748+00	0		
2395	199682	2196	17286729	0	2015-01-11 23:59:03.425631+00	0		
480	199682	1013	17106797	0	2014-11-27 21:42:04.380748+00	0		
2396	199682	2196	17286730	0	2015-01-11 23:59:03.425631+00	0		
209	199682	1221	2650782	0	2014-11-19 10:47:37.177205+00	0		
2397	199682	2196	17286731	0	2015-01-11 23:59:03.425631+00	0		
173	199682	1234	3460268	0	2014-11-19 10:12:42.168143+00	0		
2398	199682	2196	17286732	0	2015-01-11 23:59:03.425631+00	0		
174	199682	1234	3460269	0	2014-11-19 10:12:42.168143+00	0		
2399	199682	2196	17286733	0	2015-01-11 23:59:03.425631+00	0		
175	199682	1234	3460270	0	2014-11-19 10:12:42.168143+00	0		
2400	199682	2196	17286734	0	2015-01-11 23:59:03.425631+00	0		
176	199682	1234	3460271	0	2014-11-19 10:12:42.168143+00	0		
2401	199682	2196	17286735	0	2015-01-11 23:59:03.425631+00	0		
2402	199682	2196	17286736	0	2015-01-11 23:59:03.425631+00	0		
2424	199682	2198	17288048	0	2015-01-12 05:38:21.093398+00	0		
2425	199682	2198	17288054	0	2015-01-12 05:38:21.093398+00	0		
2426	199682	2198	17288055	0	2015-01-12 05:38:21.093398+00	0		
2427	199682	2199	17288477	0	2015-01-12 06:40:18.387465+00	0		
2428	199682	2199	17288478	0	2015-01-12 06:40:18.387465+00	0		
2429	199682	2199	17288479	0	2015-01-12 06:40:18.387465+00	0		
2430	199682	2199	17288480	0	2015-01-12 06:40:18.387465+00	0		
2431	199682	2199	17288481	0	2015-01-12 06:40:18.387465+00	0		
2432	199682	2199	17288482	0	2015-01-12 06:40:18.387465+00	0		
2433	199682	2199	17288483	0	2015-01-12 06:40:18.387465+00	0		
2434	199682	2199	17288484	0	2015-01-12 06:40:18.387465+00	0		
2435	199682	2199	17288485	0	2015-01-12 06:40:18.387465+00	0		
2436	199682	2199	17288486	0	2015-01-12 06:40:18.387465+00	0		
2437	199682	2199	17288487	0	2015-01-12 06:40:18.387465+00	0		
2438	199682	2199	17288494	0	2015-01-12 06:40:18.387465+00	0		
2439	199682	2199	17288495	0	2015-01-12 06:40:18.387465+00	0		
1906	199682	1987	16549482	0	2014-12-19 18:24:14.346739+00	0		
2283	199682	2179	17264236	0	2015-01-06 22:43:09.230724+00	0		
2242	199682	2178	15905447	0	2015-01-05 23:45:29.424939+00	0		
2387	199682	1866	3975529	0	2015-01-09 20:12:49.420164+00	0		
2406	199682	2197	17288074	0	2015-01-12 05:29:22.567724+00	0		
2407	199682	2197	17288075	0	2015-01-12 05:29:22.567724+00	0		
2408	199682	2197	17288076	0	2015-01-12 05:29:22.567724+00	0		
2409	199682	2197	17288077	0	2015-01-12 05:29:22.567724+00	0		
2410	199682	2197	17288078	0	2015-01-12 05:29:22.567724+00	0		
2411	199682	2197	17288079	0	2015-01-12 05:29:22.567724+00	0		
2412	199682	2197	17288080	0	2015-01-12 05:29:22.567724+00	0		
2413	199682	2197	17288081	0	2015-01-12 05:29:22.567724+00	0		
2414	199682	2197	17288082	0	2015-01-12 05:29:22.567724+00	0		
2415	199682	2197	17288083	0	2015-01-12 05:29:22.567724+00	0		
2416	199682	2197	17288084	0	2015-01-12 05:29:22.567724+00	0		
177	199682	1234	3460272	0	2014-11-19 10:12:42.168143+00	0		
488	199682	1302	16679172	0	2014-12-01 16:42:47.811684+00	0		
178	199682	1234	3460273	0	2014-11-19 10:12:42.168143+00	0		
489	199682	1302	16679173	0	2014-12-01 16:42:47.811684+00	0		
179	199682	1234	3460274	0	2014-11-19 10:12:42.168143+00	0		
490	199682	1302	16679174	0	2014-12-01 16:42:47.811684+00	0		
180	199682	1234	3460275	0	2014-11-19 10:12:42.168143+00	0		
491	199682	1302	16679175	0	2014-12-01 16:42:47.811684+00	0		
181	199682	1234	3460276	0	2014-11-19 10:12:42.168143+00	0		
492	199682	1302	16679176	0	2014-12-01 16:42:47.811684+00	0		
182	199682	1234	3460277	0	2014-11-19 10:12:42.168143+00	0		
493	199682	1302	16679177	0	2014-12-01 16:42:47.811684+00	0		
183	199682	1234	3460278	0	2014-11-19 10:12:42.168143+00	0		
494	199682	1302	16679178	0	2014-12-01 16:42:47.811684+00	0		
184	199682	1234	3460279	0	2014-11-19 10:12:42.168143+00	0		
495	199682	1302	16679179	0	2014-12-01 16:42:47.811684+00	0		
185	199682	1234	3460280	0	2014-11-19 10:12:42.168143+00	0		
496	199682	1302	16679180	0	2014-12-01 16:42:47.811684+00	0		
186	199682	1234	3460281	0	2014-11-19 10:12:42.168143+00	0		
497	199682	1302	16679181	0	2014-12-01 16:42:47.811684+00	0		
7	199682	1253	3179459	0	2014-11-19 09:24:19.376093+00	0		
498	199682	1302	16679182	0	2014-12-01 16:42:47.811684+00	0		
189	199682	1253	3179460	0	2014-11-19 10:23:24.281215+00	0		
499	199682	1302	16679183	0	2014-12-01 16:42:47.811684+00	0		
188	199682	1253	3179458	0	2014-11-19 10:23:24.281215+00	0		
500	199682	1302	16679184	0	2014-12-01 16:42:47.811684+00	0		
501	199682	1302	16679185	0	2014-12-01 16:42:47.811684+00	0		
502	199682	1302	16679186	0	2014-12-01 16:42:47.811684+00	0		
504	199682	1396	17124834	0	2014-12-02 12:07:52.328583+00	0		
505	199682	1396	17124835	0	2014-12-02 12:07:52.328583+00	0		
506	199682	1396	17124836	0	2014-12-02 12:07:52.328583+00	0		
1539	199682	1862	17178484	0	2014-12-16 20:27:28.090893+00	0		
2040	199682	2048	17207564	0	2014-12-23 22:15:14.433244+00	0		
2041	199682	2048	17207565	0	2014-12-23 22:15:14.433244+00	0		
481	199682	1292	14696908	0	2014-11-30 11:29:46.25722+00	0		
503	199682	1341	17122929	0	2014-12-01 20:09:49.707602+00	0		
219	199682	944	15681708	0	2014-11-25 03:03:51.81125+00	0		
220	199682	944	15681709	0	2014-11-25 03:03:51.81125+00	0		
221	199682	944	15681710	0	2014-11-25 03:03:51.81125+00	0		
222	199682	944	15681711	0	2014-11-25 03:03:51.81125+00	0		
