1	199469	5	2767185	0	2014-11-17 22:01:43.272856+00	0		
2	199469	5	2767186	0	2014-11-17 22:01:43.272856+00	0		
31	199490	155	2767308	0	2014-11-17 23:05:44.317685+00	0		
817	199469	2174	2874080	0	2015-01-04 14:23:09.7023+00	0		
609	199469	1814	2824043	0	2014-12-18 06:00:01.458233+00	0		
69	199490	196	2767454	0	2014-11-17 23:43:39.629807+00	0		
6	199481	66	2767219	0	2014-11-17 22:29:18.632063+00	0		
7	199482	66	2767220	0	2014-11-17 22:29:18.632063+00	0		
645	199469	2013	2831082	0	2014-12-22 22:54:02.760885+00	0		
71	199490	198	2767456	0	2014-11-17 23:45:23.447612+00	0		
9	199472	89	2767236	0	2014-11-17 22:35:58.269816+00	0		
12	216533	117	2833835	0	2014-11-17 22:43:34.675066+00	0		
610	199469	1964	2824595	0	2014-12-18 17:23:41.325239+00	0		
646	199472	2014	2661938	0	2014-12-22 23:01:03.166939+00	0		
73	199490	200	2767458	0	2014-11-17 23:46:50.125409+00	0		
13	199472	119	2767259	0	2014-11-17 22:44:01.420291+00	0		
14	199472	138	2767277	0	2014-11-17 22:53:24.525455+00	0		
75	199490	202	2767461	0	2014-11-17 23:48:00.354339+00	0		
15	199490	139	2767289	0	2014-11-17 22:57:48.615097+00	0		
16	199490	140	2767290	0	2014-11-17 22:58:35.903075+00	0		
17	199472	141	2767291	0	2014-11-17 22:58:38.199879+00	0		
76	199490	203	2767462	0	2014-11-17 23:48:58.38999+00	0		
18	199490	142	2767292	0	2014-11-17 22:59:15.017587+00	0		
19	199490	143	2767293	0	2014-11-17 22:59:50.920347+00	0		
554	200755	1673	2805538	0	2014-12-12 11:29:35.580613+00	0		
20	199490	144	2767295	0	2014-11-17 23:00:28.40122+00	0		
630	216533	2001	2830094	0	2014-12-22 09:15:22.838282+00	0		
21	199490	145	2767296	0	2014-11-17 23:01:04.949762+00	0		
22	199490	146	2767298	0	2014-11-17 23:01:45.23636+00	0		
556	200755	1677	2805540	0	2014-12-12 11:32:50.142122+00	0		
23	199472	147	2767299	0	2014-11-17 23:01:49.349664+00	0		
80	199490	207	2767468	0	2014-11-17 23:52:09.727328+00	0		
24	199490	148	2767300	0	2014-11-17 23:02:34.873273+00	0		
25	199490	149	2767302	0	2014-11-17 23:03:09.010087+00	0		
26	199490	150	2767303	0	2014-11-17 23:03:29.609444+00	0		
82	199490	209	2767471	0	2014-11-17 23:53:32.621295+00	0		
27	199472	151	2767304	0	2014-11-17 23:03:49.652073+00	0		
28	199490	152	2767305	0	2014-11-17 23:04:01.059563+00	0		
29	199490	153	2767306	0	2014-11-17 23:04:20.768789+00	0		
78	199490	205	2767465	0	2014-11-17 23:50:47.363874+00	0		
30	199490	154	2767307	0	2014-11-17 23:05:10.368609+00	0		
32	199490	156	2767309	0	2014-11-17 23:06:14.050555+00	0		
33	199490	157	2767310	0	2014-11-17 23:06:51.758483+00	0		
34	199490	158	2767314	0	2014-11-17 23:07:53.778085+00	0		
35	199490	159	2767317	0	2014-11-17 23:09:10.121213+00	0		
819	199481	2155	2874091	0	2015-01-04 14:34:14.583577+00	0		
36	199490	160	2767318	0	2014-11-17 23:09:46.16571+00	0		
96	199490	222	2767489	0	2014-11-18 00:02:03.785883+00	0		
37	199490	161	2767322	0	2014-11-17 23:10:14.851781+00	0		
38	199490	162	2767328	0	2014-11-17 23:11:51.060269+00	0		
39	199490	163	2767333	0	2014-11-17 23:12:52.153128+00	0		
98	199490	224	2767491	0	2014-11-18 00:03:16.244946+00	0		
40	199490	164	2767338	0	2014-11-17 23:13:49.747126+00	0		
41	199490	165	2767343	0	2014-11-17 23:14:36.952407+00	0		
83	199490	210	2767472	0	2014-11-17 23:54:00.051014+00	0		
616	199472	1994	2826139	0	2014-12-20 00:00:37.167392+00	0		
85	199490	212	2767474	0	2014-11-17 23:54:54.921719+00	0		
87	199490	214	2767479	0	2014-11-17 23:56:34.256146+00	0		
662	199472	2052	2834169	0	2014-12-24 17:23:12.427372+00	0		
89	199490	216	2767481	0	2014-11-17 23:58:04.079436+00	0		
617	199469	1995	2826331	0	2014-12-20 05:02:28.792737+00	0		
91	199490	218	2767484	0	2014-11-17 23:59:25.616387+00	0		
99	199490	225	2767492	0	2014-11-18 00:04:00.495431+00	0		
101	199490	227	2767497	0	2014-11-18 00:05:29.849404+00	0		
104	199490	230	2767500	0	2014-11-18 00:07:43.066317+00	0		
618	199469	1996	2827033	0	2014-12-20 16:08:18.752879+00	0		
106	199490	233	2767506	0	2014-11-18 00:09:10.977234+00	0		
108	199490	235	2767511	0	2014-11-18 00:10:43.385028+00	0		
682	200755	2072	2838712	0	2014-12-27 14:06:04.233505+00	0		
110	199490	238	2767517	0	2014-11-18 00:12:53.287618+00	0		
621	199469	1993	2827956	0	2014-12-21 06:20:23.503728+00	0		
112	199490	240	2767523	0	2014-11-18 00:15:32.788675+00	0		
114	199490	242	2767525	0	2014-11-18 00:16:32.254711+00	0		
660	199469	1881	2833346	0	2014-12-24 02:54:10.58661+00	0		
622	200030	1999	2828541	0	2014-12-21 13:58:31.316087+00	0		
623	199469	1821	2829420	0	2014-12-21 21:22:57.472804+00	0		
613	199469	183	2825209	0	2014-12-19 06:06:19.343517+00	0		
625	199469	1817	2829576	0	2014-12-22 00:16:19.905172+00	0		
661	199482	1871	1950874	0	2014-12-24 07:17:33.236997+00	0		
663	199472	2053	2834442	0	2014-12-24 23:18:48.055707+00	0		
615	199469	1984	2825685	0	2014-12-19 13:50:20.306119+00	0		
809	199469	2161	2865923	0	2015-01-01 11:21:17.475864+00	0		
810	199472	2165	2868552	0	2015-01-01 21:40:35.541063+00	0		
818	199469	2174	2874081	0	2015-01-04 14:23:09.7023+00	0		
816	199469	2173	2872282	0	2015-01-03 17:53:46.146705+00	0		
708	200755	2090	2841144	0	2014-12-28 10:24:30.645676+00	0		
737	200755	2105	2841303	0	2014-12-28 12:13:16.102291+00	0		
738	200030	2105	2841304	0	2014-12-28 12:13:16.102291+00	0		
631	199481	2005	2830744	0	2014-12-22 17:41:36.18076+00	0		
820	199482	2155	2874092	0	2015-01-04 14:34:14.583577+00	0		
821	199472	2175	2875777	0	2015-01-05 16:57:03.137524+00	0		
92	199490	219	2767485	0	2014-11-18 00:00:02.206667+00	0		
10	216533	112	2767252	0	2014-11-17 22:42:33.492359+00	0		
11	216533	113	2767253	0	2014-11-17 22:42:35.299252+00	0		
647	200000	1628	2830801	0	2014-12-23 12:44:41.409851+00	0		
815	200000	2171	2870206	0	2015-01-02 05:06:10.599536+00	0		
675	200755	2062	2835572	0	2014-12-26 06:24:31.494125+00	0		
683	200030	2072	2838713	0	2014-12-27 14:06:04.233505+00	0		
709	200030	2090	2841145	0	2014-12-28 10:24:30.645676+00	0		
766	216533	2124	2844887	0	2014-12-29 18:54:39.487254+00	0		
8	216533	78	2833836	0	2014-11-17 22:32:57.767963+00	0		
765	199469	2122	2843457	0	2014-12-29 10:13:42.988435+00	0		
769	199469	2126	2845197	0	2014-12-30 00:57:53.713355+00	0		
770	199469	2126	2845198	0	2014-12-30 00:57:53.713355+00	0		
44	199490	168	2767366	0	2014-11-17 23:19:51.593777+00	0		
93	199469	210	2767486	0	2014-11-18 00:00:05.648308+00	0		
45	199490	169	2767373	0	2014-11-17 23:20:47.692976+00	0		
46	199490	170	2767379	0	2014-11-17 23:21:48.510209+00	0		
555	200755	1674	2805539	0	2014-12-12 11:30:58.514004+00	0		
47	199490	171	2767381	0	2014-11-17 23:22:17.018735+00	0		
48	199490	172	2767383	0	2014-11-17 23:22:53.514585+00	0		
49	199490	173	2767387	0	2014-11-17 23:23:24.82099+00	0		
50	199490	174	2767392	0	2014-11-17 23:24:02.242217+00	0		
51	199490	175	2767396	0	2014-11-17 23:24:31.844449+00	0		
52	199490	176	2767400	0	2014-11-17 23:25:26.58007+00	0		
53	199490	177	2767406	0	2014-11-17 23:26:23.05643+00	0		
100	199490	226	2767493	0	2014-11-18 00:04:45.066206+00	0		
54	199490	178	2767417	0	2014-11-17 23:27:53.954838+00	0		
55	199490	179	2767423	0	2014-11-17 23:29:03.974218+00	0		
619	199469	1997	2827462	0	2014-12-20 19:28:27.919184+00	0		
56	199490	180	2767427	0	2014-11-17 23:29:49.343043+00	0		
57	199490	182	2767433	0	2014-11-17 23:33:21.67518+00	0		
1032	200000	2401	2920216	0	2015-02-02 07:59:22.323206+00	0		
58	199490	183	2767435	0	2014-11-17 23:34:29.485073+00	0		
624	199469	1818	2829426	0	2014-12-21 21:26:44.134634+00	0		
59	199490	184	2767437	0	2014-11-17 23:35:19.500647+00	0		
60	199490	185	2767438	0	2014-11-17 23:36:15.81361+00	0		
61	199490	186	2767439	0	2014-11-17 23:36:59.833886+00	0		
626	199469	1823	2829593	0	2014-12-22 00:52:57.822571+00	0		
62	199490	188	2767441	0	2014-11-17 23:38:15.891234+00	0		
63	199490	189	2767444	0	2014-11-17 23:39:02.806333+00	0		
64	199490	190	2767446	0	2014-11-17 23:40:01.850317+00	0		
65	199490	191	2767449	0	2014-11-17 23:40:53.560667+00	0		
1044	200000	2413	2920216	0	2015-02-02 09:05:35.62612+00	0		
66	199490	193	2767450	0	2014-11-17 23:41:22.209423+00	0		
67	199490	194	2767452	0	2014-11-17 23:42:07.391419+00	0		
68	199490	195	2767453	0	2014-11-17 23:42:35.072878+00	0		
70	199490	197	2767455	0	2014-11-17 23:44:17.574539+00	0		
1068	200000	2027	2924044	0	2015-02-04 21:11:39.590744+00	0		
72	199490	199	2767457	0	2014-11-17 23:46:04.643748+00	0		
74	199490	201	2767460	0	2014-11-17 23:47:28.100638+00	0		
77	199490	204	2767464	0	2014-11-17 23:49:39.461345+00	0		
611	199469	1965	2824694	0	2014-12-18 19:26:25.370018+00	0		
79	199490	206	2767467	0	2014-11-17 23:51:32.907695+00	0		
81	199490	208	2767470	0	2014-11-17 23:52:46.569683+00	0		
1081	200000	2040	2924044	0	2015-02-04 21:24:46.388413+00	0		
84	199490	211	2767473	0	2014-11-17 23:54:19.640588+00	0		
86	199490	213	2767477	0	2014-11-17 23:55:46.605938+00	0		
88	199490	215	2767480	0	2014-11-17 23:57:28.815296+00	0		
90	199490	217	2767482	0	2014-11-17 23:58:40.320642+00	0		
102	199490	228	2767498	0	2014-11-18 00:06:18.194961+00	0		
1112	200000	2455	2920514	0	2015-02-08 03:30:37.28552+00	0		
103	199490	229	2767499	0	2014-11-18 00:06:59.921154+00	0		
105	199490	232	2767502	0	2014-11-18 00:08:25.313588+00	0		
107	199490	234	2767508	0	2014-11-18 00:09:55.923277+00	0		
109	199490	237	2767513	0	2014-11-18 00:11:49.80671+00	0		
1173	200000	1939	2929759	0	2015-02-08 22:19:25.821016+00	0		
111	199490	239	2767519	0	2014-11-18 00:14:35.465718+00	0		
113	199490	241	2767524	0	2014-11-18 00:16:05.162161+00	0		
115	199490	243	2767526	0	2014-11-18 00:16:51.049985+00	0		
116	199469	236	2767527	0	2014-11-18 00:17:08.992079+00	0		
632	200000	1616	2830801	0	2014-12-22 18:39:34.652313+00	0		
1184	200000	1950	2929759	0	2015-02-08 23:55:52.24019+00	0		
951	200000	2351	2907913	0	2015-01-27 11:08:47.153831+00	0		
648	200000	1629	2830801	0	2014-12-23 12:45:10.409529+00	0		
664	200042	2054	2834453	0	2014-12-24 23:34:25.164807+00	0		
665	199472	2054	2834454	0	2014-12-24 23:34:25.164807+00	0		
666	200000	2054	2834455	0	2014-12-24 23:34:25.164807+00	0		
811	199472	2167	2869314	0	2015-01-01 22:01:09.714983+00	0		
676	200755	2063	2835575	0	2014-12-26 06:42:57.310272+00	0		
684	200030	2073	2838729	0	2014-12-27 14:13:35.511763+00	0		
685	200755	2073	2838730	0	2014-12-27 14:13:35.511763+00	0		
710	200755	2091	2841154	0	2014-12-28 10:32:00.662699+00	0		
739	200755	2106	2841309	0	2014-12-28 12:14:41.533625+00	0		
740	200030	2106	2841310	0	2014-12-28 12:14:41.533625+00	0		
767	199469	2125	2844908	0	2014-12-29 19:16:44.153798+00	0		
768	199469	2125	2844909	0	2014-12-29 19:16:44.153798+00	0		
771	199469	2126	2845199	0	2014-12-30 00:57:53.713355+00	0		
772	199469	2126	2845200	0	2014-12-30 00:57:53.713355+00	0		
773	199469	2127	2845202	0	2014-12-30 00:59:56.128079+00	0		
774	199469	2127	2845203	0	2014-12-30 00:59:56.128079+00	0		
775	199469	2127	2845204	0	2014-12-30 00:59:56.128079+00	0		
776	199469	2127	2845205	0	2014-12-30 00:59:56.128079+00	0		
97	199490	223	2767490	0	2014-11-18 00:02:32.201394+00	0		
1310	199472	3312	3038845	0	2015-03-30 18:41:43.582298+00	0		
95	199490	2154	2767488	0	2014-11-18 00:01:27.964778+00	0		
886	200755	553	2888337	0	2015-01-13 21:55:02.267739+00	0		
903	200000	2250	2889416	0	2015-01-14 14:01:57.672528+00	0		
843	199469	282	2885910	0	2015-01-12 12:20:32.804327+00	0		
857	199469	265	2885927	0	2015-01-12 12:24:24.254855+00	0		
1338	199469	3350	3050246	0	2015-04-06 23:27:20.725529+00	0		
1317	200000	3316	3039753	0	2015-03-31 06:08:59.540466+00	0		
981	200000	1852	2918780	0	2015-02-01 12:28:48.59319+00	0		
992	200000	2386	2918805	0	2015-02-01 17:55:59.633638+00	0		
1318	200000	3323	3039793	0	2015-03-31 06:37:53.075252+00	0		
1265	199472	3216	3027585	0	2015-03-24 17:20:21.57316+00	0		
1006	200000	1856	2920193	0	2015-02-02 05:09:18.603751+00	0		
1018	200000	1890	2920193	0	2015-02-02 05:31:05.612683+00	0		
1026	200000	1898	2920193	0	2015-02-02 05:43:48.137593+00	0		
1126	200000	1912	2928497	0	2015-02-08 05:26:16.329734+00	0		
1138	200000	1924	2928497	0	2015-02-08 05:37:19.421547+00	0		
1150	200000	2462	2928522	0	2015-02-08 06:10:17.071251+00	0		
1162	200000	2474	2928522	0	2015-02-08 08:32:41.602488+00	0		
1266	215906	3216	3027586	0	2015-03-24 17:20:21.57316+00	0		
1267	199469	3216	3027587	0	2015-03-24 17:20:21.57316+00	0		
1324	199469	3325	3041129	0	2015-04-01 00:13:21.270661+00	0		
1325	199469	3326	3041130	0	2015-04-01 00:17:54.858095+00	0		
1331	200000	3335	3041671	0	2015-04-01 15:00:25.543443+00	0		
1333	216533	3339	3041861	0	2015-04-01 17:55:25.081048+00	0		
1334	199469	3341	3042042	0	2015-04-01 20:26:26.218303+00	0		
1335	199472	3344	3045790	0	2015-04-04 13:36:27.104139+00	0		
1336	199469	3346	3046246	0	2015-04-04 19:46:11.755808+00	0		
1337	199481	3347	3047077	0	2015-04-05 09:20:19.475391+00	0		
1295	199472	3303	3038722	0	2015-03-30 17:30:43.426667+00	0		
1316	215906	3312	3039298	0	2015-03-30 23:36:53.161373+00	0		
1339	200000	3352	3051666	0	2015-04-07 20:58:06.800806+00	0		
117	199490	244	2767528	0	2014-11-18 00:17:10.933128+00	0		
136	199490	263	2767552	0	2014-11-18 00:27:19.984372+00	0		
141	199490	268	2767560	0	2014-11-18 00:30:04.379121+00	0		
146	199490	273	2767565	0	2014-11-18 00:32:57.263013+00	0		
561	199482	1538	2806005	0	2014-12-12 17:27:32.744134+00	0		
148	199490	275	2767567	0	2014-11-18 00:34:06.287652+00	0		
149	199490	276	2767568	0	2014-11-18 00:34:36.027886+00	0		
873	199469	2221	2887944	0	2015-01-13 18:09:57.865189+00	0		
154	199490	281	2767574	0	2014-11-18 00:37:21.415764+00	0		
562	200755	1698	2806809	0	2014-12-12 23:53:20.600363+00	0		
156	199490	283	2767576	0	2014-11-18 00:38:19.719793+00	0		
160	199490	287	2767580	0	2014-11-18 00:40:21.737499+00	0		
162	199490	289	2767582	0	2014-11-18 00:41:11.957986+00	0		
167	199490	294	2767588	0	2014-11-18 00:43:22.528455+00	0		
172	199490	300	2767596	0	2014-11-18 00:45:58.412722+00	0		
177	199490	305	2767602	0	2014-11-18 00:48:29.498876+00	0		
181	199490	309	2767606	0	2014-11-18 00:50:49.098696+00	0		
191	199472	643	2768035	0	2014-11-18 11:50:29.251964+00	0		
195	199472	647	2768064	0	2014-11-18 12:40:35.878919+00	0		
649	200000	1630	2830801	0	2014-12-23 12:45:40.608153+00	0		
557	200755	1680	2805541	0	2014-12-12 11:34:16.039005+00	0		
207	199472	658	2768111	0	2014-11-18 13:04:44.926673+00	0		
212	199472	670	2768210	0	2014-11-18 14:13:06.273033+00	0		
217	199472	685	2768230	0	2014-11-18 14:27:09.731154+00	0		
667	200000	2051	2834456	0	2014-12-24 23:35:41.71709+00	0		
225	199472	693	2768243	0	2014-11-18 14:45:42.917142+00	0		
812	199472	2168	2869437	0	2015-01-01 22:22:42.112799+00	0		
311	216533	820	2772525	0	2014-11-21 18:05:43.505633+00	0		
230	199472	705	2768459	0	2014-11-18 20:12:29.104025+00	0		
575	200755	1771	2810082	0	2014-12-15 00:16:23.124403+00	0		
677	200755	2064	2835586	0	2014-12-26 07:34:55.590217+00	0		
686	200030	2074	2838735	0	2014-12-27 14:18:39.42656+00	0		
246	199469	733	2769090	0	2014-11-19 06:45:29.619787+00	0		
247	199469	734	2769146	0	2014-11-19 09:11:50.674812+00	0		
687	200755	2074	2838736	0	2014-12-27 14:18:39.42656+00	0		
711	200755	2092	2841168	0	2014-12-28 10:35:53.40044+00	0		
253	199472	740	2769376	0	2014-11-19 11:27:21.619822+00	0		
620	199469	1998	2827585	0	2014-12-20 21:35:55.213037+00	0		
259	199472	746	2769479	0	2014-11-19 12:36:51.531251+00	0		
569	199469	1732	2809204	0	2014-12-14 14:55:26.242041+00	0		
267	199472	769	2769932	0	2014-11-19 17:54:31.81352+00	0		
294	200000	791	2771925	0	2014-11-21 09:08:12.246846+00	0		
570	200000	1732	2809205	0	2014-12-14 14:55:26.242041+00	0		
300	200030	800	2771989	0	2014-11-21 10:12:09.331972+00	0		
301	199472	800	2771990	0	2014-11-21 10:12:09.331972+00	0		
712	200030	2092	2841169	0	2014-12-28 10:35:53.40044+00	0		
306	200000	807	2772107	0	2014-11-21 12:01:23.215026+00	0		
600	199481	1878	2816699	0	2014-12-17 02:44:12.822353+00	0		
309	200030	819	2772428	0	2014-11-21 16:57:39.213457+00	0		
601	199469	1878	2816700	0	2014-12-17 02:44:12.822353+00	0		
602	199472	1878	2816701	0	2014-12-17 02:44:12.822353+00	0		
579	200755	1827	2813865	0	2014-12-16 00:51:39.457276+00	0		
741	200755	2107	2841324	0	2014-12-28 12:24:15.709853+00	0		
571	200000	1733	2809456	0	2014-12-14 17:15:17.106681+00	0		
607	199469	1937	2822589	0	2014-12-17 15:26:09.521428+00	0		
572	199472	1733	2809457	0	2014-12-14 17:15:17.106681+00	0		
608	199472	1963	2823092	0	2014-12-18 00:43:43.239885+00	0		
573	199469	1733	2809458	0	2014-12-14 17:15:17.106681+00	0		
742	200030	2107	2841325	0	2014-12-28 12:24:15.709853+00	0		
627	199469	1843	2829600	0	2014-12-22 01:09:38.346022+00	0		
576	199469	1561	2811062	0	2014-12-15 06:40:44.589278+00	0		
777	199469	2128	2845206	0	2014-12-30 01:01:30.383358+00	0		
578	199469	1819	2813386	0	2014-12-15 18:05:15.105524+00	0		
588	200000	1837	2814364	0	2014-12-16 03:36:27.610303+00	0		
591	200000	1840	2814364	0	2014-12-16 03:39:40.538971+00	0		
594	199469	1860	2816204	0	2014-12-16 19:46:36.423599+00	0		
603	199482	1878	2816702	0	2014-12-17 02:44:12.822353+00	0		
605	200000	1844	2822427	0	2014-12-17 13:36:28.886469+00	0		
928	200000	184	2900164	0	2015-01-21 07:40:20.50651+00	0		
612	199469	1968	2824792	0	2014-12-18 21:03:34.194419+00	0		
870	200755	2217	2886954	0	2015-01-13 03:06:31.415953+00	0		
874	200755	614	2888266	0	2015-01-13 21:33:30.633799+00	0		
823	199469	2179	2877663	0	2015-01-06 22:43:09.230724+00	0		
888	200755	2222	2888707	0	2015-01-14 06:46:36.017483+00	0		
633	200000	1617	2830801	0	2014-12-22 18:40:04.451377+00	0		
778	199469	2128	2845207	0	2014-12-30 01:01:30.383358+00	0		
797	199469	2137	2845407	0	2014-12-30 06:42:54.386471+00	0		
827	200000	2195	2884934	0	2015-01-11 21:07:30.316112+00	0		
939	200755	2339	2909193	0	2015-01-27 03:46:50.025606+00	0		
844	199469	263	2885911	0	2015-01-12 12:20:47.478787+00	0		
829	199469	2196	2885231	0	2015-01-11 23:58:22.963221+00	0		
830	199481	2196	2885232	0	2015-01-11 23:58:22.963221+00	0		
828	199472	2195	2884935	0	2015-01-11 21:07:30.316112+00	0		
904	199472	2257	2889672	0	2015-01-14 15:52:05.507318+00	0		
905	200000	2257	2889673	0	2015-01-14 15:52:05.507318+00	0		
824	200755	2189	2879170	0	2015-01-08 00:15:26.075679+00	0		
825	200755	2189	2879171	0	2015-01-08 00:15:26.075679+00	0		
920	199469	2292	2893535	0	2015-01-17 02:31:11.770559+00	0		
912	200755	2272	2891551	0	2015-01-15 19:09:46.883468+00	0		
914	200000	2176	2892437	0	2015-01-16 10:29:03.349007+00	0		
918	199482	2196	2893135	0	2015-01-16 22:40:23.251555+00	0		
848	199469	258	2885917	0	2015-01-12 12:22:26.252606+00	0		
859	199469	2201	2885996	0	2015-01-12 12:52:01.850323+00	0		
929	200000	184	2900165	0	2015-01-21 07:40:20.50651+00	0		
932	216533	2326	2904804	0	2015-01-24 05:39:56.948445+00	0		
910	199481	2263	2890697	0	2015-01-15 05:42:25.227329+00	0		
933	199472	2328	2904811	0	2015-01-24 06:01:05.258852+00	0		
936	200000	2338	2907913	0	2015-01-26 09:25:14.288161+00	0		
940	200000	2340	2907913	0	2015-01-27 04:58:21.256323+00	0		
923	199469	2299	2897499	0	2015-01-19 09:19:58.134592+00	0		
924	199481	2299	2897500	0	2015-01-19 09:19:58.134592+00	0		
952	200000	2352	2907913	0	2015-01-27 11:17:01.825272+00	0		
959	199472	2359	2910912	0	2015-01-28 03:23:33.133698+00	0		
960	199490	2361	2911246	0	2015-01-28 08:53:39.537927+00	0		
926	200000	238	2900112	0	2015-01-21 05:45:39.14352+00	0		
927	200000	238	2900113	0	2015-01-21 05:45:39.14352+00	0		
931	199481	2317	2767820	0	2015-01-21 23:21:48.83231+00	0		
935	200000	2335	2907913	0	2015-01-26 06:47:25.02243+00	0		
574	216533	1771	2810081	0	2014-12-15 00:16:23.124403+00	0		
118	199490	245	2767529	0	2014-11-18 00:17:54.849777+00	0		
128	199490	255	2767542	0	2014-11-18 00:22:05.243362+00	0		
137	199490	264	2767553	0	2014-11-18 00:27:48.949976+00	0		
604	200042	1878	2816712	0	2014-12-17 02:58:08.076742+00	0		
142	199490	269	2767561	0	2014-11-18 00:30:33.07624+00	0		
147	199490	274	2767566	0	2014-11-18 00:33:35.0824+00	0		
558	200755	1681	2805543	0	2014-12-12 11:35:41.480974+00	0		
155	199490	282	2767575	0	2014-11-18 00:37:42.43499+00	0		
164	199490	291	2767584	0	2014-11-18 00:41:51.091959+00	0		
168	199490	295	2767589	0	2014-11-18 00:43:53.124909+00	0		
173	199490	301	2767597	0	2014-11-18 00:46:27.350718+00	0		
860	199469	2202	2886004	0	2015-01-12 13:02:15.340143+00	0		
178	199490	306	2767603	0	2014-11-18 00:49:13.988225+00	0		
180	199490	308	2767605	0	2014-11-18 00:50:10.897338+00	0		
184	199490	312	2767610	0	2014-11-18 00:52:32.007514+00	0		
192	199472	644	2768038	0	2014-11-18 11:56:27.975561+00	0		
930	200755	2311	2900361	0	2015-01-21 10:34:54.914734+00	0		
196	199472	648	2768065	0	2014-11-18 12:41:31.003276+00	0		
197	199472	649	2768070	0	2014-11-18 12:43:52.097659+00	0		
203	199472	654	2768100	0	2014-11-18 12:58:53.329323+00	0		
208	199472	659	2768121	0	2014-11-18 13:10:29.902662+00	0		
911	199481	2264	2890697	0	2015-01-15 05:44:29.068651+00	0		
213	199472	672	2768212	0	2014-11-18 14:14:24.545529+00	0		
650	200000	1631	2830801	0	2014-12-23 12:46:31.308747+00	0		
628	199469	1846	2829612	0	2014-12-22 01:34:53.775711+00	0		
231	199472	715	2768459	0	2014-11-18 20:41:26.557986+00	0		
226	199481	694	2768244	0	2014-11-18 14:46:27.282758+00	0		
577	199469	1807	2811067	0	2014-12-15 06:56:04.537877+00	0		
565	199472	1699	2806860	0	2014-12-13 00:15:24.441231+00	0		
242	199472	636	2768721	0	2014-11-18 23:16:59.54849+00	0		
657	200000	1638	2832130	0	2014-12-23 12:50:14.930946+00	0		
595	200755	1861	2816214	0	2014-12-16 19:55:06.127194+00	0		
1113	200000	2456	2920514	0	2015-02-08 03:37:50.089828+00	0		
254	199472	741	2769439	0	2014-11-19 12:07:55.094994+00	0		
668	200000	2055	2834469	0	2014-12-24 23:53:18.796998+00	0		
258	199472	745	2769477	0	2014-11-19 12:34:53.125423+00	0		
566	199469	1699	2806861	0	2014-12-13 00:15:24.441231+00	0		
563	200755	1699	2806858	0	2014-12-13 00:15:24.441231+00	0		
1127	200000	1913	2928497	0	2015-02-08 05:26:56.598758+00	0		
1139	200000	1925	2928497	0	2015-02-08 05:39:43.042854+00	0		
268	199472	770	2769936	0	2014-11-19 17:56:21.853913+00	0		
813	199482	2005	2869457	0	2015-01-01 22:30:48.04617+00	0		
271	199469	778	2770415	0	2014-11-20 04:19:18.918757+00	0		
580	199469	1829	2813877	0	2014-12-16 01:06:36.1086+00	0		
581	199481	1829	2813878	0	2014-12-16 01:06:36.1086+00	0		
582	199482	1829	2813879	0	2014-12-16 01:06:36.1086+00	0		
589	200000	1838	2814364	0	2014-12-16 03:38:19.533869+00	0		
1151	200000	2463	2928522	0	2015-02-08 06:16:32.453044+00	0		
913	199469	2274	2891859	0	2015-01-15 22:28:32.258686+00	0		
277	200000	782	2771295	0	2014-11-20 21:25:23.875546+00	0		
278	200000	783	2771306	0	2014-11-20 21:40:27.73752+00	0		
921	200000	2292	2893536	0	2015-01-17 02:31:49.618177+00	0		
279	199472	783	2771307	0	2014-11-20 21:40:27.73752+00	0		
606	200000	1845	2822427	0	2014-12-17 13:37:23.797803+00	0		
1159	200000	2471	2928522	0	2015-02-08 06:49:37.270999+00	0		
285	199472	787	2771569	0	2014-11-21 00:53:27.307333+00	0		
934	199472	2330	2904811	0	2015-01-24 06:19:41.941092+00	0		
265	216533	765	2769883	0	2014-11-19 17:27:58.030556+00	0		
1174	200000	1940	2929759	0	2015-02-08 22:20:09.45612+00	0		
634	200000	1618	2830801	0	2014-12-22 18:40:35.29216+00	0		
678	200755	2065	2835634	0	2014-12-26 08:32:45.452043+00	0		
688	200755	2075	2838741	0	2014-12-27 14:25:42.117745+00	0		
713	200755	2093	2841244	0	2014-12-28 11:48:19.258935+00	0		
714	200030	2093	2841245	0	2014-12-28 11:48:19.258935+00	0		
743	200755	2108	2841331	0	2014-12-28 12:25:41.171176+00	0		
744	200030	2108	2841332	0	2014-12-28 12:25:41.171176+00	0		
749	200755	2111	2841345	0	2014-12-28 12:31:12.540169+00	0		
750	200030	2111	2841346	0	2014-12-28 12:31:12.540169+00	0		
779	199469	2129	2845209	0	2014-12-30 01:03:02.758187+00	0		
798	199469	2138	2845412	0	2014-12-30 06:55:27.821895+00	0		
831	199481	2196	2885235	0	2015-01-11 23:59:53.165015+00	0		
1082	200000	2041	2924044	0	2015-02-04 21:26:32.050335+00	0		
871	200755	2218	2886992	0	2015-01-13 03:19:52.251454+00	0		
875	200755	12	2888277	0	2015-01-13 21:36:37.75246+00	0		
889	200000	2224	2888775	0	2015-01-14 08:45:34.347174+00	0		
906	200000	2259	2889700	0	2015-01-14 16:27:01.040778+00	0		
826	200755	2190	2879214	0	2015-01-08 01:19:18.567037+00	0		
937	200000	2337	2907913	0	2015-01-26 09:25:50.641352+00	0		
941	200000	2341	2907913	0	2015-01-27 05:15:05.545278+00	0		
915	200000	2276	2892439	0	2015-01-16 10:30:21.675602+00	0		
919	199482	2228	2401784	0	2015-01-16 22:40:28.749437+00	0		
953	200000	2353	2907913	0	2015-01-27 11:23:47.802583+00	0		
833	199469	311	2885879	0	2015-01-12 12:11:58.053119+00	0		
845	199469	256	2885912	0	2015-01-12 12:21:21.644581+00	0		
1007	200000	1857	2920193	0	2015-02-02 05:09:59.177861+00	0		
1033	200000	2402	2920216	0	2015-02-02 08:03:59.237846+00	0		
1045	200000	2414	2920216	0	2015-02-02 09:14:39.108987+00	0		
1069	200000	2028	2924044	0	2015-02-04 21:12:39.392905+00	0		
280	216533	783	2771308	0	2014-11-20 21:40:27.73752+00	0		
596	216533	1861	2816215	0	2014-12-16 19:55:06.127194+00	0		
1185	200000	1959	2929759	0	2015-02-08 23:57:02.816841+00	0		
1319	200000	3321	3039803	0	2015-03-31 06:41:26.656184+00	0		
982	200000	2376	2918805	0	2015-02-01 12:45:57.512174+00	0		
993	200000	2387	2918805	0	2015-02-01 18:05:30.773562+00	0		
1326	199469	3327	3041133	0	2015-04-01 00:25:25.687453+00	0		
1332	200000	3336	3041676	0	2015-04-01 15:06:44.664151+00	0		
1019	200000	1891	2920193	0	2015-02-02 05:32:45.230299+00	0		
1022	200000	1894	2920193	0	2015-02-02 05:36:17.121746+00	0		
276	216533	782	2771294	0	2014-11-20 21:25:23.875546+00	0		
564	216533	1699	2806859	0	2014-12-13 00:15:24.441231+00	0		
1296	199469	3304	3038725	0	2015-03-30 17:32:38.694628+00	0		
1340	215906	3352	3051667	0	2015-04-07 20:58:06.800806+00	0		
1399	199472	3556	3083073	0	2015-05-02 06:58:34.939049+00	0		
1382	199472	3517	3078490	0	2015-04-28 07:23:12.624104+00	0		
1403	199472	3561	3083101	0	2015-05-02 07:25:49.530372+00	0		
1407	199472	3565	3083111	0	2015-05-02 07:38:17.941565+00	0		
1411	199472	3569	3083120	0	2015-05-02 07:58:01.599959+00	0		
119	199490	246	2767530	0	2014-11-18 00:18:14.312035+00	0		
132	199490	259	2767546	0	2014-11-18 00:24:13.007422+00	0		
559	200755	1682	2805546	0	2014-12-12 11:37:17.58993+00	0		
138	199490	265	2767557	0	2014-11-18 00:28:33.504525+00	0		
143	199490	270	2767562	0	2014-11-18 00:31:29.455321+00	0		
965	199472	2364	2914580	0	2015-01-30 17:11:19.941354+00	0		
151	199490	278	2767570	0	2014-11-18 00:35:52.157632+00	0		
629	199469	1863	2829643	0	2014-12-22 02:09:37.03492+00	0		
157	199490	284	2767577	0	2014-11-18 00:38:48.641802+00	0		
163	199490	290	2767583	0	2014-11-18 00:41:31.241582+00	0		
165	199490	292	2767586	0	2014-11-18 00:42:27.464408+00	0		
169	199490	297	2767590	0	2014-11-18 00:44:23.514573+00	0		
174	199490	302	2767599	0	2014-11-18 00:46:56.746898+00	0		
179	199490	307	2767604	0	2014-11-18 00:49:33.511082+00	0		
651	200000	1632	2830801	0	2014-12-23 12:46:57.348262+00	0		
182	199490	310	2767608	0	2014-11-18 00:51:27.562546+00	0		
193	199472	645	2768048	0	2014-11-18 12:11:42.628768+00	0		
654	200000	1635	2830801	0	2014-12-23 12:48:19.516894+00	0		
198	199472	650	2768078	0	2014-11-18 12:47:53.449254+00	0		
583	199469	1830	2813880	0	2014-12-16 01:11:15.468134+00	0		
204	199472	655	2768101	0	2014-11-18 12:59:01.715454+00	0		
590	200000	1839	2814364	0	2014-12-16 03:39:09.78201+00	0		
214	199472	674	2768219	0	2014-11-18 14:18:40.310756+00	0		
597	199469	1862	2816257	0	2014-12-16 20:23:38.579965+00	0		
220	199482	690	2768235	0	2014-11-18 14:42:17.908598+00	0		
219	199481	690	2768234	0	2014-11-18 14:42:17.908598+00	0		
227	199481	695	2768245	0	2014-11-18 14:47:46.973841+00	0		
1114	200000	2457	2920514	0	2015-02-08 03:47:37.304161+00	0		
669	200000	2056	2834473	0	2014-12-24 23:55:30.610467+00	0		
237	199472	726	2768679	0	2014-11-18 22:42:09.623866+00	0		
679	200000	2066	2836063	0	2014-12-26 12:23:13.192425+00	0		
983	200000	2377	2918805	0	2015-02-01 13:47:46.394983+00	0		
255	199472	742	2769464	0	2014-11-19 12:21:45.884914+00	0		
261	199472	757	2769779	0	2014-11-19 16:14:43.29895+00	0		
266	199472	768	2769923	0	2014-11-19 17:52:41.823033+00	0		
994	200000	2388	2918805	0	2015-02-01 18:13:41.643644+00	0		
269	199472	771	2769941	0	2014-11-19 17:59:26.559739+00	0		
1090	200000	2430	2920514	0	2015-02-05 07:44:21.010155+00	0		
282	200030	784	2771323	0	2014-11-20 21:51:30.06747+00	0		
286	199472	788	2771582	0	2014-11-21 01:35:07.755708+00	0		
1008	200000	1858	2920193	0	2015-02-02 05:10:36.286716+00	0		
289	199472	791	2771919	0	2014-11-21 08:58:35.061117+00	0		
302	199472	801	2771993	0	2014-11-21 10:13:37.715072+00	0		
295	200000	4690	2771942	0	2014-11-21 09:23:03.064595+00	0		
961	199469	220	2912568	0	2015-01-29 08:15:51.737037+00	0		
307	200000	814	2772230	0	2014-11-21 13:41:05.790164+00	0		
1020	200000	1892	2920193	0	2015-02-02 05:34:12.994684+00	0		
312	199472	821	2772663	0	2014-11-21 19:30:49.206676+00	0		
1034	200000	2403	2920216	0	2015-02-02 08:08:28.567094+00	0		
635	200000	1619	2830801	0	2014-12-22 18:59:47.180655+00	0		
814	199472	2170	2869620	0	2015-01-01 22:44:58.183345+00	0		
689	200755	2076	2838746	0	2014-12-27 14:33:14.940035+00	0		
690	200030	2076	2838747	0	2014-12-27 14:33:14.940035+00	0		
715	200755	2094	2841258	0	2014-12-28 11:52:03.996686+00	0		
716	200030	2094	2841259	0	2014-12-28 11:52:03.996686+00	0		
717	200755	2095	2841262	0	2014-12-28 11:54:07.68317+00	0		
718	200030	2095	2841263	0	2014-12-28 11:54:07.68317+00	0		
745	200755	2109	2841334	0	2014-12-28 12:27:03.767027+00	0		
746	200030	2109	2841335	0	2014-12-28 12:27:03.767027+00	0		
747	200755	2110	2841337	0	2014-12-28 12:28:00.78886+00	0		
748	200030	2110	2841338	0	2014-12-28 12:28:00.78886+00	0		
753	200755	2113	2841349	0	2014-12-28 12:33:13.827006+00	0		
754	200030	2113	2841350	0	2014-12-28 12:33:13.827006+00	0		
781	199469	2130	2845211	0	2014-12-30 01:05:27.207814+00	0		
799	199469	2139	2845416	0	2014-12-30 07:10:24.563035+00	0		
1046	200000	1847	2920390	0	2015-02-02 09:18:27.986742+00	0		
872	200755	2219	2887044	0	2015-01-13 03:44:28.939561+00	0		
876	200755	618	2888287	0	2015-01-13 21:40:20.985937+00	0		
938	200000	2336	2907913	0	2015-01-26 09:26:16.488661+00	0		
907	200000	2260	2889709	0	2015-01-14 16:31:42.710758+00	0		
916	200000	2277	2892444	0	2015-01-16 10:33:59.799334+00	0		
917	199472	2277	2876117	0	2015-01-16 10:33:59.799334+00	0		
834	199469	284	2885887	0	2015-01-12 12:14:18.690154+00	0		
846	199469	240	2885913	0	2015-01-12 12:21:39.51721+00	0		
861	199469	2204	2886066	0	2015-01-12 13:45:27.121665+00	0		
865	199490	2206	2886081	0	2015-01-12 13:56:23.778481+00	0		
1059	200000	2017	2924044	0	2015-02-04 21:03:01.116671+00	0		
954	199472	2354	2909691	0	2015-01-27 13:11:29.728786+00	0		
1095	200755	2434	2925905	0	2015-02-06 07:58:59.445749+00	0		
1051	200000	2418	2920514	0	2015-02-03 05:53:36.803956+00	0		
1052	200000	2419	2920514	0	2015-02-03 11:05:29.961707+00	0		
942	200000	2342	2907913	0	2015-01-27 07:30:22.324366+00	0		
1195	216533	2486	2932891	0	2015-02-10 22:50:28.887878+00	0		
1070	200000	2029	2924044	0	2015-02-04 21:13:10.323089+00	0		
1083	200000	2042	2924044	0	2015-02-04 21:28:06.713575+00	0		
281	216533	784	2771322	0	2014-11-20 21:51:30.06747+00	0		
490	216533	1437	2788425	0	2014-12-02 20:20:36.981156+00	0		
1091	199469	2432	2925495	0	2015-02-05 22:14:23.579249+00	0		
962	199469	216	2912575	0	2015-01-29 08:22:45.727994+00	0		
1103	200000	2443	2920514	0	2015-02-08 00:15:04.462711+00	0		
1116	200000	2459	2920514	0	2015-02-08 05:03:28.579333+00	0		
1054	200000	2423	2920514	0	2015-02-04 09:35:50.723636+00	0		
1096	215906	2434	2925906	0	2015-02-06 07:58:59.445749+00	0		
964	199469	2363	2914341	0	2015-01-30 13:23:34.096389+00	0		
966	199472	2365	2914751	0	2015-01-30 19:33:41.312714+00	0		
967	203815	2365	2914752	0	2015-01-30 19:33:41.312714+00	0		
1100	199472	2438	2927382	0	2015-02-07 10:57:32.073258+00	0		
1102	199472	2442	2927781	0	2015-02-07 17:42:40.374797+00	0		
1129	200000	1915	2928497	0	2015-02-08 05:28:24.865984+00	0		
1140	200000	1926	2928497	0	2015-02-08 05:42:27.753302+00	0		
1152	200000	2464	2928522	0	2015-02-08 06:24:21.995356+00	0		
1192	199472	1006	2780599	0	2015-02-09 11:01:24.944921+00	0		
1163	200000	2475	2928522	0	2015-02-08 21:44:43.052874+00	0		
972	200000	2369	2907913	0	2015-02-01 11:42:18.073007+00	0		
1164	200000	2476	2928522	0	2015-02-08 21:49:28.333106+00	0		
1175	200000	1941	2929759	0	2015-02-08 22:20:56.482101+00	0		
1186	200000	1960	2929759	0	2015-02-08 23:57:43.016178+00	0		
997	200000	2391	2918805	0	2015-02-02 03:03:13.352118+00	0		
1050	200000	2417	2920514	0	2015-02-03 04:56:45.942861+00	0		
1056	200000	2425	2920514	0	2015-02-04 09:43:26.211187+00	0		
491	216533	1438	2788435	0	2014-12-02 20:25:55.329118+00	0		
418	216533	1012	2780863	0	2014-11-27 18:07:32.432306+00	0		
120	199490	247	2767531	0	2014-11-18 00:18:31.601925+00	0		
125	199490	252	2767538	0	2014-11-18 00:20:28.47408+00	0		
139	199490	266	2767558	0	2014-11-18 00:29:16.800094+00	0		
1060	200000	2018	2924044	0	2015-02-04 21:03:40.967365+00	0		
144	199490	271	2767563	0	2014-11-18 00:31:49.334495+00	0		
152	199490	279	2767571	0	2014-11-18 00:36:10.954049+00	0		
158	199490	285	2767578	0	2014-11-18 00:39:26.249338+00	0		
166	199490	293	2767587	0	2014-11-18 00:42:54.625832+00	0		
170	199490	298	2767591	0	2014-11-18 00:44:52.499339+00	0		
598	199482	1557	2816351	0	2014-12-16 21:29:08.945089+00	0		
175	199490	303	2767600	0	2014-11-18 00:47:25.303803+00	0		
183	199490	311	2767609	0	2014-11-18 00:51:56.759634+00	0		
1071	200000	2030	2924044	0	2015-02-04 21:13:50.082505+00	0		
185	199472	315	2767924	0	2014-11-18 08:54:30.130116+00	0		
584	199469	1831	2813882	0	2014-12-16 01:14:20.460628+00	0		
187	199472	637	2768001	0	2014-11-18 10:55:17.158127+00	0		
592	200000	1841	2814364	0	2014-12-16 03:40:48.189262+00	0		
188	199472	638	2768020	0	2014-11-18 11:33:00.031853+00	0		
190	199472	642	2768034	0	2014-11-18 11:47:21.662495+00	0		
943	200000	2343	2907913	0	2015-01-27 08:10:18.182968+00	0		
194	199472	646	2768063	0	2014-11-18 12:38:58.54008+00	0		
199	199472	651	2768080	0	2014-11-18 12:50:13.046119+00	0		
205	199472	656	2768106	0	2014-11-18 13:01:57.08563+00	0		
1084	200000	2043	2924044	0	2015-02-04 21:28:32.212485+00	0		
215	199472	677	2768220	0	2014-11-18 14:20:43.543585+00	0		
680	200000	2069	2836127	0	2014-12-26 13:21:43.899996+00	0		
42	199490	167	2767347	0	2014-11-17 23:15:29.399207+00	0		
221	199481	691	2768236	0	2014-11-18 14:44:04.649916+00	0		
222	199482	691	2768237	0	2014-11-18 14:44:04.649916+00	0		
283	216533	785	2771360	0	2014-11-20 22:06:49.48304+00	0		
238	199472	629	2768683	0	2014-11-18 22:44:42.978924+00	0		
239	199472	629	2768684	0	2014-11-18 22:44:42.978924+00	0		
1117	200000	2460	2920514	0	2015-02-08 05:09:16.554449+00	0		
1130	200000	1916	2928497	0	2015-02-08 05:29:16.29143+00	0		
256	199472	743	2769470	0	2014-11-19 12:24:51.844135+00	0		
636	200000	1620	2830801	0	2014-12-22 19:01:11.869283+00	0		
262	199472	758	2769783	0	2014-11-19 16:16:42.517688+00	0		
270	199472	773	2769951	0	2014-11-19 18:03:16.213014+00	0		
652	200000	1633	2830801	0	2014-12-23 12:47:24.276044+00	0		
1141	200000	1927	2928497	0	2015-02-08 05:43:12.408081+00	0		
655	200000	1636	2830801	0	2014-12-23 12:48:48.933813+00	0		
284	200000	785	2771361	0	2014-11-20 22:06:49.48304+00	0		
670	200000	2057	2834479	0	2014-12-25 00:05:00.984517+00	0		
290	199472	792	2771924	0	2014-11-21 09:03:55.554663+00	0		
691	200755	2077	2838754	0	2014-12-27 14:37:20.243301+00	0		
291	200000	792	2771925	0	2014-11-21 09:03:55.554663+00	0		
692	200030	2077	2838755	0	2014-12-27 14:37:20.243301+00	0		
298	199469	798	2771975	0	2014-11-21 10:02:00.945301+00	0		
719	200755	2096	2841275	0	2014-12-28 11:59:11.041831+00	0		
303	199472	802	2771998	0	2014-11-21 10:14:29.018049+00	0		
720	200030	2096	2841276	0	2014-12-28 11:59:11.041831+00	0		
304	199472	803	2772001	0	2014-11-21 10:15:36.641109+00	0		
751	200755	2112	2841347	0	2014-12-28 12:32:06.88942+00	0		
308	199472	818	2772361	0	2014-11-21 16:03:59.34697+00	0		
752	200030	2112	2841348	0	2014-12-28 12:32:06.88942+00	0		
317	199472	129	2772880	0	2014-11-21 23:06:57.619252+00	0		
782	199469	2131	2845212	0	2014-12-30 01:07:15.107407+00	0		
800	199469	2140	2845418	0	2014-12-30 07:23:15.324843+00	0		
1153	200000	2465	2928522	0	2015-02-08 06:29:51.000933+00	0		
963	199469	207	2912580	0	2015-01-29 08:31:07.791133+00	0		
1165	200000	2477	2928522	0	2015-02-08 21:55:46.530605+00	0		
877	200755	735	2888290	0	2015-01-13 21:41:27.634006+00	0		
891	200000	2227	2888804	0	2015-01-14 09:01:36.721167+00	0		
909	200000	2261	2889718	0	2015-01-14 16:37:52.321745+00	0		
1097	200755	2435	2926001	0	2015-02-06 09:09:48.307262+00	0		
560	200030	1677	2896477	0	2014-12-12 12:37:36.345519+00	0		
835	199469	253	2885888	0	2015-01-12 12:14:44.642693+00	0		
847	199469	264	2885916	0	2015-01-12 12:22:15.247681+00	0		
858	199469	2200	2885956	0	2015-01-12 12:36:32.852104+00	0		
862	199469	2205	2886068	0	2015-01-12 13:47:51.890488+00	0		
995	200000	2389	2918805	0	2015-02-01 18:17:45.679532+00	0		
955	199472	2355	2909783	0	2015-01-27 13:41:42.411458+00	0		
908	216533	2261	2889717	0	2015-01-14 16:37:52.321745+00	0		
922	216533	424	2893651	0	2015-01-17 05:04:09.861955+00	0		
925	216533	2300	2897698	0	2015-01-19 12:32:28.947781+00	0		
264	216533	764	2769862	0	2014-11-19 17:08:27.437378+00	0		
310	216533	819	2772429	0	2014-11-21 16:57:39.213457+00	0		
968	200000	2366	2907913	0	2015-01-30 21:15:07.00141+00	0		
1101	199472	2439	2927619	0	2015-02-07 15:07:05.420192+00	0		
1176	200000	1942	2929759	0	2015-02-08 22:23:59.410335+00	0		
1344	199472	3356	3052953	0	2015-04-08 19:29:38.038786+00	0		
1320	200000	3322	3039804	0	2015-03-31 06:43:06.339861+00	0		
1327	199469	3328	3041135	0	2015-04-01 00:27:00.69895+00	0		
973	200000	2370	2907913	0	2015-02-01 11:47:11.470549+00	0		
984	200000	2378	2918805	0	2015-02-01 13:52:43.024432+00	0		
1297	216533	3305	3038732	0	2015-03-30 17:37:58.826563+00	0		
1298	199472	3305	3038733	0	2015-03-30 17:37:58.826563+00	0		
998	200000	2392	2918805	0	2015-02-02 03:07:05.187268+00	0		
1009	200000	1859	2920193	0	2015-02-02 05:11:19.15183+00	0		
1021	200000	1893	2920193	0	2015-02-02 05:35:14.788259+00	0		
1035	200000	2404	2920216	0	2015-02-02 08:12:57.973926+00	0		
1047	200000	1848	2920390	0	2015-02-02 09:21:37.69027+00	0		
1193	199469	2483	2930692	0	2015-02-09 11:23:45.217672+00	0		
1194	200000	2483	2930693	0	2015-02-09 11:23:45.217672+00	0		
1053	200000	2420	2920514	0	2015-02-03 11:10:38.741332+00	0		
1196	216533	2487	2932895	0	2015-02-10 22:53:50.763431+00	0		
1055	200000	2424	2920514	0	2015-02-04 09:40:28.392538+00	0		
1093	199469	2433	2925507	0	2015-02-05 22:21:15.665813+00	0		
1104	200000	2444	2920514	0	2015-02-08 00:32:32.58863+00	0		
1115	200000	2458	2920514	0	2015-02-08 03:57:42.433961+00	0		
1187	200000	1961	2929759	0	2015-02-08 23:58:33.445285+00	0		
1341	199469	3354	3052290	0	2015-04-08 11:22:43.978831+00	0		
1345	199469	3356	3052954	0	2015-04-08 19:29:38.038786+00	0		
1354	199469	3366	3052954	0	2015-04-10 19:58:46.276428+00	0		
1355	199472	3366	3055521	0	2015-04-10 19:58:46.276428+00	0		
1348	199469	3359	3053930	0	2015-04-09 13:14:48.830602+00	0		
1351	199469	3364	3054602	0	2015-04-09 23:02:58.480333+00	0		
1352	199472	3365	3054885	0	2015-04-10 08:06:16.787316+00	0		
1353	199469	3365	3054886	0	2015-04-10 08:06:16.787316+00	0		
1356	216533	3369	3058313	0	2015-04-12 14:12:31.242258+00	0		
1342	216533	3355	3052445	0	2015-04-08 13:02:37.730183+00	0		
1343	199472	3355	3052446	0	2015-04-08 13:02:37.730183+00	0		
121	199490	248	2767532	0	2014-11-18 00:18:50.332162+00	0		
122	199490	249	2767533	0	2014-11-18 00:19:09.603004+00	0		
123	199490	250	2767534	0	2014-11-18 00:19:29.838508+00	0		
944	200000	2344	2907913	0	2015-01-27 08:15:11.065993+00	0		
124	199490	251	2767535	0	2014-11-18 00:19:49.187246+00	0		
126	199490	253	2767539	0	2014-11-18 00:21:08.39362+00	0		
127	199490	254	2767541	0	2014-11-18 00:21:45.268518+00	0		
129	199490	256	2767543	0	2014-11-18 00:22:45.167236+00	0		
130	199490	257	2767544	0	2014-11-18 00:23:13.434295+00	0		
585	199469	1832	2813884	0	2014-12-16 01:22:01.858629+00	0		
131	199490	258	2767545	0	2014-11-18 00:23:41.04897+00	0		
593	200000	1842	2814364	0	2014-12-16 03:41:15.596087+00	0		
133	199490	260	2767547	0	2014-11-18 00:24:33.326556+00	0		
134	199490	261	2767550	0	2014-11-18 00:25:28.970164+00	0		
135	199490	262	2767551	0	2014-11-18 00:26:13.068556+00	0		
599	199481	1871	1278571	0	2014-12-16 23:48:43.547938+00	0		
140	199490	267	2767559	0	2014-11-18 00:29:45.336813+00	0		
145	199490	272	2767564	0	2014-11-18 00:32:18.450976+00	0		
150	199490	277	2767569	0	2014-11-18 00:35:05.871705+00	0		
153	199490	280	2767573	0	2014-11-18 00:36:44.540883+00	0		
159	199490	286	2767579	0	2014-11-18 00:40:02.552959+00	0		
681	200000	2070	2836136	0	2014-12-26 13:33:09.07302+00	0		
161	199490	288	2767581	0	2014-11-18 00:40:42.085554+00	0		
171	199490	299	2767595	0	2014-11-18 00:45:28.774915+00	0		
176	199490	304	2767601	0	2014-11-18 00:48:01.517896+00	0		
186	199472	316	2767925	0	2014-11-18 08:59:25.856079+00	0		
189	199472	639	2768022	0	2014-11-18 11:35:13.730391+00	0		
200	199472	652	2768085	0	2014-11-18 12:52:55.974541+00	0		
1105	200000	2445	2920514	0	2015-02-08 00:41:41.258009+00	0		
206	199472	657	2768108	0	2014-11-18 13:02:42.496439+00	0		
216	199472	683	2768227	0	2014-11-18 14:26:10.307749+00	0		
1202	199469	2493	2941382	0	2015-02-15 01:17:03.17795+00	0		
228	199472	698	2768298	0	2014-11-18 15:56:39.988767+00	0		
211	199472	668	2768207	0	2014-11-18 14:11:50.247543+00	0		
223	199481	692	2768241	0	2014-11-18 14:45:20.953429+00	0		
224	199482	692	2768242	0	2014-11-18 14:45:20.953429+00	0		
637	200000	1621	2830801	0	2014-12-22 19:01:41.491225+00	0		
1118	200000	1904	2928497	0	2015-02-08 05:14:58.050712+00	0		
653	200000	1634	2830801	0	2014-12-23 12:47:52.438393+00	0		
671	200000	2058	2834481	0	2014-12-25 00:08:35.964587+00	0		
693	200030	2078	2838767	0	2014-12-27 14:42:09.032639+00	0		
245	199472	732	2768871	0	2014-11-19 01:31:35.94495+00	0		
694	200755	2078	2838768	0	2014-12-27 14:42:09.032639+00	0		
252	199472	739	2769368	0	2014-11-19 11:22:55.10997+00	0		
721	200755	2097	2841280	0	2014-12-28 12:00:38.20597+00	0		
257	199472	744	2769475	0	2014-11-19 12:30:59.920973+00	0		
722	200030	2097	2841281	0	2014-12-28 12:00:38.20597+00	0		
263	199472	763	2769823	0	2014-11-19 16:41:23.076746+00	0		
755	200755	2114	2841356	0	2014-12-28 12:34:11.848257+00	0		
292	200000	793	2771925	0	2014-11-21 09:07:52.80383+00	0		
756	200030	2114	2841357	0	2014-12-28 12:34:11.848257+00	0		
293	199472	793	2771928	0	2014-11-21 09:07:52.80383+00	0		
784	199469	2132	2845218	0	2014-12-30 01:09:27.246331+00	0		
299	199472	799	2771982	0	2014-11-21 10:04:47.472798+00	0		
801	199469	2141	2845421	0	2014-12-30 07:27:14.781637+00	0		
305	199472	805	2772006	0	2014-11-21 10:20:16.713332+00	0		
1098	200755	2229	2926009	0	2015-02-06 09:22:12.968922+00	0		
969	200000	2367	2907913	0	2015-01-30 21:21:37.074645+00	0		
878	200755	622	2888293	0	2015-01-13 21:42:14.564529+00	0		
879	200755	583	2888296	0	2015-01-13 21:43:49.779868+00	0		
887	200755	94	2888341	0	2015-01-13 21:56:07.301942+00	0		
1206	199469	2504	2945139	0	2015-02-17 13:34:59.386868+00	0		
836	199469	143	2885894	0	2015-01-12 12:15:18.900412+00	0		
849	199469	257	2885918	0	2015-01-12 12:22:36.477945+00	0		
863	199469	255	2886074	0	2015-01-12 13:50:52.0713+00	0		
999	200000	2393	2918805	0	2015-02-02 03:11:24.964577+00	0		
956	199472	2356	2909801	0	2015-01-27 13:52:24.349075+00	0		
1010	200000	1879	2920193	0	2015-02-02 05:16:18.186309+00	0		
1014	200000	1886	2920193	0	2015-02-02 05:21:42.950082+00	0		
1023	200000	1895	2920193	0	2015-02-02 05:37:50.881146+00	0		
1036	200000	2405	2920216	0	2015-02-02 08:17:55.527202+00	0		
1131	200000	1917	2928497	0	2015-02-08 05:30:01.977654+00	0		
1142	200000	1928	2928497	0	2015-02-08 05:43:59.666423+00	0		
1154	200000	2466	2928522	0	2015-02-08 06:33:40.302254+00	0		
1203	199469	2495	2942445	0	2015-02-15 18:45:54.59192+00	0		
1204	199469	2496	2942486	0	2015-02-15 19:19:12.827761+00	0		
1166	200000	2478	2928522	0	2015-02-08 22:01:25.642964+00	0		
1177	200000	1943	2929759	0	2015-02-08 22:28:47.764564+00	0		
1210	199469	2514	2954039	0	2015-02-20 15:43:06.419308+00	0		
1213	200755	2979	2972149	0	2015-02-22 23:36:14.514956+00	0		
974	200000	2371	2907913	0	2015-02-01 11:52:51.736453+00	0		
985	200000	2379	2918805	0	2015-02-01 17:23:53.051083+00	0		
996	200000	2390	2918805	0	2015-02-01 18:26:13.57431+00	0		
1214	199490	2266	2973460	0	2015-02-23 04:13:21.049977+00	0		
1216	199472	2987	2978246	0	2015-02-23 12:40:46.955368+00	0		
1038	200000	2407	2920216	0	2015-02-02 08:31:44.53738+00	0		
1048	200000	1849	2920390	0	2015-02-02 09:24:30.376319+00	0		
1197	216533	2488	2932897	0	2015-02-10 22:57:00.82327+00	0		
1057	200000	2426	2920514	0	2015-02-04 09:46:48.424397+00	0		
1061	200000	2019	2924044	0	2015-02-04 21:05:45.75463+00	0		
1072	200000	2031	2924044	0	2015-02-04 21:14:41.979786+00	0		
1080	200000	2039	2924044	0	2015-02-04 21:23:31.722266+00	0		
1085	200000	2044	2924044	0	2015-02-04 21:28:59.127925+00	0		
1092	199469	2432	2925496	0	2015-02-05 22:14:23.579249+00	0		
1198	199481	2489	443607	0	2015-02-13 17:56:59.407964+00	0		
1199	216533	2489	2936983	0	2015-02-13 17:56:59.407964+00	0		
1200	199482	2489	2212159	0	2015-02-14 00:21:09.650402+00	0		
1188	200000	1962	2929759	0	2015-02-08 23:59:30.007888+00	0		
1201	199472	2491	2939295	0	2015-02-14 12:02:40.283749+00	0		
1212	199469	2967	2969833	0	2015-02-22 14:06:38.839483+00	0		
1217	216533	3005	2981687	0	2015-02-24 17:32:36.97532+00	0		
1207	200000	2512	2948461	0	2015-02-19 19:09:37.299128+00	0		
1208	199472	2512	2948462	0	2015-02-19 19:09:37.299128+00	0		
1209	215906	2512	2948463	0	2015-02-19 19:09:37.299128+00	0		
1220	199472	3014	2983993	0	2015-02-25 23:41:08.970622+00	0		
1205	199469	2497	2942495	0	2015-02-15 19:24:53.304662+00	0		
1167	200000	2479	2928522	0	2015-02-08 22:04:57.536825+00	0		
1178	200000	1944	2929759	0	2015-02-08 22:29:31.394284+00	0		
1189	200000	1981	2929759	0	2015-02-09 00:00:21.241809+00	0		
586	199469	1833	2813887	0	2014-12-16 01:25:31.757957+00	0		
1419	199472	3576	3083262	0	2015-05-02 09:07:50.951775+00	0		
1422	199472	3579	3083278	0	2015-05-02 09:20:48.225817+00	0		
1211	199469	2515	2954053	0	2015-02-20 15:57:26.195887+00	0		
1215	215906	2985	2973548	0	2015-02-23 06:47:16.051362+00	0		
1218	215906	3006	2981907	0	2015-02-24 20:19:03.393513+00	0		
1223	200000	2440	2984021	0	2015-02-26 02:26:40.988494+00	0		
1425	199472	3582	3083296	0	2015-05-02 09:36:23.420889+00	0		
1000	200000	2394	2918805	0	2015-02-02 04:54:04.111866+00	0		
1321	200000	3320	3039812	0	2015-03-31 06:45:37.966362+00	0		
344	199472	849	2773651	0	2014-11-22 10:49:58.296899+00	0		
1011	200000	1882	2920193	0	2015-02-02 05:17:02.685001+00	0		
345	199472	850	2773652	0	2014-11-22 10:51:26.783417+00	0		
346	199472	851	2773659	0	2014-11-22 10:57:31.257574+00	0		
1024	200000	1896	2920193	0	2015-02-02 05:39:00.592182+00	0		
347	199472	852	2773660	0	2014-11-22 10:59:00.118338+00	0		
638	200000	1622	2830801	0	2014-12-22 20:48:19.868785+00	0		
348	199472	853	2773665	0	2014-11-22 11:03:06.534231+00	0		
349	199469	891	2774001	0	2014-11-22 16:10:28.440598+00	0		
1037	200000	2406	2920216	0	2015-02-02 08:25:51.360501+00	0		
350	200000	890	2774067	0	2014-11-22 16:58:20.541616+00	0		
324	199469	835	2773323	0	2014-11-22 06:41:07.58986+00	0		
656	200000	1637	2830801	0	2014-12-23 12:49:16.177169+00	0		
672	200000	2059	2834487	0	2014-12-25 00:11:48.766116+00	0		
695	200755	2079	2838802	0	2014-12-27 14:46:42.26973+00	0		
696	200030	2079	2838803	0	2014-12-27 14:46:42.26973+00	0		
723	200755	2098	2841282	0	2014-12-28 12:02:05.978084+00	0		
724	200030	2098	2841283	0	2014-12-28 12:02:05.978084+00	0		
757	200755	2115	2841360	0	2014-12-28 12:36:39.010552+00	0		
758	200030	2115	2841361	0	2014-12-28 12:36:39.010552+00	0		
786	199469	306	2845226	0	2014-12-30 01:11:37.595976+00	0		
802	199469	2142	2845422	0	2014-12-30 07:31:52.029738+00	0		
1049	200000	2415	2920514	0	2015-02-02 11:38:43.197831+00	0		
1058	200000	2427	2920514	0	2015-02-04 09:48:59.064162+00	0		
1062	200000	2021	2924044	0	2015-02-04 21:06:30.153034+00	0		
1073	200000	2032	2924044	0	2015-02-04 21:15:13.757334+00	0		
880	200755	619	2888301	0	2015-01-13 21:45:00.180818+00	0		
893	199481	2228	2243455	0	2015-01-14 09:15:53.146996+00	0		
850	199469	274	2885919	0	2015-01-12 12:22:44.072192+00	0		
864	199469	2206	2885895	0	2015-01-12 13:53:53.950075+00	0		
868	199469	218	2886097	0	2015-01-12 14:04:59.993007+00	0		
1086	200000	2045	2924044	0	2015-02-04 21:29:28.483361+00	0		
957	199472	2357	2909829	0	2015-01-27 14:07:04.913503+00	0		
970	199482	2299	2915067	0	2015-01-30 23:51:10.208799+00	0		
330	216533	841	2773589	0	2014-11-22 09:25:45.77176+00	0		
365	199469	893	2776138	0	2014-11-23 22:44:33.547708+00	0		
1328	199469	3329	3041140	0	2015-04-01 00:31:45.386437+00	0		
1299	216533	3295	3038738	0	2015-03-30 17:42:17.729975+00	0		
368	199472	893	2776166	0	2014-11-23 22:59:48.387774+00	0		
369	200000	893	2776167	0	2014-11-23 22:59:48.387774+00	0		
1428	199472	3585	3083308	0	2015-05-02 09:57:30.833171+00	0		
1349	199469	3360	3053942	0	2015-04-09 13:25:38.358021+00	0		
945	200000	2345	2907913	0	2015-01-27 08:23:21.361198+00	0		
1346	199469	3357	3052966	0	2015-04-08 19:34:55.031074+00	0		
1357	200755	3369	3058314	0	2015-04-12 14:12:31.242258+00	0		
1400	199472	3557	3083076	0	2015-05-02 07:02:54.022222+00	0		
1099	200755	621	2926013	0	2015-02-06 09:25:12.982089+00	0		
1412	199472	3570	3083171	0	2015-05-02 08:31:57.704736+00	0		
1415	199472	3573	3083195	0	2015-05-02 08:46:22.848297+00	0		
975	200000	2372	2907913	0	2015-02-01 11:58:22.818229+00	0		
986	200000	2380	2918805	0	2015-02-01 17:28:13.82885+00	0		
331	216533	708	2773590	0	2014-11-22 09:27:55.25708+00	0		
327	216533	838	2773518	0	2014-11-22 08:53:24.985868+00	0		
336	216533	702	2773600	0	2014-11-22 09:42:17.219934+00	0		
342	216533	847	2773619	0	2014-11-22 10:12:28.295253+00	0		
340	216533	845	2773612	0	2014-11-22 09:54:59.02666+00	0		
341	216533	846	2773615	0	2014-11-22 10:03:30.242038+00	0		
339	216533	703	2773610	0	2014-11-22 09:50:41.608127+00	0		
343	216533	848	2773631	0	2014-11-22 10:27:27.980802+00	0		
338	216533	844	2773607	0	2014-11-22 09:47:30.931573+00	0		
337	216533	704	2773603	0	2014-11-22 09:43:24.074201+00	0		
335	216533	843	2773598	0	2014-11-22 09:40:15.515237+00	0		
334	216533	706	2773593	0	2014-11-22 09:36:20.533172+00	0		
333	216533	842	2773592	0	2014-11-22 09:34:16.489822+00	0		
332	216533	707	2773591	0	2014-11-22 09:31:04.35602+00	0		
326	216533	777	2773507	0	2014-11-22 08:46:59.123852+00	0		
329	216533	840	2773580	0	2014-11-22 09:17:51.609543+00	0		
328	216533	839	2773560	0	2014-11-22 09:07:51.404013+00	0		
1106	200000	2446	2920514	0	2015-02-08 00:45:27.236423+00	0		
1119	200000	1905	2928497	0	2015-02-08 05:16:48.924263+00	0		
1132	200000	1918	2928497	0	2015-02-08 05:30:45.784883+00	0		
1143	200000	1929	2928497	0	2015-02-08 05:44:41.055862+00	0		
1155	200000	2467	2928522	0	2015-02-08 06:36:49.97988+00	0		
1431	199472	3588	3083324	0	2015-05-02 10:08:50.819486+00	0		
1435	199472	3592	3083427	0	2015-05-02 11:20:37.19221+00	0		
1438	199472	3595	3083450	0	2015-05-02 11:39:11.506268+00	0		
1441	199472	3598	3083471	0	2015-05-02 11:53:18.282435+00	0		
1444	216533	3601	3083492	0	2015-05-02 12:15:19.743146+00	0		
1446	216533	3603	3083496	0	2015-05-02 12:22:50.193186+00	0		
1447	216533	3605	3084000	0	2015-05-02 21:41:18.298865+00	0		
1448	199472	3605	3084001	0	2015-05-02 21:41:18.298865+00	0		
1450	216533	3574	3084023	0	2015-05-02 22:01:04.643843+00	0		
1452	216533	3591	3084025	0	2015-05-02 22:02:41.661569+00	0		
1454	216533	3598	3084027	0	2015-05-02 22:04:16.078572+00	0		
1457	216533	3608	3084042	0	2015-05-02 22:19:47.783754+00	0		
1458	199472	3608	3084043	0	2015-05-02 22:19:47.783754+00	0		
1460	216533	3606	3084047	0	2015-05-02 22:25:01.651677+00	0		
1462	216533	3595	3084049	0	2015-05-02 22:28:18.680425+00	0		
1463	216533	3597	3084051	0	2015-05-02 22:29:08.036982+00	0		
1464	216533	3599	3084052	0	2015-05-02 22:29:48.011906+00	0		
1465	216533	3600	3084055	0	2015-05-02 22:33:55.969622+00	0		
1466	216533	3611	3084057	0	2015-05-02 22:36:24.667374+00	0		
1467	199472	3611	3084058	0	2015-05-02 22:36:24.667374+00	0		
1470	216533	3576	3084063	0	2015-05-02 22:39:52.378547+00	0		
1383	199472	3518	3078491	0	2015-04-28 07:25:51.9093+00	0		
1468	216533	3609	3084059	0	2015-05-02 22:38:23.552423+00	0		
587	200000	1835	2813948	0	2014-12-16 02:30:42.438263+00	0		
976	200000	2373	2907913	0	2015-02-01 12:04:24.401732+00	0		
987	200000	2381	2918805	0	2015-02-01 17:31:54.107718+00	0		
1252	215906	3136	3014819	0	2015-03-15 16:33:35.976387+00	0		
1001	200000	2395	2918805	0	2015-02-02 04:59:28.174389+00	0		
639	200000	1623	2830801	0	2014-12-22 20:48:44.513322+00	0		
1012	200000	1883	2920193	0	2015-02-02 05:17:46.992602+00	0		
1025	200000	1897	2920193	0	2015-02-02 05:41:24.67144+00	0		
1027	200000	1899	2920193	0	2015-02-02 05:45:19.993976+00	0		
1039	200000	2408	2920216	0	2015-02-02 08:37:16.197838+00	0		
1063	200000	2022	2924044	0	2015-02-04 21:07:08.762688+00	0		
658	200000	1639	2832130	0	2014-12-23 12:50:55.381959+00	0		
673	200000	2060	2834493	0	2014-12-25 00:16:36.90038+00	0		
697	200755	2080	2838849	0	2014-12-27 14:49:38.568118+00	0		
725	200755	2099	2841284	0	2014-12-28 12:03:06.075617+00	0		
726	200030	2099	2841285	0	2014-12-28 12:03:06.075617+00	0		
731	200755	2102	2841290	0	2014-12-28 12:06:27.787184+00	0		
732	200030	2102	2841291	0	2014-12-28 12:06:27.787184+00	0		
759	200755	2116	2841364	0	2014-12-28 12:37:55.577371+00	0		
760	200030	2116	2841365	0	2014-12-28 12:37:55.577371+00	0		
787	199469	215	2845274	0	2014-12-30 02:05:05.115358+00	0		
788	199469	215	2845275	0	2014-12-30 02:05:05.115358+00	0		
789	199469	215	2845276	0	2014-12-30 02:05:05.115358+00	0		
790	199469	215	2845277	0	2014-12-30 02:05:05.115358+00	0		
791	199469	215	2845278	0	2014-12-30 02:05:05.115358+00	0		
803	199469	2145	2845428	0	2014-12-30 07:49:06.686018+00	0		
1074	200000	2033	2924044	0	2015-02-04 21:16:26.33823+00	0		
1087	200000	2046	2924044	0	2015-02-04 21:29:58.274973+00	0		
235	216533	719	2768666	0	2014-11-18 22:33:28.018782+00	0		
881	200755	391	2888309	0	2015-01-13 21:46:14.905264+00	0		
895	200755	2232	2888979	0	2015-01-14 11:00:15.249264+00	0		
838	199469	195	2885896	0	2015-01-12 12:17:21.799923+00	0		
851	199469	209	2885920	0	2015-01-12 12:22:52.727743+00	0		
866	199469	261	2886085	0	2015-01-12 13:58:34.330039+00	0		
894	216533	2232	2888978	0	2015-01-14 11:00:15.249264+00	0		
958	199472	2358	2909854	0	2015-01-27 14:29:48.470126+00	0		
971	199482	2317	2767821	0	2015-01-30 23:51:16.46518+00	0		
201	199469	653	2768093	0	2014-11-18 12:55:44.893797+00	0		
202	199472	653	2768094	0	2014-11-18 12:55:44.893797+00	0		
218	199472	137	2644474	0	2014-11-18 14:37:52.323806+00	0		
229	199481	699	2768390	0	2014-11-18 17:55:42.514554+00	0		
1239	199472	3062	2999048	0	2015-03-05 19:13:14.887097+00	0		
232	199472	721	2768637	0	2014-11-18 22:14:28.135539+00	0		
233	199472	722	2768654	0	2014-11-18 22:25:49.017693+00	0		
234	199472	720	2768656	0	2014-11-18 22:27:21.350697+00	0		
236	199472	723	2768670	0	2014-11-18 22:35:54.517837+00	0		
240	199472	728	2768698	0	2014-11-18 22:51:56.881085+00	0		
243	199472	730	2768786	0	2014-11-18 23:53:06.709721+00	0		
244	199472	731	2768826	0	2014-11-19 00:20:21.780046+00	0		
248	199472	339	2769193	0	2014-11-19 10:07:58.518583+00	0		
946	199469	2346	2907913	0	2015-01-27 09:14:16.574177+00	0		
260	199481	747	2769661	0	2014-11-19 14:12:20.329064+00	0		
1270	200755	3256	3031935	0	2015-03-26 09:37:55.409132+00	0		
410	199472	1007	2780600	0	2014-11-27 12:18:22.714948+00	0		
1254	199469	3146	3016505	0	2015-03-16 20:33:49.431494+00	0		
411	199472	1008	2780605	0	2014-11-27 12:31:19.985332+00	0		
272	200000	780	2770778	0	2014-11-20 12:05:20.819042+00	0		
273	199469	780	2770779	0	2014-11-20 12:05:20.819042+00	0		
274	199469	781	2770779	0	2014-11-20 12:26:23.62899+00	0		
275	200000	781	2770793	0	2014-11-20 12:26:23.62899+00	0		
1255	199469	3148	3016579	0	2015-03-16 21:14:40.400494+00	0		
413	199472	1010	2780682	0	2014-11-27 14:16:46.618867+00	0		
1244	200000	3079	3007586	0	2015-03-10 11:27:47.786196+00	0		
1238	199469	3060	2998674	0	2015-03-05 12:48:15.212293+00	0		
1240	199472	3063	2999636	0	2015-03-06 03:16:03.837321+00	0		
1107	200000	2447	2920514	0	2015-02-08 00:53:30.90783+00	0		
1120	200000	1906	2928497	0	2015-02-08 05:17:46.456769+00	0		
1123	200000	1909	2928497	0	2015-02-08 05:23:56.335023+00	0		
1133	200000	1919	2928497	0	2015-02-08 05:31:29.389143+00	0		
1144	200000	1930	2928497	0	2015-02-08 05:45:26.171162+00	0		
1156	200000	2468	2928522	0	2015-02-08 06:39:41.65471+00	0		
1168	200000	2480	2928522	0	2015-02-08 22:09:06.477487+00	0		
1179	200000	1945	2929759	0	2015-02-08 22:30:52.61681+00	0		
1190	200000	1982	2929759	0	2015-02-09 00:01:39.17752+00	0		
1256	199481	3148	3016580	0	2015-03-16 21:14:40.400494+00	0		
1259	216533	3154	3017008	0	2015-03-17 02:57:43.397347+00	0		
1260	199481	3155	3017127	0	2015-03-17 05:53:41.456032+00	0		
1261	199469	3155	3017128	0	2015-03-17 05:53:41.456032+00	0		
1231	199472	3025	2988398	0	2015-02-26 23:48:41.791052+00	0		
1232	199469	3040	2991849	0	2015-02-28 21:15:40.130587+00	0		
1233	199469	3043	2994412	0	2015-03-02 13:33:38.858205+00	0		
1234	200755	3043	2994413	0	2015-03-02 13:33:38.858205+00	0		
1235	200755	3043	2994414	0	2015-03-02 13:33:38.858205+00	0		
1236	200755	3043	2994415	0	2015-03-02 13:33:38.858205+00	0		
1237	200755	3043	2994416	0	2015-03-02 13:33:38.858205+00	0		
1241	199469	3064	3001184	0	2015-03-06 19:44:55.157564+00	0		
1242	199469	3064	3001202	0	2015-03-06 19:44:55.157564+00	0		
1243	199472	3070	3001764	0	2015-03-07 01:46:48.690089+00	0		
1272	199472	3266	3032407	0	2015-03-26 16:54:43.754801+00	0		
1245	216533	3111	3011788	0	2015-03-13 15:59:07.371354+00	0		
1246	199469	3134	3013683	0	2015-03-15 10:59:46.018463+00	0		
1247	199472	3134	3013684	0	2015-03-15 10:59:46.018463+00	0		
1248	199472	3134	3013685	0	2015-03-15 10:59:46.018463+00	0		
1274	199469	3272	2886662	0	2015-03-27 00:06:02.368885+00	0		
1277	199469	3280	2886662	0	2015-03-27 17:37:39.464163+00	0		
1268	199482	3148	3029975	0	2015-03-25 20:33:46.165903+00	0		
1280	199469	3285	2886662	0	2015-03-27 20:08:42.769834+00	0		
1271	199481	3264	3032392	0	2015-03-26 16:34:28.552319+00	0		
1281	199469	3286	2886662	0	2015-03-27 20:34:08.214284+00	0		
1282	199469	3216	3034366	0	2015-03-27 23:07:32.899686+00	0		
1275	199469	3278	3033609	0	2015-03-27 14:09:47.27242+00	0		
1283	200000	3037	3036148	0	2015-03-29 02:54:24.478001+00	0		
1284	199472	3291	3037029	0	2015-03-29 17:32:47.319173+00	0		
1285	199472	3292	3037080	0	2015-03-29 17:58:10.29939+00	0		
1264	200000	3216	3027584	0	2015-03-24 17:20:21.57316+00	0		
443	199472	1250	2783316	0	2014-11-29 17:10:50.533357+00	0		
1013	200000	1885	2920193	0	2015-02-02 05:19:35.012644+00	0		
1028	200000	2397	2920216	0	2015-02-02 05:58:38.323405+00	0		
1251	199469	3135	3013683	0	2015-03-15 11:05:25.958404+00	0		
421	199490	1016	2781380	0	2014-11-28 02:53:47.054293+00	0		
288	200042	789	2771680	0	2014-11-21 05:07:58.852697+00	0		
1040	200000	2409	2920216	0	2015-02-02 08:43:53.245112+00	0		
1064	200000	2023	2924044	0	2015-02-04 21:08:11.895802+00	0		
423	199472	1200	2781614	0	2014-11-28 10:22:56.896426+00	0		
424	199469	1200	2781620	0	2014-11-28 10:29:17.305177+00	0		
1075	200000	2034	2924044	0	2015-02-04 21:17:07.548357+00	0		
425	199472	1201	2781636	0	2014-11-28 10:47:19.14762+00	0		
426	199472	1202	2781671	0	2014-11-28 11:44:09.691649+00	0		
1079	200000	2038	2924044	0	2015-02-04 21:23:01.849672+00	0		
320	216533	830	2782674	0	2014-11-22 00:17:18.671155+00	0		
640	200000	1624	2830801	0	2014-12-22 20:51:23.12535+00	0		
241	216533	729	2782676	0	2014-11-18 23:14:57.887071+00	0		
659	200000	1640	2832130	0	2014-12-23 12:51:30.971238+00	0		
313	199472	822	2772806	0	2014-11-21 22:22:02.485783+00	0		
314	199472	823	2772813	0	2014-11-21 22:27:00.962037+00	0		
698	200755	2081	2838872	0	2014-12-27 14:51:28.778191+00	0		
316	199472	824	2772831	0	2014-11-21 22:43:59.70582+00	0		
318	199472	827	2772923	0	2014-11-21 23:26:52.92323+00	0		
319	199472	829	2772971	0	2014-11-22 00:02:01.102017+00	0		
