15	199489	137	1406953	0	2014-11-17 22:51:42.449663+00	0		
3	199489	125	1387128	0	2014-11-17 22:48:24.3459+00	0		
2	199489	124	198948	0	2014-11-17 22:48:06.099088+00	0		
4	199489	126	1393236	0	2014-11-17 22:48:37.915715+00	0		
29	199489	1732	1470610	0	2014-12-14 14:56:21.367298+00	0		
5	199489	127	1388273	0	2014-11-17 22:48:54.507403+00	0		
17	199489	630	1319523	0	2014-11-18 10:32:46.952142+00	0		
6	199489	128	1388833	0	2014-11-17 22:49:12.054869+00	0		
28	199489	1250	1464849	0	2014-11-29 17:10:50.533357+00	0		
7	199489	129	1393174	0	2014-11-17 22:49:27.92757+00	0		
8	199489	130	1394683	0	2014-11-17 22:49:44.201481+00	0		
9	199489	131	1406436	0	2014-11-17 22:50:00.931297+00	0		
10	199489	132	1406435	0	2014-11-17 22:50:20.082339+00	0		
11	199489	133	1405325	0	2014-11-17 22:50:37.380487+00	0		
12	199489	134	1406560	0	2014-11-17 22:50:54.845951+00	0		
30	199489	1733	1470639	0	2014-12-14 17:15:32.425827+00	0		
31	199489	1963	1471782	0	2014-12-18 00:43:43.239885+00	0		
14	199489	136	1398222	0	2014-11-17 22:51:26.270588+00	0		
34	199489	2070	317870	0	2014-12-26 13:33:09.07302+00	0		
16	199489	629	1377639	0	2014-11-18 10:32:31.580438+00	0		
33	199489	1991	1467685	0	2014-12-19 21:55:10.02432+00	0		
18	199489	631	1317018	0	2014-11-18 10:33:01.886564+00	0		
19	199489	632	1260484	0	2014-11-18 10:33:17.031815+00	0		
20	199489	633	1339920	0	2014-11-18 10:33:32.150983+00	0		
21	199489	634	1360930	0	2014-11-18 10:33:48.057833+00	0		
22	199489	635	1379699	0	2014-11-18 10:34:03.549509+00	0		
38	199489	2247	1391375	0	2015-01-14 13:37:29.055294+00	0		
23	199489	636	1344752	0	2014-11-18 10:34:18.759942+00	0		
35	199489	2195	1480342	0	2015-01-11 21:07:30.316112+00	0		
25	199489	693	1426176	0	2014-11-18 14:45:42.917142+00	0		
1	199489	668	1459806	0	2014-11-17 22:47:50.553581+00	0		
26	199489	715	1462240	0	2014-11-18 20:41:26.557986+00	0		
39	199489	2306	642797	0	2015-01-20 18:08:14.941207+00	0		
27	199489	853	1353776	0	2014-11-22 11:03:06.534231+00	0		
40	199489	2434	92682	0	2015-02-06 07:58:59.445749+00	0		
41	199489	2435	66482	0	2015-02-06 09:09:48.307262+00	0		
42	199489	2484	14266	0	2015-02-09 20:02:00.442323+00	0		
43	199489	2490	1467173	0	2015-02-14 02:29:34.446899+00	0		
44	199489	2512	1495212	0	2015-02-19 19:09:37.299128+00	0		
46	199489	3107	1502814	0	2015-03-12 12:53:05.174236+00	0		
47	199489	3274	699522	0	2015-03-27 11:43:16.188009+00	0		
48	199489	3275	613903	0	2015-03-27 12:23:16.927529+00	0		
49	199489	3276	653645	0	2015-03-27 13:22:38.116958+00	0		
78	199489	5368	1357342	1	2015-07-31 11:36:14.517999+00	0		
51	199489	4067	1517299	0	2015-05-20 10:54:24.508978+00	0		
92	256215	5261	36576	0	2015-08-20 22:24:01.279134+00	0		
62	199489	5342	1501993	0	2015-07-25 08:45:53.932821+00	0		
53	199489	5196	336306	0	2015-07-01 10:11:37.305669+00	0		
54	199489	5197	1345889	0	2015-07-01 10:24:02.161952+00	0		
52	199489	220	1537212	0	2015-06-19 02:36:43.117342+00	0		
55	199489	5202	1542398	0	2015-07-02 03:09:09.091901+00	0		
127	256215	7164	1092817	1	2015-10-07 18:56:35.775401+00	0		
65	199489	5350	151422	0	2015-07-28 12:32:56.035134+00	0		
110	199489	205	1531983	0	2015-09-09 14:48:38.327403+00	0		
133	256215	7717	1579779	1	2015-10-21 22:37:08.225737+00	0		
96	256215	5656	19814	0	2015-08-20 22:49:01.145404+00	0		
97	256215	5659	1049491	0	2015-08-20 23:03:14.28969+00	0		
99	199489	5789	1552412	0	2015-08-29 14:41:32.463128+00	0		
100	256215	5789	1552412	0	2015-08-29 14:41:32.463128+00	0		
13	199489	135	1452274	0	2014-11-17 22:51:10.755771+00	0		
83	256215	5503	1515612	0	2015-08-19 17:42:13.835842+00	0		
84	256215	5618	73729	0	2015-08-19 17:42:25.494716+00	0		
85	256215	620	3600	0	2015-08-20 08:04:08.6304+00	0		
111	199489	220	1564788	0	2015-09-09 17:04:16.580392+00	0		
112	199489	2266	1564648	0	2015-09-09 17:35:38.739603+00	0		
124	256215	7128	1092448	1	2015-10-06 19:10:32.04225+00	0		
113	199489	219	1480044	0	2015-09-09 19:00:20.8077+00	0		
98	256215	5667	598416	0	2015-08-21 05:46:19.311181+00	0		
117	256215	7013	1441866	0	2015-09-30 17:39:18.580846+00	0		
118	256215	7014	1441866	0	2015-09-30 17:41:48.350099+00	0		
61	199489	5341	1549522	1	2015-07-23 15:38:49.993146+00	0		
120	256215	6711	36576	0	2015-10-04 12:18:44.447218+00	0		
79	199489	5422	1510577	0	2015-08-05 00:34:05.99081+00	0		
126	256215	7162	1092580	1	2015-10-07 18:23:42.976739+00	0		
86	256215	5441	61976	0	2015-08-20 18:14:36.27375+00	0		
88	256215	5652	19814	0	2015-08-20 21:43:22.728557+00	0		
89	256215	5654	19814	0	2015-08-20 22:17:26.609919+00	0		
90	256215	5259	19814	0	2015-08-20 22:21:36.165136+00	0		
125	256215	7129	19814	0	2015-10-06 21:03:37.53258+00	0		
115	199489	6826	1507841	0	2015-09-22 17:21:27.561436+00	0		
116	199489	6846	1386667	0	2015-09-22 19:39:33.14085+00	0		
102	256215	5987	1327679	0	2015-09-05 19:57:35.469954+00	0		
103	199489	216	1564618	0	2015-09-09 05:49:56.824149+00	0		
104	199489	277	1386734	0	2015-09-09 07:35:21.033039+00	0		
105	199489	207	1560481	0	2015-09-09 07:57:24.980668+00	0		
106	199489	214	1558071	0	2015-09-09 08:22:24.167019+00	0		
107	199489	223	1560494	0	2015-09-09 08:53:21.998902+00	0		
108	199489	219	1564643	0	2015-09-09 10:50:14.71825+00	0		
109	199489	2266	1564724	0	2015-09-09 14:17:16.055349+00	0		
123	256215	7107	61976	0	2015-10-04 12:49:14.634441+00	0		
131	256215	7192	1574795	0	2015-10-09 07:00:47.641976+00	0		
128	256215	7177	1561352	0	2015-10-08 12:27:53.552386+00	0		
129	256215	7176	1560359	0	2015-10-08 12:28:40.364986+00	0		
132	256215	7193	1570537	0	2015-10-09 10:48:50.425463+00	0		
91	256215	5260	34539	0	2015-08-20 22:22:38.690654+00	0		
94	256215	5540	34539	0	2015-08-20 22:30:23.853524+00	0		
95	256215	5655	34539	0	2015-08-20 22:42:12.353668+00	0		
119	256215	6778	73896	0	2015-10-04 11:17:26.882765+00	0		
121	256215	7105	34539	0	2015-10-04 12:36:31.208476+00	0		
87	256215	5651	34539	0	2015-08-20 21:29:46.966644+00	0		
122	256215	7106	34539	0	2015-10-04 12:41:12.097912+00	0		
101	256215	5982	34539	0	2015-09-05 10:47:51.079645+00	0		
