651	199662	1771	82102	0	2014-12-15 00:16:23.124403+00	0		
678	199662	1827	899246	0	2014-12-16 00:51:39.457276+00	0		
679	199662	1861	1140708	0	2014-12-16 19:55:06.127194+00	0		
726	199577	2154	1543771	0	2014-12-31 08:34:00.101749+00	0		
693	199577	219	1541512	0	2014-12-24 11:40:42.878268+00	0		
674	199662	1810	1300744	0	2014-12-15 11:56:23.159992+00	0		
973	199662	2314	813469	0	2015-01-24 21:56:57.053141+00	0		
680	199577	225	1154338	0	2014-12-19 03:28:59.968662+00	0		
681	199577	225	1539188	0	2014-12-19 04:16:04.576116+00	0		
688	199577	1984	1498362	0	2014-12-19 13:51:29.973862+00	0		
689	199577	1984	1498475	0	2014-12-19 13:51:29.973862+00	0		
1030	199662	3020	552564	0	2015-02-26 12:54:10.109994+00	0		
998	199662	2484	1563359	0	2015-02-09 20:02:00.442323+00	0		
881	199577	142	1552164	0	2015-01-18 03:56:36.24912+00	0		
976	199577	263	1555739	0	2015-01-25 01:53:25.758652+00	0		
978	199577	214	1555844	0	2015-01-25 07:09:35.21662+00	0		
692	199577	312	1350548	0	2014-12-23 12:05:17.595988+00	0		
979	199577	199	1312772	0	2015-01-25 09:59:20.255259+00	0		
982	199577	177	1556287	0	2015-01-26 04:51:32.45043+00	0		
694	199488	2057	361476	0	2014-12-25 00:05:00.984517+00	0		
986	199577	223	1560003	0	2015-02-02 23:50:30.649069+00	0		
831	199577	212	1549518	0	2015-01-12 11:58:54.089486+00	0		
987	199662	553	1416799	0	2015-02-03 20:07:44.984578+00	0		
695	199662	2064	703333	0	2014-12-26 07:34:55.590217+00	0		
696	199577	208	1542384	0	2014-12-27 06:07:25.492451+00	0		
983	199662	2314	208256	0	2015-01-27 21:42:27.484063+00	0		
835	199577	251	1549975	0	2015-01-13 10:07:17.54306+00	0		
1014	199577	2362	1567074	0	2015-02-17 22:13:27.637237+00	0		
709	199577	2125	1543528	0	2014-12-29 19:19:18.831785+00	0		
710	199577	215	1543675	0	2014-12-30 01:32:47.558292+00	0		
715	199577	309	1543697	0	2014-12-30 03:02:42.867843+00	0		
716	199577	309	1543698	0	2014-12-30 03:10:50.939498+00	0		
702	199577	223	1543265	0	2014-12-29 01:30:27.238717+00	0		
725	199577	223	1544084	0	2014-12-30 23:35:58.12369+00	0		
729	199577	223	1544171	0	2014-12-31 18:10:43.775285+00	0		
700	199577	223	1543007	0	2014-12-28 14:20:37.791669+00	0		
984	199577	277	798582	0	2015-01-28 10:27:35.181946+00	0		
705	199577	223	1543375	0	2014-12-29 09:49:53.202875+00	0		
721	199577	223	1543759	0	2014-12-30 09:31:49.973077+00	0		
882	199577	223	1552313	0	2015-01-18 12:52:15.971018+00	0		
727	199577	2155	1544257	0	2014-12-31 12:23:21.737361+00	0		
730	199662	2156	437713	0	2015-01-01 03:24:43.315439+00	0		
731	199662	2156	689192	0	2015-01-01 03:24:43.315439+00	0		
732	199662	2156	437714	0	2015-01-01 03:24:43.315439+00	0		
733	199577	2157	1544534	0	2015-01-01 05:42:50.963095+00	0		
734	199662	2164	1115686	0	2015-01-01 20:52:08.815512+00	0		
735	199488	2164	417522	0	2015-01-01 20:52:08.815512+00	0		
736	199577	223	1543025	0	2015-01-04 00:27:20.122709+00	0		
742	199577	223	1546281	0	2015-01-05 04:51:48.010055+00	0		
737	199577	199	1546018	0	2015-01-04 14:48:11.324923+00	0		
738	199577	204	1546020	0	2015-01-04 15:03:22.444169+00	0		
746	199577	197	448877	0	2015-01-05 05:03:03.959729+00	0		
966	199662	2322	742311	0	2015-01-22 17:19:56.588214+00	0		
985	199662	2368	851375	0	2015-01-31 14:50:21.637088+00	0		
839	199577	205	1312990	0	2015-01-14 07:28:09.18464+00	0		
846	199577	195	1550868	0	2015-01-15 03:21:12.56339+00	0		
1028	199577	2362	1570697	0	2015-02-26 00:44:23.908394+00	0		
852	199577	305	1551020	0	2015-01-15 13:24:38.346803+00	0		
926	199662	2306	1553196	0	2015-01-20 18:08:14.941207+00	0		
927	199577	2306	302458	0	2015-01-20 18:08:14.941207+00	0		
857	199577	144	1551341	0	2015-01-16 10:11:34.589285+00	0		
862	199577	260	1551645	0	2015-01-17 02:24:59.450843+00	0		
864	199577	260	1551654	0	2015-01-17 03:49:05.761045+00	0		
999	199577	223	1563178	0	2015-02-12 07:02:32.65124+00	0		
887	199577	224	1552806	0	2015-01-19 05:05:56.459699+00	0		
888	199577	225	274766	0	2015-01-19 06:16:08.465605+00	0		
889	199577	225	425730	0	2015-01-19 06:16:08.465605+00	0		
911	199577	219	1471201	0	2015-01-19 23:24:15.512558+00	0		
912	199577	184	88089	0	2015-01-20 07:48:21.511437+00	0		
928	199662	2308	1002505	0	2015-01-20 20:29:51.67821+00	0		
931	199577	227	1553691	0	2015-01-21 02:58:18.304177+00	0		
932	199577	208	1553691	0	2015-01-21 02:58:18.304177+00	0		
933	199577	208	1553695	0	2015-01-21 03:23:34.405599+00	0		
939	199577	251	1553746	0	2015-01-21 06:52:38.809348+00	0		
940	199577	184	1553758	0	2015-01-21 08:03:33.201494+00	0		
1031	199577	200	1571216	0	2015-02-27 07:34:05.416399+00	0		
947	199577	259	1553873	0	2015-01-21 13:40:02.845464+00	0		
948	199577	259	1553899	0	2015-01-21 14:43:46.729206+00	0		
954	199577	249	1554214	0	2015-01-22 06:11:48.23947+00	0		
963	199577	281	1554377	0	2015-01-22 12:49:31.286551+00	0		
1000	199577	240	1564853	0	2015-02-13 03:03:30.865699+00	0		
967	199577	260	1555259	0	2015-01-24 04:38:45.199217+00	0		
971	199577	304	1555297	0	2015-01-24 08:10:41.721835+00	0		
1042	199577	3261	962061	0	2015-03-26 14:51:50.006697+00	0		
1003	199662	2489	424095	0	2015-02-13 17:56:59.407964+00	0		
1004	199662	2489	424096	0	2015-02-13 17:56:59.407964+00	0		
1005	199662	2489	425972	0	2015-02-13 17:56:59.407964+00	0		
1016	199577	2512	1567938	0	2015-02-19 19:09:37.299128+00	0		
1012	199577	223	1565612	0	2015-02-14 18:33:43.268596+00	0		
988	199577	195	1562722	0	2015-02-08 14:42:43.760936+00	0		
1002	199577	262	1560007	0	2015-02-13 08:37:07.85051+00	0		
1006	199577	139	1564546	0	2015-02-14 02:19:44.643672+00	0		
1015	199577	2505	1402559	0	2015-02-18 18:27:44.930618+00	0		
1013	199577	2362	1566110	0	2015-02-15 19:53:18.37574+00	0		
1017	199577	226	1110474	0	2015-02-20 09:17:40.463114+00	0		
1019	199577	149	1569440	0	2015-02-23 04:50:46.917618+00	0		
1044	199577	3263	1384287	0	2015-03-26 16:26:45.70227+00	0		
1032	199577	3078	1552313	0	2015-03-10 10:22:33.180915+00	0		
1035	199577	3257	998527	0	2015-03-26 13:04:24.918229+00	0		
1045	199577	3273	838036	0	2015-03-27 10:48:05.446431+00	0		
1046	199577	3274	1016844	0	2015-03-27 11:43:16.188009+00	0		
1047	199577	3274	1018900	0	2015-03-27 11:43:16.188009+00	0		
1048	199577	3275	1006690	0	2015-03-27 12:23:16.927529+00	0		
1049	199577	3276	1011895	0	2015-03-27 13:22:38.116958+00	0		
1050	199577	3288	1402500	0	2015-03-29 10:51:42.317117+00	0		
1051	199662	3333	1297487	0	2015-04-01 09:59:33.609775+00	0		
1033	199577	3254	549289	0	2015-03-26 07:03:52.122637+00	0		
1036	199577	3257	1548510	0	2015-03-26 13:04:24.918229+00	0		
1037	199577	3257	1213019	0	2015-03-26 13:04:24.918229+00	0		
972	199577	304	1555311	0	2015-01-24 08:38:00.642377+00	0		
697	199577	219	1542394	0	2014-12-27 06:53:22.120495+00	0		
701	199577	219	1543025	0	2014-12-28 15:15:48.852178+00	0		
675	199662	1811	1300742	0	2014-12-15 12:32:10.949079+00	0		
682	199577	224	1539196	0	2014-12-19 04:43:29.138093+00	0		
691	199577	217	1540077	0	2014-12-21 08:32:07.007096+00	0		
977	199577	256	1555759	0	2015-01-25 02:06:43.980359+00	0		
980	199577	312	1292162	0	2015-01-25 10:36:51.598693+00	0		
703	199577	1984	1543292	0	2014-12-29 02:54:08.152109+00	0		
706	199662	2122	1543390	0	2014-12-29 10:23:20.680816+00	0		
711	199577	215	1543682	0	2014-12-30 01:59:53.387025+00	0		
717	199577	309	1543700	0	2014-12-30 03:27:20.580784+00	0		
652	199577	223	1537464	0	2014-12-15 00:28:19.271187+00	0		
722	199577	223	1543771	0	2014-12-30 10:04:22.986831+00	0		
728	199662	2155	477781	0	2014-12-31 12:33:47.870796+00	0		
739	199577	193	1546025	0	2015-01-04 15:03:54.513402+00	0		
743	199577	223	1546311	0	2015-01-05 04:52:29.752998+00	0		
989	199577	195	1562731	0	2015-02-08 14:50:30.115534+00	0		
836	199577	205	1549978	0	2015-01-13 10:17:08.28303+00	0		
1001	199577	177	1564874	0	2015-02-13 05:11:04.507269+00	0		
1007	199577	2490	1533001	0	2015-02-14 02:29:34.446899+00	0		
1008	199577	2490	1533002	0	2015-02-14 02:29:34.446899+00	0		
840	199577	183	1088676	0	2015-01-14 09:02:27.552827+00	0		
1009	199577	2490	1533004	0	2015-02-14 02:29:34.446899+00	0		
1010	199577	2490	1533005	0	2015-02-14 02:29:34.446899+00	0		
847	199577	311	1550909	0	2015-01-15 06:26:30.580743+00	0		
1011	199577	2490	1533006	0	2015-02-14 02:29:34.446899+00	0		
853	199577	277	1551026	0	2015-01-15 13:35:56.025874+00	0		
858	199577	262	1161389	0	2015-01-16 11:17:07.322904+00	0		
859	199577	260	1141991	0	2015-01-16 11:21:24.723775+00	0		
863	199577	2292	760262	0	2015-01-17 02:30:39.864684+00	0		
865	199577	260	772618	0	2015-01-17 03:50:41.347913+00	0		
866	199577	260	333915	0	2015-01-17 03:50:41.347913+00	0		
974	199662	2332	1020325	0	2015-01-24 22:07:11.56409+00	0		
883	199577	223	1552336	0	2015-01-18 13:34:56.008864+00	0		
884	199577	2154	1552336	0	2015-01-18 13:34:56.008864+00	0		
890	199577	219	1552816	0	2015-01-19 06:20:38.840782+00	0		
913	199577	176	123599	0	2015-01-20 08:10:14.777499+00	0		
929	199662	2309	663698	0	2015-01-20 21:18:43.289595+00	0		
934	199577	208	1553718	0	2015-01-21 04:50:37.373081+00	0		
941	199577	184	1553773	0	2015-01-21 09:03:31.50676+00	0		
949	199577	259	1553902	0	2015-01-21 14:49:10.461179+00	0		
955	199577	249	426862	0	2015-01-22 06:16:17.475245+00	0		
964	199577	281	1554380	0	2015-01-22 13:06:03.508434+00	0		
968	199577	257	649805	0	2015-01-24 04:55:11.436104+00	0		
1029	199577	2362	1570708	0	2015-02-26 01:27:21.978481+00	0		
1020	199577	149	1569444	0	2015-02-23 05:21:28.377715+00	0		
1034	199577	3255	549289	0	2015-03-26 07:12:44.959821+00	0		
1038	199577	3257	810078	0	2015-03-26 13:04:24.918229+00	0		
1039	199577	3258	810078	0	2015-03-26 13:07:05.362128+00	0		
1043	199577	3262	962061	0	2015-03-26 14:52:54.231505+00	0		
981	199577	177	1292167	0	2015-01-25 11:09:14.883191+00	0		
676	199662	1812	846137	0	2014-12-15 12:38:48.055499+00	0		
683	199577	224	1539200	0	2014-12-19 05:33:14.968259+00	0		
653	199577	219	1472438	0	2014-12-15 00:36:27.115958+00	0		
841	199662	2228	1355756	0	2015-01-14 09:21:45.548935+00	0		
990	199577	195	1562736	0	2015-02-08 14:56:58.322023+00	0		
698	199577	208	226653	0	2014-12-27 07:22:42.982349+00	0		
704	199577	215	1543318	0	2014-12-29 04:42:37.752174+00	0		
707	199577	2123	1408239	0	2014-12-29 10:50:13.997456+00	0		
712	199577	202	1200719	0	2014-12-30 02:06:33.692655+00	0		
718	199577	273	1543702	0	2014-12-30 03:38:18.406258+00	0		
723	199577	223	1518284	0	2014-12-30 11:44:32.413859+00	0		
740	199577	197	505324	0	2015-01-04 15:36:34.171725+00	0		
744	199577	184	448876	0	2015-01-05 05:00:56.4344+00	0		
1021	199577	149	1569447	0	2015-02-23 05:26:55.989548+00	0		
1040	199577	3259	810078	0	2015-03-26 13:07:11.624265+00	0		
837	199577	204	1549979	0	2015-01-13 10:29:17.476326+00	0		
848	199577	2265	1549029	0	2015-01-15 06:30:04.746169+00	0		
854	199577	282	1551029	0	2015-01-15 13:46:23.845421+00	0		
860	199577	193	1551367	0	2015-01-16 11:49:17.520543+00	0		
867	199577	277	696855	0	2015-01-17 04:23:06.059477+00	0		
975	199662	2333	624375	0	2015-01-24 22:37:34.847875+00	0		
885	199662	2294	1552417	0	2015-01-18 16:04:05.297778+00	0		
891	199577	225	1552819	0	2015-01-19 07:05:35.824574+00	0		
914	199577	260	186298	0	2015-01-20 08:37:10.999664+00	0		
930	199662	2310	969927	0	2015-01-20 21:29:44.744946+00	0		
935	199577	208	1553724	0	2015-01-21 05:17:39.852981+00	0		
942	199577	208	1273788	0	2015-01-21 09:45:35.963553+00	0		
950	199662	2314	145837	0	2015-01-21 20:32:17.520098+00	0		
956	199577	249	1554223	0	2015-01-22 06:31:43.393081+00	0		
965	199577	281	1554387	0	2015-01-22 13:26:57.698911+00	0		
969	199577	239	1169394	0	2015-01-24 05:16:05.972889+00	0		
1056	199662	3355	1591025	0	2015-04-08 13:02:37.730183+00	0		
1057	199662	3362	1591726	0	2015-04-09 17:26:09.267722+00	0		
1058	199577	3362	391523	0	2015-04-09 17:26:09.267722+00	0		
1059	199662	3369	1593136	0	2015-04-12 14:12:31.242258+00	0		
1060	199577	216	1431515	0	2015-04-13 04:45:11.032637+00	0		
1061	199577	3371	1093457	0	2015-04-14 13:14:49.192672+00	0		
1062	199577	3372	1384287	0	2015-04-14 15:51:18.107496+00	0		
1063	199577	3373	1384287	0	2015-04-14 23:40:02.583429+00	0		
1064	199577	3376	1432012	0	2015-04-15 10:11:25.171729+00	0		
1065	199577	3377	1432012	0	2015-04-15 11:12:19.086802+00	0		
1066	199577	3394	1384287	0	2015-04-21 08:02:19.367841+00	0		
1067	199662	3479	1598698	0	2015-04-27 00:58:26.638416+00	0		
1068	199577	3604	919094	0	2015-05-02 12:40:44.514761+00	0		
1071	199577	3794	1341107	0	2015-05-12 18:52:24.111973+00	0		
1072	199577	3815	1003883	0	2015-05-13 02:48:12.722517+00	0		
1073	199577	3817	1328307	0	2015-05-13 04:42:53.546945+00	0		
1074	199577	3832	1332214	0	2015-05-13 09:50:03.894652+00	0		
1075	199577	3870	988476	0	2015-05-14 18:00:24.331177+00	0		
1076	199577	3875	1334724	0	2015-05-14 20:14:24.340581+00	0		
1077	199577	3879	1339430	0	2015-05-14 23:05:20.975277+00	0		
1078	199577	3897	1353078	0	2015-05-15 02:52:19.699921+00	0		
1079	199577	3901	1362608	0	2015-05-15 04:18:31.145701+00	0		
1080	199577	3905	1370284	0	2015-05-15 05:28:15.185162+00	0		
1081	199577	3914	1411130	0	2015-05-15 09:27:13.388674+00	0		
1082	199577	3953	1414887	0	2015-05-15 18:16:12.413845+00	0		
1083	199577	3965	883194	0	2015-05-15 23:44:18.474701+00	0		
1084	199577	3972	1441477	0	2015-05-16 07:23:48.594644+00	0		
1085	199577	3993	1455435	0	2015-05-16 17:57:58.957846+00	0		
1086	199577	4025	1601713	0	2015-05-17 03:22:07.81913+00	0		
1069	199577	3743	841149	0	2015-05-10 10:57:46.762887+00	0		
654	199577	204	1231174	0	2014-12-15 00:37:16.665254+00	0		
677	199662	1813	1154532	0	2014-12-15 12:56:00.575686+00	0		
684	199577	183	1088698	0	2014-12-19 06:00:34.390577+00	0		
842	199662	2228	1352755	0	2015-01-14 09:22:07.037409+00	0		
991	199577	195	1562739	0	2015-02-08 15:04:18.867018+00	0		
699	199577	311	1542402	0	2014-12-27 08:24:57.50562+00	0		
713	199577	202	1543693	0	2014-12-30 02:29:12.646911+00	0		
719	199577	273	611316	0	2014-12-30 03:48:32.506165+00	0		
724	199577	2125	1543825	0	2014-12-30 12:01:29.1478+00	0		
708	199577	223	1543453	0	2014-12-29 14:24:27.040751+00	0		
741	199577	184	1546060	0	2015-01-04 15:59:45.872095+00	0		
745	199577	251	448875	0	2015-01-05 05:02:11.826649+00	0		
1022	199577	149	684840	0	2015-02-23 05:33:24.922662+00	0		
1041	199577	3260	810078	0	2015-03-26 13:07:15.64754+00	0		
832	199577	2203	1402481	0	2015-01-12 14:01:40.534849+00	0		
838	199577	206	1549990	0	2015-01-13 13:51:18.554809+00	0		
849	199577	305	1550919	0	2015-01-15 06:55:05.701872+00	0		
855	199577	282	1551032	0	2015-01-15 13:56:58.420027+00	0		
861	199577	256	1442878	0	2015-01-16 11:54:14.848997+00	0		
868	199577	305	807814	0	2015-01-17 04:33:07.809339+00	0		
886	199662	2298	1551959	0	2015-01-18 18:52:11.88426+00	0		
892	199577	230	1539233	0	2015-01-19 07:14:20.259191+00	0		
893	199577	224	1539233	0	2015-01-19 07:14:20.259191+00	0		
915	199577	274	572493	0	2015-01-20 08:44:11.695564+00	0		
936	199577	208	1553722	0	2015-01-21 05:23:40.106193+00	0		
943	199577	164	1553796	0	2015-01-21 09:55:40.252823+00	0		
951	199577	2154	1554039	0	2015-01-21 20:47:20.435904+00	0		
957	199577	249	1554227	0	2015-01-22 06:39:49.80408+00	0		
970	199577	303	555098	0	2015-01-24 05:38:23.721402+00	0		
655	199662	1781	221697	0	2014-12-15 00:37:31.950784+00	0		
685	199577	224	1539222	0	2014-12-19 06:10:01.353798+00	0		
714	199577	1984	1543696	0	2014-12-30 02:43:54.378108+00	0		
720	199577	2127	1543711	0	2014-12-30 04:43:37.669699+00	0		
747	199577	176	448879	0	2015-01-05 05:06:40.155039+00	0		
856	199577	2273	1298824	0	2015-01-15 20:19:17.230325+00	0		
992	199577	226	1562747	0	2015-02-08 15:22:22.954252+00	0		
1023	199577	149	1569450	0	2015-02-23 05:38:58.762643+00	0		
843	199577	195	1550435	0	2015-01-14 09:51:18.232552+00	0		
944	199662	2311	1437487	0	2015-01-21 10:34:54.914734+00	0		
945	199662	2311	467912	0	2015-01-21 10:34:54.914734+00	0		
946	199662	2311	1482959	0	2015-01-21 10:34:54.914734+00	0		
850	199577	305	1550947	0	2015-01-15 08:09:07.684963+00	0		
869	199577	260	1551673	0	2015-01-17 04:51:21.299212+00	0		
894	199577	232	1552823	0	2015-01-19 07:24:49.298197+00	0		
895	199577	224	1552823	0	2015-01-19 07:24:49.298197+00	0		
916	199577	226	1553368	0	2015-01-20 09:39:34.629339+00	0		
937	199577	208	623047	0	2015-01-21 05:29:58.423482+00	0		
952	199662	2315	1553920	0	2015-01-21 22:11:18.442985+00	0		
958	199577	249	1554232	0	2015-01-22 06:53:02.005211+00	0		
656	199577	199	1226307	0	2014-12-15 00:38:07.499313+00	0		
659	199577	193	1107347	0	2014-12-15 00:41:14.81816+00	0		
686	199577	1980	1411049	0	2014-12-19 06:35:21.838677+00	0		
748	199577	260	448882	0	2015-01-05 05:11:06.708835+00	0		
870	199662	424	1533019	0	2015-01-17 05:08:33.956081+00	0		
993	199577	277	1562755	0	2015-02-08 15:47:15.027143+00	0		
844	199577	195	1550443	0	2015-01-14 10:10:01.444879+00	0		
1024	199577	307	1453449	0	2015-02-23 06:10:02.094901+00	0		
851	199577	2270	1398051	0	2015-01-15 09:55:58.300412+00	0		
896	199577	223	1552825	0	2015-01-19 07:32:19.400106+00	0		
917	199577	238	572505	0	2015-01-20 09:55:19.996874+00	0		
938	199577	238	1331337	0	2015-01-21 05:40:32.588729+00	0		
953	199577	2312	918596	0	2015-01-22 00:00:50.327901+00	0		
959	199577	249	1554237	0	2015-01-22 07:10:27.707275+00	0		
657	199577	193	1107340	0	2014-12-15 00:39:09.333702+00	0		
687	199577	204	1292171	0	2014-12-19 07:04:30.383584+00	0		
749	199577	277	632500	0	2015-01-05 05:22:40.790023+00	0		
994	199577	277	1562762	0	2015-02-08 15:55:15.940675+00	0		
845	199662	2231	181769	0	2015-01-14 10:56:02.274954+00	0		
897	199577	223	1552854	0	2015-01-19 09:11:19.686823+00	0		
918	199577	244	572509	0	2015-01-20 09:58:10.775928+00	0		
960	199577	281	1056649	0	2015-01-22 07:44:55.276835+00	0		
871	199662	424	1367392	0	2015-01-17 05:08:55.8205+00	0		
1025	199577	237	1569488	0	2015-02-23 07:28:32.801283+00	0		
658	199577	193	1117370	0	2014-12-15 00:40:36.207575+00	0		
750	199577	277	644351	0	2015-01-05 05:23:30.863576+00	0		
995	199577	279	675083	0	2015-02-08 16:19:12.809969+00	0		
898	199577	223	1552866	0	2015-01-19 09:35:33.502401+00	0		
919	199577	256	572488	0	2015-01-20 10:07:43.674834+00	0		
961	199577	281	1554276	0	2015-01-22 08:32:02.481595+00	0		
1026	199577	237	150422	0	2015-02-23 07:33:35.742325+00	0		
500	199488	628	143216	0	2014-11-18 10:32:19.19032+00	0		
506	199577	764	1236100	0	2014-11-19 17:11:17.44245+00	0		
513	199577	807	1306693	0	2014-11-21 13:10:27.334816+00	0		
520	199577	846	1275942	0	2014-11-22 10:03:30.242038+00	0		
522	199577	156	652963	0	2014-11-22 13:12:53.964209+00	0		
550	199577	310	1210626	0	2014-11-22 13:39:18.958045+00	0		
567	199577	252	649963	0	2014-11-22 13:53:41.518714+00	0		
515	199662	835	1527662	0	2014-11-22 06:41:07.58986+00	0		
283	199577	153	438304	0	2014-11-18 07:55:48.434715+00	0		
284	199577	247	462134	0	2014-11-18 07:56:00.887366+00	0		
285	199577	199	1188442	0	2014-11-18 07:56:13.785406+00	0		
286	199577	244	492210	0	2014-11-18 07:56:25.727167+00	0		
287	199577	247	462108	0	2014-11-18 07:56:37.782784+00	0		
288	199577	260	432960	0	2014-11-18 07:56:47.124456+00	0		
289	199577	260	451134	0	2014-11-18 07:57:00.140843+00	0		
290	199577	282	1055686	0	2014-11-18 07:57:12.687552+00	0		
291	199577	244	503238	0	2014-11-18 07:57:25.295643+00	0		
292	199577	226	467350	0	2014-11-18 07:57:38.021845+00	0		
293	199577	140	448118	0	2014-11-18 07:57:48.538836+00	0		
294	199577	139	432967	0	2014-11-18 07:58:00.744549+00	0		
295	199577	204	1299536	0	2014-11-18 07:58:13.14976+00	0		
296	199577	303	398865	0	2014-11-18 07:58:26.163874+00	0		
297	199577	244	492233	0	2014-11-18 07:58:39.871955+00	0		
298	199577	238	431886	0	2014-11-18 07:58:52.459586+00	0		
299	199577	303	438270	0	2014-11-18 07:59:05.881914+00	0		
300	199577	244	503249	0	2014-11-18 07:59:18.58406+00	0		
301	199577	177	1069692	0	2014-11-18 07:59:25.522578+00	0		
302	199577	282	1045508	0	2014-11-18 07:59:37.925643+00	0		
303	199577	239	398875	0	2014-11-18 07:59:49.933133+00	0		
304	199577	196	1170418	0	2014-11-18 08:00:02.158535+00	0		
305	199577	303	438326	0	2014-11-18 08:00:14.226814+00	0		
306	199577	247	470296	0	2014-11-18 08:00:26.793043+00	0		
307	199577	303	388843	0	2014-11-18 08:00:39.492571+00	0		
308	199577	240	455190	0	2014-11-18 08:00:52.82278+00	0		
309	199577	244	484765	0	2014-11-18 08:01:04.849791+00	0		
310	199577	305	728244	0	2014-11-18 08:01:17.831473+00	0		
311	199577	139	442255	0	2014-11-18 08:01:30.700463+00	0		
312	199577	153	434030	0	2014-11-18 08:01:42.968471+00	0		
314	199577	238	539382	0	2014-11-18 08:02:05.720875+00	0		
315	199577	244	482909	0	2014-11-18 08:02:18.075581+00	0		
316	199577	176	398885	0	2014-11-18 08:02:31.671392+00	0		
317	199577	262	572479	0	2014-11-18 08:02:44.800998+00	0		
318	199577	153	438305	0	2014-11-18 08:02:58.381284+00	0		
319	199577	303	433674	0	2014-11-18 08:03:10.706722+00	0		
320	199577	244	492216	0	2014-11-18 08:03:24.579598+00	0		
321	199577	140	432954	0	2014-11-18 08:03:37.349847+00	0		
322	199577	145	449662	0	2014-11-18 08:03:50.660899+00	0		
323	199577	238	1056610	0	2014-11-18 08:04:02.988833+00	0		
324	199577	247	462116	0	2014-11-18 08:04:16.456757+00	0		
325	199577	226	398876	0	2014-11-18 08:04:28.567528+00	0		
326	199577	303	456427	0	2014-11-18 08:04:41.264459+00	0		
327	199577	312	1056621	0	2014-11-18 08:05:00.62596+00	0		
1087	199662	4026	1605021	0	2015-05-17 03:27:31.18638+00	0		
313	199577	277	696850	0	2014-11-18 08:01:53.13453+00	0		
328	199577	244	503227	0	2014-11-18 08:05:13.893716+00	0		
329	199577	140	432955	0	2014-11-18 08:05:27.118267+00	0		
330	199577	247	464566	0	2014-11-18 08:05:40.277835+00	0		
331	199577	252	539757	0	2014-11-18 08:05:52.854001+00	0		
332	199577	244	481082	0	2014-11-18 08:06:06.400636+00	0		
333	199577	277	646886	0	2014-11-18 08:06:19.140636+00	0		
334	199577	226	438285	0	2014-11-18 08:06:33.25696+00	0		
335	199577	247	470360	0	2014-11-18 08:06:42.757713+00	0		
336	199577	262	572478	0	2014-11-18 08:06:54.960594+00	0		
337	199577	184	439217	0	2014-11-18 08:07:07.602422+00	0		
338	199577	277	696854	0	2014-11-18 08:07:21.42618+00	0		
339	199577	238	455842	0	2014-11-18 08:07:35.135256+00	0		
340	199577	244	492193	0	2014-11-18 08:07:47.566749+00	0		
341	199577	140	440512	0	2014-11-18 08:08:00.841857+00	0		
342	199577	305	731272	0	2014-11-18 08:08:14.743363+00	0		
343	199577	252	1055685	0	2014-11-18 08:08:28.525754+00	0		
344	199577	140	438320	0	2014-11-18 08:08:41.257202+00	0		
345	199577	252	530390	0	2014-11-18 08:08:50.603939+00	0		
346	199577	260	398872	0	2014-11-18 08:09:03.438263+00	0		
347	199577	291	399234	0	2014-11-18 08:09:16.845265+00	0		
348	199577	199	1188438	0	2014-11-18 08:09:30.932335+00	0		
349	199577	240	455185	0	2014-11-18 08:09:43.487324+00	0		
350	199577	139	401317	0	2014-11-18 08:09:56.594142+00	0		
351	199577	291	433699	0	2014-11-18 08:10:09.508255+00	0		
352	199577	247	470332	0	2014-11-18 08:10:22.82377+00	0		
353	199577	247	462113	0	2014-11-18 08:10:34.854192+00	0		
354	199577	140	438823	0	2014-11-18 08:10:46.584571+00	0		
660	199577	193	1122892	0	2014-12-15 00:41:58.757809+00	0		
673	199577	312	834122	0	2014-12-15 00:52:05.901069+00	0		
899	199577	223	1552876	0	2015-01-19 11:33:54.467436+00	0		
920	199577	193	1553388	0	2015-01-20 10:27:07.934695+00	0		
521	199577	847	1411093	0	2014-11-22 10:12:28.295253+00	0		
523	199662	196	1210632	0	2014-11-22 13:13:34.594658+00	0		
547	199577	201	1208008	0	2014-11-22 13:31:03.747756+00	0		
962	199577	281	1554283	0	2015-01-22 08:40:46.305236+00	0		
551	199577	857	470822	0	2014-11-22 13:40:35.142304+00	0		
568	199577	252	649932	0	2014-11-22 13:53:48.831749+00	0		
516	199662	835	1528244	0	2014-11-22 06:52:31.220532+00	0		
517	199662	835	1528241	0	2014-11-22 06:52:49.478264+00	0		
355	199577	244	481894	0	2014-11-18 08:10:58.926758+00	0		
356	199577	145	448891	0	2014-11-18 08:11:08.823208+00	0		
357	199577	279	1176432	0	2014-11-18 08:11:21.099865+00	0		
358	199577	226	407494	0	2014-11-18 08:11:34.150288+00	0		
359	199577	279	774424	0	2014-11-18 08:11:47.399018+00	0		
360	199577	139	431052	0	2014-11-18 08:12:00.156097+00	0		
361	199577	139	433679	0	2014-11-18 08:12:14.334629+00	0		
362	199577	276	711836	0	2014-11-18 08:12:27.1046+00	0		
363	199577	239	432961	0	2014-11-18 08:12:39.572437+00	0		
364	199577	277	646676	0	2014-11-18 08:12:52.442256+00	0		
365	199577	277	704661	0	2014-11-18 08:13:05.226191+00	0		
366	199577	244	481815	0	2014-11-18 08:13:17.653719+00	0		
367	199577	239	388842	0	2014-11-18 08:13:31.163064+00	0		
368	199577	252	525613	0	2014-11-18 08:13:45.144558+00	0		
369	199577	190	1208371	0	2014-11-18 08:13:57.842045+00	0		
370	199577	226	408605	0	2014-11-18 08:14:11.113442+00	0		
371	199577	244	492229	0	2014-11-18 08:14:23.629828+00	0		
372	199577	244	508152	0	2014-11-18 08:14:36.023411+00	0		
373	199577	244	482899	0	2014-11-18 08:14:46.574496+00	0		
374	199577	140	433663	0	2014-11-18 08:14:58.868504+00	0		
375	199577	140	435004	0	2014-11-18 08:15:12.931987+00	0		
376	199577	139	1320323	0	2014-11-18 08:15:27.242365+00	0		
377	199577	238	1320327	0	2014-11-18 08:15:39.968552+00	0		
378	199577	277	711539	0	2014-11-18 08:15:52.265588+00	0		
379	199577	262	535106	0	2014-11-18 08:16:04.66765+00	0		
380	199577	303	433540	0	2014-11-18 08:16:18.160365+00	0		
381	199577	240	453860	0	2014-11-18 08:16:31.081139+00	0		
382	199577	226	456412	0	2014-11-18 08:16:44.25317+00	0		
383	199577	196	1170660	0	2014-11-18 08:16:56.153469+00	0		
384	199577	226	470824	0	2014-11-18 08:17:08.249602+00	0		
385	199577	256	535104	0	2014-11-18 08:17:20.463171+00	0		
386	199577	244	503602	0	2014-11-18 08:17:33.296306+00	0		
387	199577	140	553801	0	2014-11-18 08:17:45.906586+00	0		
388	199577	207	1300311	0	2014-11-18 08:17:59.777715+00	0		
389	199577	277	685971	0	2014-11-18 08:18:12.319796+00	0		
390	199577	153	438303	0	2014-11-18 08:18:24.749514+00	0		
391	199577	303	456405	0	2014-11-18 08:18:37.595683+00	0		
392	199577	244	503615	0	2014-11-18 08:18:49.545125+00	0		
393	199577	260	429801	0	2014-11-18 08:18:59.309035+00	0		
394	199577	247	470251	0	2014-11-18 08:19:13.426345+00	0		
395	199577	244	492237	0	2014-11-18 08:19:25.376114+00	0		
396	199577	291	1056607	0	2014-11-18 08:19:37.318078+00	0		
397	199577	226	398878	0	2014-11-18 08:19:47.028741+00	0		
398	199577	244	482485	0	2014-11-18 08:20:00.294911+00	0		
399	199577	277	652924	0	2014-11-18 08:20:13.232139+00	0		
400	199577	247	470302	0	2014-11-18 08:20:26.517219+00	0		
401	199577	247	462139	0	2014-11-18 08:20:38.890507+00	0		
402	199577	240	455179	0	2014-11-18 08:20:50.948561+00	0		
403	199577	247	459801	0	2014-11-18 08:21:03.247497+00	0		
404	199577	252	519161	0	2014-11-18 08:21:15.859166+00	0		
405	199577	262	1056615	0	2014-11-18 08:21:29.529506+00	0		
406	199577	142	1176436	0	2014-11-18 08:21:41.932442+00	0		
407	199577	260	433669	0	2014-11-18 08:21:55.759276+00	0		
408	199577	226	433695	0	2014-11-18 08:22:08.517909+00	0		
409	199577	199	1188435	0	2014-11-18 08:22:18.632189+00	0		
410	199577	207	1298974	0	2014-11-18 08:22:31.22508+00	0		
411	199577	244	482962	0	2014-11-18 08:22:43.928295+00	0		
412	199577	203	1208310	0	2014-11-18 08:22:55.955683+00	0		
413	199577	226	442258	0	2014-11-18 08:23:08.761904+00	0		
414	199577	204	1354885	0	2014-11-18 08:23:21.570585+00	0		
415	199577	240	453169	0	2014-11-18 08:23:33.632361+00	0		
416	199577	279	1160588	0	2014-11-18 08:23:46.081277+00	0		
417	199577	240	455196	0	2014-11-18 08:23:58.988665+00	0		
418	199577	197	431044	0	2014-11-18 08:24:10.837604+00	0		
419	199577	277	658405	0	2014-11-18 08:24:24.938237+00	0		
420	199577	176	417003	0	2014-11-18 08:24:36.557514+00	0		
421	199577	177	1094754	0	2014-11-18 08:24:47.430481+00	0		
422	199577	277	642005	0	2014-11-18 08:24:59.851339+00	0		
423	199577	305	728235	0	2014-11-18 08:25:12.284409+00	0		
424	199577	247	462476	0	2014-11-18 08:25:24.798469+00	0		
427	199577	244	491446	0	2014-11-18 08:26:02.114567+00	0		
428	199577	247	459817	0	2014-11-18 08:26:14.600417+00	0		
429	199577	184	437925	0	2014-11-18 08:26:27.191166+00	0		
431	199577	291	417318	0	2014-11-18 08:26:49.009522+00	0		
432	199577	139	398877	0	2014-11-18 08:27:02.077525+00	0		
433	199577	176	399315	0	2014-11-18 08:27:14.311255+00	0		
434	199577	210	470364	0	2014-11-18 08:27:27.552954+00	0		
441	199577	252	539373	0	2014-11-18 08:28:47.818912+00	0		
454	199577	252	525618	0	2014-11-18 08:31:30.138956+00	0		
455	199577	305	1298976	0	2014-11-18 08:31:42.891831+00	0		
457	199577	247	462531	0	2014-11-18 08:32:08.844205+00	0		
458	199577	184	440511	0	2014-11-18 08:32:21.798675+00	0		
460	199577	257	554666	0	2014-11-18 08:32:47.343498+00	0		
464	199577	244	503243	0	2014-11-18 08:33:37.273715+00	0		
469	199577	257	539381	0	2014-11-18 08:34:40.19864+00	0		
473	199577	139	732431	0	2014-11-18 08:35:31.296567+00	0		
873	199577	260	1551679	0	2015-01-17 05:21:54.083656+00	0		
996	199577	256	1562778	0	2015-02-08 16:40:08.056736+00	0		
1027	199577	237	1569491	0	2015-02-23 07:55:22.891136+00	0		
751	199577	305	754103	0	2015-01-05 05:31:23.818721+00	0		
752	199577	305	743653	0	2015-01-05 05:31:23.818721+00	0		
753	199577	305	1124698	0	2015-01-05 05:31:23.818721+00	0		
754	199577	305	1089443	0	2015-01-05 05:31:23.818721+00	0		
755	199577	305	852948	0	2015-01-05 05:31:23.818721+00	0		
756	199577	305	730826	0	2015-01-05 05:31:23.818721+00	0		
757	199577	305	754093	0	2015-01-05 05:31:23.818721+00	0		
758	199577	305	727947	0	2015-01-05 05:31:23.818721+00	0		
759	199577	305	742769	0	2015-01-05 05:31:23.818721+00	0		
760	199577	305	1107830	0	2015-01-05 05:31:23.818721+00	0		
761	199577	305	730710	0	2015-01-05 05:31:23.818721+00	0		
661	199577	193	1116391	0	2014-12-15 00:42:50.266435+00	0		
524	199662	277	1042565	0	2014-11-22 13:14:24.637649+00	0		
552	199577	858	470812	0	2014-11-22 13:41:39.938242+00	0		
997	199577	256	1562791	0	2015-02-08 16:58:27.00237+00	0		
554	199577	247	459814	0	2014-11-22 13:44:12.734063+00	0		
569	199577	291	649920	0	2014-11-22 13:54:58.121849+00	0		
518	199662	836	1527672	0	2014-11-22 07:13:50.241523+00	0		
519	199662	836	1528248	0	2014-11-22 07:13:50.241523+00	0		
425	199577	193	1162869	0	2014-11-18 08:25:37.007851+00	0		
426	199577	244	484755	0	2014-11-18 08:25:49.6938+00	0		
438	199577	244	484769	0	2014-11-18 08:28:12.488271+00	0		
440	199577	244	484703	0	2014-11-18 08:28:34.746692+00	0		
456	199577	244	503242	0	2014-11-18 08:31:56.101463+00	0		
467	199577	260	433667	0	2014-11-18 08:34:15.164682+00	0		
474	199577	312	1063748	0	2014-11-18 08:35:43.828728+00	0		
476	199577	291	470825	0	2014-11-18 08:36:10.306065+00	0		
477	199577	260	389160	0	2014-11-18 08:36:24.216904+00	0		
478	199577	262	1176430	0	2014-11-18 08:36:37.765137+00	0		
479	199577	247	459816	0	2014-11-18 08:36:50.670533+00	0		
480	199577	291	401690	0	2014-11-18 08:37:03.159022+00	0		
481	199577	247	462121	0	2014-11-18 08:37:17.443387+00	0		
482	199577	239	432966	0	2014-11-18 08:37:30.809043+00	0		
483	199577	247	459822	0	2014-11-18 08:37:43.115535+00	0		
484	199577	244	482902	0	2014-11-18 08:37:56.32189+00	0		
486	199577	260	451143	0	2014-11-18 08:38:22.954207+00	0		
494	199577	196	1209403	0	2014-11-18 08:40:07.059026+00	0		
496	199577	239	482865	0	2014-11-18 08:40:34.452898+00	0		
498	199577	247	462119	0	2014-11-18 08:41:00.492829+00	0		
501	199662	697	1524944	0	2014-11-18 15:49:40.412752+00	0		
874	199577	239	1551684	0	2015-01-17 06:16:40.100686+00	0		
584	199662	977	1305966	0	2014-11-25 21:56:05.539619+00	0		
585	199662	977	136918	0	2014-11-25 21:58:49.858921+00	0		
900	199577	223	1552878	0	2015-01-19 11:34:08.622823+00	0		
586	199577	981	1529986	0	2014-11-26 00:13:07.679929+00	0		
587	199577	981	1529984	0	2014-11-26 00:13:07.679929+00	0		
921	199577	206	1553395	0	2015-01-20 10:41:59.676583+00	0		
588	199577	981	1529985	0	2014-11-26 00:13:07.679929+00	0		
763	199577	305	1095419	0	2015-01-05 05:31:23.818721+00	0		
595	199662	977	1223316	0	2014-11-26 16:00:15.79489+00	0		
764	199577	305	1109216	0	2015-01-05 05:31:23.818721+00	0		
596	199662	977	656938	0	2014-11-26 16:00:15.79489+00	0		
765	199577	305	730183	0	2015-01-05 05:31:23.818721+00	0		
597	199662	977	672989	0	2014-11-26 16:00:15.79489+00	0		
766	199577	305	745973	0	2015-01-05 05:31:23.818721+00	0		
598	199662	977	1289158	0	2014-11-26 16:00:15.79489+00	0		
767	199577	305	729850	0	2015-01-05 05:31:23.818721+00	0		
599	199662	977	1415509	0	2014-11-26 16:00:15.79489+00	0		
768	199577	305	786682	0	2015-01-05 05:31:23.818721+00	0		
600	199662	977	673055	0	2014-11-26 16:00:15.79489+00	0		
769	199577	305	751064	0	2015-01-05 05:31:23.818721+00	0		
601	199662	977	712109	0	2014-11-26 16:00:15.79489+00	0		
770	199577	305	752305	0	2015-01-05 05:31:23.818721+00	0		
602	199662	977	34740	0	2014-11-26 16:00:15.79489+00	0		
771	199577	305	737700	0	2015-01-05 05:31:23.818721+00	0		
603	199662	977	1305637	0	2014-11-26 16:00:15.79489+00	0		
662	199577	193	1107980	0	2014-12-15 00:43:32.746512+00	0		
781	199577	312	785950	0	2015-01-05 05:34:52.110032+00	0		
782	199577	312	786175	0	2015-01-05 05:34:52.110032+00	0		
783	199577	312	1103573	0	2015-01-05 05:34:52.110032+00	0		
525	199577	277	647330	0	2014-11-22 13:18:07.960249+00	0		
784	199577	312	791108	0	2015-01-05 05:34:52.110032+00	0		
526	199577	277	652932	0	2014-11-22 13:18:07.960249+00	0		
527	199577	277	644049	0	2014-11-22 13:18:07.960249+00	0		
785	199577	312	1072245	0	2015-01-05 05:34:52.110032+00	0		
528	199577	277	652978	0	2014-11-22 13:18:07.960249+00	0		
529	199577	277	649986	0	2014-11-22 13:18:07.960249+00	0		
786	199577	312	791650	0	2015-01-05 05:34:52.110032+00	0		
530	199577	277	646858	0	2014-11-22 13:18:07.960249+00	0		
531	199577	277	644570	0	2014-11-22 13:18:07.960249+00	0		
790	199577	223	1546297	0	2015-01-05 10:06:15.041378+00	0		
532	199577	277	661112	0	2014-11-22 13:18:07.960249+00	0		
533	199577	277	652948	0	2014-11-22 13:18:07.960249+00	0		
573	199577	2154	1523650	0	2014-11-22 16:57:44.614946+00	0		
534	199577	277	642351	0	2014-11-22 13:18:07.960249+00	0		
535	199577	277	646883	0	2014-11-22 13:18:07.960249+00	0		
795	199577	177	1124704	0	2015-01-05 13:59:36.759939+00	0		
536	199577	277	647341	0	2014-11-22 13:18:07.960249+00	0		
553	199577	859	470827	0	2014-11-22 13:41:43.227735+00	0		
796	199577	177	1121756	0	2015-01-05 13:59:36.759939+00	0		
570	199577	291	652656	0	2014-11-22 13:54:59.829101+00	0		
800	199577	184	1546747	0	2015-01-06 06:28:58.545079+00	0		
809	199577	2181	1546913	0	2015-01-07 08:26:28.457404+00	0		
811	199577	223	1547220	0	2015-01-07 10:26:50.031988+00	0		
2	199577	145	449660	0	2014-11-18 06:54:46.759255+00	0		
3	199577	247	470327	0	2014-11-18 06:55:00.586532+00	0		
4	199577	226	398882	0	2014-11-18 06:55:13.494314+00	0		
5	199577	153	418756	0	2014-11-18 06:55:26.682575+00	0		
6	199577	291	398831	0	2014-11-18 06:56:17.796247+00	0		
7	199577	312	1045523	0	2014-11-18 06:56:32.177528+00	0		
8	199577	247	462529	0	2014-11-18 06:56:45.248723+00	0		
9	199577	142	1159297	0	2014-11-18 06:56:57.957101+00	0		
10	199577	252	571361	0	2014-11-18 06:57:13.058837+00	0		
11	199577	247	469923	0	2014-11-18 06:57:26.636235+00	0		
12	199577	244	503247	0	2014-11-18 06:57:39.510574+00	0		
13	199577	279	705429	0	2014-11-18 06:57:52.647461+00	0		
14	199577	244	492150	0	2014-11-18 06:58:04.745834+00	0		
15	199577	176	435003	0	2014-11-18 06:58:17.992972+00	0		
16	199577	177	1069700	0	2014-11-18 06:58:31.890145+00	0		
17	199577	240	451178	0	2014-11-18 06:58:45.062659+00	0		
18	199577	310	1045517	0	2014-11-18 06:58:59.960374+00	0		
19	199577	303	398879	0	2014-11-18 06:59:13.795338+00	0		
20	199577	305	1056618	0	2014-11-18 06:59:27.381658+00	0		
21	199577	145	449650	0	2014-11-18 06:59:40.331085+00	0		
22	199577	305	1045514	0	2014-11-18 06:59:52.948003+00	0		
23	199577	247	470358	0	2014-11-18 07:00:06.34991+00	0		
24	199577	252	514665	0	2014-11-18 07:00:19.738442+00	0		
25	199577	252	539376	0	2014-11-18 07:00:32.886911+00	0		
26	199577	226	433569	0	2014-11-18 07:00:45.425385+00	0		
27	199577	291	413733	0	2014-11-18 07:00:58.265504+00	0		
28	199577	247	464560	0	2014-11-18 07:01:12.344563+00	0		
29	199577	177	1154332	0	2014-11-18 07:01:25.525991+00	0		
30	199577	303	433565	0	2014-11-18 07:01:35.164743+00	0		
31	199577	139	440515	0	2014-11-18 07:01:48.234597+00	0		
32	199577	176	417297	0	2014-11-18 07:02:02.205462+00	0		
33	199577	247	459818	0	2014-11-18 07:02:16.294361+00	0		
34	199577	299	531616	0	2014-11-18 07:02:28.819904+00	0		
35	199577	193	1143777	0	2014-11-18 07:02:41.621196+00	0		
36	199577	193	1143779	0	2014-11-18 07:02:54.54144+00	0		
37	199577	204	1298649	0	2014-11-18 07:03:07.872367+00	0		
38	199577	244	540020	0	2014-11-18 07:03:20.511462+00	0		
39	199577	145	449668	0	2014-11-18 07:03:32.98106+00	0		
40	199577	142	1049330	0	2014-11-18 07:03:45.606669+00	0		
41	199577	312	1298977	0	2014-11-18 07:03:59.113503+00	0		
42	199577	238	435375	0	2014-11-18 07:04:11.521264+00	0		
43	199577	244	492156	0	2014-11-18 07:04:25.502155+00	0		
44	199577	244	482905	0	2014-11-18 07:04:38.438411+00	0		
45	199577	277	643811	0	2014-11-18 07:04:51.077308+00	0		
46	199577	279	704877	0	2014-11-18 07:05:05.157742+00	0		
47	199577	196	1170637	0	2014-11-18 07:05:15.421636+00	0		
48	199577	244	570868	0	2014-11-18 07:05:28.318571+00	0		
49	199577	291	440518	0	2014-11-18 07:05:41.794404+00	0		
50	199577	291	456417	0	2014-11-18 07:05:54.472464+00	0		
51	199577	176	433597	0	2014-11-18 07:06:07.390502+00	0		
52	199577	240	455198	0	2014-11-18 07:06:21.087652+00	0		
53	199577	244	503593	0	2014-11-18 07:06:33.594155+00	0		
54	199577	263	704863	0	2014-11-18 07:06:45.999998+00	0		
55	199577	210	470802	0	2014-11-18 07:06:58.607836+00	0		
56	199577	139	438215	0	2014-11-18 07:07:12.603645+00	0		
57	199577	239	433672	0	2014-11-18 07:07:25.22724+00	0		
58	199577	139	388848	0	2014-11-18 07:07:38.939454+00	0		
59	199577	153	406513	0	2014-11-18 07:07:50.455033+00	0		
60	199577	240	454679	0	2014-11-18 07:08:04.772681+00	0		
61	199577	262	1060032	0	2014-11-18 07:08:18.850101+00	0		
62	199577	252	1056611	0	2014-11-18 07:08:29.439879+00	0		
813	199662	2189	666188	0	2015-01-08 00:38:21.244473+00	0		
814	199577	2154	1547947	0	2015-01-09 04:31:20.081479+00	0		
901	199577	223	1552874	0	2015-01-19 11:55:23.167503+00	0		
817	199577	219	1548371	0	2015-01-10 06:13:54.61448+00	0		
922	199577	205	1553399	0	2015-01-20 10:53:31.465021+00	0		
808	199577	2180	1547146	0	2015-01-07 04:28:51.657075+00	0		
812	199577	223	1547429	0	2015-01-07 21:09:31.348773+00	0		
875	199577	239	1297984	0	2015-01-17 06:35:38.682223+00	0		
818	199577	223	1548733	0	2015-01-10 21:00:08.002772+00	0		
822	199577	223	1548867	0	2015-01-11 02:08:26.146572+00	0		
823	199577	223	1548873	0	2015-01-11 03:01:18.044664+00	0		
824	199577	216	1548884	0	2015-01-11 04:27:44.792108+00	0		
825	199577	223	1549118	0	2015-01-11 17:31:13.530134+00	0		
762	199577	305	1103572	0	2015-01-05 05:31:23.818721+00	0		
772	199577	312	791645	0	2015-01-05 05:34:52.110032+00	0		
773	199577	312	1095387	0	2015-01-05 05:34:52.110032+00	0		
774	199577	312	1124701	0	2015-01-05 05:34:52.110032+00	0		
775	199577	312	1116999	0	2015-01-05 05:34:52.110032+00	0		
776	199577	312	789680	0	2015-01-05 05:34:52.110032+00	0		
777	199577	312	790515	0	2015-01-05 05:34:52.110032+00	0		
778	199577	312	793357	0	2015-01-05 05:34:52.110032+00	0		
779	199577	312	790757	0	2015-01-05 05:34:52.110032+00	0		
663	199577	193	1107343	0	2014-12-15 00:44:03.044571+00	0		
791	199577	223	1546309	0	2015-01-05 10:06:58.924482+00	0		
819	199577	223	1548683	0	2015-01-10 21:03:43.460888+00	0		
826	199577	223	1549142	0	2015-01-11 18:06:23.925294+00	0		
780	199577	312	786183	0	2015-01-05 05:34:52.110032+00	0		
787	199577	193	1244036	0	2015-01-05 05:38:47.044772+00	0		
797	199577	219	1521736	0	2015-01-05 14:05:15.473946+00	0		
801	199577	176	1546755	0	2015-01-06 07:29:38.8632+00	0		
810	199577	2182	1546911	0	2015-01-07 08:35:42.865759+00	0		
537	199577	262	649983	0	2014-11-22 13:20:35.170171+00	0		
815	199577	183	1088683	0	2015-01-09 06:04:41.396859+00	0		
541	199577	239	471098	0	2014-11-22 13:23:33.116482+00	0		
556	199577	247	458727	0	2014-11-22 13:44:38.659902+00	0		
562	199577	263	711819	0	2014-11-22 13:51:15.007685+00	0		
563	199577	276	711819	0	2014-11-22 13:51:15.007685+00	0		
571	199577	291	651476	0	2014-11-22 13:55:01.669187+00	0		
574	199577	204	1239195	0	2014-11-22 17:00:00.76431+00	0		
876	199577	239	1006105	0	2015-01-17 06:50:47.827238+00	0		
902	199577	223	1552869	0	2015-01-19 11:57:18.801841+00	0		
923	199577	2305	572499	0	2015-01-20 11:17:00.831496+00	0		
63	199577	238	434297	0	2014-11-18 07:08:42.844563+00	0		
64	199577	197	433624	0	2014-11-18 07:08:53.819934+00	0		
65	199577	244	492181	0	2014-11-18 07:09:08.284692+00	0		
66	199577	193	1170645	0	2014-11-18 07:09:19.334925+00	0		
67	199577	177	1069702	0	2014-11-18 07:09:32.325633+00	0		
68	199577	226	432970	0	2014-11-18 07:09:45.829077+00	0		
69	199577	153	448121	0	2014-11-18 07:09:58.064458+00	0		
70	199577	239	407680	0	2014-11-18 07:10:11.572132+00	0		
71	199577	262	703895	0	2014-11-18 07:10:25.76491+00	0		
72	199577	140	398868	0	2014-11-18 07:10:38.35674+00	0		
73	199577	238	432260	0	2014-11-18 07:10:52.604913+00	0		
74	199577	238	572832	0	2014-11-18 07:11:05.579683+00	0		
75	199577	240	450126	0	2014-11-18 07:11:19.707937+00	0		
76	199577	244	503595	0	2014-11-18 07:11:33.909256+00	0		
77	199577	140	438430	0	2014-11-18 07:11:46.42934+00	0		
78	199577	244	482894	0	2014-11-18 07:11:59.384077+00	0		
79	199577	305	1045515	0	2014-11-18 07:12:11.738722+00	0		
80	199577	244	484770	0	2014-11-18 07:12:23.972237+00	0		
81	199577	244	503594	0	2014-11-18 07:12:36.503832+00	0		
82	199577	239	435006	0	2014-11-18 07:12:48.472743+00	0		
83	199577	153	433554	0	2014-11-18 07:13:02.277966+00	0		
84	199577	239	437914	0	2014-11-18 07:13:14.921788+00	0		
85	199577	139	430574	0	2014-11-18 07:13:28.289684+00	0		
86	199577	247	467126	0	2014-11-18 07:13:42.495671+00	0		
87	199577	262	711834	0	2014-11-18 07:13:55.667056+00	0		
88	199577	226	433689	0	2014-11-18 07:14:08.472888+00	0		
89	199577	244	482893	0	2014-11-18 07:14:18.943862+00	0		
90	199577	303	401315	0	2014-11-18 07:14:31.741797+00	0		
91	199577	262	1439846	0	2014-11-18 07:14:44.107671+00	0		
92	199577	247	470349	0	2014-11-18 07:14:58.012878+00	0		
93	199577	145	449648	0	2014-11-18 07:15:10.836936+00	0		
94	199577	240	455187	0	2014-11-18 07:15:24.153978+00	0		
95	199577	244	503245	0	2014-11-18 07:15:37.197489+00	0		
96	199577	139	432279	0	2014-11-18 07:15:49.368027+00	0		
97	199577	238	435373	0	2014-11-18 07:16:02.712781+00	0		
98	199577	226	398869	0	2014-11-18 07:16:16.942971+00	0		
99	199577	252	685957	0	2014-11-18 07:16:30.985645+00	0		
100	199577	247	470359	0	2014-11-18 07:16:44.091427+00	0		
101	199577	260	389159	0	2014-11-18 07:16:53.891523+00	0		
102	199577	244	492230	0	2014-11-18 07:17:09.56033+00	0		
103	199577	247	467125	0	2014-11-18 07:17:22.7221+00	0		
104	199577	291	416987	0	2014-11-18 07:17:32.423362+00	0		
105	199577	240	455183	0	2014-11-18 07:17:45.966226+00	0		
106	199577	240	451132	0	2014-11-18 07:17:55.898564+00	0		
107	199577	210	470798	0	2014-11-18 07:18:09.096009+00	0		
108	199577	277	852967	0	2014-11-18 07:18:21.976776+00	0		
109	199577	196	1170420	0	2014-11-18 07:18:34.395362+00	0		
110	199577	291	399221	0	2014-11-18 07:18:47.293206+00	0		
111	199577	247	462111	0	2014-11-18 07:19:01.232741+00	0		
112	199577	199	1188432	0	2014-11-18 07:19:13.290899+00	0		
113	199577	295	438274	0	2014-11-18 07:19:26.286779+00	0		
114	199577	196	1170681	0	2014-11-18 07:19:39.153696+00	0		
115	199577	291	442260	0	2014-11-18 07:19:51.956353+00	0		
116	199577	140	437920	0	2014-11-18 07:20:04.387563+00	0		
117	199577	247	470310	0	2014-11-18 07:20:17.926216+00	0		
118	199577	184	431836	0	2014-11-18 07:20:30.752073+00	0		
119	199577	244	553798	0	2014-11-18 07:20:44.207172+00	0		
120	199577	260	401311	0	2014-11-18 07:20:57.010207+00	0		
121	199577	247	459807	0	2014-11-18 07:21:11.036361+00	0		
122	199577	139	433684	0	2014-11-18 07:21:23.425791+00	0		
123	199577	247	464559	0	2014-11-18 07:21:36.301413+00	0		
124	199577	196	1170411	0	2014-11-18 07:21:48.647395+00	0		
125	199577	244	484753	0	2014-11-18 07:22:01.441033+00	0		
126	199577	303	437906	0	2014-11-18 07:22:13.840553+00	0		
127	199577	153	333942	0	2014-11-18 07:22:27.561032+00	0		
128	199577	184	399317	0	2014-11-18 07:22:40.111624+00	0		
129	199577	226	438433	0	2014-11-18 07:22:52.768762+00	0		
130	199577	239	456402	0	2014-11-18 07:23:05.904617+00	0		
131	199577	303	724146	0	2014-11-18 07:23:18.929648+00	0		
132	199577	139	456407	0	2014-11-18 07:23:32.160594+00	0		
133	199577	239	438431	0	2014-11-18 07:23:45.195877+00	0		
134	199577	252	548942	0	2014-11-18 07:23:57.888395+00	0		
135	199577	203	1208945	0	2014-11-18 07:24:12.030256+00	0		
136	199577	240	451201	0	2014-11-18 07:24:22.482796+00	0		
664	199577	193	1114305	0	2014-12-15 00:44:43.366937+00	0		
792	199577	223	1546293	0	2015-01-05 10:07:08.520821+00	0		
798	199577	214	1546453	0	2015-01-05 14:21:16.035865+00	0		
538	199577	238	649942	0	2014-11-22 13:20:56.673548+00	0		
557	199577	247	470282	0	2014-11-22 13:45:28.069316+00	0		
572	199577	291	448115	0	2014-11-22 13:55:03.965761+00	0		
575	199577	193	1439879	0	2014-11-22 17:00:33.518951+00	0		
137	199577	244	482832	0	2014-11-18 07:24:35.792656+00	0		
138	199577	239	433029	0	2014-11-18 07:24:48.898503+00	0		
139	199577	247	462527	0	2014-11-18 07:25:00.65493+00	0		
140	199577	247	462130	0	2014-11-18 07:25:14.081682+00	0		
141	199577	247	470352	0	2014-11-18 07:25:27.238355+00	0		
142	199577	203	1210173	0	2014-11-18 07:25:40.036773+00	0		
143	199577	252	703893	0	2014-11-18 07:25:53.224069+00	0		
144	199577	291	401702	0	2014-11-18 07:26:06.280579+00	0		
145	199577	247	470307	0	2014-11-18 07:26:18.645089+00	0		
146	199577	244	1523587	0	2014-11-18 07:26:30.942087+00	0		
147	199577	247	464562	0	2014-11-18 07:26:44.30693+00	0		
148	199577	247	470291	0	2014-11-18 07:26:54.715435+00	0		
149	199577	244	492232	0	2014-11-18 07:27:08.081188+00	0		
150	199577	247	470312	0	2014-11-18 07:27:20.940385+00	0		
151	199577	252	530973	0	2014-11-18 07:27:34.752665+00	0		
152	199577	247	462577	0	2014-11-18 07:27:49.550029+00	0		
430	199577	244	539386	0	2014-11-18 08:26:36.577065+00	0		
459	199577	210	470805	0	2014-11-18 08:32:34.958552+00	0		
485	199577	139	438272	0	2014-11-18 08:38:09.931323+00	0		
497	199577	140	434031	0	2014-11-18 08:40:48.176971+00	0		
820	199577	223	1548762	0	2015-01-10 21:43:44.88332+00	0		
589	199577	982	1529985	0	2014-11-26 00:23:09.289704+00	0		
827	199577	223	1549180	0	2015-01-11 19:20:42.315661+00	0		
590	199577	982	1529984	0	2014-11-26 00:23:09.289704+00	0		
788	199577	204	1244039	0	2015-01-05 05:45:38.622811+00	0		
591	199577	982	1529986	0	2014-11-26 00:23:09.289704+00	0		
802	199577	184	1546759	0	2015-01-06 07:49:16.103453+00	0		
604	199662	977	1446473	0	2014-11-26 16:07:01.122659+00	0		
816	199577	274	1547958	0	2015-01-09 06:27:57.172858+00	0		
510	199577	779	711826	0	2014-11-20 09:03:43.536469+00	0		
509	199577	779	753146	0	2014-11-20 09:00:54.682195+00	0		
610	199662	1015	1530653	0	2014-11-27 22:49:22.779222+00	0		
582	199577	194	1529599	0	2014-11-25 05:43:26.154464+00	0		
608	199577	306	1529597	0	2014-11-27 16:47:41.056376+00	0		
877	199577	239	1551693	0	2015-01-17 07:15:57.902751+00	0		
903	199577	223	1552850	0	2015-01-19 11:57:53.517391+00	0		
924	199577	269	1553415	0	2015-01-20 11:47:41.069401+00	0		
665	199577	193	1107321	0	2014-12-15 00:45:14.313772+00	0		
793	199577	223	1546320	0	2015-01-05 10:07:19.255609+00	0		
821	199577	223	1548785	0	2015-01-10 23:16:40.653834+00	0		
803	199577	184	1546770	0	2015-01-06 08:51:54.444219+00	0		
539	199577	244	492224	0	2014-11-22 13:21:58.385115+00	0		
558	199577	263	711816	0	2014-11-22 13:50:04.004226+00	0		
799	199577	177	1546454	0	2015-01-05 14:28:13.660291+00	0		
559	199577	276	711816	0	2014-11-22 13:50:04.004226+00	0		
828	199577	223	1549222	0	2015-01-11 20:35:22.675903+00	0		
576	199577	204	1348746	0	2014-11-22 18:09:14.43162+00	0		
789	199577	262	1546340	0	2015-01-05 07:04:47.704304+00	0		
904	199577	223	1552832	0	2015-01-19 11:59:41.70973+00	0		
153	199577	291	438474	0	2014-11-18 07:28:01.874821+00	0		
154	199577	244	492219	0	2014-11-18 07:28:16.315774+00	0		
155	199577	239	225728	0	2014-11-18 07:28:28.917598+00	0		
156	199577	244	491449	0	2014-11-18 07:28:41.845837+00	0		
157	199577	252	704931	0	2014-11-18 07:28:54.432634+00	0		
158	199577	277	685963	0	2014-11-18 07:29:07.264673+00	0		
159	199577	312	1060036	0	2014-11-18 07:29:20.398235+00	0		
160	199577	247	462091	0	2014-11-18 07:29:34.651544+00	0		
161	199577	244	492241	0	2014-11-18 07:29:47.053767+00	0		
162	199577	145	449665	0	2014-11-18 07:29:59.552837+00	0		
163	199577	247	470361	0	2014-11-18 07:30:09.932182+00	0		
164	199577	244	503234	0	2014-11-18 07:30:23.349131+00	0		
165	199577	247	470293	0	2014-11-18 07:30:36.041731+00	0		
166	199577	260	438263	0	2014-11-18 07:30:48.03974+00	0		
167	199577	199	1204148	0	2014-11-18 07:31:00.309289+00	0		
168	199577	177	1095798	0	2014-11-18 07:31:13.451427+00	0		
169	199577	247	464581	0	2014-11-18 07:31:26.046445+00	0		
170	199577	276	705411	0	2014-11-18 07:31:38.56328+00	0		
171	199577	240	451205	0	2014-11-18 07:31:52.321862+00	0		
172	199577	226	438327	0	2014-11-18 07:32:04.676841+00	0		
173	199577	196	1170415	0	2014-11-18 07:32:17.666948+00	0		
174	199577	244	482509	0	2014-11-18 07:32:30.332225+00	0		
175	199577	247	459823	0	2014-11-18 07:32:43.709499+00	0		
176	199577	303	433678	0	2014-11-18 07:32:56.790385+00	0		
177	199577	247	464556	0	2014-11-18 07:33:10.610498+00	0		
178	199577	239	438268	0	2014-11-18 07:33:23.526224+00	0		
179	199577	244	484736	0	2014-11-18 07:33:36.795102+00	0		
180	199577	247	462098	0	2014-11-18 07:33:50.286666+00	0		
181	199577	139	446781	0	2014-11-18 07:34:02.151094+00	0		
182	199577	247	469925	0	2014-11-18 07:34:14.852537+00	0		
183	199577	213	1354888	0	2014-11-18 07:34:27.647398+00	0		
184	199577	142	1143789	0	2014-11-18 07:34:40.106915+00	0		
185	199577	226	482869	0	2014-11-18 07:34:52.212639+00	0		
186	199577	291	438289	0	2014-11-18 07:35:05.752438+00	0		
187	199577	262	704994	0	2014-11-18 07:35:18.798416+00	0		
188	199577	140	433560	0	2014-11-18 07:35:31.620603+00	0		
189	199577	291	438484	0	2014-11-18 07:35:44.553361+00	0		
190	199577	144	1145089	0	2014-11-18 07:35:56.737838+00	0		
191	199577	303	434299	0	2014-11-18 07:36:09.055167+00	0		
192	199577	153	448108	0	2014-11-18 07:36:22.965029+00	0		
193	199577	260	448122	0	2014-11-18 07:36:36.727943+00	0		
194	199577	240	455194	0	2014-11-18 07:36:49.558722+00	0		
195	199577	312	1045521	0	2014-11-18 07:37:01.997076+00	0		
196	199577	239	451136	0	2014-11-18 07:37:15.113923+00	0		
197	199577	244	508148	0	2014-11-18 07:37:27.660764+00	0		
198	199577	177	1078089	0	2014-11-18 07:37:41.428622+00	0		
199	199577	277	646445	0	2014-11-18 07:37:54.323228+00	0		
200	199577	291	399211	0	2014-11-18 07:38:08.004741+00	0		
201	199577	240	455851	0	2014-11-18 07:38:21.799016+00	0		
202	199577	291	399635	0	2014-11-18 07:38:33.982534+00	0		
203	199577	260	435005	0	2014-11-18 07:38:43.876782+00	0		
204	199577	176	438428	0	2014-11-18 07:38:57.121061+00	0		
205	199577	140	439218	0	2014-11-18 07:39:10.817571+00	0		
206	199577	153	398883	0	2014-11-18 07:39:24.225286+00	0		
207	199577	226	440517	0	2014-11-18 07:39:36.727454+00	0		
208	199577	279	704866	0	2014-11-18 07:39:49.763887+00	0		
209	199577	244	481026	0	2014-11-18 07:40:03.572719+00	0		
210	199577	238	492152	0	2014-11-18 07:40:17.835724+00	0		
211	199577	244	492218	0	2014-11-18 07:40:29.9743+00	0		
212	199577	286	417776	0	2014-11-18 07:40:42.466307+00	0		
213	199577	140	437921	0	2014-11-18 07:40:52.478089+00	0		
214	199577	247	462530	0	2014-11-18 07:41:05.583967+00	0		
215	199577	199	1188434	0	2014-11-18 07:41:18.32831+00	0		
216	199577	247	469911	0	2014-11-18 07:41:31.548566+00	0		
217	199577	176	433633	0	2014-11-18 07:41:44.725105+00	0		
218	199577	238	435372	0	2014-11-18 07:41:58.500183+00	0		
219	199577	176	448117	0	2014-11-18 07:42:11.317042+00	0		
220	199577	145	933587	0	2014-11-18 07:42:23.74142+00	0		
221	199577	244	488018	0	2014-11-18 07:42:37.655031+00	0		
222	199577	239	430565	0	2014-11-18 07:42:51.779476+00	0		
223	199577	247	470337	0	2014-11-18 07:43:04.929006+00	0		
224	199577	247	470292	0	2014-11-18 07:43:17.643165+00	0		
225	199577	291	398810	0	2014-11-18 07:43:30.979862+00	0		
226	199577	291	494441	0	2014-11-18 07:43:44.961635+00	0		
227	199577	247	462093	0	2014-11-18 07:43:58.508561+00	0		
228	199577	312	1055868	0	2014-11-18 07:44:11.684789+00	0		
229	199577	238	449647	0	2014-11-18 07:44:24.061232+00	0		
230	199577	140	438485	0	2014-11-18 07:44:38.034287+00	0		
231	199577	258	435007	0	2014-11-18 07:44:50.571659+00	0		
232	199577	247	462090	0	2014-11-18 07:45:03.50422+00	0		
233	199577	277	1176434	0	2014-11-18 07:45:15.892056+00	0		
234	199577	277	704665	0	2014-11-18 07:45:28.659609+00	0		
235	199577	303	398889	0	2014-11-18 07:45:41.734189+00	0		
236	199577	239	437909	0	2014-11-18 07:45:54.648395+00	0		
237	199577	244	503585	0	2014-11-18 07:46:06.92673+00	0		
238	199577	240	451192	0	2014-11-18 07:46:19.981792+00	0		
239	199577	279	672845	0	2014-11-18 07:46:32.633902+00	0		
240	199577	238	919750	0	2014-11-18 07:46:45.600981+00	0		
241	199577	197	448120	0	2014-11-18 07:46:55.473326+00	0		
242	199577	258	470828	0	2014-11-18 07:47:05.544437+00	0		
243	199577	176	482860	0	2014-11-18 07:47:18.406552+00	0		
244	199577	197	433022	0	2014-11-18 07:47:31.620511+00	0		
245	199577	145	449653	0	2014-11-18 07:47:44.103395+00	0		
246	199577	226	384207	0	2014-11-18 07:47:56.933438+00	0		
247	199577	277	644071	0	2014-11-18 07:48:11.037497+00	0		
248	199577	195	1208395	0	2014-11-18 07:48:25.093033+00	0		
249	199577	244	484749	0	2014-11-18 07:48:37.916864+00	0		
250	199577	208	362854	0	2014-11-18 07:48:52.199716+00	0		
925	199577	184	1411464	0	2015-01-20 11:53:14.883223+00	0		
878	199577	226	1551695	0	2015-01-17 07:59:44.874186+00	0		
614	199577	1258	837656	0	2014-11-29 23:08:08.944684+00	0		
615	199577	1258	577880	0	2014-11-29 23:08:08.944684+00	0		
616	199577	1258	728837	0	2014-11-29 23:08:08.944684+00	0		
632	199577	1289	1528371	0	2014-11-30 11:20:57.187919+00	0		
633	199577	1290	1528371	0	2014-11-30 11:20:57.187919+00	0		
635	199577	1298	1531947	0	2014-12-01 07:22:58.182989+00	0		
540	199577	238	526414	0	2014-11-22 13:23:10.198521+00	0		
560	199577	263	711813	0	2014-11-22 13:50:35.171874+00	0		
794	199577	223	1546314	0	2015-01-05 10:07:27.141803+00	0		
561	199577	276	711813	0	2014-11-22 13:50:35.171874+00	0		
251	199577	262	703906	0	2014-11-18 07:49:01.72352+00	0		
252	199577	279	711537	0	2014-11-18 07:49:14.833153+00	0		
253	199577	279	685975	0	2014-11-18 07:49:27.038259+00	0		
254	199577	238	438494	0	2014-11-18 07:49:39.306239+00	0		
255	199577	226	388852	0	2014-11-18 07:49:51.996438+00	0		
256	199577	139	470823	0	2014-11-18 07:50:05.792087+00	0		
257	199577	291	438483	0	2014-11-18 07:50:18.462067+00	0		
258	199577	247	464572	0	2014-11-18 07:50:31.295615+00	0		
259	199577	140	398864	0	2014-11-18 07:50:43.453878+00	0		
260	199577	176	433635	0	2014-11-18 07:50:58.066976+00	0		
261	199577	258	489497	0	2014-11-18 07:51:12.374225+00	0		
262	199577	184	433630	0	2014-11-18 07:51:24.683786+00	0		
264	199577	244	482499	0	2014-11-18 07:51:49.497799+00	0		
265	199577	244	482843	0	2014-11-18 07:52:02.352573+00	0		
266	199577	226	447145	0	2014-11-18 07:52:14.311686+00	0		
267	199577	247	470300	0	2014-11-18 07:52:26.636013+00	0		
268	199577	247	470271	0	2014-11-18 07:52:39.02145+00	0		
269	199577	244	492238	0	2014-11-18 07:52:51.369362+00	0		
270	199577	239	440514	0	2014-11-18 07:53:03.793252+00	0		
271	199577	244	503587	0	2014-11-18 07:53:17.186588+00	0		
272	199577	184	433632	0	2014-11-18 07:53:29.448837+00	0		
273	199577	145	449672	0	2014-11-18 07:53:42.031689+00	0		
274	199577	197	448110	0	2014-11-18 07:53:51.746255+00	0		
275	199577	244	482002	0	2014-11-18 07:54:06.140099+00	0		
276	199577	238	496208	0	2014-11-18 07:54:20.056274+00	0		
277	199577	291	433571	0	2014-11-18 07:54:32.975333+00	0		
278	199577	291	652972	0	2014-11-18 07:54:45.648362+00	0		
279	199577	240	454685	0	2014-11-18 07:54:59.120164+00	0		
280	199577	247	462118	0	2014-11-18 07:55:10.672406+00	0		
281	199577	244	484668	0	2014-11-18 07:55:23.191877+00	0		
282	199577	244	492202	0	2014-11-18 07:55:36.280467+00	0		
435	199577	199	1188436	0	2014-11-18 08:27:37.623999+00	0		
436	199577	238	470369	0	2014-11-18 08:27:49.654668+00	0		
461	199577	278	1084469	0	2014-11-18 08:33:00.511255+00	0		
487	199577	239	1320331	0	2014-11-18 08:38:36.262607+00	0		
499	199577	140	398887	0	2014-11-18 08:41:13.489884+00	0		
666	199577	193	1119966	0	2014-12-15 00:45:53.932587+00	0		
592	199577	983	1529986	0	2014-11-26 00:27:17.163735+00	0		
593	199577	983	1529984	0	2014-11-26 00:27:17.163735+00	0		
578	199577	312	1439315	0	2014-11-25 02:32:00.749835+00	0		
594	199577	983	1529985	0	2014-11-26 00:27:17.163735+00	0		
605	199662	977	239245	0	2014-11-26 16:08:40.85223+00	0		
514	199662	835	1527657	0	2014-11-22 06:41:07.58986+00	0		
263	199577	214	1402127	0	2014-11-18 07:51:37.46388+00	0		
829	199577	223	1549248	0	2015-01-11 21:07:23.409802+00	0		
804	199577	223	1546788	0	2015-01-06 09:38:58.737329+00	0		
622	199662	1261	358099	0	2014-11-30 01:38:45.007186+00	0		
623	199662	1261	516274	0	2014-11-30 01:38:45.007186+00	0		
879	199577	139	1551704	0	2015-01-17 08:27:55.704228+00	0		
624	199662	1261	411164	0	2014-11-30 01:38:45.007186+00	0		
905	199577	223	1552831	0	2015-01-19 12:00:07.001771+00	0		
625	199662	1261	1233094	0	2014-11-30 01:38:45.007186+00	0		
626	199662	1261	218784	0	2014-11-30 01:38:45.007186+00	0		
627	199662	1261	1228305	0	2014-11-30 01:38:45.007186+00	0		
628	199662	1261	1243452	0	2014-11-30 01:38:45.007186+00	0		
629	199662	1261	521849	0	2014-11-30 01:38:45.007186+00	0		
630	199662	1261	879587	0	2014-11-30 01:38:45.007186+00	0		
612	199662	1206	1530936	0	2014-11-28 20:10:28.363592+00	0		
805	199577	223	1546796	0	2015-01-06 10:10:09.162468+00	0		
667	199577	177	1094787	0	2014-12-15 00:47:56.789732+00	0		
542	199577	239	470819	0	2014-11-22 13:24:17.396297+00	0		
564	199577	279	675218	0	2014-11-22 13:52:38.798157+00	0		
437	199577	244	503603	0	2014-11-18 08:28:02.853531+00	0		
462	199577	239	398874	0	2014-11-18 08:33:13.719739+00	0		
470	199577	239	552148	0	2014-11-18 08:34:52.755824+00	0		
488	199577	238	432278	0	2014-11-18 08:38:49.342278+00	0		
830	199577	223	1549265	0	2015-01-11 21:35:37.304646+00	0		
579	199577	305	1439304	0	2014-11-25 02:32:56.93104+00	0		
577	199662	892	725951	0	2014-11-23 22:34:59.850395+00	0		
631	199662	1262	1531419	0	2014-11-30 01:54:18.575446+00	0		
617	199577	1259	1246690	0	2014-11-29 23:13:42.522534+00	0		
618	199577	1259	1410206	0	2014-11-29 23:13:42.522534+00	0		
619	199577	1259	1402711	0	2014-11-29 23:13:42.522534+00	0		
880	199577	139	561230	0	2015-01-17 08:55:13.439424+00	0		
906	199577	223	1552828	0	2015-01-19 12:01:47.728399+00	0		
647	199662	1698	679929	0	2014-12-12 23:53:20.600363+00	0		
668	199577	177	1094763	0	2014-12-15 00:48:26.499334+00	0		
640	199488	1587	498113	0	2014-12-08 11:03:04.680627+00	0		
641	199577	1593	1528394	0	2014-12-08 19:58:29.421773+00	0		
