683	166958	35	684	0	2015-02-13 18:48:51.739521+00	0		
52	166958	18	290	0	2015-02-14 21:29:55.155783+00	0		
58	166958	18	296	0	2015-02-14 21:29:55.155783+00	0		
54	166958	18	292	0	2015-02-14 21:29:55.155783+00	0		
9	166958	3	348	0	2014-09-26 11:19:58.977077+00	0		
53	166958	18	291	0	2015-02-14 21:29:55.155783+00	0		
686	166958	52	687	0	2015-02-15 07:32:32.570132+00	0		
692	166958	180	692	0	2015-02-15 22:03:23.601593+00	0		
694	166959	19	694	0	2015-02-16 00:19:16.733514+00	0		
695	166958	180	694	0	2015-02-16 00:19:16.733514+00	0		
701	166958	334	700	0	2015-02-25 20:32:23.767848+00	0		
330	166958	675	334	0	2015-02-26 10:34:38.20209+00	0		
696	166958	205	695	0	2015-02-26 19:04:39.128728+00	0		
712	166958	83	708	0	2015-03-01 00:05:20.055519+00	0		
97	166958	40	312	0	2014-09-26 12:30:54.898486+00	0		
13	166958	3	496	0	2014-09-26 12:14:58.874723+00	0		
22	166957	8	7	0	2014-05-14 16:39:54.654562+00	0		
24	166957	8	303	0	2014-05-14 16:39:54.654562+00	0		
25	166957	8	473	0	2014-05-14 16:39:54.654562+00	0		
26	166957	8	494	0	2014-05-14 16:39:54.654562+00	0		
27	166957	8	572	0	2014-05-14 16:39:54.654562+00	0		
28	166957	8	582	0	2014-05-14 16:39:54.654562+00	0		
10	166958	3	397	0	2014-09-26 12:15:04.248229+00	0		
59	166958	18	469	0	2014-09-26 12:16:06.529289+00	0		
98	166958	40	317	0	2014-09-26 12:17:50.139032+00	0		
85	166958	35	155	0	2014-09-26 12:17:53.028594+00	0		
47	166957	16	297	0	2014-05-14 16:39:54.654562+00	0		
48	166957	16	298	0	2014-05-14 16:39:54.654562+00	0		
49	166957	16	568	0	2014-05-14 16:39:54.654562+00	0		
50	166957	16	569	0	2014-05-14 16:39:54.654562+00	0		
60	166957	19	20	0	2014-05-14 16:39:54.654562+00	0		
62	166957	19	22	0	2014-05-14 16:39:54.654562+00	0		
17	166958	3	616	0	2014-09-26 12:18:46.310416+00	0		
7	166958	5	6	0	2014-09-26 12:21:05.14552+00	0		
65	166957	19	445	0	2014-05-14 16:39:54.654562+00	0		
43	166958	14	458	0	2014-09-26 12:22:27.693576+00	0		
46	166958	14	556	0	2014-09-26 12:22:27.693576+00	0		
72	166958	26	30	0	2014-09-26 12:30:15.043887+00	0		
74	166957	32	149	0	2014-05-14 16:39:54.654562+00	0		
45	166958	14	540	0	2014-09-26 12:22:27.693576+00	0		
76	166957	32	182	0	2014-05-14 16:39:54.654562+00	0		
77	166957	33	401	0	2014-05-14 16:39:54.654562+00	0		
78	166957	34	150	0	2014-05-14 16:39:54.654562+00	0		
56	166958	18	294	0	2014-09-26 12:47:56.101265+00	0		
80	166957	34	152	0	2014-05-14 16:39:54.654562+00	0		
83	166957	35	38	0	2014-05-14 16:39:54.654562+00	0		
84	166957	35	39	0	2014-05-14 16:39:54.654562+00	0		
89	166957	35	522	0	2014-05-14 16:39:54.654562+00	0		
90	166957	35	626	0	2014-05-14 16:39:54.654562+00	0		
95	166958	40	307	0	2014-09-26 12:30:54.898486+00	0		
51	166958	18	289	0	2014-09-26 12:47:25.533573+00	0		
96	166958	40	311	0	2014-09-26 12:30:54.898486+00	0		
93	166958	40	44	0	2014-09-26 12:30:54.898486+00	0		
100	166958	40	610	0	2014-09-26 12:30:54.898486+00	0		
107	166957	45	192	0	2014-05-14 16:39:54.654562+00	0		
112	166957	48	49	0	2014-05-14 16:39:54.654562+00	0		
113	166957	52	89	0	2014-05-14 16:39:54.654562+00	0		
114	166957	52	90	0	2014-05-14 16:39:54.654562+00	0		
115	166957	52	177	0	2014-05-14 16:39:54.654562+00	0		
116	166957	52	207	0	2014-05-14 16:39:54.654562+00	0		
117	166957	52	261	0	2014-05-14 16:39:54.654562+00	0		
118	166957	52	262	0	2014-05-14 16:39:54.654562+00	0		
119	166957	52	439	0	2014-05-14 16:39:54.654562+00	0		
120	166957	52	524	0	2014-05-14 16:39:54.654562+00	0		
625	166958	610	43	0	2014-09-26 12:48:14.580505+00	0		
79	166958	34	151	0	2014-09-16 09:51:38.511576+00	0		
29	166958	9	10	0	2014-09-26 10:29:11.320252+00	0		
61	166958	19	21	0	2014-09-26 10:29:29.312585+00	0		
94	166958	42	193	0	2014-09-26 10:31:45.351201+00	0		
71	166958	26	28	0	2014-09-26 10:32:51.51007+00	0		
63	166958	19	23	0	2014-09-26 10:32:52.44447+00	0		
106	166958	43	465	0	2014-09-26 10:33:52.068437+00	0		
30	166958	9	11	0	2014-09-26 10:33:59.269514+00	0		
64	166958	19	444	0	2014-09-26 10:34:27.389907+00	0		
75	166958	32	176	0	2014-09-26 10:34:29.105925+00	0		
103	166958	433	432	0	2014-09-26 10:35:09.616833+00	0		
19	166958	4	428	0	2014-09-26 10:36:33.046818+00	0		
104	166958	360	433	0	2014-09-26 10:43:09.825667+00	0		
102	166958	41	360	0	2014-09-26 10:44:07.929858+00	0		
82	166958	35	36	0	2014-09-26 10:44:31.787678+00	0		
2	166958	1	24	0	2014-09-26 10:44:43.632761+00	0		
91	166958	40	41	0	2014-09-26 10:45:53.309903+00	0		
101	166958	41	359	0	2014-09-26 10:45:53.309903+00	0		
81	166958	35	27	0	2014-09-26 10:46:52.49386+00	0		
6	166958	3	4	0	2014-09-26 10:53:57.710628+00	0		
20	166958	4	429	0	2014-09-26 10:53:57.710628+00	0		
99	166958	40	483	0	2014-09-26 10:55:41.293087+00	0		
12	166958	3	431	0	2014-09-26 10:55:42.356264+00	0		
33	166958	9	405	0	2014-09-26 11:01:29.909514+00	0		
88	166958	35	521	0	2014-09-26 11:05:27.130058+00	0		
34	166958	9	574	0	2014-09-26 11:09:49.739356+00	0		
31	166958	9	12	0	2014-09-26 11:09:49.739356+00	0		
105	166958	43	300	0	2014-09-26 11:09:50.812378+00	0		
92	166958	40	42	0	2014-09-26 11:10:39.706065+00	0		
57	166958	18	295	0	2014-09-26 11:11:02.87479+00	0		
66	166958	19	446	0	2014-09-26 11:11:03.788645+00	0		
86	166958	35	156	0	2014-09-26 11:13:40.258123+00	0		
15	166958	3	510	0	2014-09-26 11:19:58.013921+00	0		
23	166958	8	191	0	2014-09-26 12:48:27.533826+00	0		
73	166958	26	31	0	2014-09-26 12:49:09.679405+00	0		
87	166958	35	505	0	2014-09-26 12:49:42.855399+00	0		
1	166958	1	2	0	2014-09-26 13:53:36.565031+00	0		
5	166958	2	179	0	2014-09-26 13:53:36.565031+00	0		
3	166958	1	133	0	2014-09-26 14:23:31.378797+00	0		
682	166958	3	683	0	2014-10-28 01:18:49.613265+00	0		
121	166957	53	157	0	2014-05-14 16:39:54.654562+00	0		
122	166957	53	539	0	2014-05-14 16:39:54.654562+00	0		
123	166957	54	53	0	2014-05-14 16:39:54.654562+00	0		
124	166957	54	566	0	2014-05-14 16:39:54.654562+00	0		
125	166957	54	567	0	2014-05-14 16:39:54.654562+00	0		
126	166957	55	538	0	2014-05-14 16:39:54.654562+00	0		
127	166957	57	385	0	2014-05-14 16:39:54.654562+00	0		
128	166957	57	387	0	2014-05-14 16:39:54.654562+00	0		
129	166957	58	81	0	2014-05-14 16:39:54.654562+00	0		
130	166957	58	86	0	2014-05-14 16:39:54.654562+00	0		
131	166957	58	351	0	2014-05-14 16:39:54.654562+00	0		
132	166957	58	353	0	2014-05-14 16:39:54.654562+00	0		
133	166957	58	354	0	2014-05-14 16:39:54.654562+00	0		
134	166957	59	60	0	2014-05-14 16:39:54.654562+00	0		
135	166957	59	62	0	2014-05-14 16:39:54.654562+00	0		
136	166957	59	63	0	2014-05-14 16:39:54.654562+00	0		
137	166957	59	451	0	2014-05-14 16:39:54.654562+00	0		
138	166957	60	208	0	2014-05-14 16:39:54.654562+00	0		
139	166957	61	78	0	2014-05-14 16:39:54.654562+00	0		
140	166957	61	211	0	2014-05-14 16:39:54.654562+00	0		
141	166957	61	503	0	2014-05-14 16:39:54.654562+00	0		
142	166957	62	61	0	2014-05-14 16:39:54.654562+00	0		
143	166957	62	91	0	2014-05-14 16:39:54.654562+00	0		
144	166957	62	95	0	2014-05-14 16:39:54.654562+00	0		
145	166957	62	174	0	2014-05-14 16:39:54.654562+00	0		
146	166957	62	209	0	2014-05-14 16:39:54.654562+00	0		
147	166957	62	210	0	2014-05-14 16:39:54.654562+00	0		
148	166957	62	212	0	2014-05-14 16:39:54.654562+00	0		
149	166957	62	615	0	2014-05-14 16:39:54.654562+00	0		
360	166958	194	197	0	2014-09-26 12:15:29.714947+00	0		
366	166958	13	274	0	2014-10-02 10:04:00.051532+00	0		
154	166957	68	396	0	2014-05-14 16:39:54.654562+00	0		
155	166957	68	523	0	2014-05-14 16:39:54.654562+00	0		
359	166958	194	196	0	2014-09-26 12:15:29.714947+00	0		
368	166958	13	306	0	2014-10-02 10:04:00.051532+00	0		
159	166957	71	83	0	2014-05-14 16:39:54.654562+00	0		
160	166957	71	406	0	2014-05-14 16:39:54.654562+00	0		
161	166957	73	69	0	2014-05-14 16:39:54.654562+00	0		
162	166957	73	631	0	2014-05-14 16:39:54.654562+00	0		
163	166957	77	254	0	2014-05-14 16:39:54.654562+00	0		
164	166957	77	255	0	2014-05-14 16:39:54.654562+00	0		
165	166957	77	256	0	2014-05-14 16:39:54.654562+00	0		
166	166957	77	257	0	2014-05-14 16:39:54.654562+00	0		
167	166957	77	286	0	2014-05-14 16:39:54.654562+00	0		
168	166957	80	533	0	2014-05-14 16:39:54.654562+00	0		
169	166957	82	516	0	2014-05-14 16:39:54.654562+00	0		
170	166957	83	97	0	2014-05-14 16:39:54.654562+00	0		
171	166957	83	234	0	2014-05-14 16:39:54.654562+00	0		
172	166957	83	237	0	2014-05-14 16:39:54.654562+00	0		
173	166957	83	239	0	2014-05-14 16:39:54.654562+00	0		
174	166957	83	240	0	2014-05-14 16:39:54.654562+00	0		
490	166958	312	316	0	2014-09-26 12:48:51.867142+00	0		
176	166957	83	325	0	2014-05-14 16:39:54.654562+00	0		
177	166957	83	350	0	2014-05-14 16:39:54.654562+00	0		
178	166957	83	395	0	2014-05-14 16:39:54.654562+00	0		
179	166957	83	463	0	2014-05-14 16:39:54.654562+00	0		
180	166957	83	466	0	2014-05-14 16:39:54.654562+00	0		
181	166957	83	467	0	2014-05-14 16:39:54.654562+00	0		
182	166957	83	472	0	2014-05-14 16:39:54.654562+00	0		
183	166957	83	476	0	2014-05-14 16:39:54.654562+00	0		
184	166957	83	477	0	2014-05-14 16:39:54.654562+00	0		
185	166957	83	488	0	2014-05-14 16:39:54.654562+00	0		
186	166957	83	501	0	2014-05-14 16:39:54.654562+00	0		
187	166957	83	507	0	2014-05-14 16:39:54.654562+00	0		
188	166957	83	612	0	2014-05-14 16:39:54.654562+00	0		
189	166957	83	629	0	2014-05-14 16:39:54.654562+00	0		
190	166957	84	58	0	2014-05-14 16:39:54.654562+00	0		
191	166957	84	247	0	2014-05-14 16:39:54.654562+00	0		
192	166957	84	248	0	2014-05-14 16:39:54.654562+00	0		
193	166957	86	131	0	2014-05-14 16:39:54.654562+00	0		
194	166957	88	246	0	2014-05-14 16:39:54.654562+00	0		
195	166957	93	48	0	2014-05-14 16:39:54.654562+00	0		
196	166957	93	94	0	2014-05-14 16:39:54.654562+00	0		
197	166957	93	206	0	2014-05-14 16:39:54.654562+00	0		
198	166957	93	420	0	2014-05-14 16:39:54.654562+00	0		
199	166957	93	605	0	2014-05-14 16:39:54.654562+00	0		
200	166957	97	68	0	2014-05-14 16:39:54.654562+00	0		
201	166957	98	66	0	2014-05-14 16:39:54.654562+00	0		
202	166957	98	249	0	2014-05-14 16:39:54.654562+00	0		
203	166957	98	251	0	2014-05-14 16:39:54.654562+00	0		
204	166957	98	288	0	2014-05-14 16:39:54.654562+00	0		
205	166957	98	394	0	2014-05-14 16:39:54.654562+00	0		
206	166957	98	409	0	2014-05-14 16:39:54.654562+00	0		
207	166957	98	421	0	2014-05-14 16:39:54.654562+00	0		
208	166957	98	442	0	2014-05-14 16:39:54.654562+00	0		
209	166957	98	452	0	2014-05-14 16:39:54.654562+00	0		
210	166957	98	506	0	2014-05-14 16:39:54.654562+00	0		
211	166957	98	517	0	2014-05-14 16:39:54.654562+00	0		
212	166957	98	627	0	2014-05-14 16:39:54.654562+00	0		
213	166957	98	635	0	2014-05-14 16:39:54.654562+00	0		
38	166958	13	345	0	2014-10-02 10:04:00.051532+00	0		
218	166957	100	101	0	2014-05-14 16:39:54.654562+00	0		
487	166958	312	308	0	2014-09-26 12:48:51.867142+00	0		
4	166958	2	13	0	2014-10-02 10:04:00.051532+00	0		
234	166958	675	106	0	2015-02-26 10:36:58.770739+00	0		
236	166958	701	146	0	2015-02-26 10:40:03.806348+00	0		
239	166958	675	273	0	2015-02-26 10:49:03.170955+00	0		
226	166957	101	320	0	2014-05-14 16:39:54.654562+00	0		
227	166957	101	402	0	2014-05-14 16:39:54.654562+00	0		
228	166957	109	110	0	2014-05-14 16:39:54.654562+00	0		
229	166957	109	160	0	2014-05-14 16:39:54.654562+00	0		
230	166957	109	284	0	2014-05-14 16:39:54.654562+00	0		
231	166957	109	357	0	2014-05-14 16:39:54.654562+00	0		
232	166957	109	369	0	2014-05-14 16:39:54.654562+00	0		
233	166957	109	380	0	2014-05-14 16:39:54.654562+00	0		
713	166958	14	709	0	2015-03-01 00:16:19.237753+00	0		
215	166957	99	100	0	2015-03-02 22:01:59.002503+00	0		
216	166957	99	115	0	2015-03-02 22:01:59.002503+00	0		
225	166957	100	588	0	2015-03-03 16:05:33.890179+00	0		
238	166958	675	269	0	2015-02-26 10:50:29.351771+00	0		
235	166958	675	116	0	2015-02-26 10:52:00.484185+00	0		
214	166958	98	642	0	2014-08-03 13:17:02.768389+00	0		
224	166958	100	587	0	2014-08-03 23:37:45.705709+00	0		
240	166958	674	632	0	2014-08-05 12:33:11.629121+00	0		
714	166958	80	710	0	2015-03-01 00:20:45.006084+00	0		
242	166957	116	128	0	2014-05-14 16:39:54.654562+00	0		
243	166957	116	158	0	2014-05-14 16:39:54.654562+00	0		
244	166957	116	168	0	2014-05-14 16:39:54.654562+00	0		
245	166957	116	275	0	2014-05-14 16:39:54.654562+00	0		
246	166957	116	383	0	2014-05-14 16:39:54.654562+00	0		
247	166957	116	487	0	2014-05-14 16:39:54.654562+00	0		
248	166957	117	118	0	2014-05-14 16:39:54.654562+00	0		
249	166957	117	119	0	2014-05-14 16:39:54.654562+00	0		
250	166957	117	120	0	2014-05-14 16:39:54.654562+00	0		
251	166957	117	121	0	2014-05-14 16:39:54.654562+00	0		
252	166957	117	122	0	2014-05-14 16:39:54.654562+00	0		
253	166957	117	123	0	2014-05-14 16:39:54.654562+00	0		
254	166957	117	124	0	2014-05-14 16:39:54.654562+00	0		
255	166957	117	125	0	2014-05-14 16:39:54.654562+00	0		
256	166957	117	126	0	2014-05-14 16:39:54.654562+00	0		
257	166957	117	281	0	2014-05-14 16:39:54.654562+00	0		
258	166957	117	282	0	2014-05-14 16:39:54.654562+00	0		
628	166958	610	319	0	2014-09-26 12:17:51.442531+00	0		
260	166957	117	374	0	2014-05-14 16:39:54.654562+00	0		
261	166957	117	400	0	2014-05-14 16:39:54.654562+00	0		
262	166957	117	450	0	2014-05-14 16:39:54.654562+00	0		
263	166957	117	515	0	2014-05-14 16:39:54.654562+00	0		
264	166957	117	560	0	2014-05-14 16:39:54.654562+00	0		
265	166957	117	576	0	2014-05-14 16:39:54.654562+00	0		
266	166957	117	602	0	2014-05-14 16:39:54.654562+00	0		
267	166957	124	277	0	2014-05-14 16:39:54.654562+00	0		
268	166957	124	278	0	2014-05-14 16:39:54.654562+00	0		
269	166957	124	390	0	2014-05-14 16:39:54.654562+00	0		
270	166957	124	456	0	2014-05-14 16:39:54.654562+00	0		
271	166957	130	175	0	2014-05-14 16:39:54.654562+00	0		
272	166957	131	509	0	2014-05-14 16:39:54.654562+00	0		
274	166957	133	136	0	2014-05-14 16:39:54.654562+00	0		
275	166957	133	204	0	2014-05-14 16:39:54.654562+00	0		
276	166957	133	347	0	2014-05-14 16:39:54.654562+00	0		
277	166957	133	447	0	2014-05-14 16:39:54.654562+00	0		
305	166958	154	203	0	2014-09-26 11:20:20.460331+00	0		
280	166957	137	138	0	2014-05-14 16:39:54.654562+00	0		
281	166957	137	140	0	2014-05-14 16:39:54.654562+00	0		
282	166957	137	258	0	2014-05-14 16:39:54.654562+00	0		
284	166957	137	384	0	2014-05-14 16:39:54.654562+00	0		
285	166957	137	425	0	2014-05-14 16:39:54.654562+00	0		
286	166957	137	481	0	2014-05-14 16:39:54.654562+00	0		
287	166957	137	504	0	2014-05-14 16:39:54.654562+00	0		
288	166957	137	606	0	2014-05-14 16:39:54.654562+00	0		
289	166957	137	636	0	2014-05-14 16:39:54.654562+00	0		
290	166957	141	47	0	2014-05-14 16:39:54.654562+00	0		
291	166957	141	142	0	2014-05-14 16:39:54.654562+00	0		
292	166957	141	144	0	2014-05-14 16:39:54.654562+00	0		
293	166957	141	147	0	2014-05-14 16:39:54.654562+00	0		
294	166957	141	153	0	2014-05-14 16:39:54.654562+00	0		
295	166957	141	181	0	2014-05-14 16:39:54.654562+00	0		
358	166958	194	18	0	2014-09-26 12:15:29.714947+00	0		
297	166957	141	299	0	2014-05-14 16:39:54.654562+00	0		
298	166957	141	338	0	2014-05-14 16:39:54.654562+00	0		
299	166957	141	365	0	2014-05-14 16:39:54.654562+00	0		
39	166958	14	16	0	2014-09-26 12:22:27.693576+00	0		
302	166957	141	520	0	2014-05-14 16:39:54.654562+00	0		
303	166957	141	591	0	2014-05-14 16:39:54.654562+00	0		
684	166958	587	685	0	2015-02-13 19:01:02.070321+00	0		
687	166958	52	688	0	2015-02-15 07:34:25.713804+00	0		
306	166957	159	368	0	2014-05-14 16:39:54.654562+00	0		
307	166957	163	172	0	2014-05-14 16:39:54.654562+00	0		
308	166957	170	166	0	2014-05-14 16:39:54.654562+00	0		
309	166957	170	304	0	2014-05-14 16:39:54.654562+00	0		
310	166957	170	332	0	2014-05-14 16:39:54.654562+00	0		
312	166957	170	363	0	2014-05-14 16:39:54.654562+00	0		
313	166957	170	364	0	2014-05-14 16:39:54.654562+00	0		
314	166957	170	371	0	2014-05-14 16:39:54.654562+00	0		
315	166957	170	614	0	2014-05-14 16:39:54.654562+00	0		
316	166957	170	620	0	2014-05-14 16:39:54.654562+00	0		
283	166958	137	259	0	2015-02-15 08:35:24.614481+00	0		
348	166958	179	3	0	2014-09-26 12:18:46.310416+00	0		
693	166958	59	693	0	2015-02-16 00:00:01.574309+00	0		
41	166958	14	339	0	2014-09-26 12:22:27.693576+00	0		
349	166958	179	40	0	2014-09-26 12:30:54.898486+00	0		
339	166957	177	54	0	2014-05-14 16:39:54.654562+00	0		
340	166957	177	56	0	2014-05-14 16:39:54.654562+00	0		
341	166957	177	57	0	2014-05-14 16:39:54.654562+00	0		
342	166957	177	301	0	2014-05-14 16:39:54.654562+00	0		
343	166957	177	322	0	2014-05-14 16:39:54.654562+00	0		
344	166957	177	323	0	2014-05-14 16:39:54.654562+00	0		
345	166957	177	434	0	2014-05-14 16:39:54.654562+00	0		
346	166957	177	438	0	2014-05-14 16:39:54.654562+00	0		
347	166957	178	362	0	2014-05-14 16:39:54.654562+00	0		
350	166957	179	180	0	2014-05-14 16:39:54.654562+00	0		
352	166957	180	19	0	2014-05-14 16:39:54.654562+00	0		
304	166958	154	148	0	2014-09-26 12:51:18.285469+00	0		
354	166957	180	440	0	2014-05-14 16:39:54.654562+00	0		
356	166957	180	563	0	2014-05-14 16:39:54.654562+00	0		
355	166958	180	518	0	2014-09-26 12:52:46.211016+00	0		
319	166958	675	109	0	2015-02-26 10:34:54.977706+00	0		
336	166958	675	512	0	2014-08-05 12:42:06.560285+00	0		
325	166958	675	163	0	2014-08-05 12:42:08.076825+00	0		
333	166958	675	479	0	2014-08-05 12:42:09.34385+00	0		
323	166958	675	161	0	2014-08-05 12:42:10.650638+00	0		
321	166958	675	114	0	2014-08-05 23:49:30.687665+00	0		
320	166958	675	112	0	2014-08-05 23:49:43.621668+00	0		
357	166958	180	634	0	2014-09-26 10:52:36.854626+00	0		
278	166958	133	490	0	2014-09-26 11:03:21.994956+00	0		
273	166958	133	127	0	2014-09-26 11:08:58.241156+00	0		
351	166958	180	9	0	2014-09-26 11:09:49.739356+00	0		
279	166958	136	471	0	2014-09-26 11:09:51.978275+00	0		
353	166958	180	436	0	2014-09-26 11:09:52.796743+00	0		
311	166960	170	349	0	2015-02-26 10:41:05.171548+00	0		
318	166958	675	108	0	2015-02-26 10:43:14.684399+00	0		
241	166958	675	638	0	2015-02-26 10:50:03.384771+00	0		
370	166958	13	419	0	2014-10-02 10:04:00.051532+00	0		
371	166958	13	508	0	2014-10-02 10:04:00.051532+00	0		
367	166958	13	283	0	2014-10-02 10:04:00.051532+00	0		
374	166958	201	25	0	2014-09-26 11:20:17.270928+00	0		
361	166958	194	198	0	2014-09-26 12:15:29.714947+00	0		
362	166958	194	513	0	2014-09-26 12:15:29.714947+00	0		
8	166958	3	264	0	2014-09-26 12:18:46.310416+00	0		
365	166958	13	200	0	2014-10-02 10:04:00.051532+00	0		
372	166958	13	594	0	2014-10-02 10:04:00.051532+00	0		
369	166958	13	310	0	2014-10-02 10:04:00.051532+00	0		
685	166958	156	686	0	2015-02-13 19:04:07.260124+00	0		
377	166957	201	33	0	2014-05-14 16:39:54.654562+00	0		
378	166957	201	34	0	2014-05-14 16:39:54.654562+00	0		
379	166957	201	37	0	2014-05-14 16:39:54.654562+00	0		
380	166957	201	562	0	2014-05-14 16:39:54.654562+00	0		
381	166957	202	32	0	2014-05-14 16:39:54.654562+00	0		
688	166958	83	689	0	2015-02-15 07:42:40.800025+00	0		
383	166957	204	443	0	2014-05-14 16:39:54.654562+00	0		
715	166958	16	711	0	2015-03-01 00:37:56.605173+00	0		
389	166957	207	50	0	2014-05-14 16:39:54.654562+00	0		
390	166957	207	51	0	2014-05-14 16:39:54.654562+00	0		
391	166957	207	233	0	2014-05-14 16:39:54.654562+00	0		
392	166957	207	435	0	2014-05-14 16:39:54.654562+00	0		
393	166957	211	541	0	2014-05-14 16:39:54.654562+00	0		
394	166957	211	542	0	2014-05-14 16:39:54.654562+00	0		
14	166958	3	499	0	2014-09-26 12:18:46.310416+00	0		
454	166958	259	468	0	2015-02-15 08:26:35.618271+00	0		
401	166957	213	223	0	2014-05-14 16:39:54.654562+00	0		
402	166957	213	224	0	2014-05-14 16:39:54.654562+00	0		
403	166957	213	225	0	2014-05-14 16:39:54.654562+00	0		
404	166957	213	486	0	2014-05-14 16:39:54.654562+00	0		
376	166958	201	29	0	2014-09-26 12:31:01.239533+00	0		
406	166957	213	624	0	2014-05-14 16:39:54.654562+00	0		
407	166957	213	625	0	2014-05-14 16:39:54.654562+00	0		
408	166957	215	216	0	2014-05-14 16:39:54.654562+00	0		
409	166957	215	217	0	2014-05-14 16:39:54.654562+00	0		
410	166957	219	220	0	2014-05-14 16:39:54.654562+00	0		
411	166957	225	309	0	2014-05-14 16:39:54.654562+00	0		
421	166957	230	231	0	2014-05-14 16:39:54.654562+00	0		
422	166957	232	52	0	2014-05-14 16:39:54.654562+00	0		
423	166957	232	71	0	2014-05-14 16:39:54.654562+00	0		
424	166957	232	73	0	2014-05-14 16:39:54.654562+00	0		
425	166957	232	84	0	2014-05-14 16:39:54.654562+00	0		
426	166957	232	98	0	2014-05-14 16:39:54.654562+00	0		
427	166957	232	511	0	2014-05-14 16:39:54.654562+00	0		
428	166957	232	575	0	2014-05-14 16:39:54.654562+00	0		
429	166957	234	410	0	2014-05-14 16:39:54.654562+00	0		
430	166957	235	236	0	2014-05-14 16:39:54.654562+00	0		
431	166957	237	519	0	2014-05-14 16:39:54.654562+00	0		
432	166957	238	72	0	2014-05-14 16:39:54.654562+00	0		
433	166957	238	600	0	2014-05-14 16:39:54.654562+00	0		
434	166957	238	601	0	2014-05-14 16:39:54.654562+00	0		
435	166957	239	189	0	2014-05-14 16:39:54.654562+00	0		
436	166957	240	242	0	2014-05-14 16:39:54.654562+00	0		
437	166957	240	545	0	2014-05-14 16:39:54.654562+00	0		
438	166957	240	608	0	2014-05-14 16:39:54.654562+00	0		
382	166958	204	135	0	2014-09-26 12:48:28.729005+00	0		
440	166957	244	337	0	2014-05-14 16:39:54.654562+00	0		
441	166957	244	593	0	2014-05-14 16:39:54.654562+00	0		
443	166957	251	596	0	2014-05-14 16:39:54.654562+00	0		
444	166957	252	77	0	2014-05-14 16:39:54.654562+00	0		
445	166957	252	130	0	2014-05-14 16:39:54.654562+00	0		
446	166957	252	137	0	2014-05-14 16:39:54.654562+00	0		
447	166957	252	183	0	2014-05-14 16:39:54.654562+00	0		
448	166957	252	253	0	2014-05-14 16:39:54.654562+00	0		
449	166957	254	287	0	2014-05-14 16:39:54.654562+00	0		
450	166957	259	132	0	2014-05-14 16:39:54.654562+00	0		
451	166957	259	139	0	2014-05-14 16:39:54.654562+00	0		
452	166957	259	178	0	2014-05-14 16:39:54.654562+00	0		
453	166957	259	260	0	2014-05-14 16:39:54.654562+00	0		
455	166957	261	92	0	2014-05-14 16:39:54.654562+00	0		
456	166957	263	326	0	2014-05-14 16:39:54.654562+00	0		
457	166957	263	329	0	2014-05-14 16:39:54.654562+00	0		
458	166957	263	343	0	2014-05-14 16:39:54.654562+00	0		
459	166957	263	474	0	2014-05-14 16:39:54.654562+00	0		
460	166957	263	531	0	2014-05-14 16:39:54.654562+00	0		
461	166957	263	607	0	2014-05-14 16:39:54.654562+00	0		
463	166957	268	265	0	2014-05-14 16:39:54.654562+00	0		
464	166957	268	305	0	2014-05-14 16:39:54.654562+00	0		
375	166958	201	26	0	2014-09-26 12:49:09.679405+00	0		
466	166957	268	342	0	2014-05-14 16:39:54.654562+00	0		
467	166957	268	584	0	2014-05-14 16:39:54.654562+00	0		
468	166957	269	270	0	2014-05-14 16:39:54.654562+00	0		
469	166957	269	271	0	2014-05-14 16:39:54.654562+00	0		
470	166957	269	621	0	2014-05-14 16:39:54.654562+00	0		
471	166957	270	498	0	2014-05-14 16:39:54.654562+00	0		
472	166957	270	550	0	2014-05-14 16:39:54.654562+00	0		
473	166957	270	551	0	2014-05-14 16:39:54.654562+00	0		
474	166957	270	552	0	2014-05-14 16:39:54.654562+00	0		
475	166957	270	565	0	2014-05-14 16:39:54.654562+00	0		
476	166957	270	640	0	2014-05-14 16:39:54.654562+00	0		
477	166957	271	272	0	2014-05-14 16:39:54.654562+00	0		
478	166957	271	454	0	2014-05-14 16:39:54.654562+00	0		
479	166957	271	461	0	2014-05-14 16:39:54.654562+00	0		
480	166957	271	534	0	2014-05-14 16:39:54.654562+00	0		
373	166958	197	398	0	2014-09-26 12:53:49.820217+00	0		
399	166958	213	221	0	2014-08-03 13:13:28.357417+00	0		
363	166958	194	571	0	2014-08-03 13:21:13.967389+00	0		
237	166958	675	170	0	2015-02-26 10:36:50.920654+00	0		
702	166959	477	527	0	2015-02-25 23:23:06.960666+00	0		
413	166958	701	145	0	2015-02-26 10:30:07.416544+00	0		
415	166958	205	228	0	2015-02-26 19:04:39.128728+00	0		
384	166957	205	59	0	2015-02-26 19:04:39.128728+00	0		
386	166957	205	213	0	2015-02-26 19:04:39.128728+00	0		
110	166957	46	232	0	2015-02-26 20:07:00.306796+00	0		
111	166957	46	252	0	2015-02-26 20:07:00.306796+00	0		
150	166958	46	65	0	2015-02-26 20:07:00.306796+00	0		
151	166958	46	79	0	2015-02-26 20:07:00.306796+00	0		
153	166958	46	555	0	2015-02-26 20:07:00.306796+00	0		
481	166957	271	599	0	2014-05-14 16:39:54.654562+00	0		
482	166957	271	619	0	2014-05-14 16:39:54.654562+00	0		
16	166958	3	595	0	2014-09-26 12:18:46.310416+00	0		
484	166957	276	302	0	2014-05-14 16:39:54.654562+00	0		
486	166957	302	341	0	2014-05-14 16:39:54.654562+00	0		
689	166958	33	690	0	2015-02-15 08:02:58.656169+00	0		
584	166958	500	449	0	2015-02-26 10:17:21.299537+00	0		
491	166957	313	314	0	2014-05-14 16:39:54.654562+00	0		
492	166957	334	113	0	2014-05-14 16:39:54.654562+00	0		
493	166957	334	335	0	2014-05-14 16:39:54.654562+00	0		
494	166957	334	370	0	2014-05-14 16:39:54.654562+00	0		
495	166957	334	373	0	2014-05-14 16:39:54.654562+00	0		
496	166957	334	375	0	2014-05-14 16:39:54.654562+00	0		
497	166957	334	381	0	2014-05-14 16:39:54.654562+00	0		
499	166957	344	111	0	2014-05-14 16:39:54.654562+00	0		
500	166957	344	188	0	2014-05-14 16:39:54.654562+00	0		
501	166957	344	263	0	2014-05-14 16:39:54.654562+00	0		
502	166957	344	376	0	2014-05-14 16:39:54.654562+00	0		
503	166957	344	411	0	2014-05-14 16:39:54.654562+00	0		
573	166958	469	570	0	2014-09-26 12:16:06.529289+00	0		
506	166957	345	17	0	2014-05-14 16:39:54.654562+00	0		
507	166957	345	199	0	2014-05-14 16:39:54.654562+00	0		
517	166958	345	492	0	2014-09-26 12:16:07.506167+00	0		
509	166957	345	412	0	2014-05-14 16:39:54.654562+00	0		
510	166957	345	413	0	2014-05-14 16:39:54.654562+00	0		
585	166958	500	478	0	2015-02-26 10:17:21.299537+00	0		
515	166958	345	460	0	2014-09-26 12:17:48.627186+00	0		
583	166958	500	321	0	2015-02-26 10:17:21.299537+00	0		
485	166960	279	280	0	2015-02-26 10:17:56.267837+00	0		
516	166957	345	470	0	2014-05-14 16:39:54.654562+00	0		
706	166958	675	702	0	2015-02-26 10:47:43.217676+00	0		
518	166957	345	493	0	2014-05-14 16:39:54.654562+00	0		
698	166958	205	697	0	2015-02-26 19:04:39.128728+00	0		
335	166958	99	500	0	2015-03-02 22:01:59.002503+00	0		
521	166957	345	617	0	2014-05-14 16:39:54.654562+00	0		
522	166957	349	129	0	2014-05-14 16:39:54.654562+00	0		
523	166957	349	164	0	2014-05-14 16:39:54.654562+00	0		
524	166957	349	165	0	2014-05-14 16:39:54.654562+00	0		
525	166957	349	169	0	2014-05-14 16:39:54.654562+00	0		
526	166957	349	597	0	2014-05-14 16:39:54.654562+00	0		
527	166957	350	70	0	2014-05-14 16:39:54.654562+00	0		
528	166957	350	243	0	2014-05-14 16:39:54.654562+00	0		
529	166957	350	609	0	2014-05-14 16:39:54.654562+00	0		
530	166957	351	352	0	2014-05-14 16:39:54.654562+00	0		
531	166957	353	355	0	2014-05-14 16:39:54.654562+00	0		
532	166957	353	356	0	2014-05-14 16:39:54.654562+00	0		
152	166958	46	96	0	2015-02-26 20:07:00.306796+00	0		
534	166957	366	267	0	2014-05-14 16:39:54.654562+00	0		
535	166957	367	167	0	2014-05-14 16:39:54.654562+00	0		
536	166957	371	372	0	2014-05-14 16:39:54.654562+00	0		
537	166957	378	553	0	2014-05-14 16:39:54.654562+00	0		
539	166957	385	386	0	2014-05-14 16:39:54.654562+00	0		
540	166957	385	389	0	2014-05-14 16:39:54.654562+00	0		
541	166957	386	184	0	2014-05-14 16:39:54.654562+00	0		
542	166957	387	388	0	2014-05-14 16:39:54.654562+00	0		
543	166957	389	55	0	2014-05-14 16:39:54.654562+00	0		
544	166957	391	67	0	2014-05-14 16:39:54.654562+00	0		
545	166957	391	238	0	2014-05-14 16:39:54.654562+00	0		
546	166957	391	392	0	2014-05-14 16:39:54.654562+00	0		
547	166957	391	393	0	2014-05-14 16:39:54.654562+00	0		
548	166957	391	485	0	2014-05-14 16:39:54.654562+00	0		
549	166957	391	598	0	2014-05-14 16:39:54.654562+00	0		
18	166958	3	641	0	2014-09-26 12:18:46.310416+00	0		
551	166957	407	408	0	2014-05-14 16:39:54.654562+00	0		
552	166957	407	548	0	2014-05-14 16:39:54.654562+00	0		
553	166957	408	8	0	2014-05-14 16:39:54.654562+00	0		
556	166957	421	422	0	2014-05-14 16:39:54.654562+00	0		
557	166957	421	423	0	2014-05-14 16:39:54.654562+00	0		
558	166957	421	424	0	2014-05-14 16:39:54.654562+00	0		
559	166957	426	235	0	2014-05-14 16:39:54.654562+00	0		
512	166958	345	415	0	2014-09-26 12:31:02.954549+00	0		
563	166957	447	134	0	2014-05-14 16:39:54.654562+00	0		
564	166957	447	448	0	2014-05-14 16:39:54.654562+00	0		
565	166957	452	75	0	2014-05-14 16:39:54.654562+00	0		
566	166957	452	82	0	2014-05-14 16:39:54.654562+00	0		
567	166957	452	250	0	2014-05-14 16:39:54.654562+00	0		
568	166957	452	564	0	2014-05-14 16:39:54.654562+00	0		
569	166957	459	529	0	2014-05-14 16:39:54.654562+00	0		
570	166957	459	530	0	2014-05-14 16:39:54.654562+00	0		
572	166957	461	618	0	2014-05-14 16:39:54.654562+00	0		
574	166957	472	426	0	2014-05-14 16:39:54.654562+00	0		
575	166957	472	543	0	2014-05-14 16:39:54.654562+00	0		
576	166957	475	502	0	2014-05-14 16:39:54.654562+00	0		
577	166957	475	537	0	2014-05-14 16:39:54.654562+00	0		
578	166957	477	391	0	2014-05-14 16:39:54.654562+00	0		
579	166957	478	559	0	2014-05-14 16:39:54.654562+00	0		
580	166957	480	535	0	2014-05-14 16:39:54.654562+00	0		
519	166958	345	514	0	2014-09-26 12:31:06.064448+00	0		
586	166957	506	76	0	2014-05-14 16:39:54.654562+00	0		
587	166957	531	532	0	2014-05-14 16:39:54.654562+00	0		
489	166958	312	315	0	2014-09-26 12:48:51.867142+00	0		
591	166957	560	441	0	2014-05-14 16:39:54.654562+00	0		
592	166957	560	561	0	2014-05-14 16:39:54.654562+00	0		
593	166957	585	377	0	2014-05-14 16:39:54.654562+00	0		
594	166957	585	457	0	2014-05-14 16:39:54.654562+00	0		
595	166957	585	495	0	2014-05-14 16:39:54.654562+00	0		
596	166957	585	557	0	2014-05-14 16:39:54.654562+00	0		
597	166957	585	558	0	2014-05-14 16:39:54.654562+00	0		
514	166958	345	417	0	2014-09-26 12:49:33.992837+00	0		
600	166957	587	378	0	2014-05-14 16:39:54.654562+00	0		
555	166958	417	418	0	2014-09-26 12:49:33.992837+00	0		
538	166958	378	554	0	2014-08-03 12:53:46.839268+00	0		
498	166958	340	489	0	2014-08-03 12:57:26.415762+00	0		
505	166958	344	628	0	2014-08-03 12:58:45.063703+00	0		
504	166958	344	613	0	2014-08-03 12:59:32.349474+00	0		
589	166958	545	546	0	2014-08-03 13:07:38.918358+00	0		
508	166958	345	346	0	2014-09-26 10:29:19.718766+00	0		
554	166958	417	190	0	2014-09-26 10:32:12.781251+00	0		
513	166958	345	416	0	2014-09-26 10:33:55.269943+00	0		
561	166958	428	358	0	2014-09-26 10:36:33.046818+00	0		
533	166958	360	361	0	2014-09-26 10:44:07.929858+00	0		
483	166958	274	583	0	2014-09-26 10:50:11.007222+00	0		
582	166959	496	5	0	2014-09-26 10:55:14.987969+00	0		
550	166960	405	404	0	2014-09-26 11:01:29.909514+00	0		
511	166958	345	414	0	2014-09-26 11:10:43.15324+00	0		
520	166958	345	573	0	2014-09-26 12:52:57.673839+00	0		
581	166960	484	324	0	2014-09-26 13:49:57.523677+00	0		
601	166957	587	475	0	2014-05-14 16:39:54.654562+00	0		
602	166957	587	480	0	2014-05-14 16:39:54.654562+00	0		
603	166957	587	577	0	2014-05-14 16:39:54.654562+00	0		
645	166958	13	650	0	2014-10-02 10:04:00.051532+00	0		
11	166958	3	407	0	2014-09-26 12:18:46.310416+00	0		
36	166958	13	194	0	2014-10-02 10:04:00.051532+00	0		
35	166958	13	14	0	2014-10-02 10:04:00.051532+00	0		
488	166958	312	313	0	2014-09-26 12:48:51.867142+00	0		
623	166957	602	603	0	2014-05-14 16:39:54.654562+00	0		
624	166957	602	604	0	2014-05-14 16:39:54.654562+00	0		
690	166958	4	691	0	2015-02-15 08:14:49.040271+00	0		
626	166957	610	45	0	2014-05-14 16:39:54.654562+00	0		
296	166958	701	285	0	2015-02-26 10:30:09.858391+00	0		
664	166958	675	665	0	2015-02-26 10:45:54.810483+00	0		
631	166957	621	622	0	2014-05-14 16:39:54.654562+00	0		
632	166957	621	623	0	2014-05-14 16:39:54.654562+00	0		
633	166957	629	630	0	2014-05-14 16:39:54.654562+00	0		
634	166957	630	88	0	2014-05-14 16:39:54.654562+00	0		
707	166958	170	703	0	2015-02-26 11:10:52.423441+00	0		
699	166958	205	698	0	2015-02-26 19:04:39.128728+00	0		
396	166958	213	215	0	2014-08-03 13:13:28.357417+00	0		
638	166958	334	644	0	2014-05-15 13:35:05.914233+00	0		
627	166958	610	318	0	2014-09-26 12:51:29.570975+00	0		
639	166959	54	645	0	2014-05-15 14:07:59.397776+00	0		
640	166959	89	645	0	2014-05-15 14:07:59.397776+00	0		
398	166958	213	219	0	2014-08-03 13:13:28.357417+00	0		
641	166958	100	646	0	2014-05-25 13:30:23.926296+00	0		
642	166958	83	647	0	2014-05-25 14:52:16.692241+00	0		
630	166958	610	611	0	2014-09-26 12:52:00.195909+00	0		
590	166959	555	528	0	2014-05-25 15:23:22.408597+00	0		
643	166958	63	648	0	2014-05-26 14:32:48.43925+00	0		
405	166958	213	549	0	2014-08-03 13:13:28.357417+00	0		
644	166958	179	649	0	2014-05-26 15:35:49.108277+00	0		
703	166958	99	280	0	2015-03-02 22:01:59.002503+00	0		
364	166958	650	15	0	2014-07-28 20:49:43.89518+00	0		
646	166958	650	651	0	2014-07-28 20:49:55.798932+00	0		
604	166957	588	102	0	2015-03-03 16:05:33.890179+00	0		
605	166957	588	103	0	2015-03-03 16:05:33.890179+00	0		
395	166958	213	214	0	2014-08-03 13:13:28.357417+00	0		
621	166958	591	143	0	2014-08-03 12:47:08.442578+00	0		
622	166958	591	592	0	2014-08-03 12:47:08.442578+00	0		
598	166958	586	491	0	2014-08-03 12:48:09.929209+00	0		
599	166958	586	589	0	2014-08-03 12:48:09.929209+00	0		
571	166958	461	455	0	2014-08-03 12:49:17.563154+00	0		
465	166958	268	328	0	2014-08-03 12:50:53.930522+00	0		
442	166959	245	87	0	2014-08-03 13:03:51.302662+00	0		
439	166959	244	245	0	2014-08-03 13:04:30.627804+00	0		
175	166958	83	244	0	2014-08-03 13:05:15.911467+00	0		
588	166958	545	241	0	2014-08-03 13:07:38.918358+00	0		
397	166958	213	218	0	2014-08-03 13:13:28.357417+00	0		
400	166958	213	222	0	2014-08-03 13:13:28.357417+00	0		
156	166958	70	578	0	2014-08-03 13:16:43.199806+00	0		
157	166958	70	579	0	2014-08-03 13:16:43.199806+00	0		
158	166958	70	580	0	2014-08-03 13:16:43.199806+00	0		
647	166958	109	652	0	2014-08-03 13:31:49.270094+00	0		
648	166959	54	653	0	2014-08-03 13:44:02.380283+00	0		
654	166958	656	657	0	2014-08-03 23:16:05.852719+00	0		
649	166958	653	654	0	2014-08-03 13:45:51.01382+00	0		
650	166958	232	655	0	2014-08-03 13:50:23.451196+00	0		
221	166958	100	367	0	2014-08-03 23:37:45.705709+00	0		
651	166960	472	655	0	2014-08-03 13:50:23.451196+00	0		
655	166958	100	658	0	2014-08-03 23:26:47.606636+00	0		
652	166960	71	655	0	2014-08-03 13:50:23.451196+00	0		
657	166958	653	660	0	2014-08-03 23:57:55.774689+00	0		
653	166958	68	656	0	2014-08-03 23:13:27.52145+00	0		
614	166958	658	399	0	2014-08-03 23:28:23.714773+00	0		
619	166958	344	581	0	2014-08-03 23:39:18.117198+00	0		
615	166958	658	430	0	2014-08-03 23:28:39.496906+00	0		
656	166958	658	659	0	2014-08-03 23:31:02.204853+00	0		
220	166958	100	344	0	2014-08-03 23:37:45.705709+00	0		
223	166958	100	586	0	2014-08-03 23:37:45.705709+00	0		
219	166958	100	268	0	2014-08-03 23:37:45.705709+00	0		
222	166958	100	585	0	2014-08-03 23:37:45.705709+00	0		
616	166958	658	462	0	2014-08-03 23:41:23.053399+00	0		
663	166958	58	664	0	2014-08-04 12:12:40.252741+00	0		
606	166958	658	104	0	2014-08-03 23:51:08.59699+00	0		
659	166958	32	662	0	2014-08-04 01:49:28.361845+00	0		
660	166958	3	663	0	2014-08-04 01:57:40.16881+00	0		
661	166959	32	663	0	2014-08-04 01:57:40.16881+00	0		
667	166958	667	668	0	2014-08-04 22:22:40.678012+00	0		
662	166959	5	663	0	2014-08-04 01:57:40.16881+00	0		
665	166958	194	666	0	2014-08-04 17:46:12.754812+00	0		
666	166958	179	667	0	2014-08-04 22:17:37.820378+00	0		
668	166958	587	669	0	2014-08-04 22:30:25.68521+00	0		
669	166958	268	670	0	2014-08-04 22:44:27.975+00	0		
670	166958	587	671	0	2014-08-04 22:58:19.529876+00	0		
671	166958	587	672	0	2014-08-04 22:58:21.581829+00	0		
301	166958	632	464	0	2014-08-05 11:52:36.822552+00	0		
672	166958	587	673	0	2014-08-04 22:58:24.840673+00	0		
332	166958	675	366	0	2014-08-05 12:38:22.132918+00	0		
635	166958	632	80	0	2014-08-05 12:33:11.629121+00	0		
673	166958	674	675	0	2014-08-05 12:37:30.169948+00	0		
637	166958	632	633	0	2014-08-05 12:33:11.629121+00	0		
328	166958	675	330	0	2014-08-05 12:42:03.74341+00	0		
636	166958	632	85	0	2014-08-05 12:33:11.629121+00	0		
259	166958	677	327	0	2014-09-02 11:17:15.803975+00	0		
300	166958	677	453	0	2014-09-02 11:18:12.314961+00	0		
674	166959	678	151	0	2014-09-16 09:51:38.511576+00	0		
675	166958	34	678	0	2014-09-16 09:51:48.326859+00	0		
676	166958	361	679	0	2014-09-26 09:54:29.00368+00	0		
677	166958	83	680	0	2014-09-26 09:59:19.122443+00	0		
678	166958	177	681	0	2014-09-26 10:21:15.934231+00	0		
679	166959	58	681	0	2014-09-26 10:21:15.934231+00	0		
42	166958	14	437	0	2014-09-26 12:22:27.693576+00	0		
680	166958	138	682	0	2014-09-26 10:32:13.131293+00	0		
55	166958	18	293	0	2014-09-26 10:34:22.02476+00	0		
691	166958	674	468	0	2015-02-15 08:42:46.729858+00	0		
562	166958	428	427	0	2014-09-26 10:36:33.046818+00	0		
560	166958	428	187	0	2014-09-26 10:36:33.046818+00	0		
40	166958	14	173	0	2014-09-26 12:22:27.693576+00	0		
68	166958	24	154	0	2014-09-26 10:44:43.632761+00	0		
67	166958	24	35	0	2014-09-26 10:44:43.632761+00	0		
70	166958	24	202	0	2014-09-26 10:44:43.632761+00	0		
44	166958	14	484	0	2014-09-26 12:22:27.693576+00	0		
69	166958	24	201	0	2014-09-26 10:44:43.632761+00	0		
629	166958	610	547	0	2014-09-26 12:49:21.358847+00	0		
21	166958	4	590	0	2014-09-26 10:53:57.710628+00	0		
704	166958	674	701	0	2015-02-26 10:28:49.766548+00	0		
705	166958	675	349	0	2015-02-26 10:41:05.171548+00	0		
697	166958	205	696	0	2015-02-26 19:04:39.128728+00	0		
419	166958	205	482	0	2015-02-26 19:04:39.128728+00	0		
681	166958	9	404	0	2014-09-26 11:02:26.959086+00	0		
416	166958	205	229	0	2015-02-26 19:04:39.128728+00	0		
32	166958	9	403	0	2014-09-26 11:09:49.739356+00	0		
412	166958	205	74	0	2015-02-26 19:04:39.128728+00	0		
417	166958	205	230	0	2015-02-26 19:04:39.128728+00	0		
418	166958	205	459	0	2015-02-26 19:04:39.128728+00	0		
420	166958	205	544	0	2015-02-26 19:04:39.128728+00	0		
414	166958	205	227	0	2015-02-26 19:04:39.128728+00	0		
385	166958	205	93	0	2015-02-26 19:04:39.128728+00	0		
388	166958	205	527	0	2015-02-26 19:04:39.128728+00	0		
658	166958	205	661	0	2015-02-26 19:04:39.128728+00	0		
700	166958	205	699	0	2015-02-26 19:04:39.128728+00	0		
109	166957	46	205	0	2015-02-26 20:07:00.306796+00	0		
726	166958	675	721	0	2015-03-02 01:45:57.345513+00	0		
727	166960	721	112	0	2015-03-02 01:45:57.345513+00	0		
729	166958	344	723	0	2015-03-02 01:52:00.305837+00	0		
730	166958	658	724	0	2015-03-02 02:10:21.152379+00	0		
327	166958	99	279	0	2015-03-02 22:01:59.002503+00	0		
329	166958	99	331	0	2015-03-02 22:01:59.002503+00	0		
331	166958	99	340	0	2015-03-02 22:01:59.002503+00	0		
338	166958	99	637	0	2015-03-02 22:01:59.002503+00	0		
337	166958	99	526	0	2015-03-02 22:01:59.002503+00	0		
326	166958	99	276	0	2015-03-02 22:01:59.002503+00	0		
322	166958	99	159	0	2015-03-02 22:01:59.002503+00	0		
324	166958	99	162	0	2015-03-02 22:01:59.002503+00	0		
317	166958	99	107	0	2015-03-02 22:01:59.002503+00	0		
334	166958	99	497	0	2015-03-02 22:01:59.002503+00	0		
734	166958	52	728	0	2015-03-03 13:24:47.791795+00	0		
736	166958	59	730	0	2015-03-03 13:33:31.236577+00	0		
462	166958	367	185	0	2015-03-03 18:18:24.318041+00	0		
739	166958	3	733	0	2015-03-04 11:30:29.693964+00	0		
716	166958	205	712	0	2015-03-01 12:00:44.315438+00	0		
717	166958	83	713	0	2015-03-01 12:11:17.925439+00	0		
708	166958	83	704	0	2015-02-27 15:43:16.86534+00	0		
709	166958	83	705	0	2015-02-27 15:48:45.788133+00	0		
719	166958	658	715	0	2015-03-01 12:24:13.564319+00	0		
723	166958	658	718	0	2015-03-01 15:36:41.78089+00	0		
711	166958	205	707	0	2015-02-28 23:39:39.01131+00	0		
725	166958	675	720	0	2015-03-02 01:29:19.113625+00	0		
728	166958	658	722	0	2015-03-02 01:48:57.359267+00	0		
733	166958	33	727	0	2015-03-03 13:22:31.462472+00	0		
735	166958	232	729	0	2015-03-03 13:28:07.500764+00	0		
737	166958	344	731	0	2015-03-03 13:37:02.202588+00	0		
607	166957	588	105	0	2015-03-03 16:05:33.890179+00	0		
608	166957	588	186	0	2015-03-03 16:05:33.890179+00	0		
610	166957	588	333	0	2015-03-03 16:05:33.890179+00	0		
611	166957	588	336	0	2015-03-03 16:05:33.890179+00	0		
612	166957	588	379	0	2015-03-03 16:05:33.890179+00	0		
613	166957	588	382	0	2015-03-03 16:05:33.890179+00	0		
617	166957	588	525	0	2015-03-03 16:05:33.890179+00	0		
618	166957	588	536	0	2015-03-03 16:05:33.890179+00	0		
620	166957	588	639	0	2015-03-03 16:05:33.890179+00	0		
738	166958	3	732	0	2015-03-04 11:26:51.888966+00	0		
740	166958	46	734	0	2015-03-06 03:22:56.003792+00	0		
741	166958	4	735	0	2015-03-22 18:51:06.125419+00	0		
742	166958	701	736	0	2015-03-30 16:01:51.478938+00	0		
743	166958	137	737	0	2015-04-13 16:42:09.539253+00	0		
744	166958	3	738	0	2015-04-26 18:31:41.158068+00	0		
710	166958	83	706	0	2015-02-28 00:15:24.010482+00	0		
718	166958	232	714	0	2015-03-01 12:14:50.03358+00	0		
720	166958	98	716	0	2015-03-01 12:28:35.537884+00	0		
721	166958	334	717	0	2015-03-01 15:32:44.76861+00	0		
722	166960	717	381	0	2015-03-01 15:32:44.76861+00	0		
724	166958	100	719	0	2015-03-01 15:44:49.056494+00	0		
731	166958	14	725	0	2015-03-02 12:53:18.187603+00	0		
732	166958	366	726	0	2015-03-02 13:03:53.688195+00	0		
