687	166955	44	2516844	0	2014-05-14 19:04:50.00155+00	0		
702	166955	311	2516873	0	2014-05-14 19:05:03.767156+00	0		
771	166955	390	2517007	0	2014-05-14 19:19:23.245373+00	0		
714	166955	198	2516898	0	2014-05-14 19:08:35.515698+00	0		
784	166955	441	2517032	0	2014-05-14 19:19:40.641118+00	0		
846	166955	395	2517164	0	2014-05-14 19:37:59.47419+00	0		
858	166955	131	2517186	0	2014-05-14 19:40:53.909191+00	0		
1004	166955	334	2517465	0	2014-05-14 20:10:49.988522+00	0		
1015	166955	162	2517486	0	2014-05-14 20:11:03.060039+00	0		
1186	166955	684	2937038	0	2015-02-13 18:48:51.739521+00	0		
1187	166954	684	2937039	0	2015-02-13 18:48:51.739521+00	0		
1193	166954	228	2941058	0	2015-02-14 21:49:18.312933+00	0		
1195	166955	687	2941625	0	2015-02-15 07:32:32.570132+00	0		
1196	166954	687	2941626	0	2015-02-15 07:32:32.570132+00	0		
727	166955	401	2516920	0	2014-05-14 19:09:57.17117+00	0		
1005	166955	172	2517467	0	2014-05-14 20:10:50.664927+00	0		
772	166955	278	2517009	0	2014-05-14 19:19:29.813785+00	0		
785	166955	515	2517033	0	2014-05-14 19:19:40.874159+00	0		
847	166955	463	2517166	0	2014-05-14 19:38:00.277327+00	0		
1188	166954	685	2937060	0	2015-02-13 19:01:55.243903+00	0		
1198	166955	688	2941628	0	2015-02-15 07:34:25.713804+00	0		
1199	166954	688	2941629	0	2015-02-15 07:34:25.713804+00	0		
1210	166955	692	2942679	0	2015-02-15 22:03:23.601593+00	0		
1211	166954	692	2942680	0	2015-02-15 22:03:23.601593+00	0		
1016	166955	512	2517487	0	2014-05-14 20:11:05.787072+00	0		
1021	166955	489	2517497	0	2014-05-14 20:16:49.486167+00	0		
688	166955	193	2516846	0	2014-05-14 19:04:51.575072+00	0		
703	166955	17	2516878	0	2014-05-14 19:06:56.125101+00	0		
1242	166955	342	2517346	0	2015-02-26 18:16:13.96524+00	0		
1249	166955	261	2988128	0	2015-02-26 18:33:32.112005+00	0		
582	166955	46	2516635	0	2015-02-26 20:07:00.306796+00	0		
716	166955	289	2516902	0	2014-05-14 19:08:47.101973+00	0		
217	166953	255	2538974	0	2014-06-01 06:09:56.532697+00	0		
730	166955	37	2516926	0	2014-05-14 19:10:01.818332+00	0		
734	166955	521	2516933	0	2014-05-14 19:11:06.06615+00	0		
740	166955	626	2516944	0	2014-05-14 19:11:34.65395+00	0		
751	166955	522	2516965	0	2014-05-14 19:12:51.394908+00	0		
720	166955	594	2517293	0	2014-05-14 19:52:28.894958+00	0		
227	166953	268	2517345	0	2014-05-14 19:59:02.417696+00	0		
704	166955	568	2516879	0	2014-05-14 19:08:01.895872+00	0		
773	166955	277	2517011	0	2014-05-14 19:19:30.488945+00	0		
689	166955	42	2516848	0	2014-05-14 19:04:51.753785+00	0		
786	166955	561	2517034	0	2014-05-14 19:19:41.062025+00	0		
715	166955	290	2906816	0	2015-01-25 15:20:12.715786+00	0		
795	166955	60	2517056	0	2014-05-14 19:22:25.576733+00	0		
1006	166955	163	2517469	0	2014-05-14 20:10:51.342824+00	0		
1189	166955	686	2937063	0	2015-02-13 19:04:07.260124+00	0		
1191	166954	686	2937065	0	2015-02-13 19:04:07.260124+00	0		
787	166955	118	2517036	0	2014-05-14 19:19:42.525297+00	0		
691	166955	359	2516852	0	2014-05-14 19:04:53.850837+00	0		
1018	166955	370	2517491	0	2014-05-14 20:16:46.390472+00	0		
805	166955	212	2517079	0	2014-05-14 19:23:47.126436+00	0		
1200	166954	689	2941631	0	2015-02-15 07:42:40.800025+00	0		
1202	166955	689	2941633	0	2015-02-15 07:42:40.800025+00	0		
1212	166955	693	2942823	0	2015-02-16 00:00:01.574309+00	0		
1214	166955	694	2942837	0	2015-02-16 00:19:16.733514+00	0		
1215	166954	694	2942838	0	2015-02-16 00:19:16.733514+00	0		
1216	166954	27	2943091	0	2015-02-16 05:49:48.044482+00	0		
721	166955	583	2516909	0	2014-05-14 19:09:16.474082+00	0		
717	166955	18	2516904	0	2014-05-14 19:08:49.592202+00	0		
735	166955	505	2516934	0	2014-05-14 19:11:29.376267+00	0		
746	166955	32	2516956	0	2014-05-14 19:11:43.101941+00	0		
758	166955	127	2516978	0	2014-05-14 19:13:02.5305+00	0		
1007	166955	497	2517470	0	2014-05-14 20:10:51.766745+00	0		
690	166955	360	2516850	0	2014-05-14 19:04:53.280637+00	0		
1019	166955	381	2517493	0	2014-05-14 20:16:46.959002+00	0		
774	166955	124	2517013	0	2014-05-14 19:19:31.79904+00	0		
705	166955	569	2516880	0	2014-05-14 19:08:06.710339+00	0		
1029	166955	110	2517512	0	2014-05-14 20:16:58.027222+00	0		
1204	166955	690	2941648	0	2015-02-15 08:02:58.656169+00	0		
1205	166954	690	2941649	0	2015-02-15 08:02:58.656169+00	0		
1218	166955	695	2983400	0	2015-02-25 19:47:20.44925+00	0		
1234	166955	703	2986454	0	2015-02-26 11:11:19.87996+00	0		
1235	166954	703	2986455	0	2015-02-26 11:11:19.87996+00	0		
1243	166955	270	2988114	0	2015-02-26 18:23:25.014699+00	0		
1252	166955	420	2988133	0	2015-02-26 18:35:53.036283+00	0		
1258	166955	704	2989666	0	2015-02-27 15:43:16.86534+00	0		
1259	166954	704	2989667	0	2015-02-27 15:43:16.86534+00	0		
1265	166955	706	2990556	0	2015-02-28 00:15:24.010482+00	0		
718	166955	15	2516906	0	2014-05-14 19:09:07.024562+00	0		
1267	166955	707	2992038	0	2015-02-28 23:39:39.01131+00	0		
1268	166954	707	2992039	0	2015-02-28 23:39:39.01131+00	0		
736	166955	38	2516936	0	2014-05-14 19:11:30.296954+00	0		
1269	166955	708	2992061	0	2015-03-01 00:05:20.055519+00	0		
1272	166955	709	2992072	0	2015-03-01 00:16:19.237753+00	0		
1274	166955	710	2992077	0	2015-03-01 00:20:45.006084+00	0		
1275	166954	710	2992078	0	2015-03-01 00:20:45.006084+00	0		
1277	166955	711	2992101	0	2015-03-01 00:37:56.605173+00	0		
1279	166955	712	2992524	0	2015-03-01 12:00:44.315438+00	0		
1280	166955	713	2992536	0	2015-03-01 12:11:17.925439+00	0		
1283	166955	714	2992539	0	2015-03-01 12:14:50.03358+00	0		
1285	166955	715	2992551	0	2015-03-01 12:24:13.564319+00	0		
527	166955	396	2906818	0	2015-01-25 15:20:51.221806+00	0		
848	166955	237	2517168	0	2014-05-14 19:38:02.300099+00	0		
775	166955	123	2517015	0	2014-05-14 19:19:32.249169+00	0		
692	166955	433	2516854	0	2014-05-14 19:04:54.535734+00	0		
913	166955	111	2906819	0	2015-01-25 15:21:41.809504+00	0		
1207	166955	691	2941659	0	2015-02-15 08:14:49.040271+00	0		
1208	166954	691	2941660	0	2015-02-15 08:14:49.040271+00	0		
788	166955	400	2517038	0	2014-05-14 19:19:42.832883+00	0		
859	166955	86	2517188	0	2014-05-14 19:40:55.577016+00	0		
1032	166955	302	2517518	0	2014-05-14 20:16:59.344602+00	0		
706	166955	469	2516882	0	2014-05-14 19:08:21.216252+00	0		
722	166955	283	2516911	0	2014-05-14 19:09:17.740739+00	0		
520	166955	438	2516543	0	2014-05-14 18:29:08.984253+00	0		
521	166955	516	2516544	0	2014-05-14 18:29:10.099604+00	0		
522	166955	642	2516545	0	2014-05-14 18:29:11.113731+00	0		
523	166955	507	2516546	0	2014-05-14 18:29:12.913245+00	0		
724	166955	24	2516915	0	2014-05-14 19:09:51.253414+00	0		
525	166955	627	2516549	0	2014-05-14 18:29:14.662723+00	0		
526	166955	221	2516550	0	2014-05-14 18:29:14.815108+00	0		
733	166955	31	2516932	0	2014-05-14 19:10:07.453219+00	0		
528	166955	605	2516553	0	2014-05-14 18:29:15.896399+00	0		
737	166955	155	2516938	0	2014-05-14 19:11:31.01475+00	0		
797	166955	95	2517060	0	2014-05-14 19:22:26.066641+00	0		
529	166955	528	2516555	0	2014-05-14 18:29:17.003619+00	0		
530	166955	524	2516556	0	2014-05-14 18:29:17.291633+00	0		
531	166955	251	2516558	0	2014-05-14 18:29:23.840436+00	0		
747	166955	152	2516958	0	2014-05-14 19:11:45.342899+00	0		
532	166955	218	2516560	0	2014-05-14 18:29:23.944621+00	0		
533	166955	482	2516561	0	2014-05-14 18:29:24.181202+00	0		
748	166955	151	2516960	0	2014-05-14 19:11:47.763128+00	0		
534	166955	225	2516563	0	2014-05-14 18:29:26.722348+00	0		
806	166955	451	2517081	0	2014-05-14 19:23:48.737608+00	0		
535	166955	242	2516565	0	2014-05-14 18:29:27.649104+00	0		
757	166955	443	2516976	0	2014-05-14 19:13:02.274058+00	0		
536	166955	337	2516567	0	2014-05-14 18:29:27.722465+00	0		
759	166955	347	2516980	0	2014-05-14 19:13:02.889716+00	0		
868	166955	545	2517204	0	2014-05-14 19:41:10.206538+00	0		
766	166955	365	2516997	0	2014-05-14 19:16:45.549279+00	0		
809	166955	227	2517087	0	2014-05-14 19:25:59.26123+00	0		
818	166955	54	2517107	0	2014-05-14 19:30:31.775133+00	0		
822	166955	184	2517115	0	2014-05-14 19:30:38.224526+00	0		
827	166955	410	2517125	0	2014-05-14 19:33:27.732836+00	0		
834	166955	466	2517139	0	2014-05-14 19:33:54.819053+00	0		
925	166955	344	2517320	0	2014-05-14 19:57:25.028341+00	0		
839	166955	439	2517149	0	2014-05-14 19:34:43.174333+00	0		
876	166955	442	2517219	0	2014-05-14 19:42:32.000478+00	0		
844	166955	598	2517160	0	2014-05-14 19:37:03.896492+00	0		
915	166955	411	2517301	0	2014-05-14 19:54:53.117172+00	0		
886	166955	175	2517245	0	2014-05-14 19:46:53.162013+00	0		
895	166955	468	2517263	0	2014-05-14 19:47:03.883513+00	0		
904	166955	100	2517283	0	2014-05-14 19:50:09.073342+00	0		
923	166955	628	2517315	0	2014-05-14 19:57:08.058622+00	0		
951	166955	639	2517367	0	2014-05-14 20:02:42.317944+00	0		
934	166955	585	2517336	0	2014-05-14 19:58:58.764193+00	0		
943	166955	581	2517352	0	2014-05-14 20:02:35.647147+00	0		
955	166955	379	2517375	0	2014-05-14 20:02:44.997455+00	0		
960	166955	622	2517385	0	2014-05-14 20:05:10.634213+00	0		
1048	166955	646	2531307	0	2014-05-25 13:30:23.926296+00	0		
1049	166954	646	2531308	0	2014-05-25 13:30:23.926296+00	0		
1051	166955	647	2531406	0	2014-05-25 14:52:16.692241+00	0		
1053	166954	575	2531413	0	2014-05-25 15:00:48.399525+00	0		
1052	166954	647	2531407	0	2014-05-25 14:52:16.692241+00	0		
1054	166954	555	2531431	0	2014-05-25 15:22:38.064477+00	0		
1058	166954	501	2531470	0	2014-05-25 15:47:22.696855+00	0		
1059	166955	648	2532898	0	2014-05-26 14:32:48.43925+00	0		
1060	166955	649	2532940	0	2014-05-26 15:35:49.108277+00	0		
1061	166954	25	2534379	0	2014-05-27 22:25:05.601498+00	0		
1062	166954	203	2534413	0	2014-05-27 22:54:22.987888+00	0		
1008	166955	107	2586085	0	2014-07-09 09:23:17.948905+00	0		
524	166955	488	2586086	0	2014-07-09 09:24:14.281784+00	0		
537	166955	257	2516569	0	2014-05-14 18:29:33.148963+00	0		
570	166955	254	2516617	0	2014-05-14 18:39:31.825331+00	0		
693	166955	432	2516856	0	2014-05-14 19:04:55.719754+00	0		
573	166955	217	2516620	0	2014-05-14 18:39:34.420857+00	0		
575	166955	434	2516623	0	2014-05-14 18:39:35.944181+00	0		
707	166955	292	2516884	0	2014-05-14 19:08:22.954371+00	0		
577	166955	89	2516627	0	2014-05-14 18:39:37.063482+00	0		
723	166955	419	2516913	0	2014-05-14 19:09:46.780665+00	0		
579	166955	631	2516630	0	2014-05-14 18:39:38.625718+00	0		
581	166955	555	2516633	0	2014-05-14 18:39:44.00489+00	0		
738	166955	156	2516940	0	2014-05-14 19:11:32.525801+00	0		
583	166955	88	2516637	0	2014-05-14 18:39:47.981762+00	0		
743	166955	203	2516950	0	2014-05-14 19:11:37.350405+00	0		
585	166955	630	2516640	0	2014-05-14 18:39:51.203438+00	0		
776	166955	122	2517017	0	2014-05-14 19:19:33.02586+00	0		
587	166955	625	2516644	0	2014-05-14 18:39:51.66978+00	0		
749	166955	150	2516962	0	2014-05-14 19:11:47.886833+00	0		
588	166955	476	2516645	0	2014-05-14 18:39:55.95283+00	0		
590	166955	459	2516648	0	2014-05-14 18:39:58.36196+00	0		
760	166955	153	2516985	0	2014-05-14 19:16:38.83985+00	0		
593	166955	501	2516651	0	2014-05-14 18:40:00.971746+00	0		
594	166955	350	2516652	0	2014-05-14 18:40:01.625939+00	0		
849	166955	519	2517169	0	2014-05-14 19:38:04.395436+00	0		
596	166955	600	2516655	0	2014-05-14 18:40:09.320748+00	0		
767	166955	147	2516999	0	2014-05-14 19:16:45.683857+00	0		
789	166955	117	2517040	0	2014-05-14 19:19:45.178181+00	0		
597	166955	16	2516673	0	2014-05-14 18:46:09.411536+00	0		
860	166955	355	2517190	0	2014-05-14 19:40:57.436999+00	0		
599	166955	473	2516676	0	2014-05-14 18:46:10.640195+00	0		
601	166955	200	2516679	0	2014-05-14 18:46:13.753332+00	0		
603	166955	540	2516682	0	2014-05-14 18:46:15.778506+00	0		
798	166955	61	2517062	0	2014-05-14 19:22:26.364754+00	0		
605	166955	458	2516686	0	2014-05-14 18:46:19.008166+00	0		
606	166955	571	2516687	0	2014-05-14 18:46:19.238577+00	0		
807	166955	91	2517083	0	2014-05-14 19:23:51.056444+00	0		
608	166955	415	2516693	0	2014-05-14 18:46:24.591082+00	0		
610	166955	514	2516696	0	2014-05-14 18:46:26.790018+00	0		
819	166955	53	2517109	0	2014-05-14 19:30:32.379342+00	0		
612	166955	319	2516700	0	2014-05-14 18:46:34.52423+00	0		
613	166955	492	2516703	0	2014-05-14 18:47:17.85454+00	0		
823	166955	55	2517117	0	2014-05-14 19:30:40.49399+00	0		
615	166955	483	2516706	0	2014-05-14 18:47:25.181204+00	0		
828	166955	322	2517127	0	2014-05-14 19:33:45.992678+00	0		
862	166955	351	2517194	0	2014-05-14 19:41:01.812527+00	0		
836	166955	83	2517143	0	2014-05-14 19:33:57.803569+00	0		
845	166955	477	2517162	0	2014-05-14 19:37:05.739031+00	0		
935	166955	457	2517338	0	2014-05-14 19:58:58.827992+00	0		
869	166955	69	2517206	0	2014-05-14 19:42:24.231281+00	0		
873	166955	423	2517214	0	2014-05-14 19:42:28.755938+00	0		
991	166955	614	2517442	0	2014-05-14 20:07:41.217392+00	0		
877	166955	66	2517221	0	2014-05-14 19:42:32.847801+00	0		
1009	166955	368	2517473	0	2014-05-14 20:10:57.986927+00	0		
944	166955	430	2517354	0	2014-05-14 20:02:36.914851+00	0		
887	166955	137	2517247	0	2014-05-14 19:46:53.943281+00	0		
896	166955	132	2517265	0	2014-05-14 19:47:07.097296+00	0		
905	166955	577	2517284	0	2014-05-14 19:50:09.853251+00	0		
952	166955	525	2517369	0	2014-05-14 20:02:42.344913+00	0		
914	166955	188	2517299	0	2014-05-14 19:54:53.106021+00	0		
918	166955	343	2517307	0	2014-05-14 19:54:55.18499+00	0		
927	166955	402	2517324	0	2014-05-14 19:57:28.154589+00	0		
961	166955	498	2517386	0	2014-05-14 20:05:12.298931+00	0		
968	166955	638	2517399	0	2014-05-14 20:05:17.663309+00	0		
992	166955	164	2517444	0	2014-05-14 20:07:41.72623+00	0		
975	166955	128	2517412	0	2014-05-14 20:05:43.901442+00	0		
1066	166955	255	2538975	0	2014-06-01 06:10:09.2904+00	0		
1023	166955	109	2517501	0	2014-05-14 20:16:52.209632+00	0		
981	166955	454	2517423	0	2014-05-14 20:07:33.357139+00	0		
985	166955	166	2517430	0	2014-05-14 20:07:36.524129+00	0		
999	166955	108	2517457	0	2014-05-14 20:09:41.063345+00	0		
1033	166955	112	2517520	0	2014-05-14 20:16:59.535943+00	0		
1078	166954	491	2618592	0	2014-08-03 12:54:48.896929+00	0		
978	166955	619	2517537	0	2014-05-14 20:34:32.339946+00	0		
1070	166954	15	2608099	0	2014-07-28 20:49:43.89518+00	0		
1055	166954	528	2531432	0	2014-05-25 15:23:22.408597+00	0		
1063	166955	544	2538951	0	2014-06-01 05:51:55.062006+00	0		
1075	166954	455	2618577	0	2014-08-03 12:49:17.563154+00	0		
1081	166954	241	2618610	0	2014-08-03 13:00:46.121859+00	0		
1083	166954	451	2618617	0	2014-08-03 13:02:44.215248+00	0		
1085	166954	245	2618622	0	2014-08-03 13:04:30.627804+00	0		
1087	166954	609	2618631	0	2014-08-03 13:08:46.10102+00	0		
1089	166954	571	2618645	0	2014-08-03 13:21:13.967389+00	0		
1091	166954	527	2618648	0	2014-08-03 13:25:52.713893+00	0		
1094	166955	652	2618654	0	2014-08-03 13:31:49.270094+00	0		
1220	166955	696	2983406	0	2015-02-25 19:49:23.633118+00	0		
1096	166955	57	2618664	0	2014-08-03 13:40:55.610979+00	0		
1098	166955	653	2618669	0	2014-08-03 13:44:02.380283+00	0		
1100	166955	654	2618674	0	2014-08-03 13:46:48.099728+00	0		
1237	166955	180	2986488	0	2015-02-26 11:51:38.64359+00	0		
538	166955	250	2516571	0	2014-05-14 18:29:34.198961+00	0		
694	166955	41	2516858	0	2014-05-14 19:04:56.573212+00	0		
539	166955	608	2516573	0	2014-05-14 18:29:34.635883+00	0		
571	166955	564	2516618	0	2014-05-14 18:39:32.497389+00	0		
701	166955	610	2516871	0	2014-05-14 19:05:03.232472+00	0		
574	166955	222	2516621	0	2014-05-14 18:39:35.909344+00	0		
576	166955	612	2516625	0	2014-05-14 18:39:35.989776+00	0		
708	166955	293	2516886	0	2014-05-14 19:08:24.841976+00	0		
578	166955	511	2516628	0	2014-05-14 18:39:38.304331+00	0		
580	166955	575	2516631	0	2014-05-14 18:39:39.611365+00	0		
725	166955	33	2516917	0	2014-05-14 19:09:53.864524+00	0		
584	166955	87	2516638	0	2014-05-14 18:39:48.889993+00	0		
739	166955	39	2516942	0	2014-05-14 19:11:34.026294+00	0		
586	166955	624	2516642	0	2014-05-14 18:39:51.419227+00	0		
589	166955	244	2516646	0	2014-05-14 18:39:58.210268+00	0		
777	166955	121	2517019	0	2014-05-14 19:19:33.667595+00	0		
591	166955	245	2516649	0	2014-05-14 18:39:59.98269+00	0		
750	166955	34	2516964	0	2014-05-14 19:11:49.05854+00	0		
592	166955	601	2516650	0	2014-05-14 18:40:00.599262+00	0		
850	166955	467	2517170	0	2014-05-14 19:38:08.553242+00	0		
595	166955	224	2516654	0	2014-05-14 18:40:04.380602+00	0		
761	166955	285	2516987	0	2014-05-14 19:16:39.332335+00	0		
598	166955	493	2516674	0	2014-05-14 18:46:10.537997+00	0		
600	166955	8	2516678	0	2014-05-14 18:46:11.946501+00	0		
768	166955	464	2517000	0	2014-05-14 19:17:09.93257+00	0		
602	166955	297	2516681	0	2014-05-14 18:46:15.654615+00	0		
770	166955	125	2517004	0	2014-05-14 19:18:43.658663+00	0		
604	166955	556	2516684	0	2014-05-14 18:46:17.729352+00	0		
607	166955	616	2516691	0	2014-05-14 18:46:21.023006+00	0		
780	166955	120	2517025	0	2014-05-14 19:19:35.191672+00	0		
1222	166955	697	2983424	0	2015-02-25 20:06:13.453092+00	0		
916	166955	607	2517303	0	2014-05-14 19:54:53.253756+00	0		
782	166955	282	2517029	0	2014-05-14 19:19:37.114335+00	0		
611	166955	14	2516698	0	2014-05-14 18:46:28.273878+00	0		
852	166955	68	2517175	0	2014-05-14 19:39:47.073762+00	0		
614	166955	414	2516705	0	2014-05-14 18:47:23.107476+00	0		
790	166955	78	2517046	0	2014-05-14 19:22:21.734158+00	0		
1056	166954	475	2531463	0	2014-05-25 15:42:01.133477+00	0		
616	166955	416	2516708	0	2014-05-14 18:47:26.362044+00	0		
617	166955	190	2516710	0	2014-05-14 18:47:26.369159+00	0		
799	166955	94	2517064	0	2014-05-14 19:22:26.669355+00	0		
808	166955	309	2517085	0	2014-05-14 19:25:57.996964+00	0		
813	166955	145	2517095	0	2014-05-14 19:26:03.090802+00	0		
820	166955	385	2517111	0	2014-05-14 19:30:35.430501+00	0		
861	166955	352	2517192	0	2014-05-14 19:41:00.575709+00	0		
829	166955	50	2517129	0	2014-05-14 19:33:47.697865+00	0		
838	166955	406	2517146	0	2014-05-14 19:34:30.116474+00	0		
982	166955	534	2517424	0	2014-05-14 20:07:34.299454+00	0		
870	166955	73	2517208	0	2014-05-14 19:42:24.608052+00	0		
928	166955	554	2517325	0	2014-05-14 19:57:28.899209+00	0		
879	166955	606	2517226	0	2014-05-14 19:45:40.282234+00	0		
888	166955	384	2517249	0	2014-05-14 19:46:55.200285+00	0		
891	166955	138	2517255	0	2014-05-14 19:47:00.143647+00	0		
936	166955	265	2517340	0	2014-05-14 19:58:58.937097+00	0		
892	166955	258	2517257	0	2014-05-14 19:47:01.350182+00	0		
1010	166955	159	2517475	0	2014-05-14 20:10:59.736603+00	0		
897	166955	260	2517267	0	2014-05-14 19:47:07.729428+00	0		
899	166955	481	2517270	0	2014-05-14 19:47:08.746357+00	0		
945	166955	103	2517356	0	2014-05-14 20:02:37.54091+00	0		
907	166955	587	2517287	0	2014-05-14 19:50:10.572986+00	0		
910	166955	537	2517290	0	2014-05-14 19:50:13.861014+00	0		
993	166955	165	2517446	0	2014-05-14 20:09:32.765881+00	0		
946	166955	336	2517358	0	2014-05-14 20:02:39.510744+00	0		
953	166955	186	2517371	0	2014-05-14 20:02:42.763346+00	0		
962	166955	565	2517388	0	2014-05-14 20:05:12.412722+00	0		
994	166955	169	2517448	0	2014-05-14 20:09:35.228937+00	0		
969	166955	533	2517400	0	2014-05-14 20:05:17.757329+00	0		
976	166955	129	2517414	0	2014-05-14 20:07:03.296304+00	0		
1024	166955	160	2517503	0	2014-05-14 20:16:52.936793+00	0		
1000	166955	479	2517458	0	2014-05-14 20:09:41.629811+00	0		
1034	166955	114	2517522	0	2014-05-14 20:17:04.511501+00	0		
1035	166955	161	2517524	0	2014-05-14 20:17:05.377526+00	0		
1064	166955	340	2538956	0	2014-06-01 05:52:31.223491+00	0		
1067	166955	286	2538976	0	2014-06-01 06:10:10.443768+00	0		
1072	166955	651	2608101	0	2014-07-28 20:49:55.798932+00	0		
1076	166954	328	2618586	0	2014-08-03 12:50:53.930522+00	0		
1073	166954	651	2608102	0	2014-07-28 20:49:55.798932+00	0		
1079	166954	489	2618599	0	2014-08-03 12:57:26.415762+00	0		
1082	166954	89	2618615	0	2014-08-03 13:02:06.779301+00	0		
1084	166954	87	2618621	0	2014-08-03 13:03:51.302662+00	0		
1086	166954	244	2618626	0	2014-08-03 13:05:15.911467+00	0		
1088	166954	224	2618634	0	2014-08-03 13:11:09.039887+00	0		
1090	166954	155	2618646	0	2014-08-03 13:22:45.715318+00	0		
1092	166954	652	2618652	0	2014-08-03 13:31:49.270094+00	0		
609	166955	13	2516695	0	2014-10-02 10:04:00.051532+00	0		
1238	166955	573	2988087	0	2015-02-26 17:42:59.14139+00	0		
1244	166955	135	2988115	0	2015-02-26 18:25:12.667146+00	0		
540	166955	243	2516575	0	2014-05-14 18:29:37.871113+00	0		
695	166955	192	2516860	0	2014-05-14 19:04:57.44921+00	0		
541	166955	635	2516577	0	2014-05-14 18:29:38.991483+00	0		
1046	166955	179	2906822	0	2015-01-25 15:22:33.999285+00	0		
543	166955	485	2516579	0	2014-05-14 18:29:41.214793+00	0		
697	166955	300	2516863	0	2014-05-14 19:04:58.635456+00	0		
544	166955	220	2516580	0	2014-05-14 18:29:41.816083+00	0		
545	166955	48	2516581	0	2014-05-14 18:29:43.206148+00	0		
709	166955	294	2516888	0	2014-05-14 19:08:26.216581+00	0		
546	166955	629	2516583	0	2014-05-14 18:29:44.042433+00	0		
547	166955	596	2516584	0	2014-05-14 18:29:44.645536+00	0		
548	166955	215	2516585	0	2014-05-14 18:29:45.769599+00	0		
713	166955	398	2516896	0	2014-05-14 19:08:34.190899+00	0		
549	166955	529	2516586	0	2014-05-14 18:29:46.189916+00	0		
550	166955	609	2516589	0	2014-05-14 18:32:21.350611+00	0		
719	166955	274	2516908	0	2014-05-14 19:09:10.338284+00	0		
551	166955	82	2516590	0	2014-05-14 18:32:26.651253+00	0		
552	166955	543	2516591	0	2014-05-14 18:32:26.734718+00	0		
778	166955	281	2517021	0	2014-05-14 19:19:34.357755+00	0		
726	166955	562	2516918	0	2014-05-14 19:09:57.160344+00	0		
553	166955	223	2516593	0	2014-05-14 18:32:27.933008+00	0		
554	166955	211	2516594	0	2014-05-14 18:32:28.936703+00	0		
741	166955	27	2516946	0	2014-05-14 19:11:35.084346+00	0		
555	166955	288	2516596	0	2014-05-14 18:32:30.002919+00	0		
556	166955	503	2516597	0	2014-05-14 18:32:31.106635+00	0		
851	166955	70	2517173	0	2014-05-14 19:39:45.65966+00	0		
752	166955	133	2516967	0	2014-05-14 19:12:51.925851+00	0		
557	166955	424	2516599	0	2014-05-14 18:32:32.220024+00	0		
791	166955	615	2517048	0	2014-05-14 19:22:22.049494+00	0		
558	166955	422	2516601	0	2014-05-14 18:32:32.337748+00	0		
762	166955	143	2516989	0	2014-05-14 19:16:40.494047+00	0		
559	166955	452	2516602	0	2014-05-14 18:32:33.198848+00	0		
560	166955	549	2516603	0	2014-05-14 18:32:33.874295+00	0		
769	166955	126	2517002	0	2014-05-14 19:18:43.010577+00	0		
561	166955	214	2516605	0	2014-05-14 18:32:34.612732+00	0		
562	166955	486	2516606	0	2014-05-14 18:32:35.827535+00	0		
563	166955	213	2516607	0	2014-05-14 18:32:36.421432+00	0		
564	166955	76	2516608	0	2014-05-14 18:32:37.215321+00	0		
565	166955	325	2516609	0	2014-05-14 18:32:37.931333+00	0		
800	166955	206	2517066	0	2014-05-14 19:22:27.450351+00	0		
566	166955	506	2516610	0	2014-05-14 18:32:37.980125+00	0		
567	166955	75	2516611	0	2014-05-14 18:32:39.339906+00	0		
854	166955	97	2517179	0	2014-05-14 19:39:50.250815+00	0		
568	166955	219	2516612	0	2014-05-14 18:32:41.56214+00	0		
569	166955	216	2516613	0	2014-05-14 18:32:43.587383+00	0		
572	166955	241	2516619	0	2014-05-14 18:39:33.660068+00	0		
810	166955	228	2517089	0	2014-05-14 19:26:00.766636+00	0		
811	166955	230	2517091	0	2014-05-14 19:26:02.157199+00	0		
863	166955	58	2517196	0	2014-05-14 19:41:02.530157+00	0		
821	166955	386	2517113	0	2014-05-14 19:30:37.332347+00	0		
830	166955	207	2517131	0	2014-05-14 19:33:47.945303+00	0		
840	166955	67	2517153	0	2014-05-14 19:36:59.138046+00	0		
867	166955	240	2517203	0	2014-05-14 19:41:07.997228+00	0		
871	166955	409	2517210	0	2014-05-14 19:42:26.173533+00	0		
938	166955	584	2517344	0	2014-05-14 19:59:00.665259+00	0		
880	166955	77	2517228	0	2014-05-14 19:45:51.556025+00	0		
881	166955	256	2517231	0	2014-05-14 19:45:56.46985+00	0		
889	166955	636	2517251	0	2014-05-14 19:46:56.31329+00	0		
947	166955	102	2517360	0	2014-05-14 20:02:41.091906+00	0		
900	166955	79	2517273	0	2014-05-14 19:48:10.036189+00	0		
908	166955	502	2517288	0	2014-05-14 19:50:11.358946+00	0		
995	166955	106	2517450	0	2014-05-14 20:09:35.792195+00	0		
917	166955	376	2517305	0	2014-05-14 19:54:54.000246+00	0		
954	166955	104	2517373	0	2014-05-14 20:02:43.58894+00	0		
926	166955	101	2517322	0	2014-05-14 19:57:27.947842+00	0		
971	166955	632	2517404	0	2014-05-14 20:05:18.507029+00	0		
930	166955	557	2517328	0	2014-05-14 19:58:55.507551+00	0		
937	166955	328	2517342	0	2014-05-14 19:58:59.582381+00	0		
963	166955	552	2517389	0	2014-05-14 20:05:12.828992+00	0		
966	166955	633	2517395	0	2014-05-14 20:05:16.777411+00	0		
1002	166955	449	2517462	0	2014-05-14 20:09:44.478004+00	0		
970	166955	383	2517402	0	2014-05-14 20:05:18.42163+00	0		
1011	166955	330	2517478	0	2014-05-14 20:11:00.605233+00	0		
979	166955	455	2517419	0	2014-05-14 20:07:26.736441+00	0		
1038	166955	643	2518325	0	2014-05-15 13:20:37.856041+00	0		
986	166955	620	2517432	0	2014-05-14 20:07:38.06925+00	0		
1025	166955	284	2517504	0	2014-05-14 20:16:53.825905+00	0		
1037	166954	643	2518324	0	2014-05-15 13:20:37.856041+00	0		
1043	166955	645	2518367	0	2014-05-15 14:07:59.397776+00	0		
1044	166954	645	2518368	0	2014-05-15 14:07:59.397776+00	0		
618	166955	346	2516712	0	2014-05-14 18:47:27.007723+00	0		
629	166955	484	2516729	0	2014-05-14 18:50:03.912902+00	0		
696	166955	45	2516861	0	2014-05-14 19:04:58.104919+00	0		
1224	166955	698	2983430	0	2015-02-25 20:10:46.131318+00	0		
632	166955	291	2516735	0	2014-05-14 18:50:11.486081+00	0		
710	166955	295	2516890	0	2014-05-14 19:08:28.762521+00	0		
635	166955	324	2516729	0	2014-05-14 18:50:41.740675+00	0		
728	166955	25	2516922	0	2014-05-14 19:09:58.376703+00	0		
638	166955	413	2516747	0	2014-05-14 18:50:42.831189+00	0		
779	166955	327	2517023	0	2014-05-14 19:19:34.712193+00	0		
742	166955	36	2516948	0	2014-05-14 19:11:35.391076+00	0		
641	166955	617	2516753	0	2014-05-14 18:50:46.012974+00	0		
646	166955	429	2516762	0	2014-05-14 18:58:32.151693+00	0		
651	166955	427	2516772	0	2014-05-14 18:58:42.194411+00	0		
753	166955	490	2516968	0	2014-05-14 19:12:53.649321+00	0		
653	166955	510	2516774	0	2014-05-14 18:58:50.926817+00	0		
656	166955	10	2516787	0	2014-05-14 19:02:19.764702+00	0		
661	166955	9	2516796	0	2014-05-14 19:02:25.540159+00	0		
754	166955	447	2516970	0	2014-05-14 19:12:54.559843+00	0		
666	166955	348	2516805	0	2014-05-14 19:02:31.236363+00	0		
668	166955	303	2516808	0	2014-05-14 19:02:33.082665+00	0		
792	166955	62	2517050	0	2014-05-14 19:22:23.992487+00	0		
673	166955	408	2516816	0	2014-05-14 19:02:39.900143+00	0		
763	166955	453	2516991	0	2014-05-14 19:16:42.859608+00	0		
675	166955	40	2516819	0	2014-05-14 19:03:23.011931+00	0		
678	166955	444	2516825	0	2014-05-14 19:03:27.096666+00	0		
853	166955	189	2517177	0	2014-05-14 19:39:49.948463+00	0		
681	166955	21	2516831	0	2014-05-14 19:03:30.131921+00	0		
801	166955	49	2517068	0	2014-05-14 19:22:30.872201+00	0		
685	166955	12	2516839	0	2014-05-14 19:03:34.235148+00	0		
812	166955	231	2517093	0	2014-05-14 19:26:02.726798+00	0		
864	166955	248	2517198	0	2014-05-14 19:41:03.68535+00	0		
814	166955	74	2517097	0	2014-05-14 19:26:03.323436+00	0		
815	166955	527	2517099	0	2014-05-14 19:26:03.607222+00	0		
1012	166955	280	2517480	0	2014-05-14 20:11:02.078098+00	0		
824	166955	301	2517119	0	2014-05-14 19:30:41.915648+00	0		
872	166955	249	2517212	0	2014-05-14 19:42:27.336288+00	0		
831	166955	92	2517133	0	2014-05-14 19:33:50.191839+00	0		
837	166955	234	2517144	0	2014-05-14 19:34:20.443299+00	0		
841	166955	72	2517155	0	2014-05-14 19:36:59.596942+00	0		
882	166955	287	2517237	0	2014-05-14 19:46:49.898008+00	0		
890	166955	425	2517253	0	2014-05-14 19:46:59.675507+00	0		
1239	166955	657	2988093	0	2015-02-26 17:55:24.872269+00	0		
901	166955	96	2517275	0	2014-05-14 19:48:10.466879+00	0		
1026	166955	267	2517506	0	2014-05-14 20:16:55.859323+00	0		
906	166955	475	2517285	0	2014-05-14 19:50:10.445053+00	0		
909	166955	480	2517289	0	2014-05-14 19:50:13.543539+00	0		
939	166955	268	2988112	0	2015-02-26 18:17:05.506094+00	0		
919	166955	326	2517309	0	2014-05-14 19:54:55.69421+00	0		
1030	166955	276	2517514	0	2014-05-14 20:16:58.95432+00	0		
931	166955	377	2517330	0	2014-05-14 19:58:55.537228+00	0		
1245	166955	321	2988116	0	2015-02-26 18:25:16.286432+00	0		
1253	166955	178	2988138	0	2015-02-26 18:40:03.639746+00	0		
948	166955	399	2517362	0	2014-05-14 20:02:41.575584+00	0		
956	166955	462	2517377	0	2014-05-14 20:02:47.273778+00	0		
964	166955	640	2517391	0	2014-05-14 20:05:13.303133+00	0		
972	166955	168	2517406	0	2014-05-14 20:05:19.814877+00	0		
1040	166955	644	2518354	0	2014-05-15 13:35:05.914233+00	0		
984	166955	170	2517428	0	2014-05-14 20:07:35.317607+00	0		
996	166955	273	2517452	0	2014-05-14 20:09:35.897661+00	0		
1001	166955	500	2517460	0	2014-05-14 20:09:42.782622+00	0		
1041	166954	644	2518355	0	2014-05-15 13:35:05.914233+00	0		
1003	166955	559	2517463	0	2014-05-14 20:09:49.641029+00	0		
619	166955	508	2516714	0	2014-05-14 18:47:27.263163+00	0		
698	166955	43	2516865	0	2014-05-14 19:05:00.26175+00	0		
620	166955	2	2516716	0	2014-05-14 18:47:27.348615+00	0		
621	166955	563	2516717	0	2014-05-14 18:47:28.82393+00	0		
700	166955	611	2516869	0	2014-05-14 19:05:02.234959+00	0		
622	166955	1	2516719	0	2014-05-14 18:47:30.201809+00	0		
781	166955	119	2517027	0	2014-05-14 19:19:35.714007+00	0		
711	166955	296	2516892	0	2014-05-14 19:08:29.093297+00	0		
630	166955	196	2516731	0	2014-05-14 18:50:05.444625+00	0		
633	166955	412	2516739	0	2014-05-14 18:50:27.118849+00	0		
636	166955	513	2516743	0	2014-05-14 18:50:42.195562+00	0		
729	166955	29	2516924	0	2014-05-14 19:09:59.722699+00	0		
639	166955	199	2516749	0	2014-05-14 18:50:43.347642+00	0		
642	166955	437	2516755	0	2014-05-14 18:50:47.664794+00	0		
732	166955	28	2516930	0	2014-05-14 19:10:06.056166+00	0		
648	166955	4	2516766	0	2014-05-14 18:58:35.655197+00	0		
650	166955	358	2516770	0	2014-05-14 18:58:41.445623+00	0		
652	166955	496	2516773	0	2014-05-14 18:58:44.969581+00	0		
793	166955	63	2517052	0	2014-05-14 19:22:24.221185+00	0		
655	166955	6	2516785	0	2014-05-14 19:02:11.53386+00	0		
744	166955	148	2516952	0	2014-05-14 19:11:38.83697+00	0		
657	166955	404	2516789	0	2014-05-14 19:02:20.750415+00	0		
855	166955	239	2517181	0	2014-05-14 19:39:51.407355+00	0		
658	166955	405	2516791	0	2014-05-14 19:02:21.526878+00	0		
662	166955	436	2516798	0	2014-05-14 19:02:26.702205+00	0		
667	166955	548	2516806	0	2014-05-14 19:02:32.165081+00	0		
669	166955	191	2516810	0	2014-05-14 19:02:33.933983+00	0		
671	166955	494	2516813	0	2014-05-14 19:02:38.715622+00	0		
755	166955	134	2516972	0	2014-05-14 19:12:55.308813+00	0		
672	166955	582	2516814	0	2014-05-14 19:02:39.691115+00	0		
676	166955	440	2516821	0	2014-05-14 19:03:25.250619+00	0		
679	166955	23	2516827	0	2014-05-14 19:03:28.558529+00	0		
764	166955	299	2516993	0	2014-05-14 19:16:44.241653+00	0		
682	166955	20	2516833	0	2014-05-14 19:03:30.789622+00	0		
686	166955	11	2516841	0	2014-05-14 19:03:35.499778+00	0		
796	166955	59	2517058	0	2014-05-14 19:22:25.783014+00	0		
803	166955	542	2517075	0	2014-05-14 19:23:43.741482+00	0		
857	166955	509	2517184	0	2014-05-14 19:40:52.558642+00	0		
816	166955	229	2517101	0	2014-05-14 19:26:42.030147+00	0		
958	166955	105	2517381	0	2014-05-14 20:02:48.805994+00	0		
825	166955	388	2517121	0	2014-05-14 19:30:42.26939+00	0		
865	166955	247	2517200	0	2014-05-14 19:41:04.372737+00	0		
832	166955	90	2517135	0	2014-05-14 19:33:50.731822+00	0		
842	166955	238	2517157	0	2014-05-14 19:37:00.663153+00	0		
874	166955	421	2517216	0	2014-05-14 19:42:29.735799+00	0		
1013	166955	637	2517482	0	2014-05-14 20:11:02.342276+00	0		
883	166955	183	2517239	0	2014-05-14 19:46:50.844419+00	0		
965	166955	85	2517393	0	2014-05-14 20:05:15.9717+00	0		
885	166955	253	2517243	0	2014-05-14 19:46:52.374956+00	0		
893	166955	259	2517259	0	2014-05-14 19:47:02.227117+00	0		
898	166955	362	2517269	0	2014-05-14 19:47:08.03411+00	0		
902	166955	65	2517277	0	2014-05-14 19:48:13.648097+00	0		
911	166955	535	2517291	0	2014-05-14 19:50:13.871245+00	0		
1226	166955	699	2983436	0	2015-02-25 20:20:41.626784+00	0		
920	166955	474	2517310	0	2014-05-14 19:55:01.186044+00	0		
983	166955	371	2517426	0	2014-05-14 20:07:34.926991+00	0		
929	166955	553	2517327	0	2014-05-14 19:57:29.506179+00	0		
932	166955	558	2517332	0	2014-05-14 19:58:55.581976+00	0		
1017	166955	113	2517489	0	2014-05-14 20:16:44.833344+00	0		
941	166955	491	2517349	0	2014-05-14 19:59:03.617557+00	0		
949	166955	536	2517363	0	2014-05-14 20:02:41.902949+00	0		
988	166955	363	2517436	0	2014-05-14 20:07:40.266229+00	0		
997	166955	146	2517454	0	2014-05-14 20:09:36.158769+00	0		
1230	166955	701	2984262	0	2015-02-26 10:28:49.766548+00	0		
1020	166955	375	2517495	0	2014-05-14 20:16:47.586033+00	0		
1240	166955	140	2988098	0	2015-02-26 18:08:24.12091+00	0		
1246	166955	56	2988119	0	2015-02-26 18:27:41.091119+00	0		
1022	166955	366	2517499	0	2014-05-14 20:16:50.410798+00	0		
1255	166955	316	2988161	0	2015-02-26 18:54:24.970875+00	0		
1027	166955	357	2517508	0	2014-05-14 20:16:57.412487+00	0		
433	166953	530	2516002	0	2014-05-16 08:07:29.714034+00	0		
623	166955	641	2516720	0	2014-05-14 18:47:31.156868+00	0		
624	166955	572	2516721	0	2014-05-14 18:47:32.661137+00	0		
699	166955	318	2516867	0	2014-05-14 19:05:01.651578+00	0		
625	166955	518	2516722	0	2014-05-14 18:47:32.973649+00	0		
626	166955	264	2516724	0	2014-05-14 18:47:33.888734+00	0		
712	166955	197	2516894	0	2014-05-14 19:08:32.92688+00	0		
627	166955	547	2516725	0	2014-05-14 18:47:34.648902+00	0		
628	166955	460	2516726	0	2014-05-14 18:47:50.734734+00	0		
783	166955	576	2517031	0	2014-05-14 19:19:40.140509+00	0		
731	166955	30	2516928	0	2014-05-14 19:10:05.167461+00	0		
631	166955	418	2516733	0	2014-05-14 18:50:10.537201+00	0		
745	166955	149	2516954	0	2014-05-14 19:11:39.750463+00	0		
637	166955	470	2516745	0	2014-05-14 18:50:42.676594+00	0		
640	166955	173	2516751	0	2014-05-14 18:50:44.531642+00	0		
756	166955	136	2516974	0	2014-05-14 19:12:56.266119+00	0		
643	166955	5	2516757	0	2014-05-14 18:58:27.334077+00	0		
794	166955	208	2517054	0	2014-05-14 19:22:24.732497+00	0		
644	166955	499	2516758	0	2014-05-14 18:58:27.670355+00	0		
765	166955	47	2516995	0	2014-05-14 19:16:44.501957+00	0		
645	166955	187	2516760	0	2014-05-14 18:58:29.309201+00	0		
856	166955	81	2517183	0	2014-05-14 19:40:51.71887+00	0		
647	166955	3	2516764	0	2014-05-14 18:58:34.905194+00	0		
649	166955	590	2516768	0	2014-05-14 18:58:37.835952+00	0		
654	166955	431	2516776	0	2014-05-14 18:59:10.881859+00	0		
659	166955	403	2516793	0	2014-05-14 19:02:22.578398+00	0		
660	166955	574	2516794	0	2014-05-14 19:02:23.456999+00	0		
804	166955	541	2517077	0	2014-05-14 19:23:44.013509+00	0		
663	166955	634	2516800	0	2014-05-14 19:02:27.410166+00	0		
664	166955	595	2516801	0	2014-05-14 19:02:29.268014+00	0		
967	166955	80	2517397	0	2014-05-14 20:05:17.023765+00	0		
665	166955	397	2516803	0	2014-05-14 19:02:30.943757+00	0		
817	166955	177	2517105	0	2014-05-14 19:30:31.18664+00	0		
670	166955	7	2516812	0	2014-05-14 19:02:35.183136+00	0		
674	166955	407	2516817	0	2014-05-14 19:02:39.983748+00	0		
866	166955	84	2517202	0	2014-05-14 19:41:05.279313+00	0		
677	166955	446	2516823	0	2014-05-14 19:03:26.836886+00	0		
826	166955	232	2517123	0	2014-05-14 19:30:47.8002+00	0		
680	166955	22	2516829	0	2014-05-14 19:03:29.189416+00	0		
683	166955	445	2516835	0	2014-05-14 19:03:31.702355+00	0		
684	166955	19	2516837	0	2014-05-14 19:03:33.434122+00	0		
833	166955	71	2517137	0	2014-05-14 19:33:53.006484+00	0		
835	166955	246	2517141	0	2014-05-14 19:33:56.024545+00	0		
875	166955	517	2517217	0	2014-05-14 19:42:30.657963+00	0		
843	166955	392	2517159	0	2014-05-14 19:37:01.487774+00	0		
878	166955	98	2517223	0	2014-05-14 19:42:34.365787+00	0		
974	166955	275	2517410	0	2014-05-14 20:05:20.984202+00	0		
884	166955	130	2517241	0	2014-05-14 19:46:52.314691+00	0		
1014	166955	526	2517484	0	2014-05-14 20:11:02.430261+00	0		
894	166955	139	2517261	0	2014-05-14 19:47:02.839213+00	0		
977	166955	271	2517416	0	2014-05-14 20:07:19.652095+00	0		
912	166955	378	1758843	0	2014-05-14 19:50:13.89324+00	0		
921	166955	263	2517312	0	2014-05-14 19:55:02.598174+00	0		
1057	166954	418	2531466	0	2014-05-25 15:44:23.753534+00	0		
924	166955	613	2517318	0	2014-05-14 19:57:23.132512+00	0		
980	166955	618	2517421	0	2014-05-14 20:07:28.688509+00	0		
933	166955	167	2517334	0	2014-05-14 19:58:56.593539+00	0		
940	166955	495	2517347	0	2014-05-14 19:59:02.810009+00	0		
1028	166955	331	2517510	0	2014-05-14 20:16:57.857042+00	0		
942	166955	586	2517351	0	2014-05-14 19:59:05.253388+00	0		
987	166955	304	2517434	0	2014-05-14 20:07:39.433593+00	0		
950	166955	382	2517365	0	2014-05-14 20:02:41.994391+00	0		
957	166955	487	2517379	0	2014-05-14 20:02:48.103404+00	0		
1228	166955	700	2983453	0	2015-02-25 20:32:23.767848+00	0		
959	166955	623	2517383	0	2014-05-14 20:05:10.308629+00	0		
1031	166955	380	2517516	0	2014-05-14 20:16:59.338681+00	0		
989	166955	364	2517438	0	2014-05-14 20:07:40.676262+00	0		
1065	166955	329	2538972	0	2014-06-01 06:08:02.936133+00	0		
990	166955	349	2517440	0	2014-05-14 20:07:40.763665+00	0		
634	166955	345	2517552	0	2014-05-14 20:45:10.901189+00	0		
998	166955	597	2517455	0	2014-05-14 20:09:36.859186+00	0		
542	166955	530	2586088	0	2014-07-09 09:29:31.396711+00	0		
1069	166955	650	2608095	0	2014-07-28 20:45:41.134282+00	0		
1074	166954	143	2618572	0	2014-08-03 12:46:24.699915+00	0		
1077	166954	554	2618591	0	2014-08-03 12:53:46.839268+00	0		
1080	166954	380	2618601	0	2014-08-03 12:57:57.530089+00	0		
1174	166954	679	2687086	0	2014-09-26 09:54:29.00368+00	0		
1101	166954	654	2618675	0	2014-08-03 13:46:48.099728+00	0		
1137	166956	512	2621049	0	2014-08-04 21:53:40.378449+00	0		
1103	166955	655	2618681	0	2014-08-03 13:50:23.451196+00	0		
1160	166955	144	2621795	0	2014-08-05 11:43:42.574708+00	0		
1104	166954	655	2618682	0	2014-08-03 13:50:23.451196+00	0		
1138	166954	512	2621050	0	2014-08-04 21:53:40.378449+00	0		
1105	166955	656	2619995	0	2014-08-03 23:13:27.52145+00	0		
1139	166956	155	2621051	0	2014-08-04 21:53:58.878601+00	0		
1108	166955	658	2620000	0	2014-08-03 23:26:47.606636+00	0		
1110	166955	659	2620003	0	2014-08-03 23:31:02.204853+00	0		
1140	166956	67	2621052	0	2014-08-04 21:54:28.393833+00	0		
1111	166954	660	2620009	0	2014-08-03 23:57:55.774689+00	0		
1161	166954	144	2621796	0	2014-08-05 11:43:42.574708+00	0		
1113	166955	660	2620011	0	2014-08-03 23:57:55.774689+00	0		
1141	166956	65	2621053	0	2014-08-04 21:54:51.791486+00	0		
1115	166955	661	2620078	0	2014-08-04 01:30:55.101097+00	0		
1116	166955	663	2620099	0	2014-08-04 01:57:40.16881+00	0		
1142	166954	618	2621058	0	2014-08-04 22:01:54.756122+00	0		
1117	166954	663	2620100	0	2014-08-04 01:57:40.16881+00	0		
1118	166954	43	2620531	0	2014-08-04 11:55:46.386949+00	0		
1119	166954	58	2620537	0	2014-08-04 12:06:08.269464+00	0		
1143	166954	627	2621059	0	2014-08-04 22:02:26.907849+00	0		
1121	166955	664	2620542	0	2014-08-04 12:12:40.252741+00	0		
1122	166954	664	2620543	0	2014-08-04 12:12:40.252741+00	0		
1144	166954	625	2621060	0	2014-08-04 22:03:29.295891+00	0		
1123	166954	153	2620741	0	2014-08-04 16:24:23.358663+00	0		
1124	166956	285	2620805	0	2014-08-04 17:14:36.265006+00	0		
1125	166956	285	2620806	0	2014-08-04 17:14:36.265006+00	0		
1126	166954	285	2620807	0	2014-08-04 17:14:36.265006+00	0		
1128	166955	665	2620828	0	2014-08-04 17:33:20.976734+00	0		
1146	166955	667	2621072	0	2014-08-04 22:17:37.820378+00	0		
1129	166954	620	2620836	0	2014-08-04 17:43:04.437881+00	0		
1130	166954	614	2620841	0	2014-08-04 17:43:09.823271+00	0		
1163	166955	674	2621811	0	2014-08-05 12:22:32.122672+00	0		
1147	166955	668	2621075	0	2014-08-04 22:22:40.678012+00	0		
1132	166955	666	2620843	0	2014-08-04 17:46:12.754812+00	0		
1133	166954	666	2620844	0	2014-08-04 17:46:12.754812+00	0		
1134	166954	622	2620845	0	2014-08-04 17:46:36.056398+00	0		
1148	166954	669	2621078	0	2014-08-04 22:30:25.68521+00	0		
1135	166954	623	2620846	0	2014-08-04 17:46:52.004732+00	0		
1136	166954	624	2620847	0	2014-08-04 17:47:28.422914+00	0		
1150	166955	669	2621080	0	2014-08-04 22:30:25.68521+00	0		
1183	166955	683	2725088	0	2014-10-28 01:18:49.613265+00	0		
1152	166955	670	2621095	0	2014-08-04 22:44:27.975+00	0		
1165	166955	675	2621829	0	2014-08-05 12:37:30.169948+00	0		
1154	166955	671	2621107	0	2014-08-04 22:58:19.529876+00	0		
1176	166955	680	2687091	0	2014-09-26 09:59:19.122443+00	0		
1166	166954	497	2622693	0	2014-08-05 23:53:54.00802+00	0		
1156	166955	672	2621109	0	2014-08-04 22:58:21.581829+00	0		
1158	166955	673	2621111	0	2014-08-04 22:58:24.840673+00	0		
1167	166954	637	2622695	0	2014-08-05 23:54:38.092643+00	0		
1169	166955	677	2658300	0	2014-09-02 11:16:28.715849+00	0		
1232	166955	702	2984264	0	2015-02-26 10:47:43.217676+00	0		
1178	166955	681	2687112	0	2014-09-26 10:21:15.934231+00	0		
1171	166955	678	2677894	0	2014-09-17 21:55:29.955577+00	0		
1184	166954	683	2725089	0	2014-10-28 01:18:49.613265+00	0		
1173	166955	679	2687085	0	2014-09-26 09:54:29.00368+00	0		
1241	166955	176	2988103	0	2015-02-26 18:10:56.067603+00	0		
1185	166956	683	2725090	0	2014-10-28 01:18:49.613265+00	0		
1179	166954	681	2687113	0	2014-09-26 10:21:15.934231+00	0		
1247	166955	185	2988122	0	2015-02-26 18:29:48.792448+00	0		
1181	166955	682	2687121	0	2014-09-26 10:32:13.131293+00	0		
802	166955	205	2517070	0	2015-02-26 19:04:39.128728+00	0		
1256	166954	193	2988382	0	2015-02-26 23:19:59.156948+00	0		
1260	166955	705	2989670	0	2015-02-27 15:48:45.788133+00	0		
1262	166954	705	2989672	0	2015-02-27 15:48:45.788133+00	0		
1264	166954	706	2990555	0	2015-02-28 00:15:24.010482+00	0		
1287	166955	716	2992560	0	2015-03-01 12:28:35.537884+00	0		
1288	166954	717	2992794	0	2015-03-01 15:32:44.76861+00	0		
1290	166955	717	2992796	0	2015-03-01 15:32:44.76861+00	0		
1292	166954	718	2992800	0	2015-03-01 15:36:41.78089+00	0		
1293	166955	718	2992801	0	2015-03-01 15:36:41.78089+00	0		
1295	166954	719	2992828	0	2015-03-01 15:44:49.056494+00	0		
1296	166955	719	2992829	0	2015-03-01 15:44:49.056494+00	0		
1297	166955	720	2993712	0	2015-03-02 01:29:19.113625+00	0		
1299	166955	721	2993726	0	2015-03-02 01:45:57.345513+00	0		
1301	166955	722	2993728	0	2015-03-02 01:48:57.359267+00	0		
1303	166955	723	2993732	0	2015-03-02 01:52:00.305837+00	0		
1304	166954	723	2993733	0	2015-03-02 01:52:00.305837+00	0		
1305	166955	724	2993751	0	2015-03-02 02:10:21.152379+00	0		
1307	166954	724	2993753	0	2015-03-02 02:10:21.152379+00	0		
1309	166954	725	2994367	0	2015-03-02 12:53:18.187603+00	0		
1310	166956	725	2994368	0	2015-03-02 12:53:18.187603+00	0		
1311	166955	725	2994369	0	2015-03-02 12:53:18.187603+00	0		
1313	166954	726	2994392	0	2015-03-02 13:03:53.688195+00	0		
1314	166955	726	2994393	0	2015-03-02 13:03:53.688195+00	0		
1315	166954	267	2994549	0	2015-03-02 15:44:53.380802+00	0		
903	166955	99	2517281	0	2015-03-02 22:01:59.002503+00	0		
1317	166954	727	2995826	0	2015-03-03 13:22:31.462472+00	0		
1318	166955	727	2995827	0	2015-03-03 13:22:31.462472+00	0		
1319	166954	728	2995831	0	2015-03-03 13:24:47.791795+00	0		
1321	166955	728	2995833	0	2015-03-03 13:24:47.791795+00	0		
1323	166955	729	2995835	0	2015-03-03 13:28:07.500764+00	0		
1324	166956	693	2995836	0	2015-03-03 13:29:27.60194+00	0		
1326	166955	730	2995838	0	2015-03-03 13:33:31.236577+00	0		
1327	166954	730	2995839	0	2015-03-03 13:33:31.236577+00	0		
1328	166954	731	2995840	0	2015-03-03 13:37:02.202588+00	0		
1330	166955	731	2995842	0	2015-03-03 13:37:02.202588+00	0		
1331	166954	185	2996108	0	2015-03-03 18:18:24.318041+00	0		
1333	166955	367	2996110	0	2015-03-03 18:18:42.671988+00	0		
1332	166956	167	2996109	0	2015-03-03 18:19:01.390309+00	0		
1334	166956	41	2996119	0	2015-03-03 18:27:51.283839+00	0		
1335	166956	27	2996120	0	2015-03-03 18:29:23.056037+00	0		
1336	166956	7	2996121	0	2015-03-03 18:31:16.075454+00	0		
1338	166955	732	2997284	0	2015-03-04 11:26:51.888966+00	0		
1339	166954	732	2997285	0	2015-03-04 11:26:51.888966+00	0		
1341	166955	733	2997294	0	2015-03-04 11:30:29.693964+00	0		
1342	166954	733	2997295	0	2015-03-04 11:30:29.693964+00	0		
1343	166956	80	2997300	0	2015-03-04 11:33:09.517661+00	0		
1344	166956	153	2997303	0	2015-03-04 11:34:20.948911+00	0		
1345	166956	67	2997310	0	2015-03-04 11:35:52.396981+00	0		
1346	166956	4	2997311	0	2015-03-04 11:36:19.443478+00	0		
1347	166956	136	2997316	0	2015-03-04 11:39:32.287812+00	0		
1348	166956	634	2997318	0	2015-03-04 11:39:46.386688+00	0		
1349	166956	298	2997321	0	2015-03-04 11:40:49.954017+00	0		
1350	166956	8	2997324	0	2015-03-04 11:42:06.432616+00	0		
1351	166956	5	2997326	0	2015-03-04 11:43:06.466291+00	0		
1352	166956	6	2997329	0	2015-03-04 11:44:37.018879+00	0		
1353	166956	48	2997332	0	2015-03-04 11:45:43.839202+00	0		
1354	166956	135	2997338	0	2015-03-04 11:50:57.380604+00	0		
1355	166956	9	2997339	0	2015-03-04 11:51:34.788688+00	0		
1356	166956	11	2997340	0	2015-03-04 11:52:10.848787+00	0		
1357	166956	405	2997342	0	2015-03-04 11:52:45.656384+00	0		
1358	166956	19	2997346	0	2015-03-04 11:59:07.324722+00	0		
1359	166956	165	2997349	0	2015-03-04 11:59:45.821912+00	0		
1360	166956	285	2997351	0	2015-03-04 12:00:56.576111+00	0		
1361	166956	179	2997353	0	2015-03-04 12:01:51.807649+00	0		
1362	166956	36	2997712	0	2015-03-04 17:51:19.897851+00	0		
1363	166956	62	2997734	0	2015-03-04 18:19:41.041446+00	0		
1365	166955	734	2999643	0	2015-03-06 03:22:56.003792+00	0		
1366	166955	465	3003243	0	2015-03-07 20:36:16.606385+00	0		
1367	166956	465	3003244	0	2015-03-07 20:36:16.606385+00	0		
1368	166954	521	3003618	0	2015-03-08 03:13:28.105039+00	0		
1369	166954	39	3003619	0	2015-03-08 03:14:50.196878+00	0		
973	166955	158	3008925	0	2015-03-11 06:46:07.597677+00	0		
1370	166955	735	3025084	0	2015-03-22 18:51:06.125419+00	0		
1372	166954	735	3025086	0	2015-03-22 18:51:06.125419+00	0		
1375	166955	738	3076621	0	2015-04-26 18:31:41.158068+00	0		
1376	166955	737	3100085	0	2015-05-13 12:18:55.378584+00	0		
1377	166955	736	3100086	0	2015-05-13 12:18:56.628645+00	0		
