3846	26980	464	12097183	0	2011-05-16 16:08:20.288158+00	0		
858	26980	532	9471798	0	2011-05-16 16:08:20.288158+00	0		
605	26980	532	9471802	0	2011-05-16 16:08:20.288158+00	0		
816	26980	23463	8962577	0	2014-12-19 02:00:47.174581+00	0		
1350	26980	787	9663419	0	2011-05-16 16:08:20.288158+00	0		
2043	26980	62029	413245	0	2012-07-19 22:06:18.618887+00	0		
613	26980	852	9155896	0	2011-05-16 16:08:20.288158+00	0		
639	26980	852	9155899	0	2011-05-16 16:08:20.288158+00	0		
4184	26980	1416	11879061	0	2011-05-16 16:08:20.288158+00	0		
3949	26980	1488	12038532	0	2011-05-16 16:08:20.288158+00	0		
3927	26980	1488	12038564	0	2011-05-16 16:08:20.288158+00	0		
3911	26980	1488	12045331	0	2011-05-16 16:08:20.288158+00	0		
4203	26980	1489	11879080	0	2011-05-16 16:08:20.288158+00	0		
3910	26980	1489	12045330	0	2011-05-16 16:08:20.288158+00	0		
4082	26980	1504	11879055	0	2011-05-16 16:08:20.288158+00	0		
3908	26980	1504	12045328	0	2011-05-16 16:08:20.288158+00	0		
529	26980	1821	9178364	0	2011-05-16 16:08:20.288158+00	0		
548	26980	1821	9178366	0	2011-05-16 16:08:20.288158+00	0		
542	26980	1821	9178369	0	2011-05-16 16:08:20.288158+00	0		
4155	26980	1821	12360933	0	2011-05-16 16:08:20.288158+00	0		
178	26980	1868	529224	0	2011-05-16 16:08:20.288158+00	0		
2159	26980	2202	4292583	0	2011-05-16 16:08:20.288158+00	0		
532	26980	2580	9178374	0	2011-05-16 16:08:20.288158+00	0		
4199	26980	2828	11879076	0	2011-05-16 16:08:20.288158+00	0		
1462	26980	3005	8664634	0	2011-05-16 16:08:20.288158+00	0		
1461	26980	3005	8664635	0	2011-05-16 16:08:20.288158+00	0		
1457	26980	3005	8664639	0	2011-05-16 16:08:20.288158+00	0		
1456	26980	3005	8664640	0	2011-05-16 16:08:20.288158+00	0		
1449	26980	3005	8664643	0	2011-05-16 16:08:20.288158+00	0		
1444	26980	3005	8664644	0	2011-05-16 16:08:20.288158+00	0		
1434	26980	3005	8664645	0	2011-05-16 16:08:20.288158+00	0		
1280	26980	3005	8664646	0	2011-05-16 16:08:20.288158+00	0		
1273	26980	3005	8664647	0	2011-05-16 16:08:20.288158+00	0		
1268	26980	3005	8664648	0	2011-05-16 16:08:20.288158+00	0		
1262	26980	3005	8664649	0	2011-05-16 16:08:20.288158+00	0		
1254	26980	3005	8664650	0	2011-05-16 16:08:20.288158+00	0		
1330	26980	3005	9663424	0	2011-05-16 16:08:20.288158+00	0		
2700	26980	3038	3738784	0	2011-05-16 16:08:20.288158+00	0		
603	26980	50686	1407632	0	2012-04-15 01:00:14.387316+00	0		
4194	26980	4177	11879071	0	2011-05-16 16:08:20.288158+00	0		
3948	26980	4177	12038531	0	2011-05-16 16:08:20.288158+00	0		
3968	26980	4179	11879037	0	2011-05-16 16:08:20.288158+00	0		
3947	26980	4179	12038530	0	2011-05-16 16:08:20.288158+00	0		
3951	26980	4179	12038535	0	2011-05-16 16:08:20.288158+00	0		
4343	26980	58729	1324816	0	2014-01-24 00:00:37.97253+00	0		
1219	26980	4373	9552762	0	2011-05-16 16:08:20.288158+00	0		
4856	26980	369	13311642	0	2012-04-24 11:00:06.893419+00	0		
1027	26980	5509	9364882	0	2011-05-16 16:08:20.288158+00	0		
1026	26980	5509	9364883	0	2011-05-16 16:08:20.288158+00	0		
1025	26980	5509	9364886	0	2011-05-16 16:08:20.288158+00	0		
1024	26980	5509	9364888	0	2011-05-16 16:08:20.288158+00	0		
1023	26980	5509	9364889	0	2011-05-16 16:08:20.288158+00	0		
1022	26980	5509	9364890	0	2011-05-16 16:08:20.288158+00	0		
1021	26980	5509	9364891	0	2011-05-16 16:08:20.288158+00	0		
1020	26980	5509	9364893	0	2011-05-16 16:08:20.288158+00	0		
1019	26980	5509	9364895	0	2011-05-16 16:08:20.288158+00	0		
1018	26980	5509	9364897	0	2011-05-16 16:08:20.288158+00	0		
1459	26980	3005	8664637	0	2014-04-20 19:00:24.983261+00	0		
583	26980	5712	9245019	0	2011-05-16 16:08:20.288158+00	0		
2222	26980	27459	4808690	0	2013-01-24 21:11:10.501065+00	0		
1376	26980	4287	1901445	0	2013-08-19 21:00:40.238787+00	0		
1562	26980	7021	1212775	0	2011-05-16 16:08:20.288158+00	0		
1558	26980	7021	1212776	0	2011-05-16 16:08:20.288158+00	0		
1554	26980	7021	1212777	0	2011-05-16 16:08:20.288158+00	0		
20	26980	7100	7021073	0	2011-05-16 16:08:20.288158+00	0		
21	26980	7100	7021074	0	2011-05-16 16:08:20.288158+00	0		
22	26980	7100	7021075	0	2011-05-16 16:08:20.288158+00	0		
23	26980	7100	7021076	0	2011-05-16 16:08:20.288158+00	0		
24	26980	7100	7021077	0	2011-05-16 16:08:20.288158+00	0		
25	26980	7100	7021078	0	2011-05-16 16:08:20.288158+00	0		
4033	26980	7177	12360927	0	2011-05-16 16:08:20.288158+00	0		
3946	26980	8526	12038529	0	2011-05-16 16:08:20.288158+00	0		
3936	26980	8526	12038572	0	2011-05-16 16:08:20.288158+00	0		
3932	26980	8526	12038577	0	2011-05-16 16:08:20.288158+00	0		
3840	26980	8526	12097176	0	2011-05-16 16:08:20.288158+00	0		
3841	26980	8526	12097177	0	2011-05-16 16:08:20.288158+00	0		
3972	26980	8528	11879042	0	2011-05-16 16:08:20.288158+00	0		
4076	26980	8528	11879043	0	2011-05-16 16:08:20.288158+00	0		
4081	26980	8528	11879053	0	2011-05-16 16:08:20.288158+00	0		
4182	26980	8528	11879054	0	2011-05-16 16:08:20.288158+00	0		
4183	26980	8528	11879056	0	2011-05-16 16:08:20.288158+00	0		
4083	26980	8528	11879057	0	2011-05-16 16:08:20.288158+00	0		
3918	26980	8528	12038555	0	2011-05-16 16:08:20.288158+00	0		
3924	26980	8708	12038561	0	2011-05-16 16:08:20.288158+00	0		
3957	26980	8816	11925521	0	2011-05-16 16:08:20.288158+00	0		
4188	26980	8981	11879065	0	2011-05-16 16:08:20.288158+00	0		
4191	26980	8981	11879068	0	2011-05-16 16:08:20.288158+00	0		
3945	26980	8981	12038528	0	2011-05-16 16:08:20.288158+00	0		
3921	26980	8981	12038558	0	2011-05-16 16:08:20.288158+00	0		
3901	26980	8981	12045317	0	2011-05-16 16:08:20.288158+00	0		
3839	26980	8981	12097175	0	2011-05-16 16:08:20.288158+00	0		
3834	26980	8981	12097179	0	2011-05-16 16:08:20.288158+00	0		
1161	26980	8988	8378373	0	2011-05-16 16:08:20.288158+00	0		
4078	26980	9187	11879048	0	2011-05-16 16:08:20.288158+00	0		
3943	26980	9187	12038525	0	2011-05-16 16:08:20.288158+00	0		
3928	26980	9187	12038565	0	2011-05-16 16:08:20.288158+00	0		
2128	26980	9209	10426145	0	2011-05-16 16:08:20.288158+00	0		
2126	26980	9209	10426146	0	2011-05-16 16:08:20.288158+00	0		
2124	26980	9209	10426147	0	2011-05-16 16:08:20.288158+00	0		
2122	26980	9209	10426148	0	2011-05-16 16:08:20.288158+00	0		
2120	26980	9209	10426149	0	2011-05-16 16:08:20.288158+00	0		
2118	26980	9209	10426150	0	2011-05-16 16:08:20.288158+00	0		
2116	26980	9209	10426151	0	2011-05-16 16:08:20.288158+00	0		
2114	26980	9209	10426155	0	2011-05-16 16:08:20.288158+00	0		
2112	26980	9209	10426156	0	2011-05-16 16:08:20.288158+00	0		
2110	26980	9209	10426157	0	2011-05-16 16:08:20.288158+00	0		
2107	26980	9209	10426158	0	2011-05-16 16:08:20.288158+00	0		
2105	26980	9209	10426159	0	2011-05-16 16:08:20.288158+00	0		
2103	26980	9209	10426160	0	2011-05-16 16:08:20.288158+00	0		
2101	26980	9209	10426161	0	2011-05-16 16:08:20.288158+00	0		
2099	26980	9209	10426162	0	2011-05-16 16:08:20.288158+00	0		
2097	26980	9209	10426163	0	2011-05-16 16:08:20.288158+00	0		
2095	26980	9209	10426164	0	2011-05-16 16:08:20.288158+00	0		
2016	26980	9209	10426165	0	2011-05-16 16:08:20.288158+00	0		
2012	26980	9209	10426166	0	2011-05-16 16:08:20.288158+00	0		
2004	26980	9209	10426167	0	2011-05-16 16:08:20.288158+00	0		
1996	26980	9209	10426168	0	2011-05-16 16:08:20.288158+00	0		
3263	26980	9209	11386378	0	2011-05-16 16:08:20.288158+00	0		
3264	26980	9209	11386379	0	2011-05-16 16:08:20.288158+00	0		
3265	26980	9209	11386380	0	2011-05-16 16:08:20.288158+00	0		
3645	26980	592	11576481	0	2013-09-01 19:01:00.693773+00	0		
1392	26980	3130	1062426	0	2014-01-01 16:02:53.655084+00	0		
4031	26980	9020	236766	0	2011-12-18 19:02:53.332517+00	0		
3969	26980	582	11879039	0	2012-03-16 14:04:33.862672+00	0		
1356	26980	7021	507279	0	2013-06-23 23:00:10.072209+00	0		
814	26980	23463	8962579	0	2014-12-19 02:00:47.593995+00	0		
8383	26980	87355	7237111	0	2014-01-14 19:00:23.658562+00	0		
198	26980	692	151134	0	2014-03-06 08:00:17.82505+00	0		
1455	26980	3005	8664641	0	2014-04-20 19:00:48.74437+00	0		
1460	26980	3005	8664636	0	2014-04-20 20:00:13.151115+00	0		
1250	26980	91167	5634002	0	2014-05-02 09:18:38.774584+00	0		
3266	26980	9209	11386381	0	2011-05-16 16:08:20.288158+00	0		
3267	26980	9209	11386382	0	2011-05-16 16:08:20.288158+00	0		
3268	26980	9209	11386383	0	2011-05-16 16:08:20.288158+00	0		
3919	26980	9852	12038556	0	2011-05-16 16:08:20.288158+00	0		
27	26980	10223	7210251	0	2011-05-16 16:08:20.288158+00	0		
4153	26980	10544	12360927	0	2011-05-16 16:08:20.288158+00	0		
1228	26980	14508	5912773	0	2011-05-16 16:08:20.288158+00	0		
1227	26980	14508	5912774	0	2011-05-16 16:08:20.288158+00	0		
1226	26980	14508	5912775	0	2011-05-16 16:08:20.288158+00	0		
1225	26980	14508	5912776	0	2011-05-16 16:08:20.288158+00	0		
1224	26980	14508	5912777	0	2011-05-16 16:08:20.288158+00	0		
1184	26980	14508	5912778	0	2011-05-16 16:08:20.288158+00	0		
1182	26980	14508	5912779	0	2011-05-16 16:08:20.288158+00	0		
1180	26980	14508	5912780	0	2011-05-16 16:08:20.288158+00	0		
1178	26980	14508	5912781	0	2011-05-16 16:08:20.288158+00	0		
1174	26980	14508	5912782	0	2011-05-16 16:08:20.288158+00	0		
1170	26980	14508	5912783	0	2011-05-16 16:08:20.288158+00	0		
1166	26980	14508	5912784	0	2011-05-16 16:08:20.288158+00	0		
1162	26980	14508	5912785	0	2011-05-16 16:08:20.288158+00	0		
1158	26980	14508	5912786	0	2011-05-16 16:08:20.288158+00	0		
188	26980	15007	529219	0	2011-05-16 16:08:20.288158+00	0		
4052	26980	16578	12360936	0	2014-11-20 03:00:13.799295+00	0		
186	26980	15007	529221	0	2011-05-16 16:08:20.288158+00	0		
50	26980	15007	529223	0	2011-05-16 16:08:20.288158+00	0		
184	26980	15007	529225	0	2011-05-16 16:08:20.288158+00	0		
47	26980	15007	529226	0	2011-05-16 16:08:20.288158+00	0		
182	26980	15007	529227	0	2011-05-16 16:08:20.288158+00	0		
1711	26980	15118	9895711	0	2011-05-16 16:08:20.288158+00	0		
1710	26980	15118	9895712	0	2011-05-16 16:08:20.288158+00	0		
1708	26980	15118	9895718	0	2011-05-16 16:08:20.288158+00	0		
1706	26980	15118	9895719	0	2011-05-16 16:08:20.288158+00	0		
1704	26980	15118	9895720	0	2011-05-16 16:08:20.288158+00	0		
1690	26980	15118	9895722	0	2011-05-16 16:08:20.288158+00	0		
3971	26980	15683	11879041	0	2011-05-16 16:08:20.288158+00	0		
3938	26980	15683	12038515	0	2011-05-16 16:08:20.288158+00	0		
3929	26980	15683	12038566	0	2011-05-16 16:08:20.288158+00	0		
3844	26980	15683	12097181	0	2011-05-16 16:08:20.288158+00	0		
2239	26980	16207	4808689	0	2011-05-16 16:08:20.288158+00	0		
4185	26980	17245	11879062	0	2011-05-16 16:08:20.288158+00	0		
3950	26980	17665	12038533	0	2011-05-16 16:08:20.288158+00	0		
11	26980	17770	6548501	0	2011-05-16 16:08:20.288158+00	0		
163	26980	17770	6548502	0	2011-05-16 16:08:20.288158+00	0		
42	26980	17770	7323343	0	2011-05-16 16:08:20.288158+00	0		
165	26980	17770	7323347	0	2011-05-16 16:08:20.288158+00	0		
162	26980	17770	7323350	0	2011-05-16 16:08:20.288158+00	0		
161	26980	17770	7323353	0	2011-05-16 16:08:20.288158+00	0		
160	26980	17770	7323355	0	2011-05-16 16:08:20.288158+00	0		
159	26980	17770	7323357	0	2011-05-16 16:08:20.288158+00	0		
36	26980	17772	7323344	0	2011-05-16 16:08:20.288158+00	0		
4049	26980	17772	12360929	0	2011-05-16 16:08:20.288158+00	0		
30	26980	17773	7323345	0	2011-05-16 16:08:20.288158+00	0		
1802	26980	17790	710411	0	2011-05-16 16:08:20.288158+00	0		
1798	26980	17790	710413	0	2011-05-16 16:08:20.288158+00	0		
1796	26980	17790	710414	0	2011-05-16 16:08:20.288158+00	0		
8384	26980	87355	7237112	0	2014-01-14 19:00:23.958689+00	0		
1792	26980	17790	710416	0	2011-05-16 16:08:20.288158+00	0		
1788	26980	17790	710417	0	2011-05-16 16:08:20.288158+00	0		
4346	26980	58729	1324822	0	2014-01-24 00:00:38.517691+00	0		
1552	26980	17790	1212775	0	2011-05-16 16:08:20.288158+00	0		
1551	26980	17790	1212776	0	2011-05-16 16:08:20.288158+00	0		
1550	26980	17790	1212777	0	2011-05-16 16:08:20.288158+00	0		
3224	26980	17790	1702949	0	2011-05-16 16:08:20.288158+00	0		
3225	26980	17790	1702954	0	2011-05-16 16:08:20.288158+00	0		
3883	26980	17790	2808544	0	2011-05-16 16:08:20.288158+00	0		
3884	26980	17790	2808547	0	2011-05-16 16:08:20.288158+00	0		
3885	26980	17790	2808550	0	2011-05-16 16:08:20.288158+00	0		
3886	26980	17790	2808554	0	2011-05-16 16:08:20.288158+00	0		
2041	26980	62029	413246	0	2012-07-19 22:06:18.618887+00	0		
3588	26980	17790	3642830	0	2011-05-16 16:08:20.288158+00	0		
3416	26980	17790	3642831	0	2011-05-16 16:08:20.288158+00	0		
3415	26980	17790	3642832	0	2011-05-16 16:08:20.288158+00	0		
3587	26980	17790	3642833	0	2011-05-16 16:08:20.288158+00	0		
3414	26980	17790	3642834	0	2011-05-16 16:08:20.288158+00	0		
3413	26980	17790	3642835	0	2011-05-16 16:08:20.288158+00	0		
3258	26980	17790	3642836	0	2011-05-16 16:08:20.288158+00	0		
3257	26980	17790	3642837	0	2011-05-16 16:08:20.288158+00	0		
2974	26980	17790	3642840	0	2011-05-16 16:08:20.288158+00	0		
3585	26980	17790	3642841	0	2011-05-16 16:08:20.288158+00	0		
2212	26980	17790	6180888	0	2011-05-16 16:08:20.288158+00	0		
2210	26980	17790	6180889	0	2011-05-16 16:08:20.288158+00	0		
2208	26980	17790	6180891	0	2011-05-16 16:08:20.288158+00	0		
2206	26980	17790	6180892	0	2011-05-16 16:08:20.288158+00	0		
2161	26980	17790	6180894	0	2011-05-16 16:08:20.288158+00	0		
2160	26980	17790	6180895	0	2011-05-16 16:08:20.288158+00	0		
2157	26980	17790	6180896	0	2011-05-16 16:08:20.288158+00	0		
2156	26980	17790	6180898	0	2011-05-16 16:08:20.288158+00	0		
3973	26980	17790	6347702	0	2011-05-16 16:08:20.288158+00	0		
972	26980	17790	6519071	0	2011-05-16 16:08:20.288158+00	0		
164	26980	17790	6548498	0	2011-05-16 16:08:20.288158+00	0		
187	26980	17790	6609956	0	2011-05-16 16:08:20.288158+00	0		
51	26980	17790	6609957	0	2011-05-16 16:08:20.288158+00	0		
191	26980	17790	6609958	0	2011-05-16 16:08:20.288158+00	0		
59	26980	17790	6609959	0	2011-05-16 16:08:20.288158+00	0		
193	26980	17790	6609960	0	2011-05-16 16:08:20.288158+00	0		
195	26980	17790	6609961	0	2011-05-16 16:08:20.288158+00	0		
63	26980	17790	6609962	0	2011-05-16 16:08:20.288158+00	0		
66	26980	17790	6609964	0	2011-05-16 16:08:20.288158+00	0		
2532	26980	17790	6818730	0	2011-05-16 16:08:20.288158+00	0		
1824	26980	17790	7366129	0	2011-05-16 16:08:20.288158+00	0		
1823	26980	17790	7366131	0	2011-05-16 16:08:20.288158+00	0		
1820	26980	17790	7366132	0	2011-05-16 16:08:20.288158+00	0		
1816	26980	17790	7366133	0	2011-05-16 16:08:20.288158+00	0		
1953	26980	17790	7366134	0	2011-05-16 16:08:20.288158+00	0		
1952	26980	17790	7366135	0	2011-05-16 16:08:20.288158+00	0		
1951	26980	17790	7366136	0	2011-05-16 16:08:20.288158+00	0		
1950	26980	17790	7366137	0	2011-05-16 16:08:20.288158+00	0		
1949	26980	17790	7366138	0	2011-05-16 16:08:20.288158+00	0		
1945	26980	17790	7366139	0	2011-05-16 16:08:20.288158+00	0		
1563	26980	17790	7409805	0	2011-05-16 16:08:20.288158+00	0		
2142	26980	17790	7449842	0	2011-05-16 16:08:20.288158+00	0		
2138	26980	17790	7449843	0	2011-05-16 16:08:20.288158+00	0		
2073	26980	17790	7449844	0	2011-05-16 16:08:20.288158+00	0		
2071	26980	17790	7449845	0	2011-05-16 16:08:20.288158+00	0		
2069	26980	17790	7449846	0	2011-05-16 16:08:20.288158+00	0		
2054	26980	17790	7449847	0	2011-05-16 16:08:20.288158+00	0		
2050	26980	17790	7449848	0	2011-05-16 16:08:20.288158+00	0		
2046	26980	17790	7449849	0	2011-05-16 16:08:20.288158+00	0		
2042	26980	17790	7449850	0	2011-05-16 16:08:20.288158+00	0		
2038	26980	17790	7449851	0	2011-05-16 16:08:20.288158+00	0		
44	26980	15007	529228	0	2011-06-08 07:02:05.932439+00	0		
190	26980	15007	529217	0	2011-06-08 07:02:06.909795+00	0		
53	26980	15007	529222	0	2011-06-08 07:02:09.647191+00	0		
3586	26980	17790	3642838	0	2012-01-27 13:00:11.602655+00	0		
3412	26980	17790	3642842	0	2012-01-27 13:00:16.364238+00	0		
3106	26980	17790	3642839	0	2012-02-16 19:00:13.40937+00	0		
45	26980	17790	6609954	0	2012-07-15 06:00:13.490186+00	0		
183	26980	17790	6155783	0	2012-07-15 06:00:15.771102+00	0		
1553	26980	17790	507279	0	2013-06-23 23:00:10.072209+00	0		
1800	26980	17790	3220128	0	2013-07-23 19:00:42.764271+00	0		
2034	26980	17790	7449852	0	2011-05-16 16:08:20.288158+00	0		
2030	26980	17790	7449853	0	2011-05-16 16:08:20.288158+00	0		
3796	26980	17790	8259186	0	2011-05-16 16:08:20.288158+00	0		
3797	26980	17790	8259187	0	2011-05-16 16:08:20.288158+00	0		
921	26980	17790	8377742	0	2011-05-16 16:08:20.288158+00	0		
1104	26980	17790	8377745	0	2011-05-16 16:08:20.288158+00	0		
1100	26980	17790	8377747	0	2011-05-16 16:08:20.288158+00	0		
1107	26980	17790	8377752	0	2011-05-16 16:08:20.288158+00	0		
1159	26980	17790	8378374	0	2011-05-16 16:08:20.288158+00	0		
1157	26980	17790	8378376	0	2011-05-16 16:08:20.288158+00	0		
1169	26980	17790	8378379	0	2011-05-16 16:08:20.288158+00	0		
1167	26980	17790	8378380	0	2011-05-16 16:08:20.288158+00	0		
1165	26980	17790	8378381	0	2011-05-16 16:08:20.288158+00	0		
1150	26980	17790	8378382	0	2011-05-16 16:08:20.288158+00	0		
1149	26980	17790	8378384	0	2011-05-16 16:08:20.288158+00	0		
2297	26980	17790	8396826	0	2011-05-16 16:08:20.288158+00	0		
1110	26980	17790	8449645	0	2011-05-16 16:08:20.288158+00	0		
97	26980	17790	8462198	0	2011-05-16 16:08:20.288158+00	0		
527	26980	17790	9178363	0	2011-05-16 16:08:20.288158+00	0		
540	26980	17790	9178370	0	2011-05-16 16:08:20.288158+00	0		
3014	26980	17790	9179027	0	2011-05-16 16:08:20.288158+00	0		
1909	26980	17790	9190169	0	2011-05-16 16:08:20.288158+00	0		
1028	26980	17790	9364892	0	2011-05-16 16:08:20.288158+00	0		
999	26980	17790	9471804	0	2011-05-16 16:08:20.288158+00	0		
1183	26980	17790	9552748	0	2011-05-16 16:08:20.288158+00	0		
1186	26980	17790	9552752	0	2011-05-16 16:08:20.288158+00	0		
1208	26980	17790	9552754	0	2011-05-16 16:08:20.288158+00	0		
1194	26980	17790	9552757	0	2011-05-16 16:08:20.288158+00	0		
1214	26980	17790	9552759	0	2011-05-16 16:08:20.288158+00	0		
1249	26980	17790	9626905	0	2011-05-16 16:08:20.288158+00	0		
907	26980	17790	9626916	0	2011-05-16 16:08:20.288158+00	0		
1244	26980	17790	9626917	0	2011-05-16 16:08:20.288158+00	0		
1209	26980	17790	9626923	0	2011-05-16 16:08:20.288158+00	0		
1231	26980	17790	9663421	0	2011-05-16 16:08:20.288158+00	0		
1247	26980	17790	9663423	0	2011-05-16 16:08:20.288158+00	0		
1354	26980	17790	9663431	0	2011-05-16 16:08:20.288158+00	0		
1397	26980	17790	9663432	0	2011-05-16 16:08:20.288158+00	0		
1647	26980	17790	9709410	0	2011-05-16 16:08:20.288158+00	0		
1316	26980	17790	9709411	0	2011-05-16 16:08:20.288158+00	0		
1310	26980	17790	9709412	0	2011-05-16 16:08:20.288158+00	0		
1236	26980	17790	9709413	0	2011-05-16 16:08:20.288158+00	0		
1653	26980	17790	9711311	0	2011-05-16 16:08:20.288158+00	0		
1651	26980	17790	9711313	0	2011-05-16 16:08:20.288158+00	0		
1650	26980	17790	9711314	0	2011-05-16 16:08:20.288158+00	0		
1649	26980	17790	9711315	0	2011-05-16 16:08:20.288158+00	0		
1648	26980	17790	9711316	0	2011-05-16 16:08:20.288158+00	0		
1440	26980	17790	9758892	0	2011-05-16 16:08:20.288158+00	0		
1447	26980	17790	9758900	0	2011-05-16 16:08:20.288158+00	0		
1454	26980	17790	9758903	0	2011-05-16 16:08:20.288158+00	0		
1890	26980	17790	10053315	0	2011-05-16 16:08:20.288158+00	0		
1754	26980	17790	10053318	0	2011-05-16 16:08:20.288158+00	0		
10645	26980	98004	3957759	0	2014-12-21 11:01:27.939432+00	0		
10646	26980	98004	7561276	0	2014-12-21 11:01:28.081193+00	0		
10647	26980	98004	7561277	0	2014-12-21 11:01:28.127381+00	0		
1973	26980	17790	10333481	0	2011-05-16 16:08:20.288158+00	0		
3394	26980	17790	11120312	0	2011-05-16 16:08:20.288158+00	0		
3392	26980	17790	11120313	0	2011-05-16 16:08:20.288158+00	0		
3549	26980	17790	11120314	0	2011-05-16 16:08:20.288158+00	0		
3547	26980	17790	11120315	0	2011-05-16 16:08:20.288158+00	0		
2923	26980	17790	11120316	0	2011-05-16 16:08:20.288158+00	0		
2936	26980	17790	11120317	0	2011-05-16 16:08:20.288158+00	0		
3545	26980	17790	11120318	0	2011-05-16 16:08:20.288158+00	0		
3091	26980	17790	11120319	0	2011-05-16 16:08:20.288158+00	0		
3390	26980	17790	11120320	0	2011-05-16 16:08:20.288158+00	0		
3089	26980	17790	11120321	0	2011-05-16 16:08:20.288158+00	0		
3358	26980	17790	11742872	0	2011-05-16 16:08:20.288158+00	0		
3191	26980	17790	11794113	0	2011-05-16 16:08:20.288158+00	0		
3480	26980	17790	11794115	0	2011-05-16 16:08:20.288158+00	0		
3032	26980	17790	11794117	0	2011-05-16 16:08:20.288158+00	0		
3318	26980	17790	11794121	0	2011-05-16 16:08:20.288158+00	0		
3202	26980	17790	11794124	0	2011-05-16 16:08:20.288158+00	0		
3230	26980	17790	11810154	0	2011-05-16 16:08:20.288158+00	0		
3833	26980	17790	12189014	0	2011-05-16 16:08:20.288158+00	0		
4085	26980	17790	12250646	0	2011-05-16 16:08:20.288158+00	0		
4086	26980	17790	12250647	0	2011-05-16 16:08:20.288158+00	0		
4087	26980	17790	12250648	0	2011-05-16 16:08:20.288158+00	0		
4088	26980	17790	12250649	0	2011-05-16 16:08:20.288158+00	0		
4089	26980	17790	12250650	0	2011-05-16 16:08:20.288158+00	0		
4090	26980	17790	12250651	0	2011-05-16 16:08:20.288158+00	0		
4091	26980	17790	12250652	0	2011-05-16 16:08:20.288158+00	0		
4092	26980	17790	12250653	0	2011-05-16 16:08:20.288158+00	0		
4093	26980	17790	12250654	0	2011-05-16 16:08:20.288158+00	0		
4094	26980	17790	12250655	0	2011-05-16 16:08:20.288158+00	0		
4095	26980	17790	12250656	0	2011-05-16 16:08:20.288158+00	0		
4096	26980	17790	12250657	0	2011-05-16 16:08:20.288158+00	0		
4097	26980	17790	12250658	0	2011-05-16 16:08:20.288158+00	0		
4098	26980	17790	12250659	0	2011-05-16 16:08:20.288158+00	0		
4234	26980	17790	12360926	0	2011-05-16 16:08:20.288158+00	0		
4260	26980	17790	12360928	0	2011-05-16 16:08:20.288158+00	0		
4154	26980	17790	12360930	0	2011-05-16 16:08:20.288158+00	0		
157	26980	17792	7323351	0	2011-05-16 16:08:20.288158+00	0		
156	26980	17793	7323351	0	2011-05-16 16:08:20.288158+00	0		
155	26980	17794	7323351	0	2011-05-16 16:08:20.288158+00	0		
1654	26980	17790	8195253	0	2014-09-21 00:00:28.59152+00	0		
10649	26980	873	17199916	0	2014-12-29 07:00:58.793912+00	0		
154	26980	17795	7323351	0	2011-05-16 16:08:20.288158+00	0		
153	26980	17796	7323351	0	2014-05-12 02:01:56.334086+00	0		
2039	26980	62029	413247	0	2012-07-19 22:06:18.618887+00	0		
4655	26980	56091	13069125	0	2012-01-05 19:00:08.398161+00	0		
3690	26980	17797	1702944	0	2011-05-16 16:08:20.288158+00	0		
3692	26980	17797	1702949	0	2011-05-16 16:08:20.288158+00	0		
3693	26980	17797	1702950	0	2011-05-16 16:08:20.288158+00	0		
3694	26980	17797	1702951	0	2011-05-16 16:08:20.288158+00	0		
3695	26980	17797	1702952	0	2011-05-16 16:08:20.288158+00	0		
3696	26980	17797	1702953	0	2011-05-16 16:08:20.288158+00	0		
376	26980	27459	5709327	0	2013-01-24 21:11:10.501065+00	0		
1044	26980	17797	5338509	0	2011-05-16 16:08:20.288158+00	0		
1052	26980	17797	5338510	0	2011-05-16 16:08:20.288158+00	0		
10	26980	17797	7323351	0	2011-05-16 16:08:20.288158+00	0		
913	26980	17797	8377744	0	2011-05-16 16:08:20.288158+00	0		
1062	26980	17797	8449639	0	2011-05-16 16:08:20.288158+00	0		
1109	26980	17797	8449646	0	2011-05-16 16:08:20.288158+00	0		
623	26980	17797	9155901	0	2011-05-16 16:08:20.288158+00	0		
619	26980	17797	9155902	0	2011-05-16 16:08:20.288158+00	0		
3323	26980	17797	9179026	0	2011-05-16 16:08:20.288158+00	0		
3447	26980	17797	9179027	0	2011-05-16 16:08:20.288158+00	0		
3347	26980	17797	9179028	0	2011-05-16 16:08:20.288158+00	0		
842	26980	17797	9179030	0	2011-05-16 16:08:20.288158+00	0		
966	26980	17797	9179031	0	2011-05-16 16:08:20.288158+00	0		
3310	26980	17797	9179032	0	2011-05-16 16:08:20.288158+00	0		
844	26980	17797	9179033	0	2011-05-16 16:08:20.288158+00	0		
846	26980	17797	9179034	0	2011-05-16 16:08:20.288158+00	0		
1154	26980	17790	9200073	0	2011-07-01 17:03:41.116348+00	0		
840	26980	17797	9179029	0	2011-07-08 17:04:11.497861+00	0		
8385	26980	87355	7237113	0	2014-01-14 19:00:24.068981+00	0		
8386	26980	87355	7237114	0	2014-01-14 19:00:24.162272+00	0		
2313	26980	17796	8396819	0	2014-05-12 02:01:56.334086+00	0		
3304	26980	17797	9179035	0	2011-05-16 16:08:20.288158+00	0		
971	26980	17797	9179036	0	2011-05-16 16:08:20.288158+00	0		
848	26980	17797	9179037	0	2011-05-16 16:08:20.288158+00	0		
3290	26980	17797	9179038	0	2011-05-16 16:08:20.288158+00	0		
3617	26980	17797	9358663	0	2011-05-16 16:08:20.288158+00	0		
3327	26980	17797	9442766	0	2011-05-16 16:08:20.288158+00	0		
3325	26980	17797	9442767	0	2011-05-16 16:08:20.288158+00	0		
1216	26980	17797	9552759	0	2011-05-16 16:08:20.288158+00	0		
1606	26980	17797	9622912	0	2011-05-16 16:08:20.288158+00	0		
1605	26980	17797	9622916	0	2011-05-16 16:08:20.288158+00	0		
1604	26980	17797	9633356	0	2011-05-16 16:08:20.288158+00	0		
1739	26980	17797	10128773	0	2011-05-16 16:08:20.288158+00	0		
1741	26980	17797	10128774	0	2011-05-16 16:08:20.288158+00	0		
1743	26980	17797	10128775	0	2011-05-16 16:08:20.288158+00	0		
1745	26980	17797	10128776	0	2011-05-16 16:08:20.288158+00	0		
1747	26980	17797	10128777	0	2011-05-16 16:08:20.288158+00	0		
1748	26980	17797	10128778	0	2011-05-16 16:08:20.288158+00	0		
1749	26980	17797	10128779	0	2011-05-16 16:08:20.288158+00	0		
1750	26980	17797	10128780	0	2011-05-16 16:08:20.288158+00	0		
1751	26980	17797	10128781	0	2011-05-16 16:08:20.288158+00	0		
3315	26980	17797	11529898	0	2011-05-16 16:08:20.288158+00	0		
3671	26980	17797	11794122	0	2011-05-16 16:08:20.288158+00	0		
7	26980	17798	7323351	0	2011-05-16 16:08:20.288158+00	0		
3	26980	17799	7323351	0	2011-05-16 16:08:20.288158+00	0		
9	26980	17800	7323352	0	2011-05-16 16:08:20.288158+00	0		
1	26980	17828	7323354	0	2011-05-16 16:08:20.288158+00	0		
5	26980	17829	7323356	0	2011-05-16 16:08:20.288158+00	0		
4200	26980	18186	11879077	0	2011-05-16 16:08:20.288158+00	0		
12	26980	18209	2130954	0	2011-05-16 16:08:20.288158+00	0		
2220	26980	18209	10759210	0	2011-05-16 16:08:20.288158+00	0		
3033	26980	18490	11794123	0	2011-05-16 16:08:20.288158+00	0		
2998	26980	17797	9415260	0	2013-07-27 10:00:29.916875+00	0		
8387	26980	87355	7237115	0	2014-01-14 19:00:24.251325+00	0		
4348	26980	58729	1324824	0	2014-01-24 00:00:34.022399+00	0		
5820	26980	6397	3655122	0	2012-12-04 21:48:49.915305+00	0		
4347	26980	58729	1324823	0	2014-01-24 00:00:37.545251+00	0		
3038	26980	19864	152493	0	2012-09-18 22:06:26.149379+00	0		
5817	26980	57181	8899562	0	2012-12-04 18:35:48.858988+00	0		
375	26980	27459	5709328	0	2013-01-24 21:11:10.501065+00	0		
3328	26980	19864	177247	0	2012-09-18 22:06:38.504705+00	0		
5813	26980	31507	8896529	0	2012-12-04 16:17:49.724988+00	0		
374	26980	27459	5709329	0	2013-01-24 21:11:10.501065+00	0		
10651	26980	98286	17202349	0	2014-12-29 16:00:56.912761+00	0		
373	26980	27459	5709330	0	2013-01-24 21:11:10.501065+00	0		
5818	26980	17791	506949	0	2012-12-04 21:48:49.915305+00	0		
5815	26980	31507	8896535	0	2012-12-04 16:17:49.724988+00	0		
5812	26980	71448	8896527	0	2012-12-17 21:01:23.965969+00	0		
5819	26980	30941	3655119	0	2012-12-04 21:48:49.915305+00	0		
4187	26980	18926	11879064	0	2011-05-16 16:08:20.288158+00	0		
3942	26980	18939	12038524	0	2011-05-16 16:08:20.288158+00	0		
3915	26980	19389	12045336	0	2011-05-16 16:08:20.288158+00	0		
1362	26980	19785	9663433	0	2011-05-16 16:08:20.288158+00	0		
1009	26980	19864	486009	0	2011-05-16 16:08:20.288158+00	0		
3208	26980	19864	177250	0	2014-12-25 10:01:35.06381+00	0		
885	26980	19864	486016	0	2011-05-16 16:08:20.288158+00	0		
883	26980	19864	486019	0	2011-05-16 16:08:20.288158+00	0		
881	26980	19864	486020	0	2011-05-16 16:08:20.288158+00	0		
890	26980	19864	568562	0	2011-05-16 16:08:20.288158+00	0		
888	26980	19864	568564	0	2011-05-16 16:08:20.288158+00	0		
886	26980	19864	568565	0	2011-05-16 16:08:20.288158+00	0		
882	26980	19864	568566	0	2011-05-16 16:08:20.288158+00	0		
878	26980	19864	568567	0	2011-05-16 16:08:20.288158+00	0		
870	26980	19864	568569	0	2011-05-16 16:08:20.288158+00	0		
3487	26980	19864	177248	0	2012-09-18 22:06:39.511622+00	0		
3678	26980	19864	177249	0	2012-09-18 22:06:40.398509+00	0		
4656	26980	56091	13069126	0	2012-01-05 19:00:08.433578+00	0		
2037	26980	62029	413248	0	2012-07-19 22:06:18.618887+00	0		
4721	26980	56091	13152412	0	2012-01-30 15:00:12.887866+00	0		
1005	26980	19864	380538	0	2014-12-09 15:00:28.529151+00	0		
996	26980	19864	486013	0	2014-12-09 15:00:30.346604+00	0		
874	26980	19864	568568	0	2014-12-09 15:00:37.753821+00	0		
8758	26980	37207	284026	0	2014-12-17 09:01:37.605966+00	0		
3039	26980	19864	177251	0	2014-12-25 10:01:37.347179+00	0		
3210	26980	19864	177253	0	2014-12-25 10:01:39.616835+00	0		
10650	26980	873	17199925	0	2014-12-29 07:00:59.905575+00	0		
10652	26980	98286	17202350	0	2014-12-29 16:00:56.939446+00	0		
10653	26980	98286	17202351	0	2014-12-29 16:00:56.948476+00	0		
1785	26980	62042	192011	0	2012-08-21 04:04:17.998996+00	0		
87	26980	18362	7536951	0	2012-11-13 10:00:09.932001+00	0		
83	26980	18363	7536951	0	2012-11-13 10:00:09.932001+00	0		
79	26980	18364	7536952	0	2012-11-13 10:00:11.085016+00	0		
75	26980	18362	7536953	0	2012-11-13 10:00:11.437273+00	0		
71	26980	18363	7536953	0	2012-11-13 10:00:11.437273+00	0		
68	26980	18362	7536954	0	2012-11-13 11:00:07.583294+00	0		
65	26980	18363	7536954	0	2012-11-13 11:00:07.583294+00	0		
3691	26980	17797	1702945	0	2015-07-20 01:02:16.2305+00	0		
5816	26980	39629	5035213	0	2015-08-09 02:01:14.742003+00	0		
1559	26980	19864	500466	0	2015-08-16 04:01:18.657737+00	0		
5814	26980	17790	328764	0	2015-09-09 19:02:38.610638+00	0		
6	26980	18362	7536955	0	2012-11-13 11:00:08.263949+00	0		
62	26980	18362	7536956	0	2012-11-13 11:00:09.00935+00	0		
60	26980	18363	7536956	0	2012-11-13 11:00:09.00935+00	0		
56	26980	18362	7536957	0	2012-11-13 11:00:09.414673+00	0		
57	26980	18363	7536957	0	2012-11-13 11:00:09.414673+00	0		
54	26980	18362	7536958	0	2012-11-13 11:00:09.960228+00	0		
52	26980	18363	7536958	0	2012-11-13 11:00:09.960228+00	0		
49	26980	18362	7536959	0	2012-11-13 11:00:10.46256+00	0		
15	26980	18362	7536960	0	2012-11-13 11:00:10.928454+00	0		
13	26980	18363	7536960	0	2012-11-13 11:00:10.928454+00	0		
46	26980	18362	7536961	0	2012-11-13 11:00:11.19694+00	0		
8	26980	18363	7536961	0	2012-11-13 11:00:11.19694+00	0		
4	26980	18362	7536962	0	2012-11-13 11:00:11.457808+00	0		
2	26980	18363	7536962	0	2012-11-13 11:00:11.457808+00	0		
372	26980	27459	5709332	0	2013-01-24 21:11:10.501065+00	0		
371	26980	27459	5709333	0	2013-01-24 21:11:10.501065+00	0		
5821	26980	6397	3655123	0	2012-12-04 21:48:49.915305+00	0		
370	26980	27459	5709335	0	2013-01-24 21:11:10.501065+00	0		
5822	26980	6397	3655124	0	2012-12-04 21:48:49.915305+00	0		
2184	26980	27459	7142973	0	2013-01-24 21:11:10.501065+00	0		
5823	26980	6397	3655125	0	2012-12-04 21:48:49.915305+00	0		
2183	26980	27459	7142974	0	2013-01-24 21:11:10.501065+00	0		
5824	26980	6397	3655126	0	2012-12-04 21:48:49.915305+00	0		
2182	26980	27459	7142975	0	2013-01-24 21:11:10.501065+00	0		
2180	26980	27459	7142976	0	2013-01-24 21:11:10.501065+00	0		
2152	26980	27459	7142977	0	2013-01-24 21:11:10.501065+00	0		
2150	26980	27459	7142978	0	2013-01-24 21:11:10.501065+00	0		
2148	26980	27459	7142979	0	2013-01-24 21:11:10.501065+00	0		
2146	26980	27459	7142981	0	2013-01-24 21:11:10.501065+00	0		
2094	26980	27459	7142982	0	2013-01-24 21:11:10.501065+00	0		
2092	26980	27459	7142983	0	2013-01-24 21:11:10.501065+00	0		
864	26980	19864	568570	0	2011-05-16 16:08:20.288158+00	0		
856	26980	19864	568571	0	2011-05-16 16:08:20.288158+00	0		
849	26980	19864	568572	0	2011-05-16 16:08:20.288158+00	0		
1721	26980	19864	758549	0	2011-05-16 16:08:20.288158+00	0		
1037	26980	19864	1048652	0	2011-05-16 16:08:20.288158+00	0		
1036	26980	19864	1048653	0	2011-05-16 16:08:20.288158+00	0		
1035	26980	19864	1048654	0	2011-05-16 16:08:20.288158+00	0		
1034	26980	19864	1048656	0	2011-05-16 16:08:20.288158+00	0		
1033	26980	19864	1048658	0	2011-05-16 16:08:20.288158+00	0		
894	26980	19864	1048660	0	2011-05-16 16:08:20.288158+00	0		
892	26980	19864	1048661	0	2011-05-16 16:08:20.288158+00	0		
1031	26980	19864	1048662	0	2011-05-16 16:08:20.288158+00	0		
3051	26980	19864	1702948	0	2011-05-16 16:08:20.288158+00	0		
3226	26980	19864	1702949	0	2011-05-16 16:08:20.288158+00	0		
3227	26980	19864	1702950	0	2011-05-16 16:08:20.288158+00	0		
3228	26980	19864	1702951	0	2011-05-16 16:08:20.288158+00	0		
3594	26980	43322	1618492	0	2012-01-05 14:00:07.414728+00	0		
2090	26980	27459	7142984	0	2013-01-24 21:11:10.501065+00	0		
2088	26980	27459	7142985	0	2013-01-24 21:11:10.501065+00	0		
2086	26980	27459	7142986	0	2013-01-24 21:11:10.501065+00	0		
2547	26980	19864	7454852	0	2014-01-13 20:00:58.744138+00	0		
4349	26980	58729	1324826	0	2014-01-24 00:00:34.695678+00	0		
4369	26980	59895	2029295	0	2011-08-30 17:00:21.452841+00	0		
4372	26980	59895	6142585	0	2011-08-30 18:00:08.834417+00	0		
4654	26980	56091	13069124	0	2012-01-05 19:00:08.335183+00	0		
3455	26980	52403	11718575	0	2011-09-13 22:06:42.904025+00	0		
2527	26980	19864	3087022	0	2011-05-16 16:08:20.288158+00	0		
2374	26980	19864	3087070	0	2011-05-16 16:08:20.288158+00	0		
2888	26980	19864	3087074	0	2011-05-16 16:08:20.288158+00	0		
2628	26980	19864	3087029	0	2014-12-24 12:01:43.821802+00	0		
3488	26980	19864	177255	0	2014-12-25 10:01:41.476236+00	0		
2889	26980	19864	3618107	0	2011-05-16 16:08:20.288158+00	0		
2703	26980	19864	3964128	0	2011-05-16 16:08:20.288158+00	0		
2500	26980	19864	3980004	0	2011-05-16 16:08:20.288158+00	0		
2546	26980	19864	3980005	0	2011-05-16 16:08:20.288158+00	0		
16	26980	19864	4821373	0	2011-05-16 16:08:20.288158+00	0		
2853	26980	19864	5705195	0	2011-05-16 16:08:20.288158+00	0		
708	26980	19864	5869863	0	2011-05-16 16:08:20.288158+00	0		
707	26980	19864	5869864	0	2011-05-16 16:08:20.288158+00	0		
706	26980	19864	5869865	0	2011-05-16 16:08:20.288158+00	0		
705	26980	19864	5869866	0	2011-05-16 16:08:20.288158+00	0		
704	26980	19864	5869867	0	2011-05-16 16:08:20.288158+00	0		
703	26980	19864	5869868	0	2011-05-16 16:08:20.288158+00	0		
702	26980	19864	5869869	0	2011-05-16 16:08:20.288158+00	0		
701	26980	19864	5869870	0	2011-05-16 16:08:20.288158+00	0		
700	26980	19864	5869871	0	2011-05-16 16:08:20.288158+00	0		
699	26980	19864	5869872	0	2011-05-16 16:08:20.288158+00	0		
698	26980	19864	5869873	0	2011-05-16 16:08:20.288158+00	0		
697	26980	19864	5869874	0	2011-05-16 16:08:20.288158+00	0		
667	26980	19864	5869875	0	2011-05-16 16:08:20.288158+00	0		
177	26980	19864	6136994	0	2011-05-16 16:08:20.288158+00	0		
2855	26980	19864	6157769	0	2011-05-16 16:08:20.288158+00	0		
4204	26980	19864	6347699	0	2011-05-16 16:08:20.288158+00	0		
1151	26980	19864	6356692	0	2011-05-16 16:08:20.288158+00	0		
1383	26980	19864	6356694	0	2011-05-16 16:08:20.288158+00	0		
1288	26980	19864	6356698	0	2011-05-16 16:08:20.288158+00	0		
1191	26980	19864	6356700	0	2011-05-16 16:08:20.288158+00	0		
1187	26980	19864	6356703	0	2011-05-16 16:08:20.288158+00	0		
179	26980	19864	6609963	0	2011-05-16 16:08:20.288158+00	0		
2752	26980	19864	6637586	0	2011-05-16 16:08:20.288158+00	0		
2035	26980	62029	413249	0	2012-07-19 22:06:18.618887+00	0		
2737	26980	19864	6818723	0	2011-05-16 16:08:20.288158+00	0		
2885	26980	19864	6818725	0	2011-05-16 16:08:20.288158+00	0		
2638	26980	19864	6818729	0	2011-05-16 16:08:20.288158+00	0		
2556	26980	19864	6818730	0	2011-05-16 16:08:20.288158+00	0		
2548	26980	19864	7454847	0	2011-05-16 16:08:20.288158+00	0		
2803	26980	19864	7454848	0	2011-05-16 16:08:20.288158+00	0		
2802	26980	19864	7454849	0	2011-05-16 16:08:20.288158+00	0		
2854	26980	19864	7454854	0	2011-05-16 16:08:20.288158+00	0		
2751	26980	19864	7454857	0	2011-05-16 16:08:20.288158+00	0		
2477	26980	19864	3087076	0	2014-12-11 21:01:47.595333+00	0		
2732	26980	19864	3087073	0	2014-12-13 00:00:53.228373+00	0		
2880	26980	19864	4346421	0	2015-04-21 13:01:35.309342+00	0		
2904	26980	19864	7454859	0	2011-05-16 16:08:20.288158+00	0		
2849	26980	19864	7454860	0	2011-05-16 16:08:20.288158+00	0		
2753	26980	19864	7454861	0	2011-05-16 16:08:20.288158+00	0		
2704	26980	19864	7454862	0	2011-05-16 16:08:20.288158+00	0		
2705	26980	19864	7454863	0	2011-05-16 16:08:20.288158+00	0		
2706	26980	19864	7454865	0	2011-05-16 16:08:20.288158+00	0		
2905	26980	19864	7454866	0	2011-05-16 16:08:20.288158+00	0		
2501	26980	19864	7454867	0	2011-05-16 16:08:20.288158+00	0		
436	26980	19864	8348361	0	2011-05-16 16:08:20.288158+00	0		
435	26980	19864	8348362	0	2011-05-16 16:08:20.288158+00	0		
2691	26980	19864	6818722	0	2015-10-20 12:03:21.916192+00	0		
2793	26980	19864	6818726	0	2015-10-20 13:00:20.658572+00	0		
2809	26980	19864	6818721	0	2015-10-20 14:01:02.66713+00	0		
2496	26980	19864	6818727	0	2015-10-20 14:01:12.439153+00	0		
434	26980	19864	8348363	0	2011-05-16 16:08:20.288158+00	0		
433	26980	19864	8348364	0	2011-05-16 16:08:20.288158+00	0		
432	26980	19864	8348365	0	2011-05-16 16:08:20.288158+00	0		
431	26980	19864	8348366	0	2011-05-16 16:08:20.288158+00	0		
429	26980	19864	8348367	0	2011-05-16 16:08:20.288158+00	0		
427	26980	19864	8348368	0	2011-05-16 16:08:20.288158+00	0		
423	26980	19864	8348369	0	2011-05-16 16:08:20.288158+00	0		
1098	26980	19864	8377748	0	2011-05-16 16:08:20.288158+00	0		
425	26980	19864	8570936	0	2011-05-16 16:08:20.288158+00	0		
420	26980	19864	8578487	0	2011-05-16 16:08:20.288158+00	0		
416	26980	19864	8578488	0	2011-05-16 16:08:20.288158+00	0		
415	26980	19864	8578489	0	2011-05-16 16:08:20.288158+00	0		
459	26980	19864	9041929	0	2011-05-16 16:08:20.288158+00	0		
464	26980	19864	9041930	0	2011-05-16 16:08:20.288158+00	0		
493	26980	19864	9041931	0	2011-05-16 16:08:20.288158+00	0		
495	26980	19864	9041932	0	2011-05-16 16:08:20.288158+00	0		
497	26980	19864	9041933	0	2011-05-16 16:08:20.288158+00	0		
499	26980	19864	9041934	0	2011-05-16 16:08:20.288158+00	0		
501	26980	19864	9041935	0	2011-05-16 16:08:20.288158+00	0		
503	26980	19864	9041936	0	2011-05-16 16:08:20.288158+00	0		
505	26980	19864	9041937	0	2011-05-16 16:08:20.288158+00	0		
489	26980	19864	9041938	0	2011-05-16 16:08:20.288158+00	0		
485	26980	19864	9041939	0	2011-05-16 16:08:20.288158+00	0		
507	26980	19864	9125896	0	2011-05-16 16:08:20.288158+00	0		
509	26980	19864	9125897	0	2011-05-16 16:08:20.288158+00	0		
511	26980	19864	9125898	0	2011-05-16 16:08:20.288158+00	0		
523	26980	19864	9125899	0	2011-05-16 16:08:20.288158+00	0		
524	26980	19864	9125900	0	2011-05-16 16:08:20.288158+00	0		
525	26980	19864	9125901	0	2011-05-16 16:08:20.288158+00	0		
526	26980	19864	9125902	0	2011-05-16 16:08:20.288158+00	0		
593	26980	19864	9155897	0	2011-05-16 16:08:20.288158+00	0		
589	26980	19864	9155901	0	2011-05-16 16:08:20.288158+00	0		
585	26980	19864	9155904	0	2011-05-16 16:08:20.288158+00	0		
534	26980	19864	9178373	0	2011-05-16 16:08:20.288158+00	0		
3168	26980	52403	11718584	0	2011-09-13 22:06:43.171949+00	0		
1652	26980	17790	9711312	0	2011-09-16 18:00:10.408166+00	0		
2485	26980	19864	6818731	0	2011-10-13 15:02:27.696675+00	0		
64	26980	19864	9501930	0	2011-05-16 16:08:20.288158+00	0		
1113	26980	19864	9501931	0	2011-05-16 16:08:20.288158+00	0		
930	26980	19864	9501933	0	2011-05-16 16:08:20.288158+00	0		
904	26980	19864	9501934	0	2011-05-16 16:08:20.288158+00	0		
194	26980	19864	9501935	0	2011-05-16 16:08:20.288158+00	0		
61	26980	19864	9501937	0	2011-05-16 16:08:20.288158+00	0		
1085	26980	19864	9501938	0	2011-05-16 16:08:20.288158+00	0		
928	26980	19864	9501939	0	2011-05-16 16:08:20.288158+00	0		
901	26980	19864	9501941	0	2011-05-16 16:08:20.288158+00	0		
620	26980	19864	9501943	0	2011-05-16 16:08:20.288158+00	0		
192	26980	19864	9501945	0	2011-05-16 16:08:20.288158+00	0		
1215	26980	19864	9552759	0	2011-05-16 16:08:20.288158+00	0		
2591	26980	19864	9599408	0	2011-05-16 16:08:20.288158+00	0		
2592	26980	19864	9599411	0	2011-05-16 16:08:20.288158+00	0		
2593	26980	19864	9599414	0	2011-05-16 16:08:20.288158+00	0		
1061	26980	19864	9610343	0	2011-05-16 16:08:20.288158+00	0		
1064	26980	19864	9610344	0	2011-05-16 16:08:20.288158+00	0		
1171	26980	19864	9610345	0	2011-05-16 16:08:20.288158+00	0		
2209	26980	26935	10659354	0	2012-01-05 20:06:01.50744+00	0		
1175	26980	19864	9610348	0	2011-05-16 16:08:20.288158+00	0		
1177	26980	19864	9610349	0	2011-05-16 16:08:20.288158+00	0		
1222	26980	19864	9610353	0	2011-05-16 16:08:20.288158+00	0		
1425	26980	19864	9709410	0	2011-05-16 16:08:20.288158+00	0		
2213	26980	26935	10659355	0	2012-01-05 20:06:01.50744+00	0		
167	26980	19865	5335098	0	2011-05-16 16:08:20.288158+00	0		
17	26980	20394	6136981	0	2011-05-16 16:08:20.288158+00	0		
31	26980	20394	6136982	0	2011-05-16 16:08:20.288158+00	0		
172	26980	20394	6136983	0	2011-05-16 16:08:20.288158+00	0		
18	26980	20394	6136984	0	2011-05-16 16:08:20.288158+00	0		
170	26980	20394	6136985	0	2011-05-16 16:08:20.288158+00	0		
29	26980	20394	6136986	0	2011-05-16 16:08:20.288158+00	0		
41	26980	20394	6136989	0	2011-05-16 16:08:20.288158+00	0		
173	26980	20394	6136990	0	2011-05-16 16:08:20.288158+00	0		
180	26980	20394	6136991	0	2011-05-16 16:08:20.288158+00	0		
38	26980	20394	6136993	0	2011-05-16 16:08:20.288158+00	0		
168	26980	20395	6136981	0	2011-05-16 16:08:20.288158+00	0		
169	26980	20395	6136984	0	2011-05-16 16:08:20.288158+00	0		
174	26980	20395	6136987	0	2011-05-16 16:08:20.288158+00	0		
171	26980	20395	6136988	0	2011-05-16 16:08:20.288158+00	0		
176	26980	20395	6136992	0	2011-05-16 16:08:20.288158+00	0		
4388	26986	93263	14193065	0	2015-02-24 04:01:44.437193+00	0		
4389	26986	93263	14193066	0	2015-02-24 04:01:44.437193+00	0		
3934	26980	20900	12038574	0	2011-05-16 16:08:20.288158+00	0		
28	26980	21026	2419008	0	2011-05-16 16:08:20.288158+00	0		
32	26980	21627	6136988	0	2011-05-16 16:08:20.288158+00	0		
3966	26980	21935	11879035	0	2011-05-16 16:08:20.288158+00	0		
4197	26980	21935	11879074	0	2011-05-16 16:08:20.288158+00	0		
2695	26980	22228	2008484	0	2011-05-16 16:08:20.288158+00	0		
3959	26980	22776	11925524	0	2011-05-16 16:08:20.288158+00	0		
944	26980	19864	9610342	0	2011-08-11 21:00:08.295705+00	0		
1221	26980	19864	9610352	0	2011-08-29 02:00:19.681123+00	0		
3167	26980	22779	11727325	0	2011-05-16 16:08:20.288158+00	0		
200	26980	22791	5845909	0	2011-05-16 16:08:20.288158+00	0		
40	26980	22890	6136990	0	2011-05-16 16:08:20.288158+00	0		
34	26980	22890	6136991	0	2011-05-16 16:08:20.288158+00	0		
33	26980	22891	6136990	0	2011-05-16 16:08:20.288158+00	0		
2207	26980	23222	4292581	0	2011-05-16 16:08:20.288158+00	0		
2415	26980	23463	16496	0	2011-05-16 16:08:20.288158+00	0		
3418	26980	23463	1594460	0	2011-05-16 16:08:20.288158+00	0		
1908	26980	23463	2808544	0	2011-05-16 16:08:20.288158+00	0		
6627	26980	47734	125274	0	2014-11-04 00:00:10.170089+00	0		
10654	26980	98286	17202352	0	2014-12-29 16:00:56.957145+00	0		
4390	26986	93263	14193067	0	2015-02-24 04:01:44.437193+00	0		
1889	26980	23463	2808546	0	2011-05-16 16:08:20.288158+00	0		
2135	26980	23463	4808685	0	2011-05-16 16:08:20.288158+00	0		
2149	26980	23463	4808687	0	2011-05-16 16:08:20.288158+00	0		
1907	26980	23463	6267905	0	2011-05-16 16:08:20.288158+00	0		
37	26980	23463	6609963	0	2011-05-16 16:08:20.288158+00	0		
675	26980	23463	7051533	0	2011-05-16 16:08:20.288158+00	0		
1640	26980	23463	8109255	0	2011-05-16 16:08:20.288158+00	0		
808	26980	23463	8112779	0	2011-05-16 16:08:20.288158+00	0		
1066	26980	23463	8449639	0	2011-05-16 16:08:20.288158+00	0		
1267	26980	23463	8860586	0	2011-05-16 16:08:20.288158+00	0		
820	26980	23463	8962573	0	2011-05-16 16:08:20.288158+00	0		
815	26980	23463	8962578	0	2011-05-16 16:08:20.288158+00	0		
811	26980	23463	8962582	0	2011-05-16 16:08:20.288158+00	0		
809	26980	23463	8962584	0	2011-05-16 16:08:20.288158+00	0		
1746	26980	23463	9190172	0	2011-05-16 16:08:20.288158+00	0		
1744	26980	23463	9190173	0	2011-05-16 16:08:20.288158+00	0		
1263	26980	23463	9657790	0	2011-05-16 16:08:20.288158+00	0		
1271	26980	23463	9657792	0	2011-05-16 16:08:20.288158+00	0		
1576	26980	23463	9873944	0	2011-05-16 16:08:20.288158+00	0		
1574	26980	23463	9873945	0	2011-05-16 16:08:20.288158+00	0		
1570	26980	23463	9873946	0	2011-05-16 16:08:20.288158+00	0		
3495	26980	23463	11742878	0	2011-05-16 16:08:20.288158+00	0		
3494	26980	23463	11742882	0	2011-05-16 16:08:20.288158+00	0		
3219	26980	23463	11810154	0	2011-05-16 16:08:20.288158+00	0		
3685	26980	23463	11810160	0	2011-05-16 16:08:20.288158+00	0		
39	26980	24010	529224	0	2011-05-16 16:08:20.288158+00	0		
819	26980	23463	8962574	0	2014-12-18 21:02:04.640433+00	0		
813	26980	23463	8962580	0	2014-12-18 21:02:05.067133+00	0		
8388	26980	62084	6559216	0	2014-01-17 01:01:22.312089+00	0		
4069	26980	20493	691021	0	2011-09-01 16:00:08.730236+00	0		
1398	26980	24130	9709410	0	2011-05-16 16:08:20.288158+00	0		
1395	26980	24130	9709411	0	2011-05-16 16:08:20.288158+00	0		
1390	26980	24130	9709412	0	2011-05-16 16:08:20.288158+00	0		
1386	26980	24130	9709413	0	2011-05-16 16:08:20.288158+00	0		
6832	26980	40010	14092685	0	2013-05-24 00:00:10.24338+00	0		
443	26980	25341	8741278	0	2011-05-16 16:08:20.288158+00	0		
552	26980	22779	619562	0	2012-04-09 13:00:18.015823+00	0		
3204	26980	25591	11734826	0	2011-05-16 16:08:20.288158+00	0		
2033	26980	62029	413250	0	2012-07-19 22:06:18.618887+00	0		
3035	26980	25591	11734828	0	2011-05-16 16:08:20.288158+00	0		
3203	26980	25591	11734829	0	2011-05-16 16:08:20.288158+00	0		
4176	26980	20493	691020	0	2011-09-05 21:00:12.657939+00	0		
2217	26980	26935	10659356	0	2012-01-05 20:06:01.50744+00	0		
6940	26980	62029	561296	0	2013-05-31 17:00:28.062732+00	0		
812	26980	23463	8962581	0	2014-12-18 21:02:05.436563+00	0		
1854	26980	24130	298974	0	2013-06-04 15:00:10.595353+00	0		
1360	26980	24130	298975	0	2013-06-04 15:00:13.56443+00	0		
8764	26980	88288	284026	0	2014-12-17 09:01:37.605966+00	0		
1686	26980	24130	298977	0	2013-06-04 15:00:14.479606+00	0		
1680	26980	24130	298978	0	2013-06-04 15:00:14.977198+00	0		
1632	26980	24130	298980	0	2013-06-04 15:00:15.447365+00	0		
1849	26980	24130	298981	0	2013-06-04 15:00:15.857499+00	0		
670	26980	22779	619563	0	2013-06-11 02:00:13.123172+00	0		
3482	26980	25591	11734831	0	2011-05-16 16:08:20.288158+00	0		
3676	26980	25591	11734832	0	2011-05-16 16:08:20.288158+00	0		
3036	26980	25591	11734833	0	2011-05-16 16:08:20.288158+00	0		
3485	26980	25591	11734834	0	2011-05-16 16:08:20.288158+00	0		
3674	26980	25591	11734836	0	2011-05-16 16:08:20.288158+00	0		
3299	26980	25591	11766647	0	2011-05-16 16:08:20.288158+00	0		
3303	26980	25591	11766648	0	2011-05-16 16:08:20.288158+00	0		
3046	26980	25591	11810249	0	2011-05-16 16:08:20.288158+00	0		
3359	26980	25591	11995623	0	2011-05-16 16:08:20.288158+00	0		
2205	26980	26935	10659353	0	2012-01-05 20:06:01.50744+00	0		
2133	26980	26163	10660015	0	2011-05-16 16:08:20.288158+00	0		
2216	26980	26163	10660016	0	2011-05-16 16:08:20.288158+00	0		
2052	26980	26163	10660017	0	2011-05-16 16:08:20.288158+00	0		
2177	26980	26163	10660018	0	2011-05-16 16:08:20.288158+00	0		
2036	26980	26163	10660019	0	2011-05-16 16:08:20.288158+00	0		
2169	26980	26163	10660020	0	2011-05-16 16:08:20.288158+00	0		
2020	26980	26163	10660021	0	2011-05-16 16:08:20.288158+00	0		
1835	26980	26163	10660022	0	2011-05-16 16:08:20.288158+00	0		
4872	26980	56091	13521617	0	2012-05-27 11:00:20.814876+00	0		
4886	26980	56091	13590529	0	2012-06-01 10:00:18.545812+00	0		
4897	26980	56091	13631546	0	2012-06-16 13:00:15.981442+00	0		
810	26980	23463	8962583	0	2014-12-18 21:02:05.808609+00	0		
4909	51062	68561	13702316	0	2012-07-11 07:00:18.263208+00	0		
1937	26980	62029	710416	0	2012-07-19 22:06:18.618887+00	0		
3138	26980	27303	6815929	0	2011-05-16 16:08:20.288158+00	0		
2985	26980	27303	6815930	0	2011-05-16 16:08:20.288158+00	0		
3602	26980	27303	6815931	0	2011-05-16 16:08:20.288158+00	0		
3273	26980	27303	6815932	0	2011-05-16 16:08:20.288158+00	0		
3601	26980	27303	6815933	0	2011-05-16 16:08:20.288158+00	0		
3600	26980	27303	6815934	0	2011-05-16 16:08:20.288158+00	0		
3429	26980	27303	6815935	0	2011-05-16 16:08:20.288158+00	0		
3272	26980	27303	6815936	0	2011-05-16 16:08:20.288158+00	0		
3137	26980	27303	6815937	0	2011-05-16 16:08:20.288158+00	0		
2984	26980	27303	6815938	0	2011-05-16 16:08:20.288158+00	0		
3599	26980	27303	6815939	0	2011-05-16 16:08:20.288158+00	0		
3428	26980	27303	6815940	0	2011-05-16 16:08:20.288158+00	0		
3271	26980	27303	6815941	0	2011-05-16 16:08:20.288158+00	0		
2653	26980	27303	6965809	0	2011-05-16 16:08:20.288158+00	0		
2544	26980	27303	6965810	0	2011-05-16 16:08:20.288158+00	0		
2635	26980	27303	6965811	0	2011-05-16 16:08:20.288158+00	0		
2543	26980	27303	6965812	0	2011-05-16 16:08:20.288158+00	0		
2542	26980	27303	6965813	0	2011-05-16 16:08:20.288158+00	0		
2310	26980	27459	8396824	0	2013-01-24 21:11:10.501065+00	0		
2800	26980	27303	6965815	0	2011-05-16 16:08:20.288158+00	0		
2498	26980	27303	6965816	0	2011-05-16 16:08:20.288158+00	0		
2851	26980	27303	6965817	0	2011-05-16 16:08:20.288158+00	0		
2541	26980	27303	6965818	0	2011-05-16 16:08:20.288158+00	0		
4911	26980	62038	506494	0	2013-06-26 19:00:18.526302+00	0		
2688	26980	27303	6965820	0	2011-05-16 16:08:20.288158+00	0		
1471	26980	27303	7088175	0	2011-05-16 16:08:20.288158+00	0		
1467	26980	27303	7088177	0	2011-05-16 16:08:20.288158+00	0		
1465	26980	27303	7088178	0	2011-05-16 16:08:20.288158+00	0		
1463	26980	27303	7088179	0	2011-05-16 16:08:20.288158+00	0		
303	26980	27303	7169453	0	2011-05-16 16:08:20.288158+00	0		
1858	26980	24130	298971	0	2014-08-19 18:01:38.115272+00	0		
821	26980	23463	8962572	0	2014-12-19 02:00:46.054988+00	0		
3243	26980	24037	304722	0	2014-10-12 04:00:13.222573+00	0		
818	26980	23463	8962575	0	2014-12-19 02:00:46.441018+00	0		
817	26980	23463	8962576	0	2014-12-19 02:00:46.823965+00	0		
10657	26980	98286	17202355	0	2014-12-29 16:00:57.039672+00	0		
10658	26980	98286	17202356	0	2014-12-29 16:00:57.061082+00	0		
289	26980	27303	7169454	0	2011-05-16 16:08:20.288158+00	0		
301	26980	27303	7169455	0	2011-05-16 16:08:20.288158+00	0		
285	26980	27303	7169456	0	2011-05-16 16:08:20.288158+00	0		
281	26980	27303	7169457	0	2011-05-16 16:08:20.288158+00	0		
299	26980	27303	7169458	0	2011-05-16 16:08:20.288158+00	0		
297	26980	27303	7169459	0	2011-05-16 16:08:20.288158+00	0		
277	26980	27303	7169460	0	2011-05-16 16:08:20.288158+00	0		
296	26980	27303	7169461	0	2011-05-16 16:08:20.288158+00	0		
273	26980	27303	7169462	0	2011-05-16 16:08:20.288158+00	0		
294	26980	27303	7169463	0	2011-05-16 16:08:20.288158+00	0		
269	26980	27303	7169464	0	2011-05-16 16:08:20.288158+00	0		
292	26980	27303	7169465	0	2011-05-16 16:08:20.288158+00	0		
136	26980	27303	7169466	0	2011-05-16 16:08:20.288158+00	0		
265	26980	27303	7169467	0	2011-05-16 16:08:20.288158+00	0		
128	26980	27303	7169468	0	2011-05-16 16:08:20.288158+00	0		
261	26980	27303	7169469	0	2011-05-16 16:08:20.288158+00	0		
108	26980	27303	7169470	0	2011-05-16 16:08:20.288158+00	0		
257	26980	27303	7169471	0	2011-05-16 16:08:20.288158+00	0		
102	26980	27303	7169472	0	2011-05-16 16:08:20.288158+00	0		
252	26980	27303	7169473	0	2011-05-16 16:08:20.288158+00	0		
1493	26980	27303	8178187	0	2011-05-16 16:08:20.288158+00	0		
1491	26980	27303	8178188	0	2011-05-16 16:08:20.288158+00	0		
1489	26980	27303	8178189	0	2011-05-16 16:08:20.288158+00	0		
1487	26980	27303	8178190	0	2011-05-16 16:08:20.288158+00	0		
1485	26980	27303	8178191	0	2011-05-16 16:08:20.288158+00	0		
1483	26980	27303	8178192	0	2011-05-16 16:08:20.288158+00	0		
1475	26980	27303	8758360	0	2011-05-16 16:08:20.288158+00	0		
1474	26980	27303	8758361	0	2011-05-16 16:08:20.288158+00	0		
1473	26980	27303	8758362	0	2011-05-16 16:08:20.288158+00	0		
4206	26980	25591	12307489	0	2011-09-04 01:00:22.338749+00	0		
1477	26980	27303	9603453	0	2011-05-16 16:08:20.288158+00	0		
1274	26980	27303	9758890	0	2011-05-16 16:08:20.288158+00	0		
1833	26980	27303	10499476	0	2011-05-16 16:08:20.288158+00	0		
2002	26980	27303	10499477	0	2011-05-16 16:08:20.288158+00	0		
1827	26980	27303	10499478	0	2011-05-16 16:08:20.288158+00	0		
1998	26980	27303	10499479	0	2011-05-16 16:08:20.288158+00	0		
2882	26980	27303	10937255	0	2011-05-16 16:08:20.288158+00	0		
2784	26980	27303	10937256	0	2011-05-16 16:08:20.288158+00	0		
2734	26980	27303	10937257	0	2011-05-16 16:08:20.288158+00	0		
2526	26980	27303	10937258	0	2011-05-16 16:08:20.288158+00	0		
2684	26980	27303	10937259	0	2011-05-16 16:08:20.288158+00	0		
2836	26980	27303	10937260	0	2011-05-16 16:08:20.288158+00	0		
2910	26980	27303	11116452	0	2011-05-16 16:08:20.288158+00	0		
2758	26980	27303	11116453	0	2011-05-16 16:08:20.288158+00	0		
2757	26980	27303	11116454	0	2011-05-16 16:08:20.288158+00	0		
2392	26980	27303	11116455	0	2011-05-16 16:08:20.288158+00	0		
2504	26980	27303	11116456	0	2011-05-16 16:08:20.288158+00	0		
2713	26980	27303	11116545	0	2011-05-16 16:08:20.288158+00	0		
2712	26980	27303	11116546	0	2011-05-16 16:08:20.288158+00	0		
2711	26980	27303	11116547	0	2011-05-16 16:08:20.288158+00	0		
2808	26980	27303	11116548	0	2011-05-16 16:08:20.288158+00	0		
2507	26980	27303	11198757	0	2011-05-16 16:08:20.288158+00	0		
2810	26980	27303	11198758	0	2011-05-16 16:08:20.288158+00	0		
2860	26980	27303	11198759	0	2011-05-16 16:08:20.288158+00	0		
341	26980	27310	7169453	0	2011-05-16 16:08:20.288158+00	0		
339	26980	27310	7169454	0	2011-05-16 16:08:20.288158+00	0		
337	26980	27310	7169455	0	2011-05-16 16:08:20.288158+00	0		
335	26980	27310	7169456	0	2011-05-16 16:08:20.288158+00	0		
333	26980	27310	7169457	0	2011-05-16 16:08:20.288158+00	0		
331	26980	27310	7169458	0	2011-05-16 16:08:20.288158+00	0		
329	26980	27310	7169459	0	2011-05-16 16:08:20.288158+00	0		
327	26980	27310	7169460	0	2011-05-16 16:08:20.288158+00	0		
325	26980	27310	7169461	0	2011-05-16 16:08:20.288158+00	0		
323	26980	27310	7169462	0	2011-05-16 16:08:20.288158+00	0		
1469	26980	27303	7088176	0	2014-04-20 20:00:11.785953+00	0		
8389	26980	62084	6559215	0	2014-02-02 07:00:28.256195+00	0		
4904	26980	56091	13695631	0	2012-07-09 10:00:17.137317+00	0		
4910	51066	68561	13702317	0	2012-07-11 07:00:19.313057+00	0		
3393	26980	50303	3577122	0	2013-05-21 00:00:09.624454+00	0		
6941	26980	39262	561297	0	2013-05-31 17:00:28.120161+00	0		
1481	26980	27303	9603449	0	2014-04-20 19:00:33.498849+00	0		
321	26980	27310	7169463	0	2011-05-16 16:08:20.288158+00	0		
319	26980	27310	7169464	0	2011-05-16 16:08:20.288158+00	0		
317	26980	27310	7169465	0	2011-05-16 16:08:20.288158+00	0		
315	26980	27310	7169466	0	2011-05-16 16:08:20.288158+00	0		
313	26980	27310	7169467	0	2011-05-16 16:08:20.288158+00	0		
311	26980	27310	7169468	0	2011-05-16 16:08:20.288158+00	0		
309	26980	27310	7169469	0	2011-05-16 16:08:20.288158+00	0		
307	26980	27310	7169470	0	2011-05-16 16:08:20.288158+00	0		
291	26980	27310	7169471	0	2011-05-16 16:08:20.288158+00	0		
305	26980	27310	7169472	0	2011-05-16 16:08:20.288158+00	0		
290	26980	27310	7169473	0	2011-05-16 16:08:20.288158+00	0		
244	26980	27312	7169455	0	2011-05-16 16:08:20.288158+00	0		
208	26980	27312	7169459	0	2011-05-16 16:08:20.288158+00	0		
92	26980	27312	7169461	0	2011-05-16 16:08:20.288158+00	0		
236	26980	27312	7169463	0	2011-05-16 16:08:20.288158+00	0		
228	26980	27312	7169466	0	2011-05-16 16:08:20.288158+00	0		
199	26980	27312	7169467	0	2011-05-16 16:08:20.288158+00	0		
73	26980	27312	7169470	0	2011-05-16 16:08:20.288158+00	0		
216	26980	27312	7169473	0	2011-05-16 16:08:20.288158+00	0		
1448	26980	27312	9758901	0	2011-05-16 16:08:20.288158+00	0		
2652	26980	27375	6965809	0	2011-05-16 16:08:20.288158+00	0		
2799	26980	27375	6965810	0	2011-05-16 16:08:20.288158+00	0		
2787	26980	27375	6965811	0	2011-05-16 16:08:20.288158+00	0		
2651	26980	27375	6965812	0	2011-05-16 16:08:20.288158+00	0		
2650	26980	27375	6965813	0	2011-05-16 16:08:20.288158+00	0		
2066	26980	62029	774030	0	2015-02-06 18:02:21.052944+00	0		
2497	26980	27375	6965815	0	2011-05-16 16:08:20.288158+00	0		
2648	26980	27375	6965816	0	2011-05-16 16:08:20.288158+00	0		
2677	26980	27375	6965817	0	2011-05-16 16:08:20.288158+00	0		
2647	26980	27375	6965818	0	2011-05-16 16:08:20.288158+00	0		
2533	26980	27375	6965820	0	2011-05-16 16:08:20.288158+00	0		
1472	26980	27375	7088175	0	2011-05-16 16:08:20.288158+00	0		
1468	26980	27375	7088177	0	2011-05-16 16:08:20.288158+00	0		
1466	26980	27375	7088178	0	2011-05-16 16:08:20.288158+00	0		
1464	26980	27375	7088179	0	2011-05-16 16:08:20.288158+00	0		
80	26980	27375	7169453	0	2011-05-16 16:08:20.288158+00	0		
201	26980	27375	7169457	0	2011-05-16 16:08:20.288158+00	0		
203	26980	27375	7169460	0	2011-05-16 16:08:20.288158+00	0		
74	26980	27375	7169465	0	2011-05-16 16:08:20.288158+00	0		
77	26980	27375	7169471	0	2011-05-16 16:08:20.288158+00	0		
1494	26980	27375	8178187	0	2011-05-16 16:08:20.288158+00	0		
1492	26980	27375	8178188	0	2011-05-16 16:08:20.288158+00	0		
1490	26980	27375	8178189	0	2011-05-16 16:08:20.288158+00	0		
1488	26980	27375	8178190	0	2011-05-16 16:08:20.288158+00	0		
1486	26980	27375	8178191	0	2011-05-16 16:08:20.288158+00	0		
2058	26980	62029	774031	0	2015-02-06 18:02:24.935303+00	0		
4912	26980	62038	506495	0	2014-12-13 08:00:56.964345+00	0		
1484	26980	27375	8178192	0	2011-05-16 16:08:20.288158+00	0		
1423	26980	27375	8664645	0	2011-05-16 16:08:20.288158+00	0		
2155	26980	27375	10499476	0	2011-05-16 16:08:20.288158+00	0		
1963	26980	27375	10499477	0	2011-05-16 16:08:20.288158+00	0		
2153	26980	27375	10499478	0	2011-05-16 16:08:20.288158+00	0		
1961	26980	27375	10499479	0	2011-05-16 16:08:20.288158+00	0		
2792	26980	27375	10937255	0	2011-05-16 16:08:20.288158+00	0		
2791	26980	27375	10937256	0	2011-05-16 16:08:20.288158+00	0		
2841	26980	27375	10937257	0	2011-05-16 16:08:20.288158+00	0		
2687	26980	27375	10937258	0	2011-05-16 16:08:20.288158+00	0		
2141	26980	27375	10937259	0	2011-05-16 16:08:20.288158+00	0		
2680	26980	27375	10937260	0	2011-05-16 16:08:20.288158+00	0		
2807	26980	27375	11116452	0	2011-05-16 16:08:20.288158+00	0		
2844	26980	27375	11116453	0	2011-05-16 16:08:20.288158+00	0		
2710	26980	27375	11116454	0	2011-05-16 16:08:20.288158+00	0		
2553	26980	27375	11116455	0	2011-05-16 16:08:20.288158+00	0		
2505	26980	27375	11116456	0	2011-05-16 16:08:20.288158+00	0		
2759	26980	27375	11116545	0	2011-05-16 16:08:20.288158+00	0		
2555	26980	27375	11116546	0	2011-05-16 16:08:20.288158+00	0		
2554	26980	27375	11116547	0	2011-05-16 16:08:20.288158+00	0		
2660	26980	27375	11116548	0	2011-05-16 16:08:20.288158+00	0		
2560	26980	27375	11198757	0	2011-05-16 16:08:20.288158+00	0		
2662	26980	27375	11198758	0	2011-05-16 16:08:20.288158+00	0		
2911	26980	27375	11198759	0	2011-05-16 16:08:20.288158+00	0		
8390	26980	87455	15681364	0	2014-01-18 15:00:27.883098+00	0		
1619	26980	37619	7696147	0	2011-07-30 19:03:18.843581+00	0		
3246	26980	27377	9772698	0	2011-05-16 16:08:20.288158+00	0		
3398	26980	27377	9772699	0	2011-05-16 16:08:20.288158+00	0		
3565	26980	27377	9772701	0	2011-05-16 16:08:20.288158+00	0		
3564	26980	27377	9772704	0	2011-05-16 16:08:20.288158+00	0		
3563	26980	27377	9772705	0	2011-05-16 16:08:20.288158+00	0		
3241	26980	27377	9772706	0	2011-05-16 16:08:20.288158+00	0		
2946	26980	27377	9772877	0	2011-05-16 16:08:20.288158+00	0		
2945	26980	27377	9772878	0	2011-05-16 16:08:20.288158+00	0		
2944	26980	27377	9772879	0	2011-05-16 16:08:20.288158+00	0		
2943	26980	27377	9772880	0	2011-05-16 16:08:20.288158+00	0		
2942	26980	27377	9772881	0	2011-05-16 16:08:20.288158+00	0		
2941	26980	27377	9772882	0	2011-05-16 16:08:20.288158+00	0		
2939	26980	27377	9772884	0	2011-05-16 16:08:20.288158+00	0		
3096	26980	27377	9772885	0	2011-05-16 16:08:20.288158+00	0		
3094	26980	27377	9772886	0	2011-05-16 16:08:20.288158+00	0		
2646	26980	27375	6965819	0	2013-05-11 16:00:11.103127+00	0		
2509	26980	27377	11091894	0	2011-05-16 16:08:20.288158+00	0		
2664	26980	27377	11091895	0	2011-05-16 16:08:20.288158+00	0		
2812	26980	27377	11091896	0	2011-05-16 16:08:20.288158+00	0		
2915	26980	27377	11091897	0	2011-05-16 16:08:20.288158+00	0		
2862	26980	27377	11091898	0	2011-05-16 16:08:20.288158+00	0		
2760	26980	27377	11091899	0	2011-05-16 16:08:20.288158+00	0		
2717	26980	27377	11091900	0	2011-05-16 16:08:20.288158+00	0		
2718	26980	27377	11091901	0	2011-05-16 16:08:20.288158+00	0		
2363	26980	27377	10357746	0	2011-05-18 21:00:21.737862+00	0		
1565	26980	27377	10357747	0	2011-05-18 21:00:22.245286+00	0		
2357	26980	27377	10357753	0	2011-05-18 22:00:27.646197+00	0		
2358	26980	27377	10357752	0	2011-05-18 22:00:27.826885+00	0		
2362	26980	27377	10357748	0	2011-05-18 22:00:28.901849+00	0		
2361	26980	27377	10357749	0	2011-05-18 22:00:29.081053+00	0		
2364	26980	27377	10357745	0	2011-05-18 22:00:29.278447+00	0		
2354	26980	27377	10357756	0	2011-05-18 22:00:29.760337+00	0		
2360	26980	27377	10357750	0	2011-05-18 22:00:30.800254+00	0		
2355	26980	27377	10357755	0	2011-05-18 22:00:31.683809+00	0		
2359	26980	27377	10357751	0	2011-05-18 22:00:32.076254+00	0		
2352	26980	27377	10357758	0	2011-05-19 13:00:20.92331+00	0		
1470	26980	27375	7088176	0	2014-04-20 20:00:11.785953+00	0		
1676	26980	27377	298979	0	2011-05-26 21:01:19.497667+00	0		
1185	26980	27377	1861887	0	2011-05-26 21:01:19.915615+00	0		
1242	26980	27377	1861900	0	2011-05-27 05:01:05.407516+00	0		
1205	26980	27377	1861896	0	2011-05-27 05:01:08.411524+00	0		
1364	26980	27377	298974	0	2013-06-04 15:00:10.595353+00	0		
1853	26980	27377	298975	0	2013-06-04 15:00:13.56443+00	0		
1850	26980	27377	298977	0	2013-06-04 15:00:14.479606+00	0		
1684	26980	27377	298978	0	2013-06-04 15:00:14.977198+00	0		
1668	26980	27377	298980	0	2013-06-04 15:00:15.447365+00	0		
1345	26980	27377	298981	0	2013-06-04 15:00:15.857499+00	0		
1233	26980	27377	1861888	0	2014-02-06 21:01:23.75178+00	0		
