27343	27034	185	809031	0	2013-04-29 10:00:38.832964+00	0		
8964	27034	38	592329	0	2011-05-16 16:31:52.155025+00	0		
20899	27034	63	191894	0	2011-05-16 16:31:52.155025+00	0		
17837	27034	74	503295	0	2011-05-16 16:31:52.155025+00	0		
21815	27034	102	189187	0	2011-05-16 16:31:52.155025+00	0		
4438	27036	38156	600090	0	2013-05-15 21:01:09.52142+00	0		
21301	27034	592	647138	0	2013-09-01 19:01:00.693773+00	0		
6101	27034	139	314416	0	2011-05-16 16:31:52.155025+00	0		
12755	27034	141	203133	0	2011-05-16 16:31:52.155025+00	0		
13341	27034	144	645817	0	2011-05-16 16:31:52.155025+00	0		
24304	27034	203	187883	0	2011-05-16 16:31:52.155025+00	0		
32684	27037	61561	984091	0	2011-10-30 16:51:13.800561+00	0		
32747	27037	4743	985859	0	2011-11-02 22:03:36.367706+00	0		
6628	27034	241	614504	0	2011-05-16 16:31:52.155025+00	0		
24333	27034	257	187909	0	2011-05-16 16:31:52.155025+00	0		
23849	27034	326	188025	0	2011-05-16 16:31:52.155025+00	0		
23850	27034	326	188026	0	2011-05-16 16:31:52.155025+00	0		
23236	27034	364	188102	0	2011-05-16 16:31:52.155025+00	0		
12837	27034	365	471042	0	2011-05-16 16:31:52.155025+00	0		
23552	27034	383	188131	0	2011-05-16 16:31:52.155025+00	0		
23553	27034	386	188133	0	2011-05-16 16:31:52.155025+00	0		
23092	27034	484	188405	0	2011-05-16 16:31:52.155025+00	0		
25411	27034	484	530401	0	2011-05-16 16:31:52.155025+00	0		
23097	27034	490	188440	0	2011-05-16 16:31:52.155025+00	0		
23098	27034	490	188442	0	2011-05-16 16:31:52.155025+00	0		
16665	27034	492	188445	0	2011-05-16 16:31:52.155025+00	0		
16660	27034	499	188468	0	2011-05-16 16:31:52.155025+00	0		
19956	27034	510	194098	0	2011-05-16 16:31:52.155025+00	0		
29222	27034	518	881317	0	2011-05-16 16:31:52.155025+00	0		
22464	27034	523	188529	0	2011-05-16 16:31:52.155025+00	0		
22470	27034	525	188536	0	2011-05-16 16:31:52.155025+00	0		
7095	27034	551	625916	0	2011-05-16 16:31:52.155025+00	0		
24496	27034	600	188673	0	2011-05-16 16:31:52.155025+00	0		
23368	27034	629	188728	0	2011-05-16 16:31:52.155025+00	0		
7719	27034	632	610877	0	2011-05-16 16:31:52.155025+00	0		
24630	27034	633	188733	0	2011-05-16 16:31:52.155025+00	0		
34990	27037	38204	999521	0	2014-11-17 23:28:52.753325+00	0		
23369	27034	636	188739	0	2011-05-16 16:31:52.155025+00	0		
10168	27034	652	737128	0	2011-05-16 16:31:52.155025+00	0		
23862	27034	662	188804	0	2011-05-16 16:31:52.155025+00	0		
1735	27034	671	309385	0	2011-05-16 16:31:52.155025+00	0		
18382	27034	681	193593	0	2011-05-16 16:31:52.155025+00	0		
18322	27034	681	590015	0	2011-05-16 16:31:52.155025+00	0		
23567	27034	397	188146	0	2014-03-31 05:00:19.443932+00	0		
65366	27036	87337	2339071	0	2014-01-09 01:59:31.471628+00	0		
24778	27034	699	188858	0	2011-05-16 16:31:52.155025+00	0		
23388	27034	699	188859	0	2011-05-16 16:31:52.155025+00	0		
730	27034	724	452265	0	2011-05-16 16:31:52.155025+00	0		
4029	27034	740	248682	0	2011-05-16 16:31:52.155025+00	0		
19472	27034	754	193078	0	2011-05-16 16:31:52.155025+00	0		
23828	27034	756	189470	0	2011-05-16 16:31:52.155025+00	0		
20888	27034	761	190497	0	2011-05-16 16:31:52.155025+00	0		
19808	27034	771	192607	0	2011-05-16 16:31:52.155025+00	0		
19809	27034	771	192608	0	2011-05-16 16:31:52.155025+00	0		
17246	27037	21908	682287	0	2011-11-17 00:00:24.786445+00	0		
22158	27034	778	189016	0	2011-05-16 16:31:52.155025+00	0		
19807	27034	778	192606	0	2011-05-16 16:31:52.155025+00	0		
9608	27034	778	703011	0	2011-05-16 16:31:52.155025+00	0		
1084	27034	827	262208	0	2011-05-16 16:31:52.155025+00	0		
21818	27034	850	189194	0	2011-05-16 16:31:52.155025+00	0		
19972	27034	874	194616	0	2011-05-16 16:31:52.155025+00	0		
5621	27034	874	270116	0	2011-05-16 16:31:52.155025+00	0		
6090	27034	875	270124	0	2011-05-16 16:31:52.155025+00	0		
21992	27034	887	189262	0	2011-05-16 16:31:52.155025+00	0		
9250	27034	942	487770	0	2011-05-16 16:31:52.155025+00	0		
18559	27034	988	193870	0	2011-05-16 16:31:52.155025+00	0		
23375	27034	1027	189598	0	2011-05-16 16:31:52.155025+00	0		
21971	27034	1041	189631	0	2011-05-16 16:31:52.155025+00	0		
22275	27034	1046	189643	0	2011-05-16 16:31:52.155025+00	0		
21837	27034	1047	189645	0	2011-05-16 16:31:52.155025+00	0		
22730	27034	1048	189649	0	2011-05-16 16:31:52.155025+00	0		
18369	27034	1067	194782	0	2011-05-16 16:31:52.155025+00	0		
16184	27034	1136	191912	0	2011-05-16 16:31:52.155025+00	0		
23253	27034	4	188119	0	2012-06-04 15:09:36.21029+00	0		
12130	27034	1182	216857	0	2011-05-16 16:31:52.155025+00	0		
7684	27034	1187	440058	0	2011-05-16 16:31:52.155025+00	0		
18379	27034	1195	193590	0	2011-05-16 16:31:52.155025+00	0		
26924	27034	1204	794738	0	2011-05-16 16:31:52.155025+00	0		
21222	27034	1220	190033	0	2011-05-16 16:31:52.155025+00	0		
22770	27034	1220	190034	0	2011-05-16 16:31:52.155025+00	0		
22628	27034	1226	190039	0	2011-05-16 16:31:52.155025+00	0		
21224	27034	1228	190040	0	2011-05-16 16:31:52.155025+00	0		
22775	27034	1228	190043	0	2011-05-16 16:31:52.155025+00	0		
22777	27034	1228	190050	0	2011-05-16 16:31:52.155025+00	0		
20749	27034	1342	190329	0	2011-05-16 16:31:52.155025+00	0		
6406	27034	1354	277259	0	2011-05-16 16:31:52.155025+00	0		
1111	27034	1356	309332	0	2011-05-16 16:31:52.155025+00	0		
1264	27034	1356	309374	0	2011-05-16 16:31:52.155025+00	0		
23268	27034	1365	301505	0	2011-05-16 16:31:52.155025+00	0		
26902	27034	1390	794373	0	2011-05-16 16:31:52.155025+00	0		
22424	27034	1398	190502	0	2011-05-16 16:31:52.155025+00	0		
22423	27034	1398	190503	0	2011-05-16 16:31:52.155025+00	0		
22418	27034	1398	190504	0	2011-05-16 16:31:52.155025+00	0		
20900	27034	1400	190520	0	2011-05-16 16:31:52.155025+00	0		
16229	27034	1401	190518	0	2011-05-16 16:31:52.155025+00	0		
16222	27034	1408	190533	0	2011-05-16 16:31:52.155025+00	0		
21510	27034	1408	190534	0	2011-05-16 16:31:52.155025+00	0		
21495	27034	1408	190535	0	2011-05-16 16:31:52.155025+00	0		
21494	27034	1408	190536	0	2011-05-16 16:31:52.155025+00	0		
21326	27034	1412	190554	0	2011-05-16 16:31:52.155025+00	0		
16344	27034	1458	190687	0	2011-05-16 16:31:52.155025+00	0		
20412	27034	1466	191074	0	2011-05-16 16:31:52.155025+00	0		
15356	27034	1472	574917	0	2011-05-16 16:31:52.155025+00	0		
18706	27034	1485	199768	0	2011-05-16 16:31:52.155025+00	0		
11217	27034	1494	220715	0	2011-05-16 16:31:52.155025+00	0		
1325	27034	1534	643454	0	2011-05-16 16:31:52.155025+00	0		
15763	27034	1621	191236	0	2011-05-16 16:31:52.155025+00	0		
1198	27034	1642	452265	0	2011-05-16 16:31:52.155025+00	0		
15635	27034	743	409377	0	2011-06-16 14:02:39.609886+00	0		
16554	27034	124	304383	0	2013-10-11 19:01:18.026618+00	0		
15669	27034	690	574994	0	2011-08-27 22:00:13.869451+00	0		
31573	27038	21908	946455	0	2011-11-17 00:00:24.786445+00	0		
32767	27037	27574	985947	0	2011-11-02 23:43:01.020265+00	0		
25126	27034	13	187527	0	2014-10-15 18:13:16.361338+00	0		
20496	27034	1063	535160	0	2015-03-07 19:31:00.531718+00	0		
22144	27034	1825	188984	0	2011-11-10 04:00:09.444045+00	0		
2619	27034	95	250562	0	2011-12-25 10:03:55.711903+00	0		
23383	27034	491	188841	0	2015-07-20 10:03:03.426556+00	0		
3460	27034	109	344894	0	2013-03-21 04:00:16.487261+00	0		
22108	27034	746	188940	0	2012-06-14 00:03:40.084822+00	0		
45179	27036	69230	1435771	0	2012-07-31 17:00:18.100744+00	0		
4828	27034	67	238990	0	2013-01-15 15:14:46.850745+00	0		
23219	27034	500	188474	0	2013-10-29 21:00:31.061734+00	0		
19805	27034	235	192604	0	2013-04-14 18:01:05.95051+00	0		
23385	27034	696	188849	0	2014-01-01 16:00:42.39273+00	0		
12451	27034	1643	209008	0	2011-05-16 16:31:52.155025+00	0		
27038	27034	1645	808150	0	2011-05-16 16:31:52.155025+00	0		
2858	27034	1706	510647	0	2011-05-16 16:31:52.155025+00	0		
20714	27034	1723	191623	0	2011-05-16 16:31:52.155025+00	0		
20715	27034	1723	191624	0	2011-05-16 16:31:52.155025+00	0		
15912	27034	1746	191658	0	2011-05-16 16:31:52.155025+00	0		
4486	27034	1757	241623	0	2011-05-16 16:31:52.155025+00	0		
5731	27034	1793	234699	0	2011-05-16 16:31:52.155025+00	0		
16526	27034	1817	204530	0	2011-05-16 16:31:52.155025+00	0		
19370	27034	1818	316800	0	2011-05-16 16:31:52.155025+00	0		
16069	27034	1874	192065	0	2011-05-16 16:31:52.155025+00	0		
16068	27034	1878	192067	0	2011-05-16 16:31:52.155025+00	0		
16061	27034	1891	192088	0	2011-05-16 16:31:52.155025+00	0		
26925	27034	1906	794735	0	2011-05-16 16:31:52.155025+00	0		
26473	27034	1911	783020	0	2011-05-16 16:31:52.155025+00	0		
19641	27034	1948	192308	0	2011-05-16 16:31:52.155025+00	0		
2713	27034	1955	560401	0	2011-05-16 16:31:52.155025+00	0		
19650	27034	1959	192342	0	2011-05-16 16:31:52.155025+00	0		
19806	27034	1959	192605	0	2011-05-16 16:31:52.155025+00	0		
19768	27034	1982	192421	0	2011-05-16 16:31:52.155025+00	0		
20256	27034	2022	192519	0	2011-05-16 16:31:52.155025+00	0		
19767	27034	2026	192528	0	2011-05-16 16:31:52.155025+00	0		
20260	27034	2026	192529	0	2011-05-16 16:31:52.155025+00	0		
4817	27034	2031	238962	0	2011-05-16 16:31:52.155025+00	0		
13226	27036	15087	202029	0	2011-11-17 00:00:27.540233+00	0		
19794	27034	2041	192593	0	2011-05-16 16:31:52.155025+00	0		
19804	27034	2046	192349	0	2011-05-16 16:31:52.155025+00	0		
15439	27034	2048	192602	0	2011-05-16 16:31:52.155025+00	0		
4385	27034	2052	314175	0	2011-05-16 16:31:52.155025+00	0		
44001	30135	57890	1417171	0	2012-07-17 17:00:20.758716+00	0		
26681	27034	2103	797086	0	2011-05-16 16:31:52.155025+00	0		
11901	27034	2162	474850	0	2011-05-16 16:31:52.155025+00	0		
19326	27034	2191	192988	0	2011-05-16 16:31:52.155025+00	0		
19327	27034	2191	192989	0	2011-05-16 16:31:52.155025+00	0		
19328	27034	2191	192990	0	2011-05-16 16:31:52.155025+00	0		
29075	27034	2191	862689	0	2011-05-16 16:31:52.155025+00	0		
19333	27034	2194	192997	0	2011-05-16 16:31:52.155025+00	0		
19342	27034	2197	193013	0	2011-05-16 16:31:52.155025+00	0		
19346	27034	2200	193017	0	2011-05-16 16:31:52.155025+00	0		
19347	27034	2200	193018	0	2011-05-16 16:31:52.155025+00	0		
19351	27034	2202	193022	0	2011-05-16 16:31:52.155025+00	0		
19352	27034	2202	193023	0	2011-05-16 16:31:52.155025+00	0		
25271	27034	2205	287479	0	2011-05-16 16:31:52.155025+00	0		
18385	27034	2220	193597	0	2011-05-16 16:31:52.155025+00	0		
18386	27034	2223	193597	0	2011-05-16 16:31:52.155025+00	0		
5988	27034	2243	551265	0	2011-05-16 16:31:52.155025+00	0		
18384	27034	2262	193594	0	2011-05-16 16:31:52.155025+00	0		
1489	27034	2264	679434	0	2011-05-16 16:31:52.155025+00	0		
18722	27034	2315	199394	0	2011-05-16 16:31:52.155025+00	0		
28794	27034	2318	865908	0	2011-05-16 16:31:52.155025+00	0		
8547	27034	2333	216602	0	2011-05-16 16:31:52.155025+00	0		
3386	27034	2375	244711	0	2011-05-16 16:31:52.155025+00	0		
2901	27034	2422	718533	0	2011-05-16 16:31:52.155025+00	0		
18378	27034	2433	193590	0	2011-05-16 16:31:52.155025+00	0		
14979	27034	2717	194523	0	2011-05-16 16:31:52.155025+00	0		
16994	27034	2872	194960	0	2011-05-16 16:31:52.155025+00	0		
5929	27034	2904	236323	0	2011-05-16 16:31:52.155025+00	0		
19977	27034	2944	195144	0	2011-05-16 16:31:52.155025+00	0		
7099	27034	2944	639808	0	2011-05-16 16:31:52.155025+00	0		
22149	27034	2977	195237	0	2011-05-16 16:31:52.155025+00	0		
13394	27034	2991	199926	0	2011-05-16 16:31:52.155025+00	0		
16579	27034	3032	462464	0	2011-05-16 16:31:52.155025+00	0		
5917	27034	3033	236336	0	2011-05-16 16:31:52.155025+00	0		
24800	27034	3049	201658	0	2011-05-16 16:31:52.155025+00	0		
26889	27034	3073	793721	0	2011-05-16 16:31:52.155025+00	0		
16668	27034	3085	195605	0	2011-05-16 16:31:52.155025+00	0		
17312	27034	3112	195685	0	2011-05-16 16:31:52.155025+00	0		
16807	27034	3168	195919	0	2011-05-16 16:31:52.155025+00	0		
15396	27034	3200	198214	0	2011-05-16 16:31:52.155025+00	0		
22786	27034	3229	193022	0	2011-05-16 16:31:52.155025+00	0		
23361	27034	3229	193023	0	2011-05-16 16:31:52.155025+00	0		
22001	27034	3235	196094	0	2011-05-16 16:31:52.155025+00	0		
20155	27034	3265	338680	0	2011-05-16 16:31:52.155025+00	0		
3839	27034	3279	724681	0	2011-05-16 16:31:52.155025+00	0		
53380	27037	78244	1670631	0	2013-04-13 20:24:49.779809+00	0		
5928	27034	2386	236317	0	2012-08-29 18:07:14.89551+00	0		
14664	27034	3383	196523	0	2011-05-16 16:31:52.155025+00	0		
21664	27034	3455	196866	0	2011-05-16 16:31:52.155025+00	0		
13679	27034	3471	200494	0	2011-05-16 16:31:52.155025+00	0		
15864	27034	3556	197320	0	2011-05-16 16:31:52.155025+00	0		
16698	27034	3646	197771	0	2011-05-16 16:31:52.155025+00	0		
3747	27034	3654	257242	0	2011-05-16 16:31:52.155025+00	0		
5779	27034	3762	270119	0	2011-05-16 16:31:52.155025+00	0		
1139	27034	3873	494283	0	2011-05-16 16:31:52.155025+00	0		
9724	27034	3876	517072	0	2011-05-16 16:31:52.155025+00	0		
14005	27034	3897	199104	0	2011-05-16 16:31:52.155025+00	0		
15587	27034	3964	199514	0	2011-05-16 16:31:52.155025+00	0		
14952	27034	3964	199515	0	2011-05-16 16:31:52.155025+00	0		
5184	27034	3992	448559	0	2011-05-16 16:31:52.155025+00	0		
18536	27034	3999	199793	0	2011-05-16 16:31:52.155025+00	0		
13372	27034	4006	199826	0	2011-05-16 16:31:52.155025+00	0		
23958	27034	4185	653857	0	2011-05-16 16:31:52.155025+00	0		
16362	27034	4233	200732	0	2011-05-16 16:31:52.155025+00	0		
13562	27034	4261	200920	0	2011-05-16 16:31:52.155025+00	0		
5735	27034	4266	234692	0	2011-05-16 16:31:52.155025+00	0		
24070	27034	2992	459452	0	2014-01-20 04:00:15.730273+00	0		
20170	27034	4349	458872	0	2011-05-16 16:31:52.155025+00	0		
61	27034	4530	572230	0	2011-05-16 16:31:52.155025+00	0		
12609	27034	4533	202783	0	2011-05-16 16:31:52.155025+00	0		
16892	27034	4557	462478	0	2011-05-16 16:31:52.155025+00	0		
14200	27034	4602	203079	0	2011-05-16 16:31:52.155025+00	0		
20023	27034	2791	503496	0	2012-06-14 14:06:13.508235+00	0		
2239	27034	4696	540638	0	2011-05-16 16:31:52.155025+00	0		
29447	27034	4751	881318	0	2011-05-16 16:31:52.155025+00	0		
11521	27034	4814	212079	0	2011-05-16 16:31:52.155025+00	0		
15838	49402	602	652140	0	2015-02-28 23:13:56.035488+00	0		
5927	27034	4827	236305	0	2011-05-16 16:31:52.155025+00	0		
23572	27034	4827	275622	0	2011-05-16 16:31:52.155025+00	0		
9744	27034	4948	606200	0	2011-05-16 16:31:52.155025+00	0		
10748	27034	5008	206382	0	2011-05-16 16:31:52.155025+00	0		
19814	27034	66434	192613	0	2015-09-06 22:04:16.319623+00	0		
7361	27034	5016	412122	0	2011-05-16 16:31:52.155025+00	0		
10767	27034	5026	206479	0	2011-05-16 16:31:52.155025+00	0		
10765	27034	5026	206481	0	2011-05-16 16:31:52.155025+00	0		
4312	27034	5057	745809	0	2011-05-16 16:31:52.155025+00	0		
10919	27034	5060	206675	0	2011-05-16 16:31:52.155025+00	0		
10592	27034	5164	207437	0	2011-05-16 16:31:52.155025+00	0		
16423	27034	5371	462463	0	2011-05-16 16:31:52.155025+00	0		
12429	27034	5378	208771	0	2011-05-16 16:31:52.155025+00	0		
19777	27034	2033	192574	0	2012-02-26 08:00:09.904118+00	0		
48571	27034	198	1527973	0	2012-11-13 15:45:24.496834+00	0		
45361	27037	43870	1437167	0	2012-08-01 15:00:11.277192+00	0		
15628	27034	3592	337590	0	2012-09-22 04:00:07.046504+00	0		
22396	27034	4287	670447	0	2013-08-19 21:00:40.238787+00	0		
10326	27034	2101	415566	0	2013-02-26 01:00:49.840056+00	0		
22993	27034	4081	524352	0	2013-10-01 14:01:07.375066+00	0		
65367	30135	87337	2339072	0	2014-01-09 02:00:01.594968+00	0		
13153	27034	3933	483688	0	2014-04-20 09:23:06.845622+00	0		
19655	27034	1963	192349	0	2014-05-08 13:00:17.176992+00	0		
9462	27034	4817	746851	0	2014-05-01 23:22:25.044831+00	0		
5938	27034	5435	284396	0	2011-05-16 16:31:52.155025+00	0		
11025	27034	5442	215294	0	2011-05-16 16:31:52.155025+00	0		
15794	27034	5626	424007	0	2011-05-16 16:31:52.155025+00	0		
26555	27034	5646	794880	0	2011-05-16 16:31:52.155025+00	0		
9675	27034	5854	215424	0	2011-05-16 16:31:52.155025+00	0		
9624	27034	5871	212641	0	2011-05-16 16:31:52.155025+00	0		
9649	27034	5882	212682	0	2011-05-16 16:31:52.155025+00	0		
28726	27034	5956	856636	0	2011-05-16 16:31:52.155025+00	0		
24838	27034	6023	403911	0	2011-05-16 16:31:52.155025+00	0		
6148	27034	6042	560768	0	2011-05-16 16:31:52.155025+00	0		
30243	27034	6055	896516	0	2011-05-16 16:31:52.155025+00	0		
9509	27034	6075	214116	0	2011-05-16 16:31:52.155025+00	0		
2339	27034	15018	254963	0	2012-04-21 12:04:47.685969+00	0		
12548	27034	6400	574216	0	2011-05-16 16:31:52.155025+00	0		
8691	27034	6452	216848	0	2011-05-16 16:31:52.155025+00	0		
8725	27034	6489	217044	0	2011-05-16 16:31:52.155025+00	0		
8724	27034	6490	217043	0	2011-05-16 16:31:52.155025+00	0		
6526	27034	6554	234578	0	2011-05-16 16:31:52.155025+00	0		
13101	27034	6564	217349	0	2011-05-16 16:31:52.155025+00	0		
5912	27034	6604	236319	0	2011-05-16 16:31:52.155025+00	0		
4597	27038	38156	600091	0	2013-05-15 21:01:09.52142+00	0		
10135	27034	6787	218657	0	2011-05-16 16:31:52.155025+00	0		
7945	27034	6876	227830	0	2011-05-16 16:31:52.155025+00	0		
11816	27034	7156	221386	0	2011-05-16 16:31:52.155025+00	0		
13925	27034	7238	440992	0	2011-05-16 16:31:52.155025+00	0		
11683	27034	7307	222629	0	2011-05-16 16:31:52.155025+00	0		
25759	27034	7379	287469	0	2011-05-16 16:31:52.155025+00	0		
809	27034	7388	406903	0	2011-05-16 16:31:52.155025+00	0		
961	27034	7388	406904	0	2011-05-16 16:31:52.155025+00	0		
8301	27034	7388	412275	0	2011-05-16 16:31:52.155025+00	0		
3076	27034	7392	248445	0	2011-05-16 16:31:52.155025+00	0		
5154	27034	7447	270109	0	2011-05-16 16:31:52.155025+00	0		
24067	27034	7453	442479	0	2011-05-16 16:31:52.155025+00	0		
13077	27034	7465	223768	0	2011-05-16 16:31:52.155025+00	0		
13078	27034	7465	223769	0	2011-05-16 16:31:52.155025+00	0		
24533	27034	7478	431853	0	2011-05-16 16:31:52.155025+00	0		
2533	27034	7534	464926	0	2011-05-16 16:31:52.155025+00	0		
6796	27034	7544	673244	0	2011-05-16 16:31:52.155025+00	0		
14470	27034	7660	225204	0	2011-05-16 16:31:52.155025+00	0		
22966	27034	7696	339219	0	2011-05-16 16:31:52.155025+00	0		
21460	27034	7847	687962	0	2011-05-16 16:31:52.155025+00	0		
7937	27034	7978	227815	0	2011-05-16 16:31:52.155025+00	0		
7941	27034	7981	227825	0	2011-05-16 16:31:52.155025+00	0		
7164	27034	8104	233688	0	2011-05-16 16:31:52.155025+00	0		
1024	27034	6271	456451	0	2013-12-01 21:00:49.114284+00	0		
6936	27034	8324	625914	0	2011-05-16 16:31:52.155025+00	0		
10020	27034	8373	449492	0	2011-05-16 16:31:52.155025+00	0		
28719	27034	8397	849486	0	2011-05-16 16:31:52.155025+00	0		
7645	27034	8500	232206	0	2011-05-16 16:31:52.155025+00	0		
19274	27034	8737	652912	0	2011-05-16 16:31:52.155025+00	0		
7135	27034	8846	233815	0	2011-05-16 16:31:52.155025+00	0		
941	27034	8858	269851	0	2011-05-16 16:31:52.155025+00	0		
1097	27034	8858	269852	0	2011-05-16 16:31:52.155025+00	0		
26327	27034	8911	671522	0	2011-05-16 16:31:52.155025+00	0		
798	27034	8933	309301	0	2011-05-16 16:31:52.155025+00	0		
15201	27034	8983	589839	0	2011-05-16 16:31:52.155025+00	0		
16158	27034	9032	692108	0	2011-05-16 16:31:52.155025+00	0		
6544	27034	9049	235223	0	2011-05-16 16:31:52.155025+00	0		
6673	27034	9049	235224	0	2011-05-16 16:31:52.155025+00	0		
4975	27034	9049	235612	0	2011-05-16 16:31:52.155025+00	0		
6548	27034	9074	235486	0	2011-05-16 16:31:52.155025+00	0		
15174	27034	9083	450178	0	2011-05-16 16:31:52.155025+00	0		
4974	27034	9088	235615	0	2011-05-16 16:31:52.155025+00	0		
5112	27034	9138	235897	0	2011-05-16 16:31:52.155025+00	0		
5899	27034	9165	236071	0	2011-05-16 16:31:52.155025+00	0		
5901	27034	9165	236072	0	2011-05-16 16:31:52.155025+00	0		
3314	27034	9177	456119	0	2011-05-16 16:31:52.155025+00	0		
5140	27034	9229	236502	0	2011-05-16 16:31:52.155025+00	0		
24994	27034	9262	339639	0	2011-05-16 16:31:52.155025+00	0		
6061	27034	9297	236700	0	2011-05-16 16:31:52.155025+00	0		
12565	27034	9469	656385	0	2011-05-16 16:31:52.155025+00	0		
6219	27034	9497	242691	0	2011-05-16 16:31:52.155025+00	0		
29561	27034	9516	884217	0	2011-05-16 16:31:52.155025+00	0		
25709	27034	9694	330823	0	2011-05-16 16:31:52.155025+00	0		
19731	27034	9731	597775	0	2011-05-16 16:31:52.155025+00	0		
2653	27034	9764	257296	0	2011-05-16 16:31:52.155025+00	0		
9556	27034	9765	457041	0	2011-05-16 16:31:52.155025+00	0		
5301	27034	9926	241693	0	2011-05-16 16:31:52.155025+00	0		
5256	27034	10003	242439	0	2011-05-16 16:31:52.155025+00	0		
6346	27034	10085	243331	0	2011-05-16 16:31:52.155025+00	0		
29002	27034	10146	867596	0	2011-05-16 16:31:52.155025+00	0		
5189	27034	10226	456472	0	2011-05-16 16:31:52.155025+00	0		
4163	27034	10240	245025	0	2011-05-16 16:31:52.155025+00	0		
17377	27034	10262	543948	0	2011-05-16 16:31:52.155025+00	0		
4321	27034	10282	245408	0	2011-05-16 16:31:52.155025+00	0		
6488	27034	10307	470071	0	2011-05-16 16:31:52.155025+00	0		
3354	27034	10351	639079	0	2011-05-16 16:31:52.155025+00	0		
4342	27034	10370	246240	0	2011-05-16 16:31:52.155025+00	0		
14988	27034	10383	271378	0	2011-05-16 16:31:52.155025+00	0		
9453	27034	10433	703009	0	2011-05-16 16:31:52.155025+00	0		
22864	27034	10569	670470	0	2011-05-16 16:31:52.155025+00	0		
1038	27034	10581	759601	0	2011-05-16 16:31:52.155025+00	0		
4028	27034	14435	249026	0	2011-05-16 16:31:52.155025+00	0		
2184	27034	14462	249337	0	2011-05-16 16:31:52.155025+00	0		
2598	27034	14546	250275	0	2011-05-16 16:31:52.155025+00	0		
24933	27034	14546	250276	0	2011-05-16 16:31:52.155025+00	0		
3407	27034	14559	250480	0	2011-05-16 16:31:52.155025+00	0		
2808	27034	14721	252475	0	2011-05-16 16:31:52.155025+00	0		
24202	27034	14768	301622	0	2011-05-16 16:31:52.155025+00	0		
30244	27034	14772	896601	0	2011-05-16 16:31:52.155025+00	0		
1307	27034	14778	550219	0	2011-05-16 16:31:52.155025+00	0		
979	27034	14837	481715	0	2011-05-16 16:31:52.155025+00	0		
3701	27034	14921	254097	0	2011-05-16 16:31:52.155025+00	0		
3277	27034	15011	254968	0	2011-05-16 16:31:52.155025+00	0		
2459	27034	15011	254970	0	2011-05-16 16:31:52.155025+00	0		
3279	27034	15011	254971	0	2011-05-16 16:31:52.155025+00	0		
3251	27034	15015	254960	0	2011-05-16 16:31:52.155025+00	0		
2337	27034	15016	254961	0	2011-05-16 16:31:52.155025+00	0		
3272	27034	15017	254962	0	2011-05-16 16:31:52.155025+00	0		
3252	27034	15019	254964	0	2011-05-16 16:31:52.155025+00	0		
3273	27034	15020	254965	0	2011-05-16 16:31:52.155025+00	0		
2448	27034	15021	254966	0	2011-05-16 16:31:52.155025+00	0		
3275	27034	15023	254967	0	2011-05-16 16:31:52.155025+00	0		
2464	27034	15034	255086	0	2011-05-16 16:31:52.155025+00	0		
928	27034	15135	255887	0	2011-05-16 16:31:52.155025+00	0		
23013	27034	15273	194994	0	2011-05-16 16:31:52.155025+00	0		
1989	27034	15290	257576	0	2011-05-16 16:31:52.155025+00	0		
1091	27034	15296	257898	0	2011-05-16 16:31:52.155025+00	0		
1403	27034	15417	258657	0	2011-05-16 16:31:52.155025+00	0		
17533	27034	15449	543949	0	2011-05-16 16:31:52.155025+00	0		
1707	27034	15542	259897	0	2011-05-16 16:31:52.155025+00	0		
908	27034	15630	260618	0	2011-05-16 16:31:52.155025+00	0		
888	27034	15631	260626	0	2011-05-16 16:31:52.155025+00	0		
2472	27034	15632	260624	0	2011-05-16 16:31:52.155025+00	0		
10656	27034	15660	491842	0	2011-05-16 16:31:52.155025+00	0		
462	27034	15718	261451	0	2011-05-16 16:31:52.155025+00	0		
13919	27034	15718	412874	0	2011-05-16 16:31:52.155025+00	0		
20195	27034	15718	576133	0	2011-05-16 16:31:52.155025+00	0		
577	27034	15772	262061	0	2011-05-16 16:31:52.155025+00	0		
5022	27034	15881	407711	0	2011-05-16 16:31:52.155025+00	0		
6494	27034	15894	746043	0	2011-05-16 16:31:52.155025+00	0		
24700	27034	1750	468544	0	2012-09-03 04:06:53.638431+00	0		
6030	27034	7835	736044	0	2013-02-05 20:00:30.550651+00	0		
29194	27034	15589	873272	0	2013-04-06 08:00:22.735325+00	0		
1719	27034	15920	263554	0	2011-05-16 16:31:52.155025+00	0		
4229	27034	15975	314175	0	2011-05-16 16:31:52.155025+00	0		
5945	27034	15975	314216	0	2011-05-16 16:31:52.155025+00	0		
8338	27034	15975	588763	0	2011-05-16 16:31:52.155025+00	0		
12486	27034	16024	264713	0	2011-05-16 16:31:52.155025+00	0		
24750	27034	16027	740173	0	2011-05-16 16:31:52.155025+00	0		
12491	27034	16091	278212	0	2011-05-16 16:31:52.155025+00	0		
100	27034	16171	266263	0	2011-05-16 16:31:52.155025+00	0		
1	27034	16171	266264	0	2011-05-16 16:31:52.155025+00	0		
17950	27034	16360	268477	0	2011-05-16 16:31:52.155025+00	0		
1408	27034	16369	192575	0	2011-05-16 16:31:52.155025+00	0		
1252	27034	16369	269892	0	2011-05-16 16:31:52.155025+00	0		
1565	27034	16370	192575	0	2011-05-16 16:31:52.155025+00	0		
388	27034	16449	624492	0	2011-05-16 16:31:52.155025+00	0		
25756	27034	16460	233385	0	2011-05-16 16:31:52.155025+00	0		
1877	27034	16509	269898	0	2011-05-16 16:31:52.155025+00	0		
21101	27034	16571	441780	0	2011-05-16 16:31:52.155025+00	0		
9053	27034	16590	270442	0	2011-05-16 16:31:52.155025+00	0		
9209	27034	16590	270443	0	2011-05-16 16:31:52.155025+00	0		
3935	27034	16606	443678	0	2011-05-16 16:31:52.155025+00	0		
30084	27034	16679	903837	0	2011-05-16 16:31:52.155025+00	0		
17797	27034	16765	271836	0	2011-05-16 16:31:52.155025+00	0		
20335	27034	16858	503610	0	2011-05-16 16:31:52.155025+00	0		
21630	27034	16903	748481	0	2011-05-16 16:31:52.155025+00	0		
12802	27034	16994	274245	0	2011-05-16 16:31:52.155025+00	0		
17640	27034	17044	274716	0	2011-05-16 16:31:52.155025+00	0		
25308	27034	17193	406682	0	2011-05-16 16:31:52.155025+00	0		
320	27034	17199	276308	0	2011-05-16 16:31:52.155025+00	0		
27984	27034	17425	832678	0	2011-05-16 16:31:52.155025+00	0		
6158	27034	17488	610756	0	2011-05-16 16:31:52.155025+00	0		
30003	27034	17627	898234	0	2011-05-16 16:31:52.155025+00	0		
79	27034	17728	671163	0	2011-05-16 16:31:52.155025+00	0		
20606	27034	17851	283022	0	2011-05-16 16:31:52.155025+00	0		
2200	27034	17916	314175	0	2011-05-16 16:31:52.155025+00	0		
3441	27034	17967	283986	0	2011-05-16 16:31:52.155025+00	0		
1882	27034	17979	283915	0	2011-05-16 16:31:52.155025+00	0		
18113	27034	18012	286404	0	2011-05-16 16:31:52.155025+00	0		
7280	27034	18090	765999	0	2011-05-16 16:31:52.155025+00	0		
26494	27034	18320	783976	0	2011-05-16 16:31:52.155025+00	0		
19209	27034	18337	308017	0	2011-05-16 16:31:52.155025+00	0		
18891	27034	18570	289702	0	2011-05-16 16:31:52.155025+00	0		
5630	27034	18584	298752	0	2011-05-16 16:31:52.155025+00	0		
29591	27034	18594	892342	0	2011-05-16 16:31:52.155025+00	0		
12184	27034	18811	292261	0	2011-05-16 16:31:52.155025+00	0		
21391	27034	18893	293927	0	2011-05-16 16:31:52.155025+00	0		
13312	27034	19039	496616	0	2011-05-16 16:31:52.155025+00	0		
1419	27034	19050	309375	0	2011-05-16 16:31:52.155025+00	0		
11560	27034	19145	296326	0	2011-05-16 16:31:52.155025+00	0		
7817	27034	19165	295883	0	2011-05-16 16:31:52.155025+00	0		
17493	27034	19242	296741	0	2011-05-16 16:31:52.155025+00	0		
21238	27034	19276	297338	0	2011-05-16 16:31:52.155025+00	0		
23425	27034	19307	297496	0	2011-05-16 16:31:52.155025+00	0		
1263	27034	19362	297991	0	2011-05-16 16:31:52.155025+00	0		
16585	27034	19428	484387	0	2011-05-16 16:31:52.155025+00	0		
4541	27034	19456	314175	0	2011-05-16 16:31:52.155025+00	0		
639	27034	19737	302049	0	2011-05-16 16:31:52.155025+00	0		
3604	27034	19759	302221	0	2011-05-16 16:31:52.155025+00	0		
29342	27034	19781	884249	0	2011-05-16 16:31:52.155025+00	0		
9377	27034	19811	303004	0	2011-05-16 16:31:52.155025+00	0		
10000	27034	20073	306890	0	2011-05-16 16:31:52.155025+00	0		
10156	27034	20103	306891	0	2011-05-16 16:31:52.155025+00	0		
13435	27034	20159	307313	0	2011-05-16 16:31:52.155025+00	0		
15502	27034	20257	528466	0	2011-05-16 16:31:52.155025+00	0		
5167	27034	20359	309892	0	2011-05-16 16:31:52.155025+00	0		
1575	27034	20701	314175	0	2011-05-16 16:31:52.155025+00	0		
2044	27034	20702	314179	0	2011-05-16 16:31:52.155025+00	0		
2666	27034	20705	314175	0	2011-05-16 16:31:52.155025+00	0		
3450	27034	20713	314240	0	2011-05-16 16:31:52.155025+00	0		
29044	27034	20799	867273	0	2011-05-16 16:31:52.155025+00	0		
11250	27034	20809	315559	0	2011-05-16 16:31:52.155025+00	0		
7278	27034	20908	746263	0	2011-05-16 16:31:52.155025+00	0		
841	27034	20941	550215	0	2011-05-16 16:31:52.155025+00	0		
8447	27034	21179	319495	0	2011-05-16 16:31:52.155025+00	0		
26907	27034	21278	794878	0	2011-05-16 16:31:52.155025+00	0		
17727	27034	21419	748088	0	2011-05-16 16:31:52.155025+00	0		
26575	27034	21487	794019	0	2011-05-16 16:31:52.155025+00	0		
1890	27034	21511	322295	0	2011-05-16 16:31:52.155025+00	0		
5792	27034	21555	322693	0	2011-05-16 16:31:52.155025+00	0		
26777	27034	21864	806251	0	2011-05-16 16:31:52.155025+00	0		
28102	27034	22062	835967	0	2011-05-16 16:31:52.155025+00	0		
21872	27034	22221	330516	0	2011-05-16 16:31:52.155025+00	0		
3453	27034	22347	331589	0	2011-05-16 16:31:52.155025+00	0		
25395	27034	22440	459939	0	2011-05-16 16:31:52.155025+00	0		
13910	27034	22490	333306	0	2011-05-16 16:31:52.155025+00	0		
27677	27034	22515	824380	0	2011-05-16 16:31:52.155025+00	0		
17027	27034	22545	333880	0	2011-05-16 16:31:52.155025+00	0		
7672	27034	22737	336383	0	2011-05-16 16:31:52.155025+00	0		
17542	27034	22854	585267	0	2011-05-16 16:31:52.155025+00	0		
22651	27034	22967	339155	0	2011-05-16 16:31:52.155025+00	0		
26368	27034	22990	794413	0	2011-05-16 16:31:52.155025+00	0		
25710	27034	23370	344485	0	2011-05-16 16:31:52.155025+00	0		
6422	27034	23446	345189	0	2011-05-16 16:31:52.155025+00	0		
21602	27034	23481	603004	0	2011-05-16 16:31:52.155025+00	0		
22071	27034	23481	603010	0	2011-05-16 16:31:52.155025+00	0		
10165	27034	23498	397812	0	2011-05-16 16:31:52.155025+00	0		
13130	27034	23535	398341	0	2011-05-16 16:31:52.155025+00	0		
5970	27034	23635	460964	0	2011-05-16 16:31:52.155025+00	0		
804	27034	23657	399909	0	2011-05-16 16:31:52.155025+00	0		
1428	27034	23674	400084	0	2011-05-16 16:31:52.155025+00	0		
2365	27034	23688	400192	0	2011-05-16 16:31:52.155025+00	0		
14537	27034	23875	401957	0	2011-05-16 16:31:52.155025+00	0		
150	27034	23875	468984	0	2011-05-16 16:31:52.155025+00	0		
15164	27034	23890	402160	0	2011-05-16 16:31:52.155025+00	0		
29047	27034	23969	874799	0	2011-05-16 16:31:52.155025+00	0		
6579	27034	24141	404863	0	2011-05-16 16:31:52.155025+00	0		
10167	27034	24168	405078	0	2011-05-16 16:31:52.155025+00	0		
19063	27034	24241	405830	0	2011-05-16 16:31:52.155025+00	0		
29204	27034	24292	866850	0	2011-05-16 16:31:52.155025+00	0		
3620	27034	24424	407583	0	2011-05-16 16:31:52.155025+00	0		
10949	27034	24533	408828	0	2011-05-16 16:31:52.155025+00	0		
12513	27034	24544	408972	0	2011-05-16 16:31:52.155025+00	0		
12862	27034	24565	592776	0	2011-05-16 16:31:52.155025+00	0		
6496	27034	24792	746047	0	2011-05-16 16:31:52.155025+00	0		
5333	27034	24828	412002	0	2011-05-16 16:31:52.155025+00	0		
27159	27034	24832	811569	0	2011-05-16 16:31:52.155025+00	0		
26947	27034	24832	811608	0	2011-05-16 16:31:52.155025+00	0		
27107	27034	24832	811609	0	2011-05-16 16:31:52.155025+00	0		
27160	27034	24832	811610	0	2011-05-16 16:31:52.155025+00	0		
10169	27034	24864	412487	0	2011-05-16 16:31:52.155025+00	0		
12823	27034	24890	412812	0	2011-05-16 16:31:52.155025+00	0		
26313	27034	24934	789467	0	2011-05-16 16:31:52.155025+00	0		
18132	27034	24964	413433	0	2011-05-16 16:31:52.155025+00	0		
9777	27034	16254	415476	0	2011-12-11 00:03:04.532757+00	0		
1123	27034	25373	418207	0	2011-05-16 16:31:52.155025+00	0		
12559	27034	25462	631742	0	2011-05-16 16:31:52.155025+00	0		
9711	27034	25525	457044	0	2011-05-16 16:31:52.155025+00	0		
198	27034	25578	481432	0	2011-05-16 16:31:52.155025+00	0		
17039	27034	25591	420358	0	2011-05-16 16:31:52.155025+00	0		
13815	27034	25866	668268	0	2011-05-16 16:31:52.155025+00	0		
18602	27034	25954	424692	0	2011-05-16 16:31:52.155025+00	0		
2682	27034	26113	426778	0	2011-05-16 16:31:52.155025+00	0		
24689	27034	26423	431854	0	2011-05-16 16:31:52.155025+00	0		
4375	27034	17260	276783	0	2014-05-07 17:00:22.628014+00	0		
656	27034	26447	432383	0	2011-05-16 16:31:52.155025+00	0		
1592	27034	26451	432393	0	2011-05-16 16:31:52.155025+00	0		
5656	27034	26463	478178	0	2011-05-16 16:31:52.155025+00	0		
4091	27034	26508	433191	0	2011-05-16 16:31:52.155025+00	0		
5647	27034	26515	433235	0	2011-05-16 16:31:52.155025+00	0		
12518	27034	26582	434406	0	2011-05-16 16:31:52.155025+00	0		
20681	27034	26715	677921	0	2011-05-16 16:31:52.155025+00	0		
21724	27034	26998	441814	0	2011-05-16 16:31:52.155025+00	0		
22821	27034	27012	442116	0	2011-05-16 16:31:52.155025+00	0		
22219	27034	27084	547920	0	2011-05-16 16:31:52.155025+00	0		
25222	27034	27145	759178	0	2011-05-16 16:31:52.155025+00	0		
5846	27034	27204	600390	0	2011-05-16 16:31:52.155025+00	0		
21105	27034	27720	451406	0	2011-05-16 16:31:52.155025+00	0		
23779	27034	27836	748831	0	2011-05-16 16:31:52.155025+00	0		
65368	27042	87337	2339073	0	2014-01-09 01:59:33.749685+00	0		
10178	27034	28183	457174	0	2011-05-16 16:31:52.155025+00	0		
15670	27034	28287	589842	0	2011-05-16 16:31:52.155025+00	0		
8806	27034	28326	592312	0	2011-05-16 16:31:52.155025+00	0		
5509	27034	28387	505632	0	2011-05-16 16:31:52.155025+00	0		
20825	27034	28446	617170	0	2011-05-16 16:31:52.155025+00	0		
7844	27034	28916	478579	0	2011-05-16 16:31:52.155025+00	0		
3163	27034	29067	469545	0	2011-05-16 16:31:52.155025+00	0		
3320	27034	29067	469546	0	2011-05-16 16:31:52.155025+00	0		
3941	27034	29074	469675	0	2011-05-16 16:31:52.155025+00	0		
25375	27034	29417	740298	0	2011-05-16 16:31:52.155025+00	0		
25475	27034	29417	740304	0	2011-05-16 16:31:52.155025+00	0		
4411	27034	29592	477961	0	2011-05-16 16:31:52.155025+00	0		
21444	27034	29648	603001	0	2011-05-16 16:31:52.155025+00	0		
21913	27034	29648	603007	0	2011-05-16 16:31:52.155025+00	0		
12398	27034	33388	631721	0	2012-05-22 06:10:09.665116+00	0		
2539	27034	29661	477675	0	2011-05-16 16:31:52.155025+00	0		
4568	27034	29683	477962	0	2011-05-16 16:31:52.155025+00	0		
4256	27034	29684	477959	0	2011-05-16 16:31:52.155025+00	0		
13461	27034	29809	479395	0	2011-05-16 16:31:52.155025+00	0		
825	27034	30261	486479	0	2011-05-16 16:31:52.155025+00	0		
981	27034	30261	486480	0	2011-05-16 16:31:52.155025+00	0		
1138	27034	30261	486481	0	2011-05-16 16:31:52.155025+00	0		
19240	27034	30443	489117	0	2011-05-16 16:31:52.155025+00	0		
78058	27037	97121	2767432	0	2014-11-17 23:32:41.400299+00	0		
21114	27034	30758	493436	0	2011-05-16 16:31:52.155025+00	0		
21269	27034	30759	493443	0	2011-05-16 16:31:52.155025+00	0		
25483	27034	30792	494002	0	2011-05-16 16:31:52.155025+00	0		
1245	27034	30818	494088	0	2011-05-16 16:31:52.155025+00	0		
17680	27034	31068	497512	0	2011-05-16 16:31:52.155025+00	0		
18618	27034	31080	497687	0	2011-05-16 16:31:52.155025+00	0		
24390	27034	31161	498779	0	2011-05-16 16:31:52.155025+00	0		
26664	27034	31626	804567	0	2011-05-16 16:31:52.155025+00	0		
10190	27034	31735	506439	0	2011-05-16 16:31:52.155025+00	0		
11285	27034	31749	506541	0	2011-05-16 16:31:52.155025+00	0		
4742	27034	32072	556082	0	2011-05-16 16:31:52.155025+00	0		
4897	27034	32072	556083	0	2011-05-16 16:31:52.155025+00	0		
26552	27034	32155	793997	0	2011-05-16 16:31:52.155025+00	0		
26287	27034	32156	784918	0	2011-05-16 16:31:52.155025+00	0		
12713	27034	32361	631751	0	2011-05-16 16:31:52.155025+00	0		
48574	27037	72979	1528056	0	2012-11-27 18:00:12.684265+00	0		
15202	27034	32493	596889	0	2011-05-16 16:31:52.155025+00	0		
10351	27034	32657	517186	0	2011-05-16 16:31:52.155025+00	0		
12066	27034	32687	517571	0	2011-05-16 16:31:52.155025+00	0		
24404	27034	28625	571934	0	2012-09-16 14:09:51.62239+00	0		
12538	27034	32695	517692	0	2011-05-16 16:31:52.155025+00	0		
12692	27034	32695	517694	0	2011-05-16 16:31:52.155025+00	0		
13315	27034	32699	517712	0	2011-05-16 16:31:52.155025+00	0		
22211	215578	31128	498405	0	2015-03-10 05:20:44.897265+00	0		
17068	27034	32907	570760	0	2011-05-16 16:31:52.155025+00	0		
28519	27034	32908	842553	0	2011-05-16 16:31:52.155025+00	0		
13941	27034	33067	522932	0	2011-05-16 16:31:52.155025+00	0		
17842	27034	33117	523523	0	2011-05-16 16:31:52.155025+00	0		
22213	27034	33171	524233	0	2011-05-16 16:31:52.155025+00	0		
2392	27034	33240	525460	0	2011-05-16 16:31:52.155025+00	0		
8192	27034	33286	635272	0	2011-05-16 16:31:52.155025+00	0		
8168	27034	33681	532840	0	2011-05-16 16:31:52.155025+00	0		
8504	49402	26380	640008	0	2015-08-08 12:31:10.932005+00	0		
21115	27034	14937	503760	0	2015-09-02 09:03:55.471909+00	0		
550	27034	33794	664704	0	2011-05-16 16:31:52.155025+00	0		
14898	27034	33912	631945	0	2011-05-16 16:31:52.155025+00	0		
5832	27034	33970	536561	0	2011-05-16 16:31:52.155025+00	0		
6141	27034	33974	536583	0	2011-05-16 16:31:52.155025+00	0		
5869	27034	34057	560746	0	2011-05-16 16:31:52.155025+00	0		
17093	27034	34171	692341	0	2011-05-16 16:31:52.155025+00	0		
21433	27034	34182	539002	0	2011-05-16 16:31:52.155025+00	0		
26870	27034	34191	793450	0	2011-05-16 16:31:52.155025+00	0		
840	27034	34270	540348	0	2011-05-16 16:31:52.155025+00	0		
4425	27034	34310	540860	0	2011-05-16 16:31:52.155025+00	0		
11758	27034	34454	543334	0	2011-05-16 16:31:52.155025+00	0		
29654	27036	65592	102217	0	2013-05-15 21:01:14.239351+00	0		
6648	27034	34549	746049	0	2011-05-16 16:31:52.155025+00	0		
17690	27034	34744	547500	0	2011-05-16 16:31:52.155025+00	0		
18474	27034	34750	547591	0	2011-05-16 16:31:52.155025+00	0		
5517	27034	34860	549460	0	2011-05-16 16:31:52.155025+00	0		
3339	27034	34935	550658	0	2011-05-16 16:31:52.155025+00	0		
16442	27034	34986	553134	0	2011-05-16 16:31:52.155025+00	0		
20191	27034	35144	553785	0	2011-05-16 16:31:52.155025+00	0		
19569	27034	35234	567135	0	2011-05-16 16:31:52.155025+00	0		
5520	27034	35278	556088	0	2011-05-16 16:31:52.155025+00	0		
7881	27034	35283	635252	0	2011-05-16 16:31:52.155025+00	0		
6304	27034	35297	556225	0	2011-05-16 16:31:52.155025+00	0		
26318	27034	35328	790057	0	2011-05-16 16:31:52.155025+00	0		
9891	27034	35342	556665	0	2011-05-16 16:31:52.155025+00	0		
17065	27034	35422	558231	0	2011-05-16 16:31:52.155025+00	0		
5057	27034	35598	560668	0	2011-05-16 16:31:52.155025+00	0		
8643	27034	35619	561184	0	2011-05-16 16:31:52.155025+00	0		
25418	27034	35833	564282	0	2011-05-16 16:31:52.155025+00	0		
2871	27034	35857	564642	0	2011-05-16 16:31:52.155025+00	0		
26475	27034	35876	789488	0	2011-05-16 16:31:52.155025+00	0		
9737	27034	35922	565457	0	2011-05-16 16:31:52.155025+00	0		
21628	27034	35991	739681	0	2011-05-16 16:31:52.155025+00	0		
17543	27034	36065	589854	0	2011-05-16 16:31:52.155025+00	0		
1158	27034	36173	568584	0	2011-05-16 16:31:52.155025+00	0		
7556	27034	36240	569390	0	2011-05-16 16:31:52.155025+00	0		
13013	27034	36297	570354	0	2011-05-16 16:31:52.155025+00	0		
13326	27034	36299	570362	0	2011-05-16 16:31:52.155025+00	0		
14731	27034	36308	570416	0	2011-05-16 16:31:52.155025+00	0		
4278	27034	36447	572751	0	2011-05-16 16:31:52.155025+00	0		
13638	27034	36598	574568	0	2011-05-16 16:31:52.155025+00	0		
18011	27034	36651	575547	0	2011-05-16 16:31:52.155025+00	0		
15980	27034	36653	589844	0	2011-05-16 16:31:52.155025+00	0		
29585	27034	36956	884819	0	2011-05-16 16:31:52.155025+00	0		
13043	27034	36960	720375	0	2011-05-16 16:31:52.155025+00	0		
21618	27034	37017	693156	0	2011-05-16 16:31:52.155025+00	0		
17722	27034	37024	721598	0	2011-05-16 16:31:52.155025+00	0		
8339	27034	37048	595737	0	2011-05-16 16:31:52.155025+00	0		
15516	27034	37146	589841	0	2011-05-16 16:31:52.155025+00	0		
2877	27034	37281	587590	0	2011-05-16 16:31:52.155025+00	0		
15826	27034	37282	589843	0	2011-05-16 16:31:52.155025+00	0		
18791	27034	37370	590092	0	2011-05-16 16:31:52.155025+00	0		
21120	27034	55910	514355	0	2011-06-26 01:00:05.438385+00	0		
54771	27036	52712	1712684	0	2013-05-24 17:00:12.585634+00	0		
15358	27034	37384	589840	0	2011-05-16 16:31:52.155025+00	0		
11145	27034	37409	589402	0	2011-05-16 16:31:52.155025+00	0		
16137	27034	37414	589845	0	2011-05-16 16:31:52.155025+00	0		
16290	27034	37443	589846	0	2011-05-16 16:31:52.155025+00	0		
30237	27034	37445	589850	0	2011-05-16 16:31:52.155025+00	0		
45180	27037	69234	1436018	0	2012-07-17 18:38:43.291542+00	0		
18171	27034	37455	589978	0	2011-05-16 16:31:52.155025+00	0		
19103	27034	37462	590159	0	2011-05-16 16:31:52.155025+00	0		
22850	27034	37469	590316	0	2011-05-16 16:31:52.155025+00	0		
22539	27034	37470	590311	0	2011-05-16 16:31:52.155025+00	0		
23011	27034	37471	590321	0	2011-05-16 16:31:52.155025+00	0		
25037	27034	37472	590353	0	2011-05-16 16:31:52.155025+00	0		
17385	27034	37705	593413	0	2011-05-16 16:31:52.155025+00	0		
25659	27034	37769	594618	0	2011-05-16 16:31:52.155025+00	0		
7403	27034	37857	595632	0	2011-05-16 16:31:52.155025+00	0		
10988	27034	37881	596063	0	2011-05-16 16:31:52.155025+00	0		
29252	27034	38221	874442	0	2011-05-16 16:31:52.155025+00	0		
20977	27034	38340	602970	0	2011-05-16 16:31:52.155025+00	0		
9278	27034	38548	606147	0	2011-05-16 16:31:52.155025+00	0		
19265	27034	38659	608220	0	2011-05-16 16:31:52.155025+00	0		
4752	27034	38820	610608	0	2011-05-16 16:31:52.155025+00	0		
28244	27034	38822	842461	0	2011-05-16 16:31:52.155025+00	0		
14116	27034	38869	611314	0	2011-05-16 16:31:52.155025+00	0		
1193	27034	38920	759603	0	2011-05-16 16:31:52.155025+00	0		
18795	27034	38941	612183	0	2011-05-16 16:31:52.155025+00	0		
21294	27034	39023	612738	0	2011-05-16 16:31:52.155025+00	0		
10057	27034	39174	615031	0	2011-05-16 16:31:52.155025+00	0		
8032	27034	39555	620867	0	2011-05-16 16:31:52.155025+00	0		
13337	27034	39605	621807	0	2011-05-16 16:31:52.155025+00	0		
17234	27034	39663	622724	0	2011-05-16 16:31:52.155025+00	0		
17391	27034	39663	622725	0	2011-05-16 16:31:52.155025+00	0		
17864	27034	39665	622765	0	2011-05-16 16:31:52.155025+00	0		
661	27034	39699	773925	0	2011-05-16 16:31:52.155025+00	0		
22008	27034	39703	623635	0	2011-05-16 16:31:52.155025+00	0		
22387	27034	39706	623683	0	2011-05-16 16:31:52.155025+00	0		
22546	27034	39706	623685	0	2011-05-16 16:31:52.155025+00	0		
25351	27034	39740	624244	0	2011-05-16 16:31:52.155025+00	0		
3820	27034	39798	625021	0	2011-05-16 16:31:52.155025+00	0		
6781	27034	39855	625909	0	2011-05-16 16:31:52.155025+00	0		
9593	27034	39919	626677	0	2011-05-16 16:31:52.155025+00	0		
14272	27034	40013	627564	0	2011-05-16 16:31:52.155025+00	0		
17236	27034	40044	627951	0	2011-05-16 16:31:52.155025+00	0		
1167	27034	40194	629344	0	2011-05-16 16:31:52.155025+00	0		
5381	27034	40262	630084	0	2011-05-16 16:31:52.155025+00	0		
12243	27034	40364	631709	0	2011-05-16 16:31:52.155025+00	0		
13338	27034	40374	631832	0	2011-05-16 16:31:52.155025+00	0		
22079	27034	40472	632998	0	2011-05-16 16:31:52.155025+00	0		
54647	27037	65592	1704836	0	2013-05-15 21:01:14.239351+00	0		
20360	27034	40779	637616	0	2011-05-16 16:31:52.155025+00	0		
543	27034	40839	638600	0	2011-05-16 16:31:52.155025+00	0		
6007	27034	40901	639423	0	2011-05-16 16:31:52.155025+00	0		
9750	27034	40941	640265	0	2011-05-16 16:31:52.155025+00	0		
29147	27034	40967	870416	0	2011-05-16 16:31:52.155025+00	0		
16788	27034	40971	738630	0	2011-05-16 16:31:52.155025+00	0		
5402	27034	40971	741364	0	2011-05-16 16:31:52.155025+00	0		
9436	49402	39917	626668	0	2015-05-11 19:25:02.024059+00	0		
17865	27034	41048	641916	0	2011-05-16 16:31:52.155025+00	0		
20987	27034	41085	642298	0	2011-05-16 16:31:52.155025+00	0		
26554	27034	41119	793996	0	2011-05-16 16:31:52.155025+00	0		
26718	27034	41136	788218	0	2011-05-16 16:31:52.155025+00	0		
24416	27034	41156	642963	0	2011-05-16 16:31:52.155025+00	0		
2263	27034	41222	643550	0	2011-05-16 16:31:52.155025+00	0		
12562	27034	41408	645603	0	2011-05-16 16:31:52.155025+00	0		
13810	27034	41420	645862	0	2011-05-16 16:31:52.155025+00	0		
15062	27034	41428	645970	0	2011-05-16 16:31:52.155025+00	0		
19429	27034	41476	646687	0	2011-05-16 16:31:52.155025+00	0		
15226	27034	41492	720700	0	2011-05-16 16:31:52.155025+00	0		
20521	27034	41494	646996	0	2011-05-16 16:31:52.155025+00	0		
26882	27034	41494	793610	0	2011-05-16 16:31:52.155025+00	0		
26883	27034	41494	793611	0	2011-05-16 16:31:52.155025+00	0		
23643	27034	41550	647581	0	2011-05-16 16:31:52.155025+00	0		
3215	27034	41685	649634	0	2011-05-16 16:31:52.155025+00	0		
6165	27034	41715	650508	0	2011-05-16 16:31:52.155025+00	0		
11330	27034	41750	752491	0	2011-05-16 16:31:52.155025+00	0		
12259	27034	41875	716344	0	2011-05-16 16:31:52.155025+00	0		
18336	27034	41901	652719	0	2011-05-16 16:31:52.155025+00	0		
16004	27034	42009	697045	0	2011-05-16 16:31:52.155025+00	0		
1018	27034	42064	654731	0	2011-05-16 16:31:52.155025+00	0		
2422	27034	42084	654966	0	2011-05-16 16:31:52.155025+00	0		
14751	27034	42212	656656	0	2011-05-16 16:31:52.155025+00	0		
17240	27034	42246	657004	0	2011-05-16 16:31:52.155025+00	0		
1330	27034	42427	659292	0	2011-05-16 16:31:52.155025+00	0		
3982	27034	42469	660066	0	2011-05-16 16:31:52.155025+00	0		
14902	27034	42611	662296	0	2011-05-16 16:31:52.155025+00	0		
23960	27034	42725	663855	0	2011-05-16 16:31:52.155025+00	0		
3044	27034	42822	665396	0	2011-05-16 16:31:52.155025+00	0		
1966	27034	42844	724041	0	2011-05-16 16:31:52.155025+00	0		
4920	27034	42934	672891	0	2011-05-16 16:31:52.155025+00	0		
7417	27034	43318	673276	0	2011-05-16 16:31:52.155025+00	0		
20216	27034	43620	677897	0	2011-05-16 16:31:52.155025+00	0		
25538	27034	43693	679127	0	2011-05-16 16:31:52.155025+00	0		
5396	27034	43920	702073	0	2011-05-16 16:31:52.155025+00	0		
8359	27034	44164	685793	0	2011-05-16 16:31:52.155025+00	0		
11797	27034	44232	758321	0	2011-05-16 16:31:52.155025+00	0		
11486	27034	44233	758314	0	2011-05-16 16:31:52.155025+00	0		
16157	27034	44271	686872	0	2011-05-16 16:31:52.155025+00	0		
245	27034	44423	689117	0	2011-05-16 16:31:52.155025+00	0		
17565	27034	44634	692345	0	2011-05-16 16:31:52.155025+00	0		
23807	27034	44719	693471	0	2011-05-16 16:31:52.155025+00	0		
24119	27034	44725	693527	0	2011-05-16 16:31:52.155025+00	0		
1653	27034	44793	694564	0	2011-05-16 16:31:52.155025+00	0		
19440	27034	45240	706401	0	2011-05-16 16:31:52.155025+00	0		
25928	27034	45358	777032	0	2011-05-16 16:31:52.155025+00	0		
17413	27034	45682	753635	0	2011-05-16 16:31:52.155025+00	0		
4773	27034	45997	715968	0	2011-05-16 16:31:52.155025+00	0		
27338	27034	46080	821958	0	2011-05-16 16:31:52.155025+00	0		
560	27034	46111	718137	0	2011-05-16 16:31:52.155025+00	0		
1810	27034	46125	718371	0	2011-05-16 16:31:52.155025+00	0		
17256	27034	46306	721411	0	2011-05-16 16:31:52.155025+00	0		
26249	27034	46425	729372	0	2011-05-16 16:31:52.155025+00	0		
26668	27034	46578	810521	0	2011-05-16 16:31:52.155025+00	0		
6804	27034	46613	746051	0	2011-05-16 16:31:52.155025+00	0		
23500	27034	46739	729082	0	2011-05-16 16:31:52.155025+00	0		
29975	27034	46758	896632	0	2011-05-16 16:31:52.155025+00	0		
17132	27034	46771	729399	0	2011-05-16 16:31:52.155025+00	0		
17071	27034	37187	589851	0	2012-07-14 12:22:35.227705+00	0		
14136	27034	46939	732702	0	2011-05-16 16:31:52.155025+00	0		
13827	27034	46943	732702	0	2011-05-16 16:31:52.155025+00	0		
6805	27034	47161	736196	0	2011-05-16 16:31:52.155025+00	0		
11795	27034	47198	737262	0	2011-05-16 16:31:52.155025+00	0		
11017	27034	47215	737178	0	2011-05-16 16:31:52.155025+00	0		
17099	27034	47279	738629	0	2011-05-16 16:31:52.155025+00	0		
252	27034	47367	740489	0	2011-05-16 16:31:52.155025+00	0		
411	27034	47368	740489	0	2011-05-16 16:31:52.155025+00	0		
878	27034	47370	740493	0	2011-05-16 16:31:52.155025+00	0		
3372	27034	47397	740875	0	2011-05-16 16:31:52.155025+00	0		
21944	27034	47574	763756	0	2011-05-16 16:31:52.155025+00	0		
4465	27034	47917	751245	0	2011-05-16 16:31:52.155025+00	0		
5710	27034	47928	751591	0	2011-05-16 16:31:52.155025+00	0		
22236	27034	40128	628750	0	2011-10-05 17:00:17.964112+00	0		
15526	27034	39648	622467	0	2012-08-13 05:06:24.274931+00	0		
5245	27034	48186	757058	0	2011-05-16 16:31:52.155025+00	0		
25881	27034	48189	755712	0	2011-05-16 16:31:52.155025+00	0		
257	27034	48220	756088	0	2011-05-16 16:31:52.155025+00	0		
17103	27034	48358	758899	0	2011-05-16 16:31:52.155025+00	0		
1293	27034	48405	759606	0	2011-05-16 16:31:52.155025+00	0		
1345	27034	48406	759611	0	2011-05-16 16:31:52.155025+00	0		
1971	27034	48408	759637	0	2011-05-16 16:31:52.155025+00	0		
2131	27034	48409	759640	0	2011-05-16 16:31:52.155025+00	0		
19135	27034	48628	763079	0	2011-05-16 16:31:52.155025+00	0		
4785	27034	48797	765622	0	2011-05-16 16:31:52.155025+00	0		
5098	27034	48797	765624	0	2011-05-16 16:31:52.155025+00	0		
15236	27034	48931	767238	0	2011-05-16 16:31:52.155025+00	0		
887	27034	49044	769298	0	2011-05-16 16:31:52.155025+00	0		
3541	27034	49064	769630	0	2011-05-16 16:31:52.155025+00	0		
25377	27034	49287	773410	0	2011-05-16 16:31:52.155025+00	0		
26408	27034	49555	779377	0	2011-05-16 16:31:52.155025+00	0		
29399	27034	49571	879010	0	2011-05-16 16:31:52.155025+00	0		
26004	27034	49657	779019	0	2011-05-16 16:31:52.155025+00	0		
28888	27034	49734	854018	0	2011-05-16 16:31:52.155025+00	0		
26328	27034	49975	783543	0	2011-05-16 16:31:52.155025+00	0		
26487	27034	49976	783548	0	2011-05-16 16:31:52.155025+00	0		
26396	27034	50020	784472	0	2011-05-16 16:31:52.155025+00	0		
26503	27034	50057	784920	0	2011-05-16 16:31:52.155025+00	0		
26743	27034	50324	789550	0	2011-05-16 16:31:52.155025+00	0		
26742	27034	50324	789551	0	2011-05-16 16:31:52.155025+00	0		
26480	27034	50325	789565	0	2011-05-16 16:31:52.155025+00	0		
26746	27034	50328	789623	0	2011-05-16 16:31:52.155025+00	0		
26745	27034	50329	789629	0	2011-05-16 16:31:52.155025+00	0		
26744	27034	50329	789632	0	2011-05-16 16:31:52.155025+00	0		
26479	27034	50364	790073	0	2011-05-16 16:31:52.155025+00	0		
26216	27034	50369	790165	0	2011-05-16 16:31:52.155025+00	0		
26491	27034	50413	790518	0	2011-05-16 16:31:52.155025+00	0		
26851	27034	50541	793026	0	2011-05-16 16:31:52.155025+00	0		
26850	27034	50542	793032	0	2011-05-16 16:31:52.155025+00	0		
26849	27034	50543	793040	0	2011-05-16 16:31:52.155025+00	0		
19097	27034	50568	793348	0	2011-05-16 16:31:52.155025+00	0		
26375	27034	50569	793354	0	2011-05-16 16:31:52.155025+00	0		
26871	27034	50580	793447	0	2011-05-16 16:31:52.155025+00	0		
26868	27034	50583	793468	0	2011-05-16 16:31:52.155025+00	0		
26881	27034	50594	793603	0	2011-05-16 16:31:52.155025+00	0		
26550	27034	50617	793998	0	2011-05-16 16:31:52.155025+00	0		
26578	27034	50622	794017	0	2011-05-16 16:31:52.155025+00	0		
29140	27034	50642	871340	0	2011-05-16 16:31:52.155025+00	0		
10705	49402	46600	726309	0	2015-01-01 13:18:19.949398+00	0		
26275	27034	50660	794442	0	2011-05-16 16:31:52.155025+00	0		
26431	27034	50662	794446	0	2011-05-16 16:31:52.155025+00	0		
26577	27034	50674	794530	0	2011-05-16 16:31:52.155025+00	0		
26564	27034	50678	794551	0	2011-05-16 16:31:52.155025+00	0		
26584	27034	50708	794911	0	2011-05-16 16:31:52.155025+00	0		
26693	27034	50709	794914	0	2011-05-16 16:31:52.155025+00	0		
26601	27034	50711	794942	0	2011-05-16 16:31:52.155025+00	0		
26624	27034	50714	794959	0	2011-05-16 16:31:52.155025+00	0		
26469	27034	50818	796880	0	2011-05-16 16:31:52.155025+00	0		
26783	27034	50929	798975	0	2011-05-16 16:31:52.155025+00	0		
26695	27034	51177	803303	0	2011-05-16 16:31:52.155025+00	0		
26672	27034	51272	804933	0	2011-05-16 16:31:52.155025+00	0		
27043	27034	51302	808028	0	2011-05-16 16:31:52.155025+00	0		
26502	27034	51364	806451	0	2011-05-16 16:31:52.155025+00	0		
27046	27034	51490	808731	0	2011-05-16 16:31:52.155025+00	0		
26524	27034	51491	808743	0	2011-05-16 16:31:52.155025+00	0		
27351	27034	51548	809934	0	2011-05-16 16:31:52.155025+00	0		
27688	27034	52484	824501	0	2011-05-16 16:31:52.155025+00	0		
27961	27034	52495	824654	0	2011-05-16 16:31:52.155025+00	0		
28026	27034	52649	826887	0	2011-05-16 16:31:52.155025+00	0		
27846	27034	52748	828606	0	2011-05-16 16:31:52.155025+00	0		
28149	27034	52850	830554	0	2011-05-16 16:31:52.155025+00	0		
27661	27034	52911	831459	0	2011-05-16 16:31:52.155025+00	0		
27979	27034	52951	832327	0	2011-05-16 16:31:52.155025+00	0		
28346	27034	53219	836996	0	2011-05-16 16:31:52.155025+00	0		
27992	27034	53361	839339	0	2011-05-16 16:31:52.155025+00	0		
28336	27034	53593	843165	0	2011-05-16 16:31:52.155025+00	0		
28776	27034	54049	857512	0	2011-05-16 16:31:52.155025+00	0		
28362	27034	54120	851722	0	2011-05-16 16:31:52.155025+00	0		
28760	27034	54540	858904	0	2011-05-16 16:31:52.155025+00	0		
28919	27034	54990	864346	0	2011-05-16 16:31:52.155025+00	0		
29039	27034	55133	866983	0	2011-05-16 16:31:52.155025+00	0		
28949	27034	55403	871519	0	2011-05-16 16:31:52.155025+00	0		
29586	27034	55504	884820	0	2011-05-16 16:31:52.155025+00	0		
29587	27034	55505	884821	0	2011-05-16 16:31:52.155025+00	0		
29210	27034	55535	873342	0	2011-05-16 16:31:52.155025+00	0		
29211	27034	55535	873359	0	2011-05-16 16:31:52.155025+00	0		
29198	27034	55538	873387	0	2011-05-16 16:31:52.155025+00	0		
29604	27034	55878	878427	0	2011-05-16 16:31:52.155025+00	0		
29609	27034	55888	878600	0	2011-05-16 16:31:52.155025+00	0		
29383	27034	55918	879229	0	2011-05-16 16:31:52.155025+00	0		
14759	27034	55939	879589	0	2011-05-16 16:31:52.155025+00	0		
29420	27034	55988	880177	0	2011-05-16 16:31:52.155025+00	0		
29863	27034	56142	885820	0	2011-05-16 16:31:52.155025+00	0		
29320	27034	56220	884236	0	2011-05-16 16:31:52.155025+00	0		
29823	27034	56247	884508	0	2011-05-16 16:31:52.155025+00	0		
29822	27034	56247	884509	0	2011-05-16 16:31:52.155025+00	0		
30195	27034	56759	894270	0	2011-05-16 16:31:52.155025+00	0		
30228	27034	57027	898248	0	2011-05-16 16:31:52.155025+00	0		
65369	27042	87337	2339074	0	2014-01-09 01:59:34.484113+00	0		
32685	27037	1537	984100	0	2011-10-30 17:11:39.305894+00	0		
22179	27036	8667	313191	0	2011-11-17 00:00:29.872648+00	0		
50996	27036	75539	1592479	0	2013-01-24 19:54:07.856628+00	0		
25103	27035	52	187490	0	2011-05-16 16:31:52.155025+00	0		
26628	27034	51208	216608	0	2013-11-03 13:00:28.758416+00	0		
79467	27037	98158	2824075	0	2014-12-25 07:01:31.316105+00	0		
6810	27034	73586	765996	0	2013-03-21 11:00:18.115998+00	0		
45181	27037	16448	1436057	0	2012-07-17 18:45:38.297415+00	0		
77764	30135	96921	2746005	0	2014-11-17 23:37:34.041317+00	0		
26724	27036	51026	788269	0	2011-11-17 00:00:33.268218+00	0		
14174	27035	387	188085	0	2011-05-16 16:31:52.155025+00	0		
17784	27035	387	189118	0	2011-05-16 16:31:52.155025+00	0		
32686	27037	3695	984103	0	2011-10-30 17:13:21.669208+00	0		
31245	27037	6378	934440	0	2011-07-27 15:00:03.416537+00	0		
48575	27036	59239	1528159	0	2012-11-27 21:00:22.276478+00	0		
53381	27037	78234	1670633	0	2013-04-13 20:26:57.223397+00	0		
31250	27037	16079	934743	0	2011-07-13 23:51:56.693924+00	0		
54772	27037	20507	1712745	0	2013-05-24 18:00:31.143011+00	0		
16684	27035	551	188557	0	2011-05-16 16:31:52.155025+00	0		
48786	27037	28182	3325530	0	2015-10-18 23:32:01.300837+00	0		
50997	27037	75539	1592480	0	2013-01-24 19:54:21.143621+00	0		
65370	27038	87337	2339075	0	2014-01-09 01:59:35.413303+00	0		
22599	27035	798	189036	0	2011-05-16 16:31:52.155025+00	0		
22738	27035	798	189037	0	2011-05-16 16:31:52.155025+00	0		
16773	27035	645	646218	0	2011-09-22 21:02:11.842017+00	0		
39282	27036	49648	1273441	0	2012-04-14 22:23:02.061811+00	0		
39199	27037	25398	1266717	0	2012-04-23 10:00:19.328087+00	0		
17420	27035	426	188199	0	2013-03-28 22:00:44.948899+00	0		
16679	27035	542	188557	0	2013-07-31 04:01:50.381191+00	0		
53227	27037	78233	1667156	0	2013-04-13 20:27:22.436021+00	0		
15093	27037	4427	202332	0	2011-11-17 00:00:33.524304+00	0		
78939	117908	8490	2794345	0	2014-12-06 21:35:12.718704+00	0		
54773	27042	15005	1712760	0	2013-05-24 19:00:13.905495+00	0		
5998	27035	935	600562	0	2011-05-16 16:31:52.155025+00	0		
372	27035	1185	342219	0	2011-05-16 16:31:52.155025+00	0		
77766	27036	96924	2746087	0	2014-11-18 00:01:52.461587+00	0		
48576	27037	72986	1528185	0	2012-11-27 22:00:09.64966+00	0		
32688	27038	3695	984106	0	2011-10-30 17:15:14.067121+00	0		
65371	27042	87337	2339076	0	2014-01-09 02:00:04.210945+00	0		
16428	27035	1575	488612	0	2011-05-16 16:31:52.155025+00	0		
117	27035	1764	272452	0	2011-05-16 16:31:52.155025+00	0		
45182	27037	43661	1436096	0	2012-07-17 19:19:34.812563+00	0		
77767	27042	96924	2746088	0	2014-11-18 00:01:54.032784+00	0		
39200	27036	66421	1266987	0	2012-04-23 13:00:19.433619+00	0		
50998	27038	75539	1592484	0	2013-01-24 20:01:30.774471+00	0		
48577	27037	72986	1528186	0	2012-11-27 22:00:09.698053+00	0		
51171	49402	9390	1599848	0	2013-02-01 01:29:27.954024+00	0		
54774	27042	15005	1712762	0	2013-10-28 12:41:23.364399+00	0		
37009	27037	62848	1059330	0	2011-12-21 09:46:04.36775+00	0		
19457	27035	2206	188915	0	2011-05-16 16:31:52.155025+00	0		
39201	27037	25539	1267734	0	2012-04-09 14:53:47.700081+00	0		
14379	27035	2558	342219	0	2011-05-16 16:31:52.155025+00	0		
18365	27035	2448	189935	0	2012-11-17 21:06:30.877669+00	0		
39283	30135	49648	1273448	0	2012-04-14 22:24:09.981787+00	0		
20387	27035	2033	192579	0	2012-02-26 08:00:09.904118+00	0		
53571	27037	57201	1678060	0	2013-04-21 14:28:18.591337+00	0		
19032	27035	2433	189935	0	2012-11-17 21:06:30.877669+00	0		
48787	49402	60342	1535939	0	2012-11-20 20:46:17.220856+00	0		
6091	27035	2543	541688	0	2012-11-30 05:08:31.289628+00	0		
65372	27041	1120	2339124	0	2014-01-06 23:22:28.256371+00	0		
13717	27035	2981	205046	0	2011-05-16 16:31:52.155025+00	0		
17155	27035	3007	195343	0	2011-05-16 16:31:52.155025+00	0		
54737	27042	46053	1709789	0	2013-05-22 22:00:11.55715+00	0		
45183	27037	26308	1436115	0	2012-07-17 19:31:50.206757+00	0		
8717	27035	3467	211277	0	2011-05-16 16:31:52.155025+00	0		
50999	27036	75539	1592485	0	2013-01-24 20:01:55.168648+00	0		
25162	27035	3467	192380	0	2012-11-17 06:07:58.152165+00	0		
13030	27035	3495	197820	0	2012-08-28 08:07:52.907831+00	0		
53383	27037	78229	1670636	0	2013-04-13 20:28:52.386367+00	0		
51000	49402	71779	1592504	0	2013-01-24 20:38:19.918816+00	0		
77768	27042	6844	2746135	0	2014-11-18 01:01:36.974711+00	0		
4545	27035	3889	326849	0	2011-05-16 16:31:52.155025+00	0		
39202	27034	25539	1267735	0	2012-04-09 14:54:51.19524+00	0		
32689	27042	2945	984131	0	2011-10-30 17:44:06.433419+00	0		
45363	27037	34265	1437169	0	2012-08-01 15:00:11.337038+00	0		
24158	27035	4428	202334	0	2011-05-16 16:31:52.155025+00	0		
19239	27035	4520	485217	0	2011-05-16 16:31:52.155025+00	0		
32749	27037	29317	985862	0	2011-11-02 22:05:57.078847+00	0		
54775	27041	15005	1712763	0	2013-05-24 19:00:14.464801+00	0		
54738	30135	46053	1709795	0	2013-05-22 22:00:11.669292+00	0		
39203	27036	66255	963905	0	2012-04-23 17:00:15.153964+00	0		
77769	27042	6844	2746137	0	2014-11-18 01:01:40.520653+00	0		
13653	27035	5240	641280	0	2011-05-16 16:31:52.155025+00	0		
48579	215578	72988	1528264	0	2015-02-12 18:59:20.842366+00	0		
22067	27035	5596	563404	0	2011-05-16 16:31:52.155025+00	0		
6842	117908	4740	3110187	0	2015-07-13 17:28:23.037112+00	0		
51001	27038	65582	1592554	0	2013-01-24 22:12:43.208955+00	0		
10423	27035	5947	202547	0	2011-11-09 06:00:09.271911+00	0		
53384	27037	78225	1670640	0	2013-04-13 20:30:03.333622+00	0		
65373	27042	1120	2339125	0	2014-01-06 23:22:48.352373+00	0		
37010	27037	62846	1059333	0	2011-12-21 09:48:13.216518+00	0		
11282	27035	7246	191386	0	2011-05-16 16:31:52.155025+00	0		
9874	27035	7464	189980	0	2011-05-16 16:31:52.155025+00	0		
14179	27035	7634	188085	0	2011-05-16 16:31:52.155025+00	0		
7933	27035	7979	227810	0	2011-05-16 16:31:52.155025+00	0		
39284	27042	49648	1273451	0	2012-04-14 22:24:33.045587+00	0		
51172	27037	32266	1599855	0	2013-02-01 01:39:26.953564+00	0		
45185	27037	69238	1436120	0	2012-07-17 19:37:09.357708+00	0		
51002	27037	75545	1592621	0	2013-01-26 00:02:43.174461+00	0		
53385	27037	78191	1670641	0	2013-04-13 20:30:20.273225+00	0		
53572	27037	78602	1678067	0	2013-04-21 14:31:45.489528+00	0		
13835	27035	8403	187712	0	2011-05-16 16:31:52.155025+00	0		
4346	27035	8473	241256	0	2011-05-16 16:31:52.155025+00	0		
20636	27035	8473	459061	0	2011-05-16 16:31:52.155025+00	0		
79469	27036	98163	2824339	0	2014-12-25 12:01:28.034165+00	0		
79791	139283	20081	2837672	0	2014-12-27 10:56:20.254029+00	0		
5902	27035	9166	196643	0	2011-05-16 16:31:52.155025+00	0		
51003	27042	75547	1592638	0	2013-02-08 00:00:16.469963+00	0		
48580	27038	72988	1528265	0	2012-11-24 14:13:03.933147+00	0		
12873	27035	9937	197820	0	2011-05-16 16:31:52.155025+00	0		
13670	27035	10320	747369	0	2011-05-16 16:31:52.155025+00	0		
5141	27035	9229	278381	0	2012-10-15 08:20:05.558067+00	0		
6821	27035	8390	272426	0	2012-11-30 05:08:31.579292+00	0		
54921	49402	79594	1723655	0	2013-05-21 00:52:00.165424+00	0		
65374	27039	1120	2339126	0	2014-01-06 23:23:28.559049+00	0		
39205	27038	66255	963906	0	2012-04-23 17:00:15.328027+00	0		
8311	27035	14563	470377	0	2011-05-16 16:31:52.155025+00	0		
6244	27035	15027	267042	0	2011-05-16 16:31:52.155025+00	0		
23274	27035	15857	187737	0	2012-05-13 18:06:06.596887+00	0		
29231	27035	16585	875098	0	2011-05-16 16:31:52.155025+00	0		
45364	27037	18360	1437170	0	2012-08-01 15:00:11.349013+00	0		
51173	27036	32266	1599856	0	2013-02-01 01:39:39.078407+00	0		
53386	27037	78190	1670642	0	2013-04-13 20:30:33.535218+00	0		
3052	27035	17333	708392	0	2011-05-16 16:31:52.155025+00	0		
79470	27037	98164	2824359	0	2014-12-25 13:01:22.914041+00	0		
564	27035	16739	735549	0	2015-02-02 11:01:17.579905+00	0		
