946	28686	6788	1056350	0	2011-08-14 11:00:06.362724+00	0		
155	6244	33	4393	0	2011-11-06 21:03:36.235636+00	0		
434	6244	27459	48218	0	2013-01-24 21:11:10.501065+00	0		
1079	75616	72999	1219780	0	2012-11-28 10:00:12.320974+00	0		
1081	6244	743	1226170	0	2012-12-15 21:00:10.623183+00	0		
1082	75616	45492	1226810	0	2012-12-17 11:00:19.58019+00	0		
867	6244	208	174905	0	2011-05-16 15:59:00.785958+00	0		
594	6244	243	318701	0	2011-05-16 15:59:00.785958+00	0		
945	28558	56380	1060006	0	2011-08-07 19:00:08.834073+00	0		
168	6244	395	32094	0	2011-05-16 15:59:00.785958+00	0		
49	6244	418	400843	0	2011-05-16 15:59:00.785958+00	0		
882	6244	504	759108	0	2011-05-16 15:59:00.785958+00	0		
883	6244	504	796097	0	2011-05-16 15:59:00.785958+00	0		
884	6244	504	796098	0	2011-05-16 15:59:00.785958+00	0		
145	6244	604	4460	0	2011-05-16 15:59:00.785958+00	0		
144	6244	604	4461	0	2011-05-16 15:59:00.785958+00	0		
146	6244	604	732123	0	2011-05-16 15:59:00.785958+00	0		
147	6244	604	752864	0	2011-05-16 15:59:00.785958+00	0		
16	6244	726	41061	0	2011-05-16 15:59:00.785958+00	0		
15	6244	726	333157	0	2011-05-16 15:59:00.785958+00	0		
127	6244	827	166550	0	2011-05-16 15:59:00.785958+00	0		
466	6244	827	483943	0	2011-05-16 15:59:00.785958+00	0		
467	6244	827	483944	0	2011-05-16 15:59:00.785958+00	0		
1024	6244	49423	832972	0	2012-04-26 21:00:07.187857+00	0		
497	6244	27377	572699	0	2012-05-13 05:07:55.325985+00	0		
1023	6244	66208	1144575	0	2012-04-23 21:00:20.136761+00	0		
50	6244	2299	406367	0	2012-01-05 22:00:13.972079+00	0		
768	6244	843	747122	0	2011-05-16 15:59:00.785958+00	0		
762	6244	843	747130	0	2011-05-16 15:59:00.785958+00	0		
761	6244	843	747134	0	2011-05-16 15:59:00.785958+00	0		
753	6244	843	747135	0	2011-05-16 15:59:00.785958+00	0		
748	6244	843	747137	0	2011-05-16 15:59:00.785958+00	0		
742	6244	843	747144	0	2011-05-16 15:59:00.785958+00	0		
341	6244	857	361334	0	2011-05-16 15:59:00.785958+00	0		
373	6244	886	397312	0	2011-05-16 15:59:00.785958+00	0		
174	6244	1025	87125	0	2011-05-16 15:59:00.785958+00	0		
230	6244	1025	121975	0	2011-05-16 15:59:00.785958+00	0		
231	6244	1025	121976	0	2011-05-16 15:59:00.785958+00	0		
233	6244	1025	121985	0	2011-05-16 15:59:00.785958+00	0		
234	6244	1025	121989	0	2011-05-16 15:59:00.785958+00	0		
235	6244	1025	121990	0	2011-05-16 15:59:00.785958+00	0		
236	6244	1025	121992	0	2011-05-16 15:59:00.785958+00	0		
237	6244	1025	121993	0	2011-05-16 15:59:00.785958+00	0		
238	6244	1025	283730	0	2011-05-16 15:59:00.785958+00	0		
89	6244	1252	94979	0	2011-05-16 15:59:00.785958+00	0		
868	6244	1353	612239	0	2011-05-16 15:59:00.785958+00	0		
473	6244	1574	1033981	0	2011-05-16 15:59:00.785958+00	0		
3	6244	1663	139466	0	2011-05-16 15:59:00.785958+00	0		
519	6244	1772	584453	0	2011-05-16 15:59:00.785958+00	0		
455	6244	1888	465813	0	2011-05-16 15:59:00.785958+00	0		
126	6244	1888	495788	0	2011-05-16 15:59:00.785958+00	0		
456	6244	1888	571085	0	2011-05-16 15:59:00.785958+00	0		
643	6244	2615	512352	0	2011-05-16 15:59:00.785958+00	0		
644	6244	2615	616791	0	2011-05-16 15:59:00.785958+00	0		
1083	6244	73674	1226820	0	2012-12-17 12:00:08.361707+00	0		
586	6244	62029	27851	0	2012-07-19 22:06:18.618887+00	0		
786	6244	3008	627501	0	2011-05-16 15:59:00.785958+00	0		
378	6244	3014	418005	0	2011-05-16 15:59:00.785958+00	0		
83	6244	3349	443765	0	2011-05-16 15:59:00.785958+00	0		
333	6244	3368	190377	0	2011-05-16 15:59:00.785958+00	0		
334	6244	3368	316327	0	2011-05-16 15:59:00.785958+00	0		
335	6244	3368	316328	0	2011-05-16 15:59:00.785958+00	0		
9	6244	3669	667258	0	2011-05-16 15:59:00.785958+00	0		
10	6244	3669	827800	0	2011-05-16 15:59:00.785958+00	0		
448	6244	3827	259832	0	2011-05-16 15:59:00.785958+00	0		
531	6244	174	579357	0	2015-03-24 13:03:10.653051+00	0		
98	6244	3827	352190	0	2011-05-16 15:59:00.785958+00	0		
451	6244	3827	370987	0	2011-05-16 15:59:00.785958+00	0		
595	6244	3827	408662	0	2011-05-16 15:59:00.785958+00	0		
101	6244	3827	442674	0	2011-05-16 15:59:00.785958+00	0		
3635	130813	87337	1278769	0	2014-01-13 23:00:27.4245+00	0		
104	6244	3827	461098	0	2011-05-16 15:59:00.785958+00	0		
443	6244	3827	461174	0	2011-05-16 15:59:00.785958+00	0		
618	6244	3827	461462	0	2011-05-16 15:59:00.785958+00	0		
121	6244	3827	464966	0	2011-05-16 15:59:00.785958+00	0		
453	6244	3827	465811	0	2011-05-16 15:59:00.785958+00	0		
115	6244	3827	465945	0	2011-05-16 15:59:00.785958+00	0		
468	6244	3827	495794	0	2011-05-16 15:59:00.785958+00	0		
128	6244	3827	496896	0	2011-05-16 15:59:00.785958+00	0		
625	6244	3827	524532	0	2011-05-16 15:59:00.785958+00	0		
621	6244	3827	536225	0	2011-05-16 15:59:00.785958+00	0		
623	6244	3827	541103	0	2011-05-16 15:59:00.785958+00	0		
815	6244	3827	551194	0	2011-05-16 15:59:00.785958+00	0		
48	6244	3827	567987	0	2011-05-16 15:59:00.785958+00	0		
626	6244	3827	594469	0	2011-05-16 15:59:00.785958+00	0		
627	6244	3827	594470	0	2011-05-16 15:59:00.785958+00	0		
628	6244	3827	605401	0	2011-05-16 15:59:00.785958+00	0		
816	6244	3827	618059	0	2011-05-16 15:59:00.785958+00	0		
596	6244	3827	627074	0	2011-05-16 15:59:00.785958+00	0		
619	6244	3827	627077	0	2011-05-16 15:59:00.785958+00	0		
620	6244	3827	627081	0	2011-05-16 15:59:00.785958+00	0		
622	6244	3827	627085	0	2011-05-16 15:59:00.785958+00	0		
624	6244	3827	627090	0	2011-05-16 15:59:00.785958+00	0		
47	6244	3827	627122	0	2011-05-16 15:59:00.785958+00	0		
629	6244	3827	627127	0	2011-05-16 15:59:00.785958+00	0		
613	6244	743	618781	0	2011-06-16 14:02:39.609886+00	0		
947	6244	53748	1062356	0	2011-08-14 16:00:25.520962+00	0		
953	6244	59857	1053980	0	2011-08-28 16:00:09.487485+00	0		
461	6244	26940	11580	0	2011-09-15 23:03:25.115666+00	0		
691	6244	198	97998	0	2011-09-27 10:01:01.313665+00	0		
630	6244	3827	627129	0	2011-05-16 15:59:00.785958+00	0		
631	6244	3827	627130	0	2011-05-16 15:59:00.785958+00	0		
232	6244	1025	121979	0	2012-08-30 18:07:50.38265+00	0		
1027	6244	5281	1158272	0	2012-05-31 06:56:51.980028+00	0		
1028	6244	1353	1161751	0	2012-05-27 17:31:56.461883+00	0		
169	6244	395	1142728	0	2013-05-25 20:01:13.042856+00	0		
478	6244	62029	257588	0	2012-07-19 22:06:18.618887+00	0		
587	6244	62029	286391	0	2012-07-19 22:06:18.618887+00	0		
530	6244	174	579360	0	2015-03-24 13:03:10.653051+00	0		
452	130813	3827	465646	0	2015-02-11 22:29:13.774164+00	0		
116	130813	3827	305584	0	2015-02-11 22:47:49.423655+00	0		
812	130813	3827	287944	0	2015-02-12 09:02:14.604783+00	0		
615	6244	1688	623836	0	2013-07-14 13:00:27.613947+00	0		
544	6244	795	34649	0	2012-11-04 18:08:44.431104+00	0		
545	6244	795	619018	0	2012-11-04 18:08:44.431104+00	0		
1080	6244	36314	1170023	0	2012-12-15 15:00:15.182391+00	0		
1084	6244	73881	1155290	0	2012-12-08 21:38:21.174159+00	0		
956	6244	1023	1071470	0	2013-04-27 04:00:10.541865+00	0		
296	6244	1546	636880	0	2013-04-29 21:00:39.506434+00	0		
200	6244	6847	500966	0	2013-05-21 06:00:13.189789+00	0		
1225	6244	15614	810445	0	2013-05-31 19:00:18.372598+00	0		
632	6244	3827	627131	0	2011-05-16 15:59:00.785958+00	0		
633	6244	3827	627139	0	2011-05-16 15:59:00.785958+00	0		
797	6244	3827	657101	0	2011-05-16 15:59:00.785958+00	0		
824	6244	3827	703381	0	2011-05-16 15:59:00.785958+00	0		
906	6244	3827	731678	0	2011-05-16 15:59:00.785958+00	0		
733	6244	3827	770177	0	2011-05-16 15:59:00.785958+00	0		
907	6244	3827	770863	0	2011-05-16 15:59:00.785958+00	0		
798	6244	3827	771522	0	2011-05-16 15:59:00.785958+00	0		
799	6244	3827	771523	0	2011-05-16 15:59:00.785958+00	0		
800	6244	3827	771524	0	2011-05-16 15:59:00.785958+00	0		
801	6244	3827	771526	0	2011-05-16 15:59:00.785958+00	0		
803	6244	3827	771528	0	2011-05-16 15:59:00.785958+00	0		
804	6244	3827	771531	0	2011-05-16 15:59:00.785958+00	0		
805	6244	3827	771532	0	2011-05-16 15:59:00.785958+00	0		
806	6244	3827	771533	0	2011-05-16 15:59:00.785958+00	0		
807	6244	3827	771536	0	2011-05-16 15:59:00.785958+00	0		
808	6244	3827	771537	0	2011-05-16 15:59:00.785958+00	0		
809	6244	3827	771540	0	2011-05-16 15:59:00.785958+00	0		
810	6244	3827	771543	0	2011-05-16 15:59:00.785958+00	0		
948	6244	15857	1062356	0	2012-05-13 18:06:06.596887+00	0		
820	6244	3827	771553	0	2011-05-16 15:59:00.785958+00	0		
822	6244	3827	772873	0	2011-05-16 15:59:00.785958+00	0		
825	6244	3827	772875	0	2011-05-16 15:59:00.785958+00	0		
828	6244	3827	772889	0	2011-05-16 15:59:00.785958+00	0		
831	6244	3827	773216	0	2011-05-16 15:59:00.785958+00	0		
832	6244	3827	773871	0	2011-05-16 15:59:00.785958+00	0		
833	6244	3827	773874	0	2011-05-16 15:59:00.785958+00	0		
834	6244	3827	773877	0	2011-05-16 15:59:00.785958+00	0		
3641	130813	87337	1372905	0	2014-01-14 02:00:15.207383+00	0		
846	6244	3827	774742	0	2011-05-16 15:59:00.785958+00	0		
823	6244	3827	788251	0	2011-05-16 15:59:00.785958+00	0		
873	6244	3827	807980	0	2011-05-16 15:59:00.785958+00	0		
875	6244	3827	809696	0	2011-05-16 15:59:00.785958+00	0		
878	6244	3827	809697	0	2011-05-16 15:59:00.785958+00	0		
885	6244	3827	809699	0	2011-05-16 15:59:00.785958+00	0		
887	6244	3827	809703	0	2011-05-16 15:59:00.785958+00	0		
888	6244	3827	809704	0	2011-05-16 15:59:00.785958+00	0		
889	6244	3827	809705	0	2011-05-16 15:59:00.785958+00	0		
890	6244	3827	809706	0	2011-05-16 15:59:00.785958+00	0		
891	6244	3827	809707	0	2011-05-16 15:59:00.785958+00	0		
892	6244	3827	809709	0	2011-05-16 15:59:00.785958+00	0		
893	6244	3827	809711	0	2011-05-16 15:59:00.785958+00	0		
894	6244	3827	809714	0	2011-05-16 15:59:00.785958+00	0		
967	6244	17393	1087988	0	2012-06-08 09:07:36.127422+00	0		
902	6244	3827	809726	0	2011-05-16 15:59:00.785958+00	0		
903	6244	3827	809727	0	2011-05-16 15:59:00.785958+00	0		
904	6244	3827	809729	0	2011-05-16 15:59:00.785958+00	0		
905	6244	3827	809730	0	2011-05-16 15:59:00.785958+00	0		
872	6244	3827	825549	0	2011-05-16 15:59:00.785958+00	0		
811	6244	3827	950252	0	2011-05-16 15:59:00.785958+00	0		
299	6244	4842	175475	0	2011-05-16 15:59:00.785958+00	0		
194	6244	4842	284205	0	2011-05-16 15:59:00.785958+00	0		
218	6244	4842	284207	0	2011-05-16 15:59:00.785958+00	0		
298	6244	4842	310144	0	2011-05-16 15:59:00.785958+00	0		
955	6244	52234	1071404	0	2011-09-16 15:00:07.907829+00	0		
187	6244	5596	87556	0	2011-05-16 15:59:00.785958+00	0		
301	6244	6135	309969	0	2011-05-16 15:59:00.785958+00	0		
332	6244	6212	352045	0	2011-05-16 15:59:00.785958+00	0		
384	6244	6212	418544	0	2011-05-16 15:59:00.785958+00	0		
398	6244	62029	438976	0	2012-07-19 22:06:18.618887+00	0		
477	6244	62029	513143	0	2012-07-19 22:06:18.618887+00	0		
184	6244	6847	323767	0	2013-05-21 06:00:13.189789+00	0		
55	6244	18382	12577	0	2013-04-14 09:00:45.481445+00	0		
1026	6244	47747	1148612	0	2012-05-04 03:00:09.967272+00	0		
1029	6244	3008	1163006	0	2012-05-31 13:17:42.976266+00	0		
968	6244	3008	1088612	0	2011-11-15 01:00:03.072664+00	0		
869	6244	6988	800551	0	2011-05-16 15:59:00.785958+00	0		
769	6244	7070	23488	0	2011-05-16 15:59:00.785958+00	0		
6	6244	7198	329958	0	2011-05-16 15:59:00.785958+00	0		
309	6244	7198	329961	0	2011-05-16 15:59:00.785958+00	0		
356	6244	7359	381761	0	2011-05-16 15:59:00.785958+00	0		
283	6244	8063	14550	0	2011-05-16 15:59:00.785958+00	0		
241	6244	8063	19763	0	2011-05-16 15:59:00.785958+00	0		
251	6244	8063	19769	0	2011-05-16 15:59:00.785958+00	0		
260	6244	8063	19770	0	2011-05-16 15:59:00.785958+00	0		
244	6244	8063	19774	0	2011-05-16 15:59:00.785958+00	0		
256	6244	8063	20837	0	2011-05-16 15:59:00.785958+00	0		
255	6244	8063	28354	0	2011-05-16 15:59:00.785958+00	0		
250	6244	8063	28355	0	2011-05-16 15:59:00.785958+00	0		
254	6244	8063	28361	0	2011-05-16 15:59:00.785958+00	0		
249	6244	8063	28362	0	2011-05-16 15:59:00.785958+00	0		
248	6244	8063	28363	0	2011-05-16 15:59:00.785958+00	0		
258	6244	8063	28365	0	2011-05-16 15:59:00.785958+00	0		
246	6244	8063	31875	0	2011-05-16 15:59:00.785958+00	0		
280	6244	8063	32143	0	2011-05-16 15:59:00.785958+00	0		
239	6244	8063	36004	0	2011-05-16 15:59:00.785958+00	0		
261	6244	8063	65266	0	2011-05-16 15:59:00.785958+00	0		
252	6244	8063	65863	0	2011-05-16 15:59:00.785958+00	0		
240	6244	8063	65867	0	2011-05-16 15:59:00.785958+00	0		
247	6244	8063	95037	0	2011-05-16 15:59:00.785958+00	0		
281	6244	8063	102677	0	2011-05-16 15:59:00.785958+00	0		
284	6244	8063	102725	0	2011-05-16 15:59:00.785958+00	0		
242	6244	8063	126687	0	2011-05-16 15:59:00.785958+00	0		
253	6244	8063	285473	0	2011-05-16 15:59:00.785958+00	0		
259	6244	8063	285477	0	2011-05-16 15:59:00.785958+00	0		
257	6244	8063	285494	0	2011-05-16 15:59:00.785958+00	0		
243	6244	8063	285508	0	2011-05-16 15:59:00.785958+00	0		
245	6244	8063	285516	0	2011-05-16 15:59:00.785958+00	0		
282	6244	8063	294062	0	2011-05-16 15:59:00.785958+00	0		
196	6244	8492	531109	0	2011-05-16 15:59:00.785958+00	0		
1065	6244	5094	604339	0	2012-09-10 11:00:08.967782+00	0		
964	6244	504	1073965	0	2011-11-09 16:00:12.242037+00	0		
897	130813	3827	809719	0	2015-03-27 15:46:32.503962+00	0		
840	130813	3827	774185	0	2015-03-30 06:01:52.389251+00	0		
966	6244	61478	1073965	0	2011-11-09 16:00:12.273185+00	0		
195	6244	8642	164296	0	2011-05-16 15:59:00.785958+00	0		
205	6244	8642	534523	0	2011-05-16 15:59:00.785958+00	0		
715	6244	8726	19622	0	2011-05-16 15:59:00.785958+00	0		
714	6244	8726	53274	0	2011-05-16 15:59:00.785958+00	0		
716	6244	8726	538736	0	2011-05-16 15:59:00.785958+00	0		
645	6244	8786	2289	0	2011-05-16 15:59:00.785958+00	0		
579	6244	8794	6941	0	2011-05-16 15:59:00.785958+00	0		
584	6244	9011	618459	0	2011-05-16 15:59:00.785958+00	0		
661	6244	9027	660422	0	2011-05-16 15:59:00.785958+00	0		
193	6244	9131	175892	0	2011-05-16 15:59:00.785958+00	0		
180	6244	9131	526665	0	2011-05-16 15:59:00.785958+00	0		
181	6244	9131	526675	0	2011-05-16 15:59:00.785958+00	0		
94	6244	9191	134185	0	2011-05-16 15:59:00.785958+00	0		
564	6270	234	550513	0	2012-01-28 18:01:23.887969+00	0		
3636	130813	87337	1366580	0	2014-01-13 23:00:33.781844+00	0		
662	6244	6779	4707	0	2011-12-11 12:04:41.454428+00	0		
606	6244	6779	418961	0	2011-12-11 12:04:41.454428+00	0		
993	36602	63666	1113004	0	2012-01-29 00:00:06.848869+00	0		
997	6244	34961	1120598	0	2012-02-19 15:00:24.81161+00	0		
995	38116	18715	1118990	0	2012-02-15 14:00:15.784193+00	0		
54	6244	9426	418005	0	2011-05-16 15:59:00.785958+00	0		
158	6244	14474	405897	0	2011-05-16 15:59:00.785958+00	0		
528	6244	15051	579409	0	2011-05-16 15:59:00.785958+00	0		
529	6244	15051	579410	0	2011-05-16 15:59:00.785958+00	0		
505	6244	15051	579648	0	2011-05-16 15:59:00.785958+00	0		
35	6244	15153	943704	0	2011-05-16 15:59:00.785958+00	0		
675	6244	15227	667258	0	2011-05-16 15:59:00.785958+00	0		
676	6244	15227	827800	0	2011-05-16 15:59:00.785958+00	0		
300	6244	15694	1015115	0	2011-05-16 15:59:00.785958+00	0		
388	6244	16556	564738	0	2011-05-16 15:59:00.785958+00	0		
23	6244	17185	351393	0	2011-05-16 15:59:00.785958+00	0		
11	6244	17790	11970	0	2011-05-16 15:59:00.785958+00	0		
52	6244	17790	13071	0	2011-05-16 15:59:00.785958+00	0		
590	6244	17790	79932	0	2011-05-16 15:59:00.785958+00	0		
591	6244	17790	79933	0	2011-05-16 15:59:00.785958+00	0		
53	6244	17790	174467	0	2011-05-16 15:59:00.785958+00	0		
509	6244	17790	452825	0	2011-05-16 15:59:00.785958+00	0		
510	6244	17790	478803	0	2011-05-16 15:59:00.785958+00	0		
143	6244	17790	549124	0	2011-05-16 15:59:00.785958+00	0		
222	6244	17790	555946	0	2011-05-16 15:59:00.785958+00	0		
511	6244	17790	558328	0	2011-05-16 15:59:00.785958+00	0		
310	6244	17790	562846	0	2011-05-16 15:59:00.785958+00	0		
229	6244	17790	565764	0	2011-05-16 15:59:00.785958+00	0		
502	6244	17790	570433	0	2011-05-16 15:59:00.785958+00	0		
546	6244	17790	593922	0	2011-05-16 15:59:00.785958+00	0		
532	6244	17790	594183	0	2011-05-16 15:59:00.785958+00	0		
592	6244	17790	611440	0	2011-05-16 15:59:00.785958+00	0		
718	6244	17790	649667	0	2011-05-16 15:59:00.785958+00	0		
1	6244	17790	710882	0	2011-05-16 15:59:00.785958+00	0		
2	6244	17790	710883	0	2011-05-16 15:59:00.785958+00	0		
481	6244	17790	729367	0	2011-05-16 15:59:00.785958+00	0		
482	6244	17790	729368	0	2011-05-16 15:59:00.785958+00	0		
719	6244	17790	739084	0	2011-05-16 15:59:00.785958+00	0		
870	6244	17790	794557	0	2011-05-16 15:59:00.785958+00	0		
871	6244	17790	794558	0	2011-05-16 15:59:00.785958+00	0		
503	6244	17790	819220	0	2011-05-16 15:59:00.785958+00	0		
917	6244	17790	827923	0	2011-05-16 15:59:00.785958+00	0		
51	6244	17792	417941	0	2011-05-16 15:59:00.785958+00	0		
371	6244	17797	6660	0	2011-05-16 15:59:00.785958+00	0		
372	6244	17797	15496	0	2011-05-16 15:59:00.785958+00	0		
370	6244	17797	122350	0	2011-05-16 15:59:00.785958+00	0		
432	6244	17829	449900	0	2011-05-16 15:59:00.785958+00	0		
7	6244	18010	330284	0	2011-05-16 15:59:00.785958+00	0		
19	6244	18209	331731	0	2011-05-16 15:59:00.785958+00	0		
12	6244	18212	331731	0	2011-05-16 15:59:00.785958+00	0		
374	6244	18490	149759	0	2011-05-16 15:59:00.785958+00	0		
322	6244	18557	311944	0	2011-05-16 15:59:00.785958+00	0		
18	6244	18730	81619	0	2011-05-16 15:59:00.785958+00	0		
331	6244	18783	93668	0	2011-05-16 15:59:00.785958+00	0		
1085	6244	73881	1228670	0	2012-12-08 21:39:04.875733+00	0		
3637	135826	1120	233146	0	2014-01-06 22:35:33.768651+00	0		
1096	6244	1906	1239287	0	2013-01-18 15:00:20.881253+00	0		
3646	130812	87349	264226	0	2014-01-14 18:00:18.622441+00	0		
11735	116320	78825	1524212	0	2014-11-18 01:01:08.596794+00	0		
3491	130811	87151	269867	0	2014-01-07 12:00:26.216912+00	0		
3643	116320	78905	233157	0	2014-01-07 04:29:02.099535+00	0		
1099	6244	17393	1237154	0	2013-01-10 22:03:16.182497+00	0		
1103	6244	62029	402061	0	2013-01-26 18:00:16.271047+00	0		
1104	6244	74276	36420	0	2013-01-26 21:00:16.142464+00	0		
3492	130811	87152	269867	0	2014-01-07 12:00:26.241525+00	0		
12067	116320	61720	1528746	0	2014-12-01 19:00:37.109585+00	0		
3644	145082	2368	233157	0	2014-01-07 04:29:02.099535+00	0		
330	6244	18820	269874	0	2011-05-16 15:59:00.785958+00	0		
328	6244	18821	269874	0	2011-05-16 15:59:00.785958+00	0		
653	6244	19321	612588	0	2011-05-16 15:59:00.785958+00	0		
657	6244	19321	636865	0	2011-05-16 15:59:00.785958+00	0		
646	6244	19321	637238	0	2011-05-16 15:59:00.785958+00	0		
647	6244	19321	638763	0	2011-05-16 15:59:00.785958+00	0		
658	6244	19321	638794	0	2011-05-16 15:59:00.785958+00	0		
654	6244	19321	638797	0	2011-05-16 15:59:00.785958+00	0		
475	6244	18015	331731	0	2011-08-21 19:02:46.10761+00	0		
949	6244	53748	1062367	0	2011-08-14 16:00:25.623112+00	0		
960	6244	1353	1081778	0	2011-10-22 09:00:12.292408+00	0		
541	6244	19785	594183	0	2011-05-16 15:59:00.785958+00	0		
3493	144136	87153	269867	0	2014-01-07 12:00:26.254271+00	0		
342	6244	19864	234954	0	2011-05-16 15:59:00.785958+00	0		
347	6244	19864	235786	0	2011-05-16 15:59:00.785958+00	0		
394	6244	19864	271332	0	2011-05-16 15:59:00.785958+00	0		
136	6244	19864	279063	0	2011-05-16 15:59:00.785958+00	0		
395	6244	19864	282853	0	2011-05-16 15:59:00.785958+00	0		
346	6244	19864	297010	0	2011-05-16 15:59:00.785958+00	0		
345	6244	19864	297011	0	2011-05-16 15:59:00.785958+00	0		
57	6244	16739	420540	0	2015-02-02 11:01:17.579905+00	0		
607	6244	19864	356246	0	2011-05-16 15:59:00.785958+00	0		
344	6244	19864	366564	0	2011-05-16 15:59:00.785958+00	0		
348	6244	19864	366581	0	2011-05-16 15:59:00.785958+00	0		
608	6244	19864	402470	0	2011-05-16 15:59:00.785958+00	0		
609	6244	19864	402501	0	2011-05-16 15:59:00.785958+00	0		
957	6244	49418	805206	0	2011-10-06 21:00:09.260771+00	0		
778	6244	9995	758434	0	2014-09-04 21:00:28.825705+00	0		
777	6244	9995	758439	0	2014-09-04 21:00:28.825705+00	0		
179	131402	19864	12037	0	2014-07-20 17:00:59.127406+00	0		
324	131402	19864	349145	0	2014-07-20 17:01:00.528689+00	0		
959	6244	17790	1044594	0	2011-10-18 22:00:07.844227+00	0		
377	6244	19864	417941	0	2011-05-16 15:59:00.785958+00	0		
70	6244	19864	425755	0	2011-05-16 15:59:00.785958+00	0		
399	6244	19864	425758	0	2011-05-16 15:59:00.785958+00	0		
56	6244	19864	425760	0	2011-05-16 15:59:00.785958+00	0		
82	6244	19864	427149	0	2011-05-16 15:59:00.785958+00	0		
610	6244	19864	440911	0	2011-05-16 15:59:00.785958+00	0		
611	6244	19864	469631	0	2011-05-16 15:59:00.785958+00	0		
11736	143622	96919	1524197	0	2014-11-18 02:00:40.314689+00	0		
612	6244	19864	592894	0	2011-05-16 15:59:00.785958+00	0		
137	6244	19864	637414	0	2011-05-16 15:59:00.785958+00	0		
36	6244	21328	952004	0	2011-05-16 15:59:00.785958+00	0		
336	6244	21474	360281	0	2011-05-16 15:59:00.785958+00	0		
31	6244	21940	364715	0	2011-05-16 15:59:00.785958+00	0		
1218	6244	93966	1259574	0	2015-08-14 06:02:30.914501+00	0		
1107	6244	93966	1076607	0	2015-08-14 06:02:30.914501+00	0		
60	6244	22228	2788	0	2011-05-16 15:59:00.785958+00	0		
58	6244	22228	348937	0	2011-05-16 15:59:00.785958+00	0		
1062	6244	19864	1188517	0	2012-08-31 11:00:09.412922+00	0		
419	6244	62042	1792	0	2012-08-21 04:04:17.998996+00	0		
1219	6244	8473	1289013	0	2013-05-22 06:00:15.133401+00	0		
1094	6244	185	36419	0	2013-04-29 10:00:38.832964+00	0		
1092	6244	74657	418977	0	2013-01-14 01:00:24.029277+00	0		
1095	6244	17790	36419	0	2013-01-17 16:00:27.49597+00	0		
17	130813	18730	336242	0	2013-10-04 05:00:38.944096+00	0		
3649	141743	87357	302136	0	2014-01-14 19:00:24.323386+00	0		
1220	116320	79564	1089822	0	2013-05-16 04:36:21.600524+00	0		
11737	138266	96919	1524255	0	2014-11-18 04:00:44.422231+00	0		
1098	104452	75075	1241466	0	2013-01-23 20:00:18.200508+00	0		
1097	138447	58593	70176	0	2013-11-12 08:22:21.379601+00	0		
3648	130812	5662	38637	0	2014-02-09 19:00:31.750823+00	0		
557	6244	17796	22737	0	2014-05-12 02:01:56.334086+00	0		
558	6244	17796	606620	0	2014-05-12 02:01:56.334086+00	0		
3642	130813	87337	1372937	0	2014-01-14 03:00:17.256024+00	0		
59	6244	22228	422313	0	2011-05-16 15:59:00.785958+00	0		
352	6244	22230	367627	0	2011-05-16 15:59:00.785958+00	0		
351	6244	22230	367628	0	2011-05-16 15:59:00.785958+00	0		
26	6244	22230	367651	0	2011-05-16 15:59:00.785958+00	0		
27	6244	22230	367652	0	2011-05-16 15:59:00.785958+00	0		
357	6244	22230	367664	0	2011-05-16 15:59:00.785958+00	0		
358	6244	22230	367665	0	2011-05-16 15:59:00.785958+00	0		
41	6244	22230	367679	0	2011-05-16 15:59:00.785958+00	0		
42	6244	22230	367680	0	2011-05-16 15:59:00.785958+00	0		
354	6244	22230	367689	0	2011-05-16 15:59:00.785958+00	0		
355	6244	22230	367690	0	2011-05-16 15:59:00.785958+00	0		
34	6244	22230	367691	0	2011-05-16 15:59:00.785958+00	0		
210	6244	22732	465782	0	2011-05-16 15:59:00.785958+00	0		
349	6244	22779	114706	0	2011-05-16 15:59:00.785958+00	0		
99	6244	22779	238494	0	2011-05-16 15:59:00.785958+00	0		
389	6244	22779	243619	0	2011-05-16 15:59:00.785958+00	0		
350	6244	22779	368049	0	2011-05-16 15:59:00.785958+00	0		
409	6244	22779	436508	0	2011-05-16 15:59:00.785958+00	0		
100	6244	22779	465246	0	2011-05-16 15:59:00.785958+00	0		
162	6244	22779	505109	0	2011-05-16 15:59:00.785958+00	0		
142	6244	22930	511304	0	2011-05-16 15:59:00.785958+00	0		
33	6244	23182	334499	0	2011-05-16 15:59:00.785958+00	0		
574	6244	23463	44745	0	2011-05-16 15:59:00.785958+00	0		
375	6244	23463	405362	0	2011-05-16 15:59:00.785958+00	0		
376	6244	23463	406434	0	2011-05-16 15:59:00.785958+00	0		
573	6244	23463	461655	0	2011-05-16 15:59:00.785958+00	0		
353	6244	23491	269079	0	2011-05-16 15:59:00.785958+00	0		
365	6244	23941	384897	0	2011-05-16 15:59:00.785958+00	0		
367	6244	23941	406424	0	2011-05-16 15:59:00.785958+00	0		
368	6244	23941	406425	0	2011-05-16 15:59:00.785958+00	0		
366	6244	23941	419126	0	2011-05-16 15:59:00.785958+00	0		
369	6244	23941	531914	0	2011-05-16 15:59:00.785958+00	0		
39	6244	23984	386723	0	2011-05-16 15:59:00.785958+00	0		
38	6244	23984	386990	0	2011-05-16 15:59:00.785958+00	0		
37	6244	23984	386992	0	2011-05-16 15:59:00.785958+00	0		
40	6244	23984	766527	0	2011-05-16 15:59:00.785958+00	0		
360	6244	24418	383328	0	2011-05-16 15:59:00.785958+00	0		
361	6244	24418	410456	0	2011-05-16 15:59:00.785958+00	0		
197	6244	25196	533078	0	2011-05-16 15:59:00.785958+00	0		
208	6244	25260	530141	0	2011-05-16 15:59:00.785958+00	0		
186	6244	25260	530143	0	2011-05-16 15:59:00.785958+00	0		
381	6244	26347	12575	0	2011-05-16 15:59:00.785958+00	0		
379	6244	26347	31021	0	2011-05-16 15:59:00.785958+00	0		
382	6244	26347	414122	0	2011-05-16 15:59:00.785958+00	0		
380	6244	26347	414134	0	2011-05-16 15:59:00.785958+00	0		
462	6244	26940	4271	0	2011-05-16 15:59:00.785958+00	0		
405	6244	26940	17635	0	2011-05-16 15:59:00.785958+00	0		
464	6244	26940	24023	0	2011-05-16 15:59:00.785958+00	0		
402	6244	26940	90445	0	2011-05-16 15:59:00.785958+00	0		
400	6244	26940	111466	0	2011-05-16 15:59:00.785958+00	0		
401	6244	26940	313187	0	2011-05-16 15:59:00.785958+00	0		
435	6244	27459	38924	0	2013-01-24 21:11:10.501065+00	0		
463	6244	26940	568227	0	2011-05-16 15:59:00.785958+00	0		
460	6244	26940	574057	0	2011-05-16 15:59:00.785958+00	0		
465	6244	26940	672765	0	2011-05-16 15:59:00.785958+00	0		
404	6244	26940	797912	0	2011-05-16 15:59:00.785958+00	0		
69	6244	27130	401619	0	2011-05-16 15:59:00.785958+00	0		
406	6244	27303	175715	0	2011-05-16 15:59:00.785958+00	0		
61	6244	27371	427070	0	2011-05-16 15:59:00.785958+00	0		
62	6244	27371	427071	0	2011-05-16 15:59:00.785958+00	0		
407	6244	27371	427072	0	2011-05-16 15:59:00.785958+00	0		
408	6244	27371	541837	0	2011-05-16 15:59:00.785958+00	0		
72	6244	27375	175715	0	2011-05-16 15:59:00.785958+00	0		
12068	149793	19910	1528746	0	2014-12-01 19:00:37.135+00	0		
3645	135734	20232	1303842	0	2014-01-14 06:00:14.119882+00	0		
617	6244	27377	626593	0	2015-02-16 07:03:47.665137+00	0		
3638	130813	87337	1365690	0	2014-01-13 23:00:34.19636+00	0		
493	6244	27377	439174	0	2011-05-16 15:59:00.785958+00	0		
494	6244	27377	439175	0	2011-05-16 15:59:00.785958+00	0		
135	6244	27377	505418	0	2011-05-16 15:59:00.785958+00	0		
133	6244	27377	505433	0	2011-05-16 15:59:00.785958+00	0		
134	6244	27377	505434	0	2011-05-16 15:59:00.785958+00	0		
307	6244	27377	516615	0	2011-05-16 15:59:00.785958+00	0		
308	6244	27377	516933	0	2011-05-16 15:59:00.785958+00	0		
221	6244	27377	550884	0	2011-05-16 15:59:00.785958+00	0		
476	6244	62029	5372	0	2012-07-19 22:06:18.618887+00	0		
397	6244	62029	25091	0	2012-07-19 22:06:18.618887+00	0		
512	6244	27377	573554	0	2011-05-16 15:59:00.785958+00	0		
616	6244	27377	626594	0	2011-05-16 15:59:00.785958+00	0		
920	6244	27443	825477	0	2011-05-16 15:59:00.785958+00	0		
390	6244	23153	33088	0	2013-03-18 04:00:25.556626+00	0		
1112	6244	4328	1233409	0	2013-02-10 18:00:29.338149+00	0		
491	6244	27377	439106	0	2013-06-04 08:00:16.65311+00	0		
3650	135731	87357	302136	0	2014-01-14 19:00:24.348467+00	0		
160	131402	19864	519835	0	2014-07-20 17:01:00.415075+00	0		
64	131402	27377	349145	0	2014-07-20 17:01:00.574594+00	0		
3797	140706	366	154930	0	2014-01-22 03:00:42.447191+00	0		
5	6244	27466	124809	0	2011-05-16 15:59:00.785958+00	0		
386	6244	27466	143516	0	2011-05-16 15:59:00.785958+00	0		
191	6244	27466	144109	0	2011-05-16 15:59:00.785958+00	0		
192	6244	27466	184890	0	2011-05-16 15:59:00.785958+00	0		
385	6244	27466	523280	0	2011-05-16 15:59:00.785958+00	0		
4	6244	27466	523281	0	2011-05-16 15:59:00.785958+00	0		
387	6244	27466	528320	0	2011-05-16 15:59:00.785958+00	0		
599	6244	27922	433303	0	2011-05-16 15:59:00.785958+00	0		
598	6244	27922	607336	0	2011-05-16 15:59:00.785958+00	0		
431	6244	28220	436508	0	2011-05-16 15:59:00.785958+00	0		
383	6244	28365	443765	0	2011-05-16 15:59:00.785958+00	0		
78	6244	28505	419405	0	2011-05-16 15:59:00.785958+00	0		
76	6244	28505	437319	0	2011-05-16 15:59:00.785958+00	0		
79	6244	28505	437320	0	2011-05-16 15:59:00.785958+00	0		
77	6244	28505	437323	0	2011-05-16 15:59:00.785958+00	0		
73	6244	28505	443841	0	2011-05-16 15:59:00.785958+00	0		
80	6244	28505	475872	0	2011-05-16 15:59:00.785958+00	0		
81	6244	28505	554651	0	2011-05-16 15:59:00.785958+00	0		
75	6244	28505	583624	0	2011-05-16 15:59:00.785958+00	0		
74	6244	28505	583625	0	2011-05-16 15:59:00.785958+00	0		
429	6244	28578	210331	0	2011-05-16 15:59:00.785958+00	0		
84	6244	28748	442169	0	2011-05-16 15:59:00.785958+00	0		
428	6244	28748	442204	0	2011-05-16 15:59:00.785958+00	0		
85	6244	29227	15005	0	2011-05-16 15:59:00.785958+00	0		
436	6244	29227	15015	0	2011-05-16 15:59:00.785958+00	0		
90	6244	29227	15024	0	2011-05-16 15:59:00.785958+00	0		
433	6244	29227	288194	0	2011-05-16 15:59:00.785958+00	0		
86	6244	29227	448446	0	2011-05-16 15:59:00.785958+00	0		
91	6244	29227	448648	0	2011-05-16 15:59:00.785958+00	0		
92	6244	29227	448649	0	2011-05-16 15:59:00.785958+00	0		
93	6244	29227	448650	0	2011-05-16 15:59:00.785958+00	0		
87	6244	29227	799134	0	2011-05-16 15:59:00.785958+00	0		
97	6244	29481	38924	0	2011-05-16 15:59:00.785958+00	0		
96	6244	29481	48218	0	2011-05-16 15:59:00.785958+00	0		
438	6244	29501	451805	0	2011-05-16 15:59:00.785958+00	0		
286	6244	29517	711386	0	2011-05-16 15:59:00.785958+00	0		
439	6244	29541	370978	0	2011-05-16 15:59:00.785958+00	0		
449	6244	29541	442681	0	2011-05-16 15:59:00.785958+00	0		
421	6244	62042	114023	0	2014-03-28 23:02:12.158023+00	0		
403	6244	26940	1188521	0	2012-10-20 08:07:11.717357+00	0		
414	6244	62042	8117	0	2012-08-21 04:04:17.998996+00	0		
578	6244	62042	45012	0	2012-08-21 04:04:17.998996+00	0		
582	6244	62042	157462	0	2012-08-21 04:04:17.998996+00	0		
583	6244	62042	191260	0	2012-08-21 04:04:17.998996+00	0		
472	6244	29541	498731	0	2011-05-16 15:59:00.785958+00	0		
220	6244	29541	512413	0	2011-05-16 15:59:00.785958+00	0		
600	6244	29541	614851	0	2011-05-16 15:59:00.785958+00	0		
601	6244	29541	614863	0	2011-05-16 15:59:00.785958+00	0		
602	6244	29541	614877	0	2011-05-16 15:59:00.785958+00	0		
603	6244	29541	614882	0	2011-05-16 15:59:00.785958+00	0		
604	6244	29541	614913	0	2011-05-16 15:59:00.785958+00	0		
95	6244	30034	457229	0	2011-05-16 15:59:00.785958+00	0		
437	6244	30034	457818	0	2011-05-16 15:59:00.785958+00	0		
561	6244	35163	9326	0	2014-05-04 14:00:17.215585+00	0		
730	6244	30353	124660	0	2011-05-16 15:59:00.785958+00	0		
450	6244	30654	251441	0	2011-05-16 15:59:00.785958+00	0		
112	6244	31025	202446	0	2011-05-16 15:59:00.785958+00	0		
113	6244	31025	239370	0	2011-05-16 15:59:00.785958+00	0		
109	6244	31025	469040	0	2011-05-16 15:59:00.785958+00	0		
110	6244	31025	469041	0	2011-05-16 15:59:00.785958+00	0		
111	6244	31025	469042	0	2011-05-16 15:59:00.785958+00	0		
122	6244	31855	479418	0	2011-05-16 15:59:00.785958+00	0		
732	6244	32021	757058	0	2011-05-16 15:59:00.785958+00	0		
504	6244	32295	483585	0	2011-05-16 15:59:00.785958+00	0		
131	6244	33344	495869	0	2011-05-16 15:59:00.785958+00	0		
3639	130813	87337	1365667	0	2014-01-14 00:00:22.561418+00	0		
157	6244	34085	505948	0	2011-05-16 15:59:00.785958+00	0		
851	6244	34085	777674	0	2011-05-16 15:59:00.785958+00	0		
848	6244	34085	778241	0	2011-05-16 15:59:00.785958+00	0		
844	6244	34085	778245	0	2011-05-16 15:59:00.785958+00	0		
178	6244	34598	512589	0	2011-05-16 15:59:00.785958+00	0		
279	6244	34598	705395	0	2011-05-16 15:59:00.785958+00	0		
156	6244	34983	518075	0	2011-05-16 15:59:00.785958+00	0		
569	6244	35163	6283	0	2011-05-16 15:59:00.785958+00	0		
568	6244	35163	8734	0	2011-05-16 15:59:00.785958+00	0		
567	6244	35163	9141	0	2011-05-16 15:59:00.785958+00	0		
588	6244	35163	12252	0	2011-05-16 15:59:00.785958+00	0		
589	6244	35163	20990	0	2011-05-16 15:59:00.785958+00	0		
562	6244	35163	28382	0	2011-05-16 15:59:00.785958+00	0		
534	6244	35163	130321	0	2011-05-16 15:59:00.785958+00	0		
536	6244	35163	130322	0	2011-05-16 15:59:00.785958+00	0		
535	6244	35163	136950	0	2011-05-16 15:59:00.785958+00	0		
533	6244	35163	140779	0	2011-05-16 15:59:00.785958+00	0		
538	6244	35163	292349	0	2011-05-16 15:59:00.785958+00	0		
560	6244	35163	365277	0	2011-05-16 15:59:00.785958+00	0		
570	6244	35163	429420	0	2011-05-16 15:59:00.785958+00	0		
537	6244	35163	434189	0	2011-05-16 15:59:00.785958+00	0		
559	6244	35163	515988	0	2011-05-16 15:59:00.785958+00	0		
563	6244	35163	684674	0	2011-05-16 15:59:00.785958+00	0		
571	6244	35163	747773	0	2011-05-16 15:59:00.785958+00	0		
572	6244	35163	797446	0	2011-05-16 15:59:00.785958+00	0		
641	6244	35171	2289	0	2011-05-16 15:59:00.785958+00	0		
12467	204197	87262	1538704	0	2014-12-18 12:02:24.500496+00	0		
11931	135825	405	1526381	0	2014-11-25 03:02:59.950011+00	0		
11932	140256	28250	1526714	0	2014-11-25 05:00:52.551679+00	0		
12069	149579	19910	1528746	0	2014-12-01 19:00:37.152089+00	0		
12070	135731	14706	341572	0	2014-12-01 19:03:14.007527+00	0		
739	6244	35173	187197	0	2011-05-16 15:59:00.785958+00	0		
12071	135735	14706	341572	0	2014-12-01 19:03:14.025059+00	0		
738	6244	35173	450049	0	2011-05-16 15:59:00.785958+00	0		
12072	135734	84005	341572	0	2014-12-01 19:03:14.042507+00	0		
12143	130813	5248	57639	0	2014-12-01 19:03:26.961394+00	0		
12284	137973	86224	1296129	0	2014-12-11 14:37:11.487277+00	0		
12469	139103	1018	127263	0	2014-12-19 11:40:37.67516+00	0		
12470	138436	96721	127263	0	2014-12-19 11:40:37.67516+00	0		
120	6244	85450	251441	0	2014-10-27 10:01:14.109284+00	0		
114	6244	85450	465809	0	2014-10-27 10:01:14.109284+00	0		
526	131402	35173	539389	0	2015-01-19 10:03:55.81607+00	0		
272	131402	35173	531973	0	2014-07-19 11:00:16.422036+00	0		
275	131402	35173	580588	0	2014-07-19 11:00:16.539524+00	0		
268	131402	35173	554846	0	2014-07-19 11:00:16.558585+00	0		
165	6244	35223	368228	0	2011-05-16 15:59:00.785958+00	0		
209	6244	3809	530251	0	2012-06-16 04:06:12.046507+00	0		
457	6244	38204	560717	0	2014-11-17 23:28:52.753325+00	0		
580	6244	36454	27852	0	2011-05-16 15:59:00.785958+00	0		
581	6244	36454	55736	0	2011-05-16 15:59:00.785958+00	0		
490	6244	36454	566521	0	2011-05-16 15:59:00.785958+00	0		
518	6244	36454	566814	0	2011-05-16 15:59:00.785958+00	0		
206	6244	36730	79875	0	2011-05-16 15:59:00.785958+00	0		
479	6244	37213	665862	0	2011-05-16 15:59:00.785958+00	0		
527	6244	37619	365667	0	2011-05-16 15:59:00.785958+00	0		
306	6244	38493	562028	0	2011-05-16 15:59:00.785958+00	0		
499	6244	38768	342752	0	2011-05-16 15:59:00.785958+00	0		
513	6244	38768	400633	0	2011-05-16 15:59:00.785958+00	0		
316	6244	38768	558434	0	2011-05-16 15:59:00.785958+00	0		
500	6244	38768	568296	0	2011-05-16 15:59:00.785958+00	0		
495	6244	38768	569000	0	2011-05-16 15:59:00.785958+00	0		
501	6244	38768	569024	0	2011-05-16 15:59:00.785958+00	0		
585	6244	39382	629045	0	2011-05-16 15:59:00.785958+00	0		
597	6244	39604	579006	0	2011-05-16 15:59:00.785958+00	0		
458	6244	38204	584539	0	2014-11-17 23:28:52.753325+00	0		
540	6244	40706	187454	0	2011-05-16 15:59:00.785958+00	0		
605	6244	41732	607636	0	2011-05-16 15:59:00.785958+00	0		
565	6244	41732	607645	0	2011-05-16 15:59:00.785958+00	0		
866	6244	41941	361487	0	2011-05-16 15:59:00.785958+00	0		
593	6244	42497	619878	0	2011-05-16 15:59:00.785958+00	0		
635	6244	42878	15107	0	2011-05-16 15:59:00.785958+00	0		
637	6244	42878	22785	0	2011-05-16 15:59:00.785958+00	0		
636	6244	42878	258131	0	2011-05-16 15:59:00.785958+00	0		
638	6244	42878	408298	0	2011-05-16 15:59:00.785958+00	0		
634	6244	42878	625246	0	2011-05-16 15:59:00.785958+00	0		
918	6244	43002	833450	0	2011-05-16 15:59:00.785958+00	0		
919	6244	43002	833451	0	2011-05-16 15:59:00.785958+00	0		
639	6244	43160	629598	0	2011-05-16 15:59:00.785958+00	0		
642	6244	43344	632485	0	2011-05-16 15:59:00.785958+00	0		
640	6244	43344	632533	0	2011-05-16 15:59:00.785958+00	0		
651	6244	43345	632556	0	2011-05-16 15:59:00.785958+00	0		
660	6244	43346	632518	0	2011-05-16 15:59:00.785958+00	0		
659	6244	43346	632521	0	2011-05-16 15:59:00.785958+00	0		
656	6244	43346	632524	0	2011-05-16 15:59:00.785958+00	0		
665	6244	43807	637238	0	2011-05-16 15:59:00.785958+00	0		
666	6244	43807	638763	0	2011-05-16 15:59:00.785958+00	0		
648	6244	43973	33113	0	2011-05-16 15:59:00.785958+00	0		
649	6244	43973	257486	0	2011-05-16 15:59:00.785958+00	0		
669	6244	44221	19266	0	2011-05-16 15:59:00.785958+00	0		
671	6244	44221	19270	0	2011-05-16 15:59:00.785958+00	0		
670	6244	44221	643291	0	2011-05-16 15:59:00.785958+00	0		
779	6244	45553	758420	0	2011-05-16 15:59:00.785958+00	0		
772	6244	45553	758430	0	2011-05-16 15:59:00.785958+00	0		
664	6244	45716	665677	0	2011-05-16 15:59:00.785958+00	0		
673	6244	46549	679108	0	2011-05-16 15:59:00.785958+00	0		
266	6244	47744	699437	0	2011-05-16 15:59:00.785958+00	0		
686	6244	47744	705817	0	2011-05-16 15:59:00.785958+00	0		
687	6244	47744	705818	0	2011-05-16 15:59:00.785958+00	0		
1116	6244	68659	143517	0	2013-02-18 20:00:40.681854+00	0		
1090	6244	74657	1227512	0	2013-01-14 01:00:21.032893+00	0		
287	6244	47949	703307	0	2011-05-16 15:59:00.785958+00	0		
678	6244	47949	703312	0	2011-05-16 15:59:00.785958+00	0		
264	6244	49221	720812	0	2011-05-16 15:59:00.785958+00	0		
289	6244	49410	21559	0	2011-05-16 15:59:00.785958+00	0		
291	6244	49413	12879	0	2011-05-16 15:59:00.785958+00	0		
290	6244	49413	13180	0	2011-05-16 15:59:00.785958+00	0		
292	6244	49414	48497	0	2011-05-16 15:59:00.785958+00	0		
294	6244	49415	17217	0	2011-05-16 15:59:00.785958+00	0		
293	6244	49415	442624	0	2011-05-16 15:59:00.785958+00	0		
295	6244	49418	396300	0	2011-05-16 15:59:00.785958+00	0		
297	6244	49419	396300	0	2011-05-16 15:59:00.785958+00	0		
302	6244	49420	396300	0	2011-05-16 15:59:00.785958+00	0		
303	6244	49421	396300	0	2011-05-16 15:59:00.785958+00	0		
908	6244	50032	883901	0	2011-05-16 15:59:00.785958+00	0		
483	6244	50249	13180	0	2011-05-16 15:59:00.785958+00	0		
484	6244	50251	13180	0	2011-05-16 15:59:00.785958+00	0		
486	6244	50846	744097	0	2011-05-16 15:59:00.785958+00	0		
725	6244	51162	747845	0	2011-05-16 15:59:00.785958+00	0		
729	6244	52061	902179	0	2011-05-16 15:59:00.785958+00	0		
794	6244	52103	761864	0	2011-05-16 15:59:00.785958+00	0		
770	6244	52304	48829	0	2011-05-16 15:59:00.785958+00	0		
771	6244	52304	551162	0	2011-05-16 15:59:00.785958+00	0		
780	6244	52306	48829	0	2011-05-16 15:59:00.785958+00	0		
781	6244	52306	551162	0	2011-05-16 15:59:00.785958+00	0		
775	6244	52307	48829	0	2011-05-16 15:59:00.785958+00	0		
776	6244	52307	551162	0	2011-05-16 15:59:00.785958+00	0		
773	6244	52308	48829	0	2011-05-16 15:59:00.785958+00	0		
774	6244	52308	551162	0	2011-05-16 15:59:00.785958+00	0		
860	6244	54480	25146	0	2011-05-16 15:59:00.785958+00	0		
861	6244	54480	43552	0	2011-05-16 15:59:00.785958+00	0		
862	6244	54743	798477	0	2011-05-16 15:59:00.785958+00	0		
863	6244	54743	798478	0	2011-05-16 15:59:00.785958+00	0		
11738	151552	92732	1524216	0	2014-11-18 05:01:56.871071+00	0		
909	6244	56215	703351	0	2011-05-16 15:59:00.785958+00	0		
911	6244	56215	715262	0	2011-05-16 15:59:00.785958+00	0		
910	6244	56215	716677	0	2011-05-16 15:59:00.785958+00	0		
913	6244	56354	12862	0	2011-05-16 15:59:00.785958+00	0		
915	6244	56356	20737	0	2011-05-16 15:59:00.785958+00	0		
176	6245	471	116926	0	2011-05-16 15:59:00.785958+00	0		
175	6245	471	252645	0	2011-05-16 15:59:00.785958+00	0		
668	6245	827	8309	0	2011-05-16 15:59:00.785958+00	0		
13	6245	3368	190443	0	2011-05-16 15:59:00.785958+00	0		
14	6245	3368	316320	0	2011-05-16 15:59:00.785958+00	0		
29	6246	21532	360873	0	2011-05-16 15:59:00.785958+00	0		
32	6247	21532	360912	0	2011-05-16 15:59:00.785958+00	0		
46	6248	24677	396119	0	2011-05-16 15:59:00.785958+00	0		
63	6249	26567	417387	0	2011-05-16 15:59:00.785958+00	0		
11739	149907	92732	1524216	0	2014-11-18 05:01:56.880226+00	0		
140	6251	395	4462	0	2011-05-16 15:59:00.785958+00	0		
138	6251	395	4463	0	2011-05-16 15:59:00.785958+00	0		
139	6251	395	401730	0	2011-05-16 15:59:00.785958+00	0		
141	6251	395	635408	0	2011-05-16 15:59:00.785958+00	0		
149	6252	21620	4464	0	2011-05-16 15:59:00.785958+00	0		
150	6252	21620	28230	0	2011-05-16 15:59:00.785958+00	0		
148	6252	21620	262883	0	2011-05-16 15:59:00.785958+00	0		
151	6252	21620	467139	0	2011-05-16 15:59:00.785958+00	0		
163	6253	8756	274733	0	2011-05-16 15:59:00.785958+00	0		
265	6254	46628	680416	0	2011-05-16 15:59:00.785958+00	0		
305	6255	37744	554403	0	2011-05-16 15:59:00.785958+00	0		
311	6256	3368	190373	0	2011-05-16 15:59:00.785958+00	0		
312	6256	3368	316323	0	2011-05-16 15:59:00.785958+00	0		
1205	137973	99424	1287965	0	2015-01-24 06:20:32.737894+00	0		
916	131402	55310	827182	0	2014-09-15 12:00:17.461469+00	0		
313	6256	3368	316324	0	2011-05-16 15:59:00.785958+00	0		
314	6256	3368	316325	0	2011-05-16 15:59:00.785958+00	0		
321	6258	1089	333147	0	2011-05-16 15:59:00.785958+00	0		
710	6258	1359	93133	0	2011-05-16 15:59:00.785958+00	0		
787	6258	15296	342682	0	2011-05-16 15:59:00.785958+00	0		
737	6258	19013	67360	0	2011-05-16 15:59:00.785958+00	0		
791	6258	19013	67361	0	2011-05-16 15:59:00.785958+00	0		
734	6258	19013	341874	0	2011-05-16 15:59:00.785958+00	0		
795	6259	17994	766957	0	2011-05-16 15:59:00.785958+00	0		
323	6259	19195	38710	0	2011-05-16 15:59:00.785958+00	0		
338	6260	21532	360894	0	2011-05-16 15:59:00.785958+00	0		
339	6260	21532	455404	0	2011-05-16 15:59:00.785958+00	0		
11740	130812	92732	1524216	0	2014-11-18 05:01:56.889233+00	0		
11741	116320	78825	1524216	0	2014-11-18 05:01:56.901099+00	0		
852	6244	79200	783653	0	2013-05-17 07:00:08.799324+00	0		
726	6261	378	177414	0	2011-05-16 15:59:00.785958+00	0		
736	6261	378	745482	0	2011-05-16 15:59:00.785958+00	0		
359	6261	23203	376921	0	2011-05-16 15:59:00.785958+00	0		
694	6262	1359	242869	0	2011-05-16 15:59:00.785958+00	0		
713	6262	1359	422122	0	2011-05-16 15:59:00.785958+00	0		
712	6262	1359	422123	0	2011-05-16 15:59:00.785958+00	0		
3651	130813	39183	233172	0	2014-01-07 21:51:27.856124+00	0		
364	6262	24276	375684	0	2011-05-16 15:59:00.785958+00	0		
474	6263	17376	503652	0	2011-05-16 15:59:00.785958+00	0		
480	6264	41961	728534	0	2011-05-16 15:59:00.785958+00	0		
485	6265	1359	111967	0	2011-05-16 15:59:00.785958+00	0		
702	6265	1359	142765	0	2011-05-16 15:59:00.785958+00	0		
721	6266	1310	71554	0	2011-05-16 15:59:00.785958+00	0		
722	6266	1310	559330	0	2011-05-16 15:59:00.785958+00	0		
489	6266	1359	333844	0	2011-05-16 15:59:00.785958+00	0		
488	6266	1359	334041	0	2011-05-16 15:59:00.785958+00	0		
516	6267	3097	581375	0	2011-05-16 15:59:00.785958+00	0		
517	6267	3097	581377	0	2011-05-16 15:59:00.785958+00	0		
543	6268	40724	593885	0	2011-05-16 15:59:00.785958+00	0		
556	6269	41467	849022	0	2011-05-16 15:59:00.785958+00	0		
663	6272	41715	637803	0	2011-05-16 15:59:00.785958+00	0		
650	6272	41715	637804	0	2011-05-16 15:59:00.785958+00	0		
652	6273	44691	650691	0	2011-05-16 15:59:00.785958+00	0		
667	6274	629	655454	0	2011-05-16 15:59:00.785958+00	0		
677	6275	629	655460	0	2011-05-16 15:59:00.785958+00	0		
681	6275	34093	8075	0	2011-05-16 15:59:00.785958+00	0		
679	6275	34093	296530	0	2011-05-16 15:59:00.785958+00	0		
680	6275	34093	506065	0	2011-05-16 15:59:00.785958+00	0		
682	6275	34093	537249	0	2011-05-16 15:59:00.785958+00	0		
683	6275	34093	537250	0	2011-05-16 15:59:00.785958+00	0		
684	6275	34093	537251	0	2011-05-16 15:59:00.785958+00	0		
685	6275	34093	537252	0	2011-05-16 15:59:00.785958+00	0		
690	6276	395	24401	0	2011-05-16 15:59:00.785958+00	0		
689	6276	395	43531	0	2011-05-16 15:59:00.785958+00	0		
708	6276	395	47378	0	2011-05-16 15:59:00.785958+00	0		
688	6276	395	277049	0	2011-05-16 15:59:00.785958+00	0		
709	6276	395	387141	0	2011-05-16 15:59:00.785958+00	0		
707	6276	395	387147	0	2011-05-16 15:59:00.785958+00	0		
693	6277	395	24402	0	2011-05-16 15:59:00.785958+00	0		
692	6277	395	43483	0	2011-05-16 15:59:00.785958+00	0		
701	6278	395	82212	0	2011-05-16 15:59:00.785958+00	0		
700	6278	395	82213	0	2011-05-16 15:59:00.785958+00	0		
699	6278	395	277050	0	2011-05-16 15:59:00.785958+00	0		
697	6279	395	24403	0	2011-05-16 15:59:00.785958+00	0		
703	6280	395	23381	0	2011-05-16 15:59:00.785958+00	0		
705	6280	395	387139	0	2011-05-16 15:59:00.785958+00	0		
704	6280	395	387145	0	2011-05-16 15:59:00.785958+00	0		
711	6281	1359	595224	0	2011-05-16 15:59:00.785958+00	0		
855	6281	49238	568636	0	2011-05-16 15:59:00.785958+00	0		
415	6244	62042	274539	0	2012-08-21 04:04:17.998996+00	0		
655	6270	743	598090	0	2012-10-10 18:04:47.509698+00	0		
865	130813	54568	275347	0	2013-11-01 14:36:02.277563+00	0		
854	6281	49238	568992	0	2011-05-16 15:59:00.785958+00	0		
856	6281	49238	568993	0	2011-05-16 15:59:00.785958+00	0		
857	6281	49238	568994	0	2011-05-16 15:59:00.785958+00	0		
789	6282	4280	766653	0	2011-05-16 15:59:00.785958+00	0		
717	6282	19373	745008	0	2011-05-16 15:59:00.785958+00	0		
720	6283	19013	22124	0	2011-05-16 15:59:00.785958+00	0		
731	6283	19013	338845	0	2011-05-16 15:59:00.785958+00	0		
723	6284	3504	747724	0	2011-05-16 15:59:00.785958+00	0		
740	6284	19013	965336	0	2011-05-16 15:59:00.785958+00	0		
728	6285	3801	748544	0	2011-05-16 15:59:00.785958+00	0		
845	6287	579	133600	0	2011-05-16 15:59:00.785958+00	0		
792	6287	20089	22123	0	2011-05-16 15:59:00.785958+00	0		
842	6289	654	13290	0	2011-05-16 15:59:00.785958+00	0		
841	6289	654	67044	0	2011-05-16 15:59:00.785958+00	0		
843	6289	654	554984	0	2011-05-16 15:59:00.785958+00	0		
847	6290	28505	590860	0	2011-05-16 15:59:00.785958+00	0		
874	6291	54486	796055	0	2011-05-16 15:59:00.785958+00	0		
12285	137972	86224	1296129	0	2014-12-11 14:37:11.487277+00	0		
12157	130811	97599	140289	0	2014-12-08 21:12:55.717598+00	0		
879	6293	54486	495178	0	2011-05-16 15:59:00.785958+00	0		
880	6293	54486	796048	0	2011-05-16 15:59:00.785958+00	0		
881	6294	54486	796046	0	2011-05-16 15:59:00.785958+00	0		
838	6244	3827	773899	0	2011-05-18 06:00:10.647793+00	0		
498	6257	31863	1548240	0	2015-03-01 10:02:17.300586+00	0		
930	6244	7801	1049165	0	2011-06-29 12:00:06.844652+00	0		
958	6244	56356	167577	0	2011-10-06 22:00:23.646551+00	0		
921	6244	57783	1044114	0	2011-06-08 10:00:07.524789+00	0		
925	27528	58110	1045928	0	2011-06-08 12:39:10.002517+00	0		
173	6244	33	1142728	0	2013-05-25 20:01:13.042856+00	0		
923	6244	57934	1045726	0	2011-06-14 17:00:12.567903+00	0		
931	6244	58279	1049223	0	2011-06-29 18:00:08.8155+00	0		
933	6244	58281	1049223	0	2011-06-29 18:00:14.557339+00	0		
172	6244	33	32094	0	2011-11-06 21:03:36.235636+00	0		
939	6244	47694	375593	0	2011-07-13 13:00:07.9895+00	0		
941	6244	39094	201831	0	2011-07-17 22:00:14.784974+00	0		
942	6244	51251	1052166	0	2011-07-19 05:00:12.790528+00	0		
924	6244	30897	1046108	0	2011-06-18 10:00:11.33849+00	0		
3652	116320	61720	233172	0	2014-01-07 21:51:27.856124+00	0		
743	6286	4911	432788	0	2011-10-23 18:02:45.168491+00	0		
788	6287	4911	766650	0	2011-10-23 18:02:45.168491+00	0		
3861	116320	85049	1377542	0	2014-01-18 21:24:38.077113+00	0		
944	6244	29055	552734	0	2011-07-25 02:00:06.751123+00	0		
926	6244	34386	799224	0	2011-06-28 23:00:08.44792+00	0		
927	6244	58257	799224	0	2011-06-28 23:00:09.384713+00	0		
928	6244	23463	799224	0	2011-06-28 23:00:09.483198+00	0		
934	6244	41376	1050141	0	2011-07-03 02:00:12.563487+00	0		
575	6244	33	367941	0	2011-11-06 21:03:36.235636+00	0		
935	27709	58448	1050495	0	2011-07-04 02:00:11.029804+00	0		
270	131402	35173	398657	0	2014-07-19 11:00:16.516765+00	0		
877	181978	54486	796050	0	2014-07-20 17:00:59.290111+00	0		
576	6244	33	421249	0	2011-11-06 21:03:36.235636+00	0		
3891	130813	1158	334600	0	2014-01-26 22:00:18.492446+00	0		
695	6278	172	8262	0	2013-02-10 11:00:26.85877+00	0		
922	6244	62029	282785	0	2012-07-19 22:06:18.618887+00	0		
932	6244	156	1049223	0	2012-08-13 05:06:24.619741+00	0		
153	6244	33	26379	0	2013-07-03 11:00:54.648833+00	0		
152	6244	33	619322	0	2011-11-06 21:03:36.235636+00	0		
577	6244	33	672398	0	2011-11-06 21:03:36.235636+00	0		
965	6244	61477	1073965	0	2011-11-09 16:00:12.261283+00	0		
1248	130813	59405	1279601	0	2014-01-17 02:00:14.968373+00	0		
985	32102	27034	1097590	0	2011-12-13 16:00:07.023731+00	0		
994	36603	63666	1112990	0	2012-01-29 00:00:07.020724+00	0		
969	31175	27201	1090958	0	2011-11-21 15:00:07.437942+00	0		
3862	116320	61720	1377542	0	2014-01-18 21:24:38.077113+00	0		
393	6244	62042	330275	0	2012-08-21 04:04:17.998996+00	0		
1038	6245	17790	1168134	0	2012-07-03 11:00:27.370721+00	0		
1001	6244	65461	1132508	0	2012-03-23 17:00:18.755153+00	0		
998	6244	44335	1123235	0	2012-02-25 17:00:30.397906+00	0		
999	39149	61636	1125589	0	2012-03-02 13:00:10.367305+00	0		
1007	6244	25260	1140304	0	2012-04-12 17:00:13.635877+00	0		
1008	44002	1875	1141870	0	2012-04-17 12:00:16.809907+00	0		
422	6244	62042	423813	0	2012-08-21 04:04:17.998996+00	0		
1040	6244	42431	1170009	0	2012-07-06 19:00:11.861826+00	0		
1010	6244	369	1057787	0	2012-04-17 23:00:06.044854+00	0		
124	6244	62042	465630	0	2012-08-21 04:04:17.998996+00	0		
417	6244	62042	470457	0	2012-08-21 04:04:17.998996+00	0		
418	6244	62042	470458	0	2012-08-21 04:04:17.998996+00	0		
123	6244	62042	489574	0	2012-08-21 04:04:17.998996+00	0		
1011	6244	369	1057783	0	2012-04-17 23:00:06.15672+00	0		
1012	6244	369	1129574	0	2012-04-17 23:00:06.166616+00	0		
1013	6244	369	1129575	0	2012-04-17 23:00:06.176032+00	0		
1014	6244	369	1113915	0	2012-04-17 23:00:06.593068+00	0		
972	6244	61950	1093649	0	2011-11-30 13:00:12.076662+00	0		
973	6244	61950	1093648	0	2011-11-30 13:00:12.096383+00	0		
3908	131402	36779	1377647	0	2014-01-27 03:00:11.302537+00	0		
1015	6244	369	1113914	0	2012-04-17 23:00:13.26497+00	0		
1000	6244	65111	1128143	0	2012-03-09 20:00:16.649675+00	0		
977	6244	7158	1096176	0	2011-12-08 23:00:06.345933+00	0		
978	6244	7158	1096173	0	2011-12-08 23:00:06.360787+00	0		
979	6244	44709	1096201	0	2011-12-08 23:00:12.432516+00	0		
1227	116320	46875	378543	0	2013-05-26 05:33:56.544658+00	0		
1041	6244	62038	410646	0	2012-07-07 19:00:12.502384+00	0		
1016	6244	49423	191485	0	2012-04-20 18:00:28.099422+00	0		
285	6244	377	706479	0	2013-03-18 04:00:24.669473+00	0		
990	6244	1353	417826	0	2012-01-01 07:00:13.034488+00	0		
1003	6244	2374	1134538	0	2012-03-29 08:00:09.146995+00	0		
416	6244	62042	514202	0	2012-08-21 04:04:17.998996+00	0		
12468	204197	87262	1519121	0	2014-12-18 12:21:26.181719+00	0		
1020	6244	49423	1125319	0	2012-04-20 23:00:15.155681+00	0		
1004	41919	65646	1134814	0	2012-03-30 11:00:12.943269+00	0		
12471	130813	77506	1539414	0	2014-12-19 15:16:55.022776+00	0		
974	6244	1352	1093909	0	2013-05-07 04:00:11.892182+00	0		
988	6244	1352	829172	0	2013-05-07 04:00:11.892182+00	0		
1030	6244	67897	1163006	0	2012-05-31 13:20:17.348907+00	0		
1031	6244	67900	573024	0	2012-05-31 14:19:56.923117+00	0		
1009	6244	66210	1141784	0	2012-06-04 04:07:48.086065+00	0		
1035	50273	68191	1166770	0	2012-06-26 17:00:20.372482+00	0		
3914	130813	79194	1378149	0	2014-01-27 04:00:31.975433+00	0		
1039	130813	52712	1169224	0	2013-10-08 21:11:13.880091+00	0		
943	130813	29055	1056063	0	2013-10-08 21:28:57.623811+00	0		
940	6244	15857	1052272	0	2012-05-13 18:06:06.596887+00	0		
950	6244	15857	1062367	0	2012-05-13 18:06:06.596887+00	0		
1032	6244	61477	735229	0	2012-06-07 11:51:30.077364+00	0		
936	6244	17393	714368	0	2012-06-08 09:07:36.127422+00	0		
189	6244	6847	448035	0	2013-05-21 06:00:13.189789+00	0		
413	6244	62042	516915	0	2012-08-21 04:04:17.998996+00	0		
1230	6244	8473	434935	0	2013-06-07 20:00:13.289397+00	0		
1036	6244	3008	465883	0	2012-06-17 18:22:31.043199+00	0		
1006	6244	3809	1140136	0	2012-06-16 04:06:12.046507+00	0		
1037	6244	3008	1087693	0	2012-06-17 18:22:33.900633+00	0		
961	130813	61098	1081844	0	2013-10-08 21:29:55.27604+00	0		
989	6244	1688	1102962	0	2013-07-14 13:00:27.613947+00	0		
3798	146562	366	154930	0	2014-01-22 03:00:42.469999+00	0		
3653	130813	87372	1066903	0	2014-01-08 04:30:30.012962+00	0		
1078	72450	5930	1217205	0	2012-11-21 14:00:31.401595+00	0		
3654	130813	39183	233181	0	2014-01-08 07:16:49.304427+00	0		
1290	6244	50656	1314901	0	2013-10-08 13:01:11.195107+00	0		
1059	6244	62029	27846	0	2012-07-19 22:06:18.618887+00	0		
1236	6244	83473	1112479	0	2013-09-21 02:00:32.683471+00	0		
1125	6244	44293	645144	0	2013-03-12 02:00:09.532625+00	0		
1185	6244	59366	1281848	0	2013-12-03 10:00:58.078745+00	0		
3658	135784	79193	700035	0	2014-01-16 04:00:17.207549+00	0		
1127	6244	42878	1258461	0	2013-03-13 00:00:11.289126+00	0		
1144	131402	78152	1141903	0	2013-10-08 20:29:19.154264+00	0		
1073	6244	21111	356971	0	2012-10-05 02:21:04.281065+00	0		
1076	130813	66658	362908	0	2013-10-08 21:25:58.233863+00	0		
1043	6244	68512	1170574	0	2012-07-08 18:00:16.175761+00	0		
1044	6244	27377	65788	0	2012-07-09 13:00:09.474603+00	0		
1045	6244	24130	65788	0	2012-07-09 13:00:09.679715+00	0		
1208	6244	8473	681936	0	2013-05-20 03:00:11.060332+00	0		
1209	6244	8473	407919	0	2013-05-20 03:00:11.157037+00	0		
1182	6244	78306	1182232	0	2013-04-22 20:00:28.867111+00	0		
1181	6244	21587	1278283	0	2013-04-13 05:33:54.20491+00	0		
1143	6244	5497	1276167	0	2013-04-14 20:00:11.807933+00	0		
1217	6244	19864	1259574	0	2013-05-21 19:00:19.676712+00	0		
1237	6244	8473	1177716	0	2013-06-28 17:00:30.126914+00	0		
1054	6244	403	144085	0	2012-07-12 21:00:09.764653+00	0		
1057	6244	27377	70994	0	2012-07-13 17:00:10.603466+00	0		
1074	6244	1970	1206189	0	2012-10-08 03:14:46.517858+00	0		
1067	6244	21919	1201965	0	2012-10-08 23:00:08.469353+00	0		
1186	6244	62664	1055934	0	2013-04-29 08:00:12.642003+00	0		
1179	6244	78232	536451	0	2013-04-17 21:00:22.565438+00	0		
1180	6244	78233	536451	0	2013-04-17 21:00:22.604199+00	0		
1114	6244	74671	81100	0	2013-02-17 16:00:34.425721+00	0		
1087	6244	15857	1230141	0	2012-12-26 18:00:08.375881+00	0		
410	6244	62042	578240	0	2012-08-21 04:04:17.998996+00	0		
411	6244	62042	578241	0	2012-08-21 04:04:17.998996+00	0		
412	6244	62042	578242	0	2012-08-21 04:04:17.998996+00	0		
539	6244	62042	594183	0	2012-08-21 04:04:17.998996+00	0		
424	6244	62042	725593	0	2012-08-21 04:04:17.998996+00	0		
427	6244	62042	786694	0	2012-08-21 04:04:17.998996+00	0		
426	6244	62042	786696	0	2012-08-21 04:04:17.998996+00	0		
125	6244	62042	809295	0	2012-08-21 04:04:17.998996+00	0		
425	6244	62042	775957	0	2012-08-21 04:04:17.998996+00	0		
1018	6244	37201	371514	0	2014-11-10 17:02:44.020766+00	0		
1202	137973	99424	1287946	0	2015-01-24 06:21:43.199297+00	0		
1005	6244	3499	1132092	0	2015-02-21 18:00:41.552083+00	0		
1063	6244	47789	1188517	0	2012-08-31 11:00:09.506653+00	0		
1126	131402	42878	1264033	0	2013-10-08 21:45:30.33151+00	0		
1128	6244	42878	867600	0	2013-03-15 20:00:14.739612+00	0		
1130	6244	42878	1258536	0	2013-03-16 08:00:11.256197+00	0		
1131	6244	42878	771546	0	2013-03-16 21:00:15.524445+00	0		
1132	6244	76904	1261929	0	2013-03-17 11:00:22.466479+00	0		
672	6244	377	660422	0	2013-03-18 04:00:24.669473+00	0		
1134	6244	42878	1263555	0	2013-03-20 01:00:15.414471+00	0		
1069	6244	71646	1205079	0	2012-10-18 16:00:23.252985+00	0		
1070	6244	71646	1205074	0	2012-10-18 16:00:28.5848+00	0		
1071	6244	53074	1205073	0	2012-10-18 16:00:28.949077+00	0		
1072	6244	71646	1205102	0	2012-10-18 16:00:33.870517+00	0		
1135	6244	42878	1258527	0	2013-03-20 08:00:31.382816+00	0		
1066	6244	9430	1192361	0	2012-09-11 15:00:09.034753+00	0		
1091	6244	74657	529439	0	2013-01-14 01:00:22.181414+00	0		
1093	6244	74657	254744	0	2013-01-14 01:00:24.123967+00	0		
1239	6244	44009	1302376	0	2013-06-30 00:00:21.75873+00	0		
3676	130812	17304	1373876	0	2014-01-17 00:01:14.12118+00	0		
1117	6244	3368	1257967	0	2013-02-26 14:00:10.949752+00	0		
1118	6244	6839	1259052	0	2013-03-01 13:00:13.01064+00	0		
1119	6244	76669	1259244	0	2013-03-02 00:00:16.016465+00	0		
1231	6244	70364	1295905	0	2013-06-08 06:00:16.308577+00	0		
12472	130812	77506	1539414	0	2014-12-19 15:17:54.464276+00	0		
1077	65310	72331	1211804	0	2012-11-06 19:00:21.421547+00	0		
1120	6244	76729	1259863	0	2013-03-03 11:00:13.503603+00	0		
1121	6244	5279	226560	0	2013-03-04 17:00:17.919989+00	0		
1122	6244	1420	226560	0	2013-03-04 17:00:17.961738+00	0		
1226	6244	405	1293658	0	2013-06-02 02:00:34.245126+00	0		
1210	6244	8473	1228942	0	2013-05-20 03:00:12.572528+00	0		
1123	6244	76950	760557	0	2013-03-09 16:01:45.333171+00	0		
1211	6244	8473	636740	0	2013-05-20 03:00:12.682165+00	0		
1207	116320	79364	1163389	0	2013-05-11 16:56:05.171633+00	0		
1124	6244	47789	1263417	0	2013-03-11 13:00:14.12275+00	0		
1136	6247	77196	1265632	0	2013-03-22 02:00:10.623717+00	0		
1137	110919	77196	1267257	0	2013-03-22 04:00:10.294605+00	0		
1212	6244	405	155326	0	2013-05-20 03:00:13.680364+00	0		
1213	6244	405	327295	0	2013-05-20 03:00:14.859317+00	0		
1138	6244	71660	1269378	0	2013-03-27 23:00:14.105267+00	0		
1139	6244	16742	1270014	0	2013-03-29 12:00:26.770144+00	0		
1140	6244	39262	63101	0	2013-04-01 20:00:23.343605+00	0		
1214	6244	79432	231302	0	2013-05-20 04:00:23.155939+00	0		
1215	6244	8473	562841	0	2013-05-20 05:00:10.108592+00	0		
1216	6244	405	769773	0	2013-05-20 05:00:10.297145+00	0		
1183	6244	8164	136922	0	2013-04-27 05:00:12.487977+00	0		
1184	6244	3333	136922	0	2013-04-27 05:00:12.563826+00	0		
1189	116320	78825	1166517	0	2013-04-28 15:14:41.857064+00	0		
1199	130812	5101	835316	0	2013-12-27 05:00:11.430287+00	0		
3678	135735	75292	715412	0	2014-01-17 05:00:21.62537+00	0		
3677	130813	81185	1360633	0	2014-02-20 17:00:29.041002+00	0		
1190	116320	78826	1238393	0	2013-04-28 15:14:56.60299+00	0		
782	6286	5662	48829	0	2014-02-09 19:00:31.750823+00	0		
1191	116320	61720	59511	0	2013-04-28 15:15:53.323657+00	0		
783	6286	5662	551162	0	2014-02-09 19:00:31.750823+00	0		
1192	116320	78828	826930	0	2013-04-28 15:42:31.452022+00	0		
1195	137973	99424	1287077	0	2015-01-24 06:19:29.781888+00	0		
1246	130813	59405	1304970	0	2014-01-17 02:00:14.642998+00	0		
1228	6244	8473	1212554	0	2013-06-07 20:00:12.904319+00	0		
3655	135784	1526	1348272	0	2014-01-16 02:00:43.884193+00	0		
1251	130811	59405	1305609	0	2014-01-17 02:00:16.461417+00	0		
1243	6244	81174	1306454	0	2013-07-14 08:00:16.452709+00	0		
1244	116320	81210	1306454	0	2013-07-14 08:00:16.489894+00	0		
1193	6244	79033	543974	0	2013-05-09 17:00:11.711872+00	0		
1240	6244	81174	1287374	0	2013-07-11 17:00:22.850326+00	0		
1278	6244	82033	1314546	0	2013-08-07 12:00:24.822998+00	0		
1241	6244	81207	855564	0	2013-07-12 08:00:25.348598+00	0		
12602	116320	85488	1541880	0	2015-01-01 22:00:18.498997+00	0		
1304	6244	45337	1315246	0	2013-08-09 13:00:28.942905+00	0		
1274	6244	82003	1314157	0	2013-08-06 14:00:20.140515+00	0		
1250	130811	59405	1279592	0	2014-01-17 03:00:14.858474+00	0		
1221	6244	37330	896227	0	2013-05-27 06:00:09.186678+00	0		
674	6244	6847	791840	0	2013-05-21 06:00:13.189789+00	0		
216	6244	6847	500899	0	2013-05-21 06:00:13.189789+00	0		
3679	140671	75292	715412	0	2014-01-17 05:00:21.730712+00	0		
1223	6244	55602	1292876	0	2013-05-23 15:03:00.006738+00	0		
1224	6244	44570	1292876	0	2013-05-23 15:03:00.006738+00	0		
3868	116320	61720	1377645	0	2014-01-19 03:26:24.230394+00	0		
1229	6244	8473	550057	0	2013-06-07 20:00:13.053961+00	0		
