1	26583	2740	16352	0	2011-05-16 15:03:23.368437+00	0		
2	26584	2202	3229	0	2011-05-16 15:03:23.368437+00	0		
5	26583	3513	18776	0	2011-05-16 15:03:23.368437+00	0		
6	26585	266	17460	0	2011-05-16 15:03:23.368437+00	0		
9	26583	5509	20309	0	2011-05-16 15:03:23.368437+00	0		
10	26585	857	16210	0	2011-05-16 15:03:23.368437+00	0		
11	26583	627	20632	0	2011-05-16 15:03:23.368437+00	0		
13	26583	2558	22011	0	2011-05-16 15:03:23.368437+00	0		
14	26583	6330	20985	0	2011-05-16 15:03:23.368437+00	0		
15	26583	21383	22379	0	2011-05-16 15:03:23.368437+00	0		
17	26586	23718	3140	0	2011-05-16 15:03:23.368437+00	0		
18	26583	20199	30898	0	2011-05-16 15:03:23.368437+00	0		
19	26587	23780	23983	0	2011-05-16 15:03:23.368437+00	0		
21	26585	23771	23752	0	2011-05-16 15:03:23.368437+00	0		
23	26589	23840	23839	0	2011-05-16 15:03:23.368437+00	0		
25	26583	2660	24749	0	2011-05-16 15:03:23.368437+00	0		
27	26583	560	1223	0	2011-05-16 15:03:23.368437+00	0		
28	26583	369	816	0	2011-05-16 15:03:23.368437+00	0		
29	26583	369	25310	0	2011-05-16 15:03:23.368437+00	0		
30	26583	26911	26919	0	2011-05-16 15:03:23.368437+00	0		
31	26583	6659	27416	0	2011-05-16 15:03:23.368437+00	0		
32	26583	798	26304	0	2011-05-16 15:03:23.368437+00	0		
33	26583	5493	28424	0	2011-05-16 15:03:23.368437+00	0		
35	26583	28799	28800	0	2011-05-16 15:03:23.368437+00	0		
36	26583	4060	30270	0	2011-05-16 15:03:23.368437+00	0		
38	26591	1793	29844	0	2011-05-16 15:03:23.368437+00	0		
40	26583	1346	8071	0	2011-05-16 15:03:23.368437+00	0		
42	26583	16175	33292	0	2011-05-16 15:03:23.368437+00	0		
43	26583	1353	7757	0	2011-05-16 15:03:23.368437+00	0		
45	26583	18736	34852	0	2011-05-16 15:03:23.368437+00	0		
46	26583	51668	51646	0	2011-05-16 15:03:23.368437+00	0		
47	26583	4286	34904	0	2011-05-16 15:03:23.368437+00	0		
48	26583	1749	35489	0	2011-05-16 15:03:23.368437+00	0		
49	26583	23828	37865	0	2011-05-16 15:03:23.368437+00	0		
52	26594	6637	36469	0	2011-05-16 15:03:23.368437+00	0		
54	26595	38343	23481	0	2011-05-16 15:03:23.368437+00	0		
55	26583	5644	37472	0	2011-05-16 15:03:23.368437+00	0		
58	26583	18868	25084	0	2011-05-16 15:03:23.368437+00	0		
59	26583	6844	40028	0	2011-05-16 15:03:23.368437+00	0		
60	26597	3282	14823	0	2011-05-16 15:03:23.368437+00	0		
61	26585	2374	31437	0	2011-05-16 15:03:23.368437+00	0		
7463	26588	40086	51900	0	2014-01-07 01:20:26.864791+00	0		
63	26583	2676	43226	0	2011-05-16 15:03:23.368437+00	0		
64	26583	5512	33680	0	2011-05-16 15:03:23.368437+00	0		
65	26599	4483	18446	0	2011-05-16 15:03:23.368437+00	0		
67	26583	43701	43700	0	2011-05-16 15:03:23.368437+00	0		
68	26583	37439	40970	0	2011-05-16 15:03:23.368437+00	0		
69	26583	26237	44760	0	2011-05-16 15:03:23.368437+00	0		
70	26588	17579	44974	0	2011-05-16 15:03:23.368437+00	0		
71	26583	45571	10581	0	2011-05-16 15:03:23.368437+00	0		
12	26583	3240	21345	0	2014-02-28 16:00:25.882286+00	0		
73	26583	42490	36909	0	2011-05-16 15:03:23.368437+00	0		
74	26585	46773	46765	0	2011-05-16 15:03:23.368437+00	0		
75	26583	37438	46944	0	2011-05-16 15:03:23.368437+00	0		
76	26600	16770	46419	0	2011-05-16 15:03:23.368437+00	0		
77	26583	46425	46422	0	2011-05-16 15:03:23.368437+00	0		
78	26583	46425	46423	0	2011-05-16 15:03:23.368437+00	0		
80	26583	17691	3013	0	2011-05-16 15:03:23.368437+00	0		
81	26585	4693	47289	0	2011-05-16 15:03:23.368437+00	0		
82	26583	19785	24311	0	2011-05-16 15:03:23.368437+00	0		
83	26583	2441	48293	0	2011-05-16 15:03:23.368437+00	0		
84	26583	48522	49040	0	2011-05-16 15:03:23.368437+00	0		
85	26583	45571	2048	0	2011-05-16 15:03:23.368437+00	0		
86	26583	25728	48653	0	2011-05-16 15:03:23.368437+00	0		
6150	81207	50116	414	0	2012-11-28 03:00:16.056574+00	0		
89	26583	15854	14985	0	2011-05-16 15:03:23.368437+00	0		
24	26583	5895	23658	0	2012-04-24 21:12:44.016178+00	0		
92	26583	4569	15511	0	2011-05-16 15:03:23.368437+00	0		
93	26583	14856	2642	0	2011-05-16 15:03:23.368437+00	0		
94	26583	1018	15410	0	2011-05-16 15:03:23.368437+00	0		
97	26585	1203	26	0	2011-05-16 15:03:23.368437+00	0		
98	26585	6102	15045	0	2011-05-16 15:03:23.368437+00	0		
100	26583	23	19281	0	2011-05-16 15:03:23.368437+00	0		
102	26583	4642	15624	0	2011-05-16 15:03:23.368437+00	0		
103	26583	17844	20922	0	2011-05-16 15:03:23.368437+00	0		
104	26583	24961	9270	0	2011-05-16 15:03:23.368437+00	0		
7	26583	155	19287	0	2013-03-03 02:00:18.666311+00	0		
106	26583	10364	15861	0	2011-05-16 15:03:23.368437+00	0		
108	26583	2890	1455	0	2011-05-16 15:03:23.368437+00	0		
111	26583	2333	17851	0	2011-05-16 15:03:23.368437+00	0		
112	26583	326	15580	0	2011-05-16 15:03:23.368437+00	0		
113	26583	9946	15827	0	2011-05-16 15:03:23.368437+00	0		
114	26583	9047	15830	0	2011-05-16 15:03:23.368437+00	0		
115	26583	6411	15835	0	2011-05-16 15:03:23.368437+00	0		
116	26583	2937	15866	0	2011-05-16 15:03:23.368437+00	0		
117	26583	5320	15867	0	2011-05-16 15:03:23.368437+00	0		
8	26583	157	19864	0	2011-08-22 20:00:56.811089+00	0		
120	26583	39	10038	0	2011-05-16 15:03:23.368437+00	0		
121	26583	3028	16299	0	2011-05-16 15:03:23.368437+00	0		
122	26583	9429	17201	0	2011-05-16 15:03:23.368437+00	0		
123	26583	3512	18779	0	2011-05-16 15:03:23.368437+00	0		
125	26583	892	20270	0	2011-05-16 15:03:23.368437+00	0		
126	26583	417	21599	0	2011-05-16 15:03:23.368437+00	0		
127	26583	3402	19821	0	2011-05-16 15:03:23.368437+00	0		
129	26585	857	5574	0	2011-05-16 15:03:23.368437+00	0		
130	26583	1657	22378	0	2011-05-16 15:03:23.368437+00	0		
132	26585	23772	23752	0	2011-05-16 15:03:23.368437+00	0		
133	26583	17859	23966	0	2011-05-16 15:03:23.368437+00	0		
134	26603	23838	23839	0	2011-05-16 15:03:23.368437+00	0		
101	111614	1646	7130	0	2013-09-26 04:00:17.927213+00	0		
136	26583	3175	18997	0	2011-05-16 15:03:23.368437+00	0		
20	26583	1320	24374	0	2011-07-21 21:02:46.233426+00	0		
53	26583	5879	8870	0	2012-01-18 15:00:07.607832+00	0		
56	26583	99574	42449	0	2015-01-27 11:50:05.109602+00	0		
4	26583	5089	18453	0	2011-11-14 07:02:41.082197+00	0		
4903	26583	4427	59408	0	2011-11-17 00:00:33.524304+00	0		
37	26590	56278	6262	0	2013-04-21 04:00:19.21512+00	0		
5042	26585	857	59341	0	2011-11-13 20:00:08.013355+00	0		
5041	26583	17	61561	0	2013-12-04 16:00:27.463734+00	0		
87	26583	69642	29580	0	2012-08-08 13:06:19.047138+00	0		
5333	26583	66435	16035	0	2012-04-24 01:00:06.200405+00	0		
79	26583	1698	40667	0	2012-06-04 15:13:28.331052+00	0		
99	26583	410	15478	0	2012-07-09 06:05:47.710404+00	0		
131	26583	5644	1156	0	2013-11-03 10:01:06.528195+00	0		
5639	26583	15980	68252	0	2012-08-01 22:00:33.690296+00	0		
44	26583	330	34619	0	2014-11-03 08:00:54.046277+00	0		
22	29303	21731	23367	0	2015-02-06 15:35:43.291955+00	0		
110	26583	3368	14552	0	2012-08-08 20:08:36.244359+00	0		
34	26583	15936	29245	0	2012-09-02 17:00:18.411175+00	0		
26	26583	151	25196	0	2012-10-04 04:00:17.12139+00	0		
6555	132330	79561	56840	0	2013-10-04 05:00:35.620233+00	0		
16	26583	50161	22815	0	2013-03-21 10:02:16.456764+00	0		
6452	115406	62664	23276	0	2013-04-29 08:00:12.75176+00	0		
124	26585	17	33807	0	2013-12-04 16:00:27.463734+00	0		
7464	145142	83714	20503	0	2014-01-14 03:00:16.008785+00	0		
88	150834	15027	136	0	2014-04-05 18:00:24.307358+00	0		
138	26583	289	25183	0	2011-05-16 15:03:23.368437+00	0		
139	26583	141	152	0	2011-05-16 15:03:23.368437+00	0		
140	26583	2660	10601	0	2011-05-16 15:03:23.368437+00	0		
141	26583	26138	4154	0	2011-05-16 15:03:23.368437+00	0		
142	26583	26446	15690	0	2011-05-16 15:03:23.368437+00	0		
144	26583	2201	27413	0	2011-05-16 15:03:23.368437+00	0		
145	26583	24783	26186	0	2011-05-16 15:03:23.368437+00	0		
147	26583	4398	3336	0	2011-05-16 15:03:23.368437+00	0		
148	26583	1504	20900	0	2011-05-16 15:03:23.368437+00	0		
150	26583	28	14713	0	2011-05-16 15:03:23.368437+00	0		
154	26583	39	18478	0	2011-05-16 15:03:23.368437+00	0		
155	26584	2202	2026	0	2011-05-16 15:03:23.368437+00	0		
157	26583	16858	19879	0	2011-05-16 15:03:23.368437+00	0		
159	26583	17584	5268	0	2011-05-16 15:03:23.368437+00	0		
161	26583	2593	22025	0	2011-05-16 15:03:23.368437+00	0		
162	26583	19785	1651	0	2011-05-16 15:03:23.368437+00	0		
163	26585	857	1455	0	2011-05-16 15:03:23.368437+00	0		
164	26583	4793	22397	0	2011-05-16 15:03:23.368437+00	0		
165	26583	8848	21618	0	2011-05-16 15:03:23.368437+00	0		
166	26583	2499	23675	0	2011-05-16 15:03:23.368437+00	0		
167	26583	311	23996	0	2011-05-16 15:03:23.368437+00	0		
168	26585	23774	23752	0	2011-05-16 15:03:23.368437+00	0		
169	26583	3547	26175	0	2011-05-16 15:03:23.368437+00	0		
170	26604	23838	23840	0	2011-05-16 15:03:23.368437+00	0		
171	26583	3966	24422	0	2011-05-16 15:03:23.368437+00	0		
172	26583	4252	25207	0	2011-05-16 15:03:23.368437+00	0		
173	26583	5230	10339	0	2011-05-16 15:03:23.368437+00	0		
174	26583	1118	25715	0	2011-05-16 15:03:23.368437+00	0		
176	26583	3853	25707	0	2011-05-16 15:03:23.368437+00	0		
177	26583	2567	26517	0	2011-05-16 15:03:23.368437+00	0		
178	26583	25357	26922	0	2011-05-16 15:03:23.368437+00	0		
179	26583	2163	27417	0	2011-05-16 15:03:23.368437+00	0		
180	26605	2558	27785	0	2011-05-16 15:03:23.368437+00	0		
182	26583	8711	6222	0	2011-05-16 15:03:23.368437+00	0		
183	26585	8426	24448	0	2011-05-16 15:03:23.368437+00	0		
184	26583	9329	21332	0	2011-05-16 15:03:23.368437+00	0		
185	26583	17390	29609	0	2011-05-16 15:03:23.368437+00	0		
186	26583	1504	30315	0	2011-05-16 15:03:23.368437+00	0		
187	26583	3093	3135	0	2011-05-16 15:03:23.368437+00	0		
188	26588	7922	19220	0	2011-05-16 15:03:23.368437+00	0		
189	26583	19784	37178	0	2011-05-16 15:03:23.368437+00	0		
190	26585	843	28340	0	2011-05-16 15:03:23.368437+00	0		
192	26583	4242	33875	0	2011-05-16 15:03:23.368437+00	0		
195	26585	15257	121	0	2011-05-16 15:03:23.368437+00	0		
196	26583	4286	22289	0	2011-05-16 15:03:23.368437+00	0		
5043	26583	227	61569	0	2011-11-13 23:00:10.113282+00	0		
199	26583	35171	35164	0	2011-05-16 15:03:23.368437+00	0		
200	26607	17801	36469	0	2011-05-16 15:03:23.368437+00	0		
201	26583	47301	47223	0	2011-05-16 15:03:23.368437+00	0		
202	26583	17816	16993	0	2011-05-16 15:03:23.368437+00	0		
204	26583	15951	38348	0	2011-05-16 15:03:23.368437+00	0		
205	26583	38792	38791	0	2011-05-16 15:03:23.368437+00	0		
207	26583	2108	22227	0	2011-05-16 15:03:23.368437+00	0		
208	26583	25080	25084	0	2011-05-16 15:03:23.368437+00	0		
209	26583	309	40042	0	2011-05-16 15:03:23.368437+00	0		
210	26588	40806	25492	0	2011-05-16 15:03:23.368437+00	0		
212	26583	6650	41652	0	2011-05-16 15:03:23.368437+00	0		
213	26609	42093	42094	0	2011-05-16 15:03:23.368437+00	0		
214	26583	3331	42466	0	2011-05-16 15:03:23.368437+00	0		
215	26585	857	22461	0	2011-05-16 15:03:23.368437+00	0		
216	26583	29708	9488	0	2011-05-16 15:03:23.368437+00	0		
217	26583	18383	43750	0	2011-05-16 15:03:23.368437+00	0		
218	26583	37439	40969	0	2011-05-16 15:03:23.368437+00	0		
219	26583	43401	22831	0	2011-05-16 15:03:23.368437+00	0		
220	26583	44244	44762	0	2011-05-16 15:03:23.368437+00	0		
221	26583	10581	27204	0	2011-05-16 15:03:23.368437+00	0		
223	26585	46774	46765	0	2011-05-16 15:03:23.368437+00	0		
224	26583	28799	1438	0	2011-05-16 15:03:23.368437+00	0		
225	26583	46425	46421	0	2011-05-16 15:03:23.368437+00	0		
227	26583	46785	30678	0	2011-05-16 15:03:23.368437+00	0		
228	26583	37438	46945	0	2011-05-16 15:03:23.368437+00	0		
229	26583	46581	46582	0	2011-05-16 15:03:23.368437+00	0		
230	26585	15257	8041	0	2011-05-16 15:03:23.368437+00	0		
231	26583	1647	5516	0	2011-05-16 15:03:23.368437+00	0		
232	26583	1647	1666	0	2011-05-16 15:03:23.368437+00	0		
233	26583	4746	48298	0	2011-05-16 15:03:23.368437+00	0		
234	26583	2176	48709	0	2011-05-16 15:03:23.368437+00	0		
235	26583	24067	49048	0	2011-05-16 15:03:23.368437+00	0		
237	26583	9984	29234	0	2011-05-16 15:03:23.368437+00	0		
239	26583	2506	29864	0	2011-05-16 15:03:23.368437+00	0		
240	26583	3175	30249	0	2011-05-16 15:03:23.368437+00	0		
241	26583	15995	1403	0	2011-05-16 15:03:23.368437+00	0		
242	26583	636	30714	0	2011-05-16 15:03:23.368437+00	0		
244	26583	42094	55509	0	2011-05-16 15:03:23.368437+00	0		
246	26583	6572	27861	0	2011-05-16 15:03:23.368437+00	0		
247	26583	10062	15890	0	2011-05-16 15:03:23.368437+00	0		
248	26585	1203	327	0	2011-05-16 15:03:23.368437+00	0		
249	26585	1203	53	0	2011-05-16 15:03:23.368437+00	0		
250	26585	1203	78	0	2011-05-16 15:03:23.368437+00	0		
3592	204208	6847	8639	0	2014-12-06 18:14:57.723426+00	0		
6582	26585	79567	56814	0	2013-06-01 00:00:19.794429+00	0		
255	26588	30868	25196	0	2011-05-16 15:03:23.368437+00	0		
256	26583	5417	34849	0	2011-05-16 15:03:23.368437+00	0		
257	26583	8492	35895	0	2011-05-16 15:03:23.368437+00	0		
4896	26583	6891	44795	0	2011-07-21 10:48:13.972179+00	0		
259	26583	5879	20327	0	2011-05-16 15:03:23.368437+00	0		
243	26583	1307	35487	0	2013-11-26 10:00:14.02773+00	0		
261	26595	38343	29648	0	2011-05-16 15:03:23.368437+00	0		
264	26583	20106	40744	0	2011-05-16 15:03:23.368437+00	0		
265	26583	32181	18896	0	2011-05-16 15:03:23.368437+00	0		
266	26583	14801	1655	0	2011-05-16 15:03:23.368437+00	0		
267	26585	16562	15687	0	2011-05-16 15:03:23.368437+00	0		
268	26583	726	43219	0	2011-05-16 15:03:23.368437+00	0		
9003	26583	58720	98205	0	2014-12-26 22:00:58.769339+00	0		
9106	150834	98827	5308	0	2015-01-09 17:49:30.115467+00	0		
143	150834	5781	209	0	2015-02-20 13:14:09.922269+00	0		
39	26583	87215	31939	0	2015-02-23 07:15:36.448152+00	0		
151	26585	62	9166	0	2015-03-17 11:06:09.108464+00	0		
269	26583	24130	42720	0	2011-05-16 15:03:23.368437+00	0		
270	26611	20969	25082	0	2011-05-16 15:03:23.368437+00	0		
271	26583	5191	35064	0	2011-05-16 15:03:23.368437+00	0		
272	26583	886	15027	0	2011-05-16 15:03:23.368437+00	0		
226	26583	758	10165	0	2012-01-12 06:03:39.92807+00	0		
153	26583	1010	17931	0	2012-07-12 16:08:05.093269+00	0		
222	26583	1842	46034	0	2013-01-02 07:09:41.892528+00	0		
146	26583	95	28413	0	2011-12-25 10:03:55.711903+00	0		
191	26606	467	5801	0	2013-10-21 08:00:28.019295+00	0		
160	26583	3652	21352	0	2012-08-07 12:08:00.035355+00	0		
6605	26594	61189	426	0	2013-06-05 19:09:30.241611+00	0		
137	26585	170	31890	0	2012-09-23 03:06:30.07856+00	0		
149	26583	17	16356	0	2013-12-04 16:00:27.463734+00	0		
206	26583	5644	53647	0	2012-10-23 05:07:19.116368+00	0		
6454	115589	172	494	0	2013-04-23 13:57:15.402599+00	0		
254	26598	15322	21350	0	2013-05-21 08:07:34.926148+00	0		
152	26599	3543	17302	0	2013-08-07 19:00:26.612399+00	0		
7567	150160	864	25	0	2014-01-26 02:00:38.927752+00	0		
273	26583	34446	44725	0	2011-05-16 15:03:23.368437+00	0		
274	26583	9812	45988	0	2011-05-16 15:03:23.368437+00	0		
275	26583	5873	45977	0	2011-05-16 15:03:23.368437+00	0		
276	26583	16770	46418	0	2011-05-16 15:03:23.368437+00	0		
277	26583	42490	29542	0	2011-05-16 15:03:23.368437+00	0		
278	26585	46769	46765	0	2011-05-16 15:03:23.368437+00	0		
279	26583	37438	46943	0	2011-05-16 15:03:23.368437+00	0		
280	26583	40973	40974	0	2011-05-16 15:03:23.368437+00	0		
281	26583	46948	47737	0	2011-05-16 15:03:23.368437+00	0		
282	26583	46664	51102	0	2011-05-16 15:03:23.368437+00	0		
284	26583	15466	49306	0	2011-05-16 15:03:23.368437+00	0		
285	26583	49308	49307	0	2011-05-16 15:03:23.368437+00	0		
286	26583	20199	49308	0	2011-05-16 15:03:23.368437+00	0		
287	26583	1504	18926	0	2011-05-16 15:03:23.368437+00	0		
394	26583	64743	9746	0	2014-04-06 09:00:24.306738+00	0		
289	26583	157	1538	0	2014-12-26 17:32:09.788414+00	0		
295	26588	9366	8525	0	2011-05-16 15:03:23.368437+00	0		
5108	26583	23184	62848	0	2012-11-15 00:10:16.944485+00	0		
297	26583	39	10370	0	2011-05-16 15:03:23.368437+00	0		
299	26583	327	15914	0	2011-05-16 15:03:23.368437+00	0		
300	26583	16858	16857	0	2011-05-16 15:03:23.368437+00	0		
301	26583	6353	17306	0	2011-05-16 15:03:23.368437+00	0		
303	26607	741	17630	0	2011-05-16 15:03:23.368437+00	0		
304	26583	18479	18478	0	2011-05-16 15:03:23.368437+00	0		
305	26583	640	19296	0	2011-05-16 15:03:23.368437+00	0		
307	26606	6411	20338	0	2011-05-16 15:03:23.368437+00	0		
308	26585	857	841	0	2011-05-16 15:03:23.368437+00	0		
309	26583	131	6638	0	2011-05-16 15:03:23.368437+00	0		
310	26612	19456	2052	0	2011-05-16 15:03:23.368437+00	0		
311	26583	20845	30965	0	2011-05-16 15:03:23.368437+00	0		
9004	26583	60994	98223	0	2014-12-20 15:50:35.370266+00	0		
318	26585	23773	23752	0	2011-05-16 15:03:23.368437+00	0		
319	26585	23844	23752	0	2011-05-16 15:03:23.368437+00	0		
320	26585	396	22695	0	2011-05-16 15:03:23.368437+00	0		
321	26583	17845	15520	0	2011-05-16 15:03:23.368437+00	0		
322	26583	15521	25770	0	2011-05-16 15:03:23.368437+00	0		
323	26583	3826	24764	0	2011-05-16 15:03:23.368437+00	0		
324	26588	25707	23367	0	2011-05-16 15:03:23.368437+00	0		
325	26583	23566	26923	0	2011-05-16 15:03:23.368437+00	0		
326	26583	34	1570	0	2011-05-16 15:03:23.368437+00	0		
327	26583	2163	26518	0	2011-05-16 15:03:23.368437+00	0		
328	26614	2558	9787	0	2011-05-16 15:03:23.368437+00	0		
329	26615	23477	25411	0	2011-05-16 15:03:23.368437+00	0		
330	26583	20457	28435	0	2011-05-16 15:03:23.368437+00	0		
331	26583	4851	16332	0	2011-05-16 15:03:23.368437+00	0		
332	26583	783	29251	0	2011-05-16 15:03:23.368437+00	0		
334	26583	3093	4770	0	2011-05-16 15:03:23.368437+00	0		
335	26583	30809	17713	0	2011-05-16 15:03:23.368437+00	0		
337	26583	3412	30323	0	2011-05-16 15:03:23.368437+00	0		
338	26607	3176	3179	0	2011-05-16 15:03:23.368437+00	0		
6152	150834	1158	73108	0	2014-02-04 02:00:33.633982+00	0		
341	26583	948	31990	0	2011-05-16 15:03:23.368437+00	0		
342	26619	1647	15487	0	2011-05-16 15:03:23.368437+00	0		
344	26585	3092	121	0	2011-05-16 15:03:23.368437+00	0		
345	26585	24162	34914	0	2011-05-16 15:03:23.368437+00	0		
346	26583	5071	34652	0	2011-05-16 15:03:23.368437+00	0		
336	26616	155	5801	0	2013-03-03 02:00:18.666311+00	0		
348	26583	36287	13674	0	2011-05-16 15:03:23.368437+00	0		
349	26583	40973	54191	0	2011-05-16 15:03:23.368437+00	0		
350	26583	1706	36496	0	2011-05-16 15:03:23.368437+00	0		
9107	210588	88025	5308	0	2015-01-09 18:04:04.106937+00	0		
352	26599	5644	37470	0	2011-05-16 15:03:23.368437+00	0		
353	26583	7166	6647	0	2011-05-16 15:03:23.368437+00	0		
356	26585	16943	38693	0	2011-05-16 15:03:23.368437+00	0		
357	26583	309	39375	0	2011-05-16 15:03:23.368437+00	0		
358	26583	25295	25084	0	2011-05-16 15:03:23.368437+00	0		
359	26583	40064	40065	0	2011-05-16 15:03:23.368437+00	0		
401	26585	5035	119	0	2012-11-16 05:06:01.031422+00	0		
362	26583	3014	5600	0	2011-05-16 15:03:23.368437+00	0		
363	26588	42095	4761	0	2011-05-16 15:03:23.368437+00	0		
364	26583	17898	42472	0	2011-05-16 15:03:23.368437+00	0		
365	26607	37889	42763	0	2011-05-16 15:03:23.368437+00	0		
366	26583	2676	29708	0	2011-05-16 15:03:23.368437+00	0		
367	26583	1489	43770	0	2011-05-16 15:03:23.368437+00	0		
368	26583	37439	40968	0	2011-05-16 15:03:23.368437+00	0		
370	26583	3242	31971	0	2011-05-16 15:03:23.368437+00	0		
371	26583	4080	8804	0	2011-05-16 15:03:23.368437+00	0		
372	26583	36632	45590	0	2011-05-16 15:03:23.368437+00	0		
373	26583	16770	46425	0	2011-05-16 15:03:23.368437+00	0		
374	26583	8911	46589	0	2011-05-16 15:03:23.368437+00	0		
375	26583	31178	46063	0	2011-05-16 15:03:23.368437+00	0		
376	26583	47301	47302	0	2011-05-16 15:03:23.368437+00	0		
377	26583	31178	46062	0	2011-05-16 15:03:23.368437+00	0		
378	26583	46779	46787	0	2011-05-16 15:03:23.368437+00	0		
379	26583	31178	46061	0	2011-05-16 15:03:23.368437+00	0		
380	26583	46779	46791	0	2011-05-16 15:03:23.368437+00	0		
381	26583	37438	46946	0	2011-05-16 15:03:23.368437+00	0		
382	26622	42094	46775	0	2011-05-16 15:03:23.368437+00	0		
383	26623	4841	16310	0	2011-05-16 15:03:23.368437+00	0		
384	26583	1647	26899	0	2011-05-16 15:03:23.368437+00	0		
385	26583	8633	7638	0	2011-05-16 15:03:23.368437+00	0		
386	26583	7124	49088	0	2011-05-16 15:03:23.368437+00	0		
387	26583	6812	47512	0	2011-05-16 15:03:23.368437+00	0		
389	26583	3248	5072	0	2011-05-16 15:03:23.368437+00	0		
314	26583	95834	69007	0	2014-10-16 04:00:33.08707+00	0		
156	26583	87215	19291	0	2015-02-23 07:14:18.092549+00	0		
238	26610	174	1823	0	2015-03-24 13:03:10.653051+00	0		
351	26583	59680	37201	0	2014-11-10 17:02:44.020766+00	0		
355	26598	89060	5644	0	2015-04-04 17:34:27.057122+00	0		
390	26583	3922	4943	0	2011-05-16 15:03:23.368437+00	0		
288	26583	157	717	0	2011-08-22 20:00:56.811089+00	0		
393	26583	33807	15509	0	2011-05-16 15:03:23.368437+00	0		
396	26583	10235	10260	0	2011-05-16 15:03:23.368437+00	0		
398	26583	6080	10313	0	2011-05-16 15:03:23.368437+00	0		
402	26583	7775	10366	0	2011-05-16 15:03:23.368437+00	0		
5303	26583	29	5035	0	2012-11-16 05:06:01.031422+00	0		
404	26583	29	8557	0	2011-05-16 15:03:23.368437+00	0		
405	26583	39	10319	0	2011-05-16 15:03:23.368437+00	0		
406	26598	8041	4486	0	2011-05-16 15:03:23.368437+00	0		
407	26583	10319	10320	0	2011-05-16 15:03:23.368437+00	0		
408	26583	3623	10293	0	2011-05-16 15:03:23.368437+00	0		
391	26583	1199	9773	0	2011-12-26 15:00:09.551261+00	0		
339	26617	95	132	0	2011-12-25 10:03:55.711903+00	0		
4869	26583	8978	59148	0	2011-07-28 20:00:06.301597+00	0		
291	26583	157	4080	0	2011-08-22 20:00:56.811089+00	0		
354	26620	645	373	0	2011-09-22 21:02:11.842017+00	0		
3206	26583	163	240	0	2011-11-27 01:23:58.036162+00	0		
5066	26585	404	1492	0	2011-12-01 05:00:08.950825+00	0		
316	26583	10636	32593	0	2012-07-05 01:06:41.293833+00	0		
313	26583	17769	22036	0	2013-01-05 10:16:57.862445+00	0		
6556	118499	26217	56840	0	2013-05-23 02:00:15.981787+00	0		
395	26583	5710	10189	0	2012-04-21 09:00:08.357298+00	0		
388	26583	15436	15435	0	2013-05-23 23:01:13.640724+00	0		
296	26583	1320	30571	0	2012-11-02 11:02:22.292332+00	0		
312	26583	156	21632	0	2012-08-13 05:06:24.619741+00	0		
302	26583	151	8837	0	2012-10-04 04:00:17.12139+00	0		
399	26585	5035	249	0	2013-02-26 00:00:40.419408+00	0		
6455	39785	952	78660	0	2013-04-30 16:00:31.792053+00	0		
411	26583	10389	8868	0	2011-05-16 15:03:23.368437+00	0		
412	26585	10389	8868	0	2011-05-16 15:03:23.368437+00	0		
413	26583	8041	10438	0	2011-05-16 15:03:23.368437+00	0		
414	26583	39	10439	0	2011-05-16 15:03:23.368437+00	0		
415	26583	39	8237	0	2011-05-16 15:03:23.368437+00	0		
416	26583	8237	10440	0	2011-05-16 15:03:23.368437+00	0		
417	26583	8237	10441	0	2011-05-16 15:03:23.368437+00	0		
418	26585	39	10374	0	2011-05-16 15:03:23.368437+00	0		
419	26585	1353	9938	0	2011-05-16 15:03:23.368437+00	0		
420	26588	10448	39	0	2011-05-16 15:03:23.368437+00	0		
421	26583	15013	15015	0	2011-05-16 15:03:23.368437+00	0		
422	26583	15013	15017	0	2011-05-16 15:03:23.368437+00	0		
423	26585	255	10452	0	2011-05-16 15:03:23.368437+00	0		
425	26583	9379	14500	0	2011-05-16 15:03:23.368437+00	0		
426	26598	39	9567	0	2011-05-16 15:03:23.368437+00	0		
427	26598	8968	9567	0	2011-05-16 15:03:23.368437+00	0		
428	26583	14508	6414	0	2011-05-16 15:03:23.368437+00	0		
429	26598	8473	9567	0	2011-05-16 15:03:23.368437+00	0		
430	26588	10459	39	0	2011-05-16 15:03:23.368437+00	0		
431	26583	10477	10377	0	2011-05-16 15:03:23.368437+00	0		
432	26583	10539	10538	0	2011-05-16 15:03:23.368437+00	0		
434	26583	10554	10178	0	2011-05-16 15:03:23.368437+00	0		
435	26583	53	501	0	2011-05-16 15:03:23.368437+00	0		
437	26585	31	5670	0	2011-05-16 15:03:23.368437+00	0		
438	26585	1089	559	0	2011-05-16 15:03:23.368437+00	0		
442	26583	2764	10542	0	2011-05-16 15:03:23.368437+00	0		
443	26583	16770	46416	0	2011-05-16 15:03:23.368437+00	0		
444	26585	14433	14432	0	2011-05-16 15:03:23.368437+00	0		
445	26583	2368	14812	0	2011-05-16 15:03:23.368437+00	0		
446	26583	39	6069	0	2011-05-16 15:03:23.368437+00	0		
451	26583	1635	17308	0	2011-05-16 15:03:23.368437+00	0		
453	26583	7297	6412	0	2011-05-16 15:03:23.368437+00	0		
454	26583	113	19330	0	2011-05-16 15:03:23.368437+00	0		
456	26625	2179	19892	0	2011-05-16 15:03:23.368437+00	0		
457	26626	15978	19456	0	2011-05-16 15:03:23.368437+00	0		
458	26585	857	5767	0	2011-05-16 15:03:23.368437+00	0		
459	26583	21366	21367	0	2011-05-16 15:03:23.368437+00	0		
461	26583	9147	21512	0	2011-05-16 15:03:23.368437+00	0		
462	26588	21649	663	0	2011-05-16 15:03:23.368437+00	0		
463	26583	15257	21037	0	2011-05-16 15:03:23.368437+00	0		
440	26583	1320	27907	0	2011-07-21 21:02:46.233426+00	0		
467	26583	4398	24432	0	2011-05-16 15:03:23.368437+00	0		
468	26585	23776	23752	0	2011-05-16 15:03:23.368437+00	0		
469	26599	23370	23369	0	2011-05-16 15:03:23.368437+00	0		
470	26628	23752	23845	0	2011-05-16 15:03:23.368437+00	0		
471	26583	2163	25215	0	2011-05-16 15:03:23.368437+00	0		
486	26583	9822	29616	0	2013-09-10 06:00:42.145723+00	0		
473	26583	70	25790	0	2011-05-16 15:03:23.368437+00	0		
474	26585	3457	24789	0	2011-05-16 15:03:23.368437+00	0		
475	26583	7636	26527	0	2011-05-16 15:03:23.368437+00	0		
436	26585	2543	10529	0	2012-04-16 01:00:13.346826+00	0		
477	26585	19696	29937	0	2011-05-16 15:03:23.368437+00	0		
478	26583	25037	27422	0	2011-05-16 15:03:23.368437+00	0		
450	26624	2033	8858	0	2012-02-26 08:00:09.904118+00	0		
480	26583	9289	30984	0	2011-05-16 15:03:23.368437+00	0		
481	26583	8743	27967	0	2011-05-16 15:03:23.368437+00	0		
482	26583	36501	24462	0	2011-05-16 15:03:23.368437+00	0		
484	26583	5320	29252	0	2011-05-16 15:03:23.368437+00	0		
485	26583	28431	28456	0	2011-05-16 15:03:23.368437+00	0		
487	26631	2206	2213	0	2011-05-16 15:03:23.368437+00	0		
488	26583	16597	17220	0	2011-05-16 15:03:23.368437+00	0		
489	26583	7499	30324	0	2011-05-16 15:03:23.368437+00	0		
490	26583	1266	32626	0	2011-05-16 15:03:23.368437+00	0		
491	26585	33304	33303	0	2011-05-16 15:03:23.368437+00	0		
460	26583	17	20343	0	2013-12-04 16:00:27.463734+00	0		
441	26583	1199	10540	0	2011-12-26 15:00:09.551261+00	0		
494	26588	724	1642	0	2011-05-16 15:03:23.368437+00	0		
495	26583	7115	33920	0	2011-05-16 15:03:23.368437+00	0		
496	26583	8060	34658	0	2011-05-16 15:03:23.368437+00	0		
497	26583	9014	15473	0	2011-05-16 15:03:23.368437+00	0		
498	26585	28673	121	0	2011-05-16 15:03:23.368437+00	0		
452	26583	1199	1682	0	2011-12-26 15:00:09.551261+00	0		
501	26583	4467	1293	0	2011-05-16 15:03:23.368437+00	0		
4900	26583	4875	59331	0	2011-07-22 04:55:20.458555+00	0		
8880	150834	97139	97138	0	2014-11-25 21:01:08.080266+00	0		
505	26583	6293	36293	0	2011-05-16 15:03:23.368437+00	0		
506	26583	37942	37941	0	2011-05-16 15:03:23.368437+00	0		
507	26633	5626	38370	0	2011-05-16 15:03:23.368437+00	0		
508	26583	951	9272	0	2011-05-16 15:03:23.368437+00	0		
510	26583	19671	25084	0	2011-05-16 15:03:23.368437+00	0		
511	26585	28	40065	0	2011-05-16 15:03:23.368437+00	0		
513	26583	41669	24961	0	2011-05-16 15:03:23.368437+00	0		
514	26588	42093	4761	0	2011-05-16 15:03:23.368437+00	0		
515	26583	654	30838	0	2011-05-16 15:03:23.368437+00	0		
433	26583	6146	6282	0	2014-10-01 13:01:02.682302+00	0		
465	26583	790	16700	0	2014-10-29 23:00:33.59736+00	0		
504	26585	89062	29543	0	2015-04-04 17:36:09.555109+00	0		
517	26583	39447	15592	0	2011-05-16 15:03:23.368437+00	0		
519	26583	37439	44323	0	2011-05-16 15:03:23.368437+00	0		
7466	26583	59159	54726	0	2014-01-14 18:00:21.279477+00	0		
521	26583	43735	43784	0	2011-05-16 15:03:23.368437+00	0		
522	26583	636	57064	0	2011-05-16 15:03:23.368437+00	0		
523	26583	20989	39773	0	2011-05-16 15:03:23.368437+00	0		
524	26583	22892	45617	0	2011-05-16 15:03:23.368437+00	0		
525	26635	16770	46426	0	2011-05-16 15:03:23.368437+00	0		
527	26585	46774	46775	0	2011-05-16 15:03:23.368437+00	0		
347	26583	62042	50548	0	2015-08-13 01:01:22.707412+00	0		
529	26583	31178	35251	0	2011-05-16 15:03:23.368437+00	0		
530	26583	37438	46949	0	2011-05-16 15:03:23.368437+00	0		
6153	26583	16380	56401	0	2012-11-17 17:42:05.203867+00	0		
532	26583	19897	46598	0	2011-05-16 15:03:23.368437+00	0		
534	26583	35498	4841	0	2011-05-16 15:03:23.368437+00	0		
6206	26585	27231	20234	0	2012-12-11 18:19:46.960924+00	0		
536	26583	1647	8650	0	2011-05-16 15:03:23.368437+00	0		
538	26583	2112	16866	0	2011-05-16 15:03:23.368437+00	0		
539	26641	2206	2226	0	2011-05-16 15:03:23.368437+00	0		
540	26583	1726	49120	0	2011-05-16 15:03:23.368437+00	0		
541	26583	17909	36970	0	2011-05-16 15:03:23.368437+00	0		
543	26583	17146	29573	0	2011-05-16 15:03:23.368437+00	0		
544	26583	9429	5072	0	2011-05-16 15:03:23.368437+00	0		
4870	26583	7952	6676	0	2011-07-28 23:00:08.387603+00	0		
6362	109526	19663	3562	0	2013-03-04 06:08:09.993795+00	0		
4920	26585	15407	39285	0	2011-08-06 07:21:03.071043+00	0		
476	26583	4555	42719	0	2011-11-26 13:02:30.801163+00	0		
5067	26583	62106	62105	0	2011-12-05 21:00:15.485974+00	0		
5641	26588	69298	10269	0	2012-08-03 09:00:08.490293+00	0		
447	26583	15013	15018	0	2012-04-21 12:04:47.685969+00	0		
528	26583	172	47313	0	2013-02-10 11:00:26.85877+00	0		
483	26583	542	28823	0	2013-07-31 04:01:50.381191+00	0		
518	26634	170	6983	0	2012-09-23 03:06:30.07856+00	0		
424	26583	151	14480	0	2012-10-04 04:00:17.12139+00	0		
516	26583	151	42512	0	2012-10-04 04:00:17.12139+00	0		
6262	26583	74716	71359	0	2013-01-15 16:00:15.060345+00	0		
6557	118503	25063	70373	0	2013-05-23 07:00:18.562456+00	0		
410	26583	18382	9885	0	2013-04-14 09:00:45.481445+00	0		
448	26583	16354	16871	0	2014-03-10 06:00:30.417437+00	0		
6304	105980	1546	75553	0	2013-04-29 21:00:39.506434+00	0		
526	26636	1963	2046	0	2014-05-08 13:00:17.176992+00	0		
545	26585	672	14442	0	2011-05-16 15:03:23.368437+00	0		
546	26583	4139	14456	0	2011-05-16 15:03:23.368437+00	0		
547	26583	2939	14416	0	2011-05-16 15:03:23.368437+00	0		
548	26583	7839	19280	0	2011-05-16 15:03:23.368437+00	0		
549	26583	14208	14209	0	2011-05-16 15:03:23.368437+00	0		
550	26583	15013	15019	0	2011-05-16 15:03:23.368437+00	0		
552	26585	3765	10226	0	2011-05-16 15:03:23.368437+00	0		
553	26583	15013	15020	0	2011-05-16 15:03:23.368437+00	0		
555	26583	2368	14570	0	2011-05-16 15:03:23.368437+00	0		
556	26583	8935	14700	0	2011-05-16 15:03:23.368437+00	0		
557	26583	717	18798	0	2011-05-16 15:03:23.368437+00	0		
560	26583	14801	14798	0	2011-05-16 15:03:23.368437+00	0		
561	26583	14679	15301	0	2011-05-16 15:03:23.368437+00	0		
562	26583	836	10470	0	2011-05-16 15:03:23.368437+00	0		
564	26583	1025	14732	0	2011-05-16 15:03:23.368437+00	0		
566	26598	15322	15387	0	2011-05-16 15:03:23.368437+00	0		
567	26583	14801	14800	0	2011-05-16 15:03:23.368437+00	0		
568	26583	751	14816	0	2011-05-16 15:03:23.368437+00	0		
569	26583	640	8274	0	2011-05-16 15:03:23.368437+00	0		
570	26583	6844	11292	0	2011-05-16 15:03:23.368437+00	0		
571	26583	14409	5938	0	2011-05-16 15:03:23.368437+00	0		
572	26583	14409	5929	0	2011-05-16 15:03:23.368437+00	0		
573	26583	14409	5937	0	2011-05-16 15:03:23.368437+00	0		
574	26583	15277	15276	0	2011-05-16 15:03:23.368437+00	0		
575	26583	15013	15021	0	2011-05-16 15:03:23.368437+00	0		
654	26583	23184	36300	0	2012-11-15 00:10:16.944485+00	0		
577	26583	15013	15023	0	2011-05-16 15:03:23.368437+00	0		
578	26583	15600	15601	0	2011-05-16 15:03:23.368437+00	0		
579	26583	17282	14420	0	2011-05-16 15:03:23.368437+00	0		
581	26583	410	15050	0	2011-05-16 15:03:23.368437+00	0		
588	26583	9900	15097	0	2011-05-16 15:03:23.368437+00	0		
589	26583	7148	7359	0	2011-05-16 15:03:23.368437+00	0		
590	26583	1726	15290	0	2011-05-16 15:03:23.368437+00	0		
593	26601	1440	8858	0	2011-05-16 15:03:23.368437+00	0		
596	26583	14979	17312	0	2011-05-16 15:03:23.368437+00	0		
599	26583	4497	319	0	2011-05-16 15:03:23.368437+00	0		
600	26583	7839	325	0	2011-05-16 15:03:23.368437+00	0		
559	26583	426	21327	0	2013-03-28 22:00:44.948899+00	0		
602	26646	19331	19330	0	2011-05-16 15:03:23.368437+00	0		
603	26647	2206	2260	0	2011-05-16 15:03:23.368437+00	0		
605	26585	10283	10183	0	2011-05-16 15:03:23.368437+00	0		
606	26583	3551	21041	0	2011-05-16 15:03:23.368437+00	0		
607	26583	21366	21368	0	2011-05-16 15:03:23.368437+00	0		
608	26649	34	2142	0	2011-05-16 15:03:23.368437+00	0		
609	26585	857	111	0	2011-05-16 15:03:23.368437+00	0		
592	26583	1526	15719	0	2014-01-16 02:00:42.623716+00	0		
8881	26629	27237	3326	0	2014-11-19 09:35:24.080163+00	0		
613	26583	22505	22504	0	2011-05-16 15:03:23.368437+00	0		
614	26583	1286	21666	0	2011-05-16 15:03:23.368437+00	0		
615	26583	180	3374	0	2011-05-16 15:03:23.368437+00	0		
616	26583	381	23411	0	2011-05-16 15:03:23.368437+00	0		
663	26583	2656	26197	0	2011-11-16 23:00:07.804966+00	0		
619	26585	23775	23752	0	2011-05-16 15:03:23.368437+00	0		
620	26585	23846	23752	0	2011-05-16 15:03:23.368437+00	0		
621	26583	752	24437	0	2011-05-16 15:03:23.368437+00	0		
622	26583	25215	25218	0	2011-05-16 15:03:23.368437+00	0		
595	26583	16354	9682	0	2014-03-10 06:00:30.417437+00	0		
624	26583	28	25793	0	2011-05-16 15:03:23.368437+00	0		
627	26583	22201	21982	0	2011-05-16 15:03:23.368437+00	0		
586	26583	95	343	0	2011-12-25 10:03:55.711903+00	0		
630	26583	6	27973	0	2011-05-16 15:03:23.368437+00	0		
9005	26583	98228	33408	0	2014-12-27 21:01:04.138138+00	0		
633	26583	3175	27142	0	2011-05-16 15:03:23.368437+00	0		
8945	150834	75398	97745	0	2014-12-06 23:08:55.560095+00	0		
636	26583	2166	29626	0	2011-05-16 15:03:23.368437+00	0		
639	26583	7124	17685	0	2011-05-16 15:03:23.368437+00	0		
551	26583	6847	1456	0	2013-05-21 06:00:13.189789+00	0		
641	26657	2448	1195	0	2011-05-16 15:03:23.368437+00	0		
642	26583	1224	8225	0	2011-05-16 15:03:23.368437+00	0		
643	26585	30040	32653	0	2011-05-16 15:03:23.368437+00	0		
644	26658	1195	2433	0	2011-05-16 15:03:23.368437+00	0		
645	26583	3845	33315	0	2011-05-16 15:03:23.368437+00	0		
583	26585	592	268	0	2013-09-01 19:01:00.693773+00	0		
647	26583	6637	33921	0	2011-05-16 15:03:23.368437+00	0		
648	26583	792	30337	0	2011-05-16 15:03:23.368437+00	0		
650	26661	2027	18002	0	2011-05-16 15:03:23.368437+00	0		
604	26806	19897	369	0	2015-03-02 20:37:08.777598+00	0		
6154	150834	73129	18628	0	2014-10-16 12:00:16.819707+00	0		
651	26583	34917	4467	0	2011-05-16 15:03:23.368437+00	0		
652	26583	18116	29023	0	2011-05-16 15:03:23.368437+00	0		
656	26583	22289	36501	0	2011-05-16 15:03:23.368437+00	0		
594	26639	1963	1723	0	2014-05-08 13:00:17.176992+00	0		
658	26583	37215	37214	0	2011-05-16 15:03:23.368437+00	0		
660	26583	18487	37950	0	2011-05-16 15:03:23.368437+00	0		
661	26583	15771	23459	0	2011-05-16 15:03:23.368437+00	0		
662	26583	25357	39460	0	2011-05-16 15:03:23.368437+00	0		
634	26655	2422	55989	0	2012-06-10 11:10:22.755326+00	0		
664	26583	396	40864	0	2011-05-16 15:03:23.368437+00	0		
665	26583	39977	25084	0	2011-05-16 15:03:23.368437+00	0		
667	26583	42093	42095	0	2011-05-16 15:03:23.368437+00	0		
668	26607	5283	25018	0	2011-05-16 15:03:23.368437+00	0		
669	26583	5531	42530	0	2011-05-16 15:03:23.368437+00	0		
670	26583	5320	42791	0	2011-05-16 15:03:23.368437+00	0		
671	26583	43321	6578	0	2011-05-16 15:03:23.368437+00	0		
672	26583	28	43482	0	2011-05-16 15:03:23.368437+00	0		
673	26585	43807	9084	0	2011-05-16 15:03:23.368437+00	0		
674	26583	37439	44324	0	2011-05-16 15:03:23.368437+00	0		
675	26585	19321	7277	0	2011-05-16 15:03:23.368437+00	0		
677	26583	45657	45655	0	2011-05-16 15:03:23.368437+00	0		
678	26583	4286	57244	0	2011-05-16 15:03:23.368437+00	0		
679	26583	15294	46098	0	2011-05-16 15:03:23.368437+00	0		
680	26583	4746	27947	0	2011-05-16 15:03:23.368437+00	0		
638	26585	5497	29945	0	2011-07-19 17:02:38.401584+00	0		
563	26583	15857	824	0	2012-05-13 18:06:06.596887+00	0		
597	26643	3905	18491	0	2011-07-31 05:00:07.444511+00	0		
629	28759	27805	563	0	2011-08-08 01:38:40.727574+00	0		
5068	26583	54726	62038	0	2011-12-06 02:00:06.558147+00	0		
635	26583	3905	29253	0	2011-07-31 05:00:07.444511+00	0		
655	26585	15857	26966	0	2012-05-13 18:06:06.596887+00	0		
666	26664	645	41669	0	2011-09-22 21:02:11.842017+00	0		
558	26583	6553	14694	0	2012-05-27 09:00:08.662281+00	0		
584	26585	592	2386	0	2013-09-01 19:01:00.693773+00	0		
8946	26588	28866	59977	0	2014-12-07 07:05:35.606214+00	0		
625	26617	151	2716	0	2012-10-04 04:00:17.12139+00	0		
676	26588	45125	262	0	2012-10-14 03:05:35.673199+00	0		
640	26656	73693	1793	0	2012-12-03 19:47:06.584538+00	0		
6209	26583	8622	74051	0	2012-12-27 02:00:32.125821+00	0		
6208	26583	34017	74023	0	2012-12-12 18:15:57.195097+00	0		
6306	26583	73770	75599	0	2013-02-09 16:00:10.663684+00	0		
5045	26583	235	4833	0	2013-04-14 18:01:05.95051+00	0		
554	26583	1388	14569	0	2012-12-31 19:00:17.494837+00	0		
9006	26583	98228	80217	0	2014-12-27 21:01:10.170986+00	0		
6151	150870	45451	73037	0	2014-02-11 07:31:57.681337+00	0		
681	26585	46603	46602	0	2011-05-16 15:03:23.368437+00	0		
682	26585	46777	46765	0	2011-05-16 15:03:23.368437+00	0		
683	26583	37438	46948	0	2011-05-16 15:03:23.368437+00	0		
685	26623	378	16310	0	2011-05-16 15:03:23.368437+00	0		
686	26583	1647	47879	0	2011-05-16 15:03:23.368437+00	0		
687	26583	481	48368	0	2011-05-16 15:03:23.368437+00	0		
689	26583	17909	39776	0	2011-05-16 15:03:23.368437+00	0		
690	26585	46284	16278	0	2011-05-16 15:03:23.368437+00	0		
691	26583	4561	15146	0	2011-05-16 15:03:23.368437+00	0		
693	26583	8747	7074	0	2011-05-16 15:03:23.368437+00	0		
694	26585	8747	8746	0	2011-05-16 15:03:23.368437+00	0		
696	26585	15059	6125	0	2011-05-16 15:03:23.368437+00	0		
479	26630	25	1948	0	2011-07-22 09:02:53.718308+00	0		
700	26583	8413	15067	0	2011-05-16 15:03:23.368437+00	0		
701	26583	7231	7985	0	2011-05-16 15:03:23.368437+00	0		
702	26583	36460	36459	0	2011-05-16 15:03:23.368437+00	0		
704	26585	15215	7766	0	2011-05-16 15:03:23.368437+00	0		
5046	26585	1646	4833	0	2013-09-26 04:00:17.927213+00	0		
706	26583	798	15215	0	2011-05-16 15:03:23.368437+00	0		
707	26585	15215	792	0	2011-05-16 15:03:23.368437+00	0		
708	26598	520	1494	0	2011-05-16 15:03:23.368437+00	0		
709	26585	15215	3176	0	2011-05-16 15:03:23.368437+00	0		
710	26583	16770	46420	0	2011-05-16 15:03:23.368437+00	0		
711	26583	5879	8869	0	2011-05-16 15:03:23.368437+00	0		
7468	145278	87360	18843	0	2014-01-14 22:00:37.467942+00	0		
5335	26583	2390	4729	0	2012-04-10 16:07:34.145844+00	0		
716	26583	15784	15785	0	2011-05-16 15:03:23.368437+00	0		
717	26583	3104	15306	0	2011-05-16 15:03:23.368437+00	0		
718	26585	8674	15786	0	2011-05-16 15:03:23.368437+00	0		
719	26583	15854	10544	0	2011-05-16 15:03:23.368437+00	0		
720	26583	15854	10545	0	2011-05-16 15:03:23.368437+00	0		
723	26583	3543	15322	0	2011-05-16 15:03:23.368437+00	0		
724	26583	8591	15217	0	2011-05-16 15:03:23.368437+00	0		
725	26583	6615	6617	0	2011-05-16 15:03:23.368437+00	0		
726	26583	798	7766	0	2011-05-16 15:03:23.368437+00	0		
727	26585	31	71	0	2011-05-16 15:03:23.368437+00	0		
730	26585	416	7117	0	2011-05-16 15:03:23.368437+00	0		
731	26585	8025	5133	0	2011-05-16 15:03:23.368437+00	0		
732	26583	2475	7790	0	2011-05-16 15:03:23.368437+00	0		
733	26583	15673	15918	0	2011-05-16 15:03:23.368437+00	0		
736	26583	2133	17313	0	2011-05-16 15:03:23.368437+00	0		
737	26583	18498	10205	0	2011-05-16 15:03:23.368437+00	0		
738	26583	18819	18818	0	2011-05-16 15:03:23.368437+00	0		
739	26583	7119	17991	0	2011-05-16 15:03:23.368437+00	0		
740	26654	19341	19342	0	2011-05-16 15:03:23.368437+00	0		
741	26583	5554	19900	0	2011-05-16 15:03:23.368437+00	0		
742	26665	15978	2052	0	2011-05-16 15:03:23.368437+00	0		
743	26585	857	2703	0	2011-05-16 15:03:23.368437+00	0		
746	26583	22505	17774	0	2011-05-16 15:03:23.368437+00	0		
747	26583	1504	8762	0	2011-05-16 15:03:23.368437+00	0		
748	26583	4520	10521	0	2011-05-16 15:03:23.368437+00	0		
749	26588	7047	22043	0	2011-05-16 15:03:23.368437+00	0		
751	26583	4497	1975	0	2011-05-16 15:03:23.368437+00	0		
752	26585	23777	23752	0	2011-05-16 15:03:23.368437+00	0		
753	26585	23847	23752	0	2011-05-16 15:03:23.368437+00	0		
755	26583	30356	36302	0	2011-05-16 15:03:23.368437+00	0		
756	26583	25250	25148	0	2011-05-16 15:03:23.368437+00	0		
762	26583	5320	27812	0	2011-05-16 15:03:23.368437+00	0		
763	26583	829	27974	0	2011-05-16 15:03:23.368437+00	0		
764	26583	27493	8835	0	2011-05-16 15:03:23.368437+00	0		
765	26583	7328	36530	0	2011-05-16 15:03:23.368437+00	0		
766	26598	2840	29594	0	2011-05-16 15:03:23.368437+00	0		
768	26583	6243	29951	0	2011-05-16 15:03:23.368437+00	0		
769	26583	34	28917	0	2011-05-16 15:03:23.368437+00	0		
771	26583	7635	30834	0	2011-05-16 15:03:23.368437+00	0		
772	26585	7459	5653	0	2011-05-16 15:03:23.368437+00	0		
773	26583	23318	32653	0	2011-05-16 15:03:23.368437+00	0		
626	26583	330	26537	0	2014-11-03 08:00:54.046277+00	0		
8979	26711	98025	98026	0	2014-12-14 18:59:25.246217+00	0		
659	26585	89062	5644	0	2015-04-04 17:37:31.794467+00	0		
774	26583	559	33322	0	2011-05-16 15:03:23.368437+00	0		
779	26583	4427	27943	0	2011-11-17 00:00:33.524304+00	0		
5642	26583	25152	53529	0	2012-08-04 18:00:13.297874+00	0		
777	26583	2390	8874	0	2011-05-16 15:03:23.368437+00	0		
778	26583	1293	30033	0	2011-05-16 15:03:23.368437+00	0		
781	26583	5077	35919	0	2011-05-16 15:03:23.368437+00	0		
782	26583	35168	35167	0	2011-05-16 15:03:23.368437+00	0		
783	26668	37221	37219	0	2011-05-16 15:03:23.368437+00	0		
784	26583	37499	37498	0	2011-05-16 15:03:23.368437+00	0		
786	26583	19431	38385	0	2011-05-16 15:03:23.368437+00	0		
787	26583	15771	28727	0	2011-05-16 15:03:23.368437+00	0		
788	26583	511	39461	0	2011-05-16 15:03:23.368437+00	0		
789	26583	39978	25084	0	2011-05-16 15:03:23.368437+00	0		
6307	26583	1359	75616	0	2013-01-26 23:25:24.700598+00	0		
761	26585	109544	26198	0	2015-10-02 08:41:16.952484+00	0		
792	26583	40967	41412	0	2011-05-16 15:03:23.368437+00	0		
794	26583	40967	41411	0	2011-05-16 15:03:23.368437+00	0		
795	26583	8386	42097	0	2011-05-16 15:03:23.368437+00	0		
796	26583	5531	42531	0	2011-05-16 15:03:23.368437+00	0		
797	26583	37165	42803	0	2011-05-16 15:03:23.368437+00	0		
688	26583	172	2518	0	2013-02-10 11:00:26.85877+00	0		
800	26585	19321	6525	0	2011-05-16 15:03:23.368437+00	0		
801	26583	37439	44325	0	2011-05-16 15:03:23.368437+00	0		
802	26583	3242	44770	0	2011-05-16 15:03:23.368437+00	0		
803	26583	22587	45136	0	2011-05-16 15:03:23.368437+00	0		
804	26671	45655	45658	0	2011-05-16 15:03:23.368437+00	0		
805	26600	46420	46441	0	2011-05-16 15:03:23.368437+00	0		
806	26583	417	46615	0	2011-05-16 15:03:23.368437+00	0		
807	26583	395	46099	0	2011-05-16 15:03:23.368437+00	0		
808	26583	46778	46765	0	2011-05-16 15:03:23.368437+00	0		
809	26583	46778	46782	0	2011-05-16 15:03:23.368437+00	0		
810	26583	30356	3227	0	2011-05-16 15:03:23.368437+00	0		
811	26585	37438	46950	0	2011-05-16 15:03:23.368437+00	0		
812	26583	963	47899	0	2011-05-16 15:03:23.368437+00	0		
735	26583	16354	16872	0	2014-03-10 06:00:30.417437+00	0		
714	26583	33	15205	0	2011-11-06 21:03:36.235636+00	0		
816	26583	6373	39391	0	2011-05-16 15:03:23.368437+00	0		
750	26583	645	23685	0	2011-09-22 21:02:11.842017+00	0		
5691	26583	69692	51319	0	2012-08-05 03:10:45.84736+00	0		
4871	26583	7952	25541	0	2011-07-28 23:00:08.424572+00	0		
767	26667	249	939	0	2013-02-26 00:00:40.419408+00	0		
728	26583	157	2784	0	2011-08-22 20:00:56.811089+00	0		
815	26585	41376	48542	0	2011-08-10 16:00:08.56633+00	0		
758	26583	198	24792	0	2011-09-27 10:01:01.313665+00	0		
790	26583	16601	6888	0	2011-10-13 15:02:00.277051+00	0		
780	26601	1724	2027	0	2013-01-03 21:17:06.837001+00	0		
734	26598	2033	16369	0	2012-02-26 08:00:09.904118+00	0		
729	26585	620	443	0	2012-05-16 19:08:27.551288+00	0		
5069	26583	58852	62115	0	2011-12-06 06:00:06.689636+00	0		
799	26583	10636	43503	0	2012-07-05 01:06:41.293833+00	0		
760	26583	15936	27002	0	2012-09-02 17:00:18.411175+00	0		
695	26583	151	15188	0	2012-10-04 04:00:17.12139+00	0		
798	26583	30571	43321	0	2012-11-02 11:02:22.292332+00	0		
785	26583	16000	37952	0	2012-11-05 04:06:54.238795+00	0		
6456	26583	1911	21471	0	2013-04-23 18:52:23.470057+00	0		
722	150834	15027	6453	0	2014-04-05 18:00:24.629314+00	0		
813	163224	90443	47326	0	2014-05-09 04:00:16.092159+00	0		
817	26583	2475	7789	0	2011-05-16 15:03:23.368437+00	0		
818	26583	7124	4037	0	2011-05-16 15:03:23.368437+00	0		
819	26583	887	7802	0	2011-05-16 15:03:23.368437+00	0		
820	26583	887	7803	0	2011-05-16 15:03:23.368437+00	0		
821	26583	2141	7147	0	2011-05-16 15:03:23.368437+00	0		
822	26583	7820	7818	0	2011-05-16 15:03:23.368437+00	0		
824	26583	3042	8894	0	2011-05-16 15:03:23.368437+00	0		
827	26583	7555	7436	0	2011-05-16 15:03:23.368437+00	0		
829	26583	2287	7468	0	2011-05-16 15:03:23.368437+00	0		
831	26583	416	1987	0	2011-05-16 15:03:23.368437+00	0		
951	26583	818	41565	0	2013-11-18 18:00:15.526969+00	0		
838	26585	787	1643	0	2011-05-16 15:03:23.368437+00	0		
3743	199834	6847	3326	0	2014-11-19 09:38:08.817955+00	0		
842	26583	3891	7701	0	2011-05-16 15:03:23.368437+00	0		
843	26583	17479	22377	0	2011-05-16 15:03:23.368437+00	0		
844	26583	410	7808	0	2011-05-16 15:03:23.368437+00	0		
846	26583	3765	191	0	2011-05-16 15:03:23.368437+00	0		
847	26583	24051	42073	0	2011-05-16 15:03:23.368437+00	0		
848	26583	26	5213	0	2011-05-16 15:03:23.368437+00	0		
888	26583	16354	5512	0	2014-03-10 06:00:30.417437+00	0		
850	26583	634	8598	0	2011-05-16 15:03:23.368437+00	0		
853	26583	3368	8017	0	2011-05-16 15:03:23.368437+00	0		
854	26583	2499	15759	0	2011-05-16 15:03:23.368437+00	0		
855	26585	2374	8954	0	2011-05-16 15:03:23.368437+00	0		
856	26583	4364	8061	0	2011-05-16 15:03:23.368437+00	0		
857	26583	7679	871	0	2011-05-16 15:03:23.368437+00	0		
861	26583	2333	8991	0	2011-05-16 15:03:23.368437+00	0		
862	26583	8333	8332	0	2011-05-16 15:03:23.368437+00	0		
863	26583	1231	8988	0	2011-05-16 15:03:23.368437+00	0		
4924	26711	1685	45451	0	2012-11-18 06:47:48.04945+00	0		
865	26585	2112	4448	0	2011-05-16 15:03:23.368437+00	0		
866	26583	4125	9200	0	2011-05-16 15:03:23.368437+00	0		
867	26583	36447	36451	0	2011-05-16 15:03:23.368437+00	0		
868	26583	29	9094	0	2011-05-16 15:03:23.368437+00	0		
869	26583	3530	4185	0	2011-05-16 15:03:23.368437+00	0		
870	26583	466	29568	0	2011-05-16 15:03:23.368437+00	0		
872	26585	8025	8024	0	2011-05-16 15:03:23.368437+00	0		
875	26585	8025	53	0	2011-05-16 15:03:23.368437+00	0		
876	26585	2613	7936	0	2011-05-16 15:03:23.368437+00	0		
877	26585	8025	8023	0	2011-05-16 15:03:23.368437+00	0		
881	26583	2498	8189	0	2011-05-16 15:03:23.368437+00	0		
882	26583	3667	4005	0	2011-05-16 15:03:23.368437+00	0		
883	26583	8967	8966	0	2011-05-16 15:03:23.368437+00	0		
884	26585	6102	8286	0	2011-05-16 15:03:23.368437+00	0		
886	26583	4685	15918	0	2011-05-16 15:03:23.368437+00	0		
889	26583	4637	23414	0	2011-05-16 15:03:23.368437+00	0		
890	26672	1723	3611	0	2011-05-16 15:03:23.368437+00	0		
891	26583	520	18508	0	2011-05-16 15:03:23.368437+00	0		
892	26583	1726	40194	0	2011-05-16 15:03:23.368437+00	0		
823	26585	8025	2739	0	2014-05-02 22:00:24.921619+00	0		
897	26583	490	21083	0	2011-05-16 15:03:23.368437+00	0		
898	26583	889	21391	0	2011-05-16 15:03:23.368437+00	0		
899	26583	15811	7994	0	2011-05-16 15:03:23.368437+00	0		
900	26585	857	127	0	2011-05-16 15:03:23.368437+00	0		
759	26583	330	26538	0	2014-11-03 08:00:54.046277+00	0		
692	26583	87215	7099	0	2015-02-23 07:16:57.424249+00	0		
744	26583	87215	21383	0	2015-02-23 07:17:31.240619+00	0		
745	26583	174	20403	0	2015-03-24 13:03:10.653051+00	0		
840	26583	480	4380	0	2012-04-21 12:00:09.579691+00	0		
902	26583	22505	22506	0	2011-05-16 15:03:23.368437+00	0		
904	26585	5138	22042	0	2011-05-16 15:03:23.368437+00	0		
905	26583	1310	23703	0	2011-05-16 15:03:23.368437+00	0		
906	26585	23778	23752	0	2011-05-16 15:03:23.368437+00	0		
907	26585	23848	23752	0	2011-05-16 15:03:23.368437+00	0		
908	26585	6940	24050	0	2011-05-16 15:03:23.368437+00	0		
909	26674	20540	35920	0	2011-05-16 15:03:23.368437+00	0		
910	26583	2504	24806	0	2011-05-16 15:03:23.368437+00	0		
911	26583	25250	24759	0	2011-05-16 15:03:23.368437+00	0		
887	26598	2033	16370	0	2012-02-26 08:00:09.904118+00	0		
915	26583	3200	26220	0	2011-05-16 15:03:23.368437+00	0		
916	26583	22625	27828	0	2011-05-16 15:03:23.368437+00	0		
918	26583	27493	27494	0	2011-05-16 15:03:23.368437+00	0		
919	26583	27271	31103	0	2011-05-16 15:03:23.368437+00	0		
920	26583	3787	25490	0	2011-05-16 15:03:23.368437+00	0		
858	48255	8279	1927	0	2015-07-13 19:20:47.175421+00	0		
713	26585	155	491	0	2015-07-20 10:03:03.426556+00	0		
921	26583	1203	5853	0	2011-05-16 15:03:23.368437+00	0		
922	26588	1144	1166	0	2011-05-16 15:03:23.368437+00	0		
923	26583	2112	20216	0	2011-05-16 15:03:23.368437+00	0		
924	26583	15431	29648	0	2011-05-16 15:03:23.368437+00	0		
925	26583	17859	30835	0	2011-05-16 15:03:23.368437+00	0		
927	26583	70	19256	0	2011-05-16 15:03:23.368437+00	0		
929	26583	32112	7823	0	2011-05-16 15:03:23.368437+00	0		
936	26583	62042	35169	0	2012-08-21 04:04:17.998996+00	0		
932	26583	19785	34678	0	2011-05-16 15:03:23.368437+00	0		
934	26675	9981	34761	0	2011-05-16 15:03:23.368437+00	0		
935	26585	29255	36565	0	2011-05-16 15:03:23.368437+00	0		
837	162346	3477	1010	0	2014-04-12 09:01:04.591614+00	0		
937	26583	201	36304	0	2011-05-16 15:03:23.368437+00	0		
938	26583	37221	17041	0	2011-05-16 15:03:23.368437+00	0		
939	26583	24051	37520	0	2011-05-16 15:03:23.368437+00	0		
940	26583	38028	38027	0	2011-05-16 15:03:23.368437+00	0		
941	26583	4658	22135	0	2011-05-16 15:03:23.368437+00	0		
942	26583	1195	33490	0	2011-05-16 15:03:23.368437+00	0		
945	26585	22204	40900	0	2011-05-16 15:03:23.368437+00	0		
946	26583	39979	25084	0	2011-05-16 15:03:23.368437+00	0		
947	26583	40967	41413	0	2011-05-16 15:03:23.368437+00	0		
948	26583	1749	42115	0	2011-05-16 15:03:23.368437+00	0		
949	26583	5531	42532	0	2011-05-16 15:03:23.368437+00	0		
901	26583	1199	19972	0	2011-12-26 15:00:09.551261+00	0		
895	26585	37006	2128	0	2013-12-03 10:00:36.450918+00	0		
851	26583	1320	1833	0	2011-07-21 21:02:46.233426+00	0		
933	26583	1320	35553	0	2011-07-21 21:02:46.233426+00	0		
914	26583	6151	4660	0	2012-03-17 18:00:09.89601+00	0		
885	26583	157	3282	0	2011-08-22 20:00:56.811089+00	0		
845	26583	4	7501	0	2012-06-04 15:09:36.21029+00	0		
950	26676	68	42686	0	2011-09-13 22:07:46.694594+00	0		
893	26583	645	18895	0	2011-09-22 21:02:11.842017+00	0		
841	26583	129	15613	0	2012-06-12 08:08:34.103149+00	0		
859	26585	95	7131	0	2011-12-25 10:03:55.711903+00	0		
1038	26683	1209	2033	0	2012-02-26 08:00:09.904118+00	0		
928	26583	1884	24602	0	2012-04-02 21:08:20.777229+00	0		
917	26667	249	8515	0	2013-02-26 00:00:40.419408+00	0		
5643	26588	64042	3400	0	2012-08-06 14:00:17.161365+00	0		
944	26639	1963	3611	0	2014-05-08 13:00:17.176992+00	0		
912	150834	1702	25835	0	2014-05-09 00:00:15.709116+00	0		
926	26583	28	368	0	2013-01-12 14:18:50.899746+00	0		
9109	150834	98625	33438	0	2015-01-10 09:43:39.424177+00	0		
830	26588	426	416	0	2013-03-28 22:00:44.948899+00	0		
836	26583	235	7851	0	2013-07-07 11:05:26.731602+00	0		
5070	26583	542	62149	0	2013-07-31 04:01:50.381191+00	0		
6457	26583	15084	10537	0	2013-05-01 08:00:21.982215+00	0		
839	26583	62793	1219	0	2013-08-19 21:00:49.161577+00	0		
997	26583	7294	9708	0	2014-12-24 18:00:18.72287+00	0		
896	26673	696	2052	0	2014-01-01 16:00:42.39273+00	0		
954	26583	5234	26802	0	2011-05-16 15:03:23.368437+00	0		
955	26583	1824	21575	0	2011-05-16 15:03:23.368437+00	0		
956	26583	34316	22612	0	2011-05-16 15:03:23.368437+00	0		
958	26583	3242	29562	0	2011-05-16 15:03:23.368437+00	0		
959	26678	16770	36534	0	2011-05-16 15:03:23.368437+00	0		
960	26583	46778	46779	0	2011-05-16 15:03:23.368437+00	0		
962	26583	46447	46443	0	2011-05-16 15:03:23.368437+00	0		
963	26583	47328	35991	0	2011-05-16 15:03:23.368437+00	0		
964	26583	46778	46784	0	2011-05-16 15:03:23.368437+00	0		
966	26583	46625	20484	0	2011-05-16 15:03:23.368437+00	0		
968	26583	4345	15240	0	2011-05-16 15:03:23.368437+00	0		
969	26680	39291	39292	0	2011-05-16 15:03:23.368437+00	0		
970	26681	47757	21587	0	2011-05-16 15:03:23.368437+00	0		
971	26583	8685	48750	0	2011-05-16 15:03:23.368437+00	0		
972	26583	2882	46145	0	2011-05-16 15:03:23.368437+00	0		
973	26583	4935	7938	0	2011-05-16 15:03:23.368437+00	0		
977	26583	2333	8846	0	2011-05-16 15:03:23.368437+00	0		
1067	26583	23184	27838	0	2012-11-15 00:10:16.944485+00	0		
979	26583	2394	7959	0	2011-05-16 15:03:23.368437+00	0		
980	26585	6940	309	0	2011-05-16 15:03:23.368437+00	0		
982	26583	6185	9821	0	2011-05-16 15:03:23.368437+00	0		
983	26583	3257	9331	0	2011-05-16 15:03:23.368437+00	0		
984	26583	4067	5015	0	2011-05-16 15:03:23.368437+00	0		
988	26583	827	7887	0	2011-05-16 15:03:23.368437+00	0		
1065	26583	953	26556	0	2013-08-19 21:00:44.205769+00	0		
992	26588	17701	20892	0	2011-05-16 15:03:23.368437+00	0		
993	26588	7472	3723	0	2011-05-16 15:03:23.368437+00	0		
994	26583	8685	8684	0	2011-05-16 15:03:23.368437+00	0		
995	26583	6571	9494	0	2011-05-16 15:03:23.368437+00	0		
996	26583	5245	9063	0	2011-05-16 15:03:23.368437+00	0		
998	26585	8335	8333	0	2011-05-16 15:03:23.368437+00	0		
1000	26583	8983	9144	0	2011-05-16 15:03:23.368437+00	0		
1001	26583	852	9093	0	2011-05-16 15:03:23.368437+00	0		
1002	26585	1726	10085	0	2011-05-16 15:03:23.368437+00	0		
1003	26583	39	4817	0	2011-05-16 15:03:23.368437+00	0		
1004	26583	3661	9095	0	2011-05-16 15:03:23.368437+00	0		
1007	26598	1130	9165	0	2011-05-16 15:03:23.368437+00	0		
1008	26583	3530	8530	0	2011-05-16 15:03:23.368437+00	0		
1009	26585	2278	7472	0	2011-05-16 15:03:23.368437+00	0		
1011	26583	1830	7109	0	2011-05-16 15:03:23.368437+00	0		
1012	26583	6106	8922	0	2011-05-16 15:03:23.368437+00	0		
1013	26583	808	8582	0	2011-05-16 15:03:23.368437+00	0		
6308	26810	75630	75631	0	2013-02-10 09:00:11.294719+00	0		
1015	26583	808	8581	0	2011-05-16 15:03:23.368437+00	0		
1018	26583	808	8579	0	2011-05-16 15:03:23.368437+00	0		
1019	26588	9502	6328	0	2011-05-16 15:03:23.368437+00	0		
1022	26583	327	3531	0	2011-05-16 15:03:23.368437+00	0		
9007	26583	98228	14472	0	2014-12-27 21:01:14.291262+00	0		
1020	26585	9510	9507	0	2011-08-08 20:00:09.068484+00	0		
931	26583	330	34419	0	2014-11-03 08:00:54.046277+00	0		
9110	150834	98853	85639	0	2015-01-10 12:07:53.451257+00	0		
864	26583	62042	69700	0	2015-04-08 12:12:36.185398+00	0		
1026	26583	7363	10064	0	2011-05-16 15:03:23.368437+00	0		
1027	26583	10072	9774	0	2011-05-16 15:03:23.368437+00	0		
1028	26583	10074	1491	0	2011-05-16 15:03:23.368437+00	0		
1031	26583	29	9408	0	2011-05-16 15:03:23.368437+00	0		
1033	26585	10070	4426	0	2011-05-16 15:03:23.368437+00	0		
1034	26583	3336	9640	0	2011-05-16 15:03:23.368437+00	0		
1035	26583	2372	10191	0	2011-05-16 15:03:23.368437+00	0		
1036	26583	6612	4050	0	2011-05-16 15:03:23.368437+00	0		
1037	26583	15928	14591	0	2011-05-16 15:03:23.368437+00	0		
6363	48255	2712	19663	0	2013-03-04 06:09:10.562651+00	0		
1039	26583	17333	8143	0	2011-05-16 15:03:23.368437+00	0		
1040	26583	10546	18010	0	2011-05-16 15:03:23.368437+00	0		
1041	26583	375	16893	0	2011-05-16 15:03:23.368437+00	0		
1042	26583	9265	9264	0	2011-05-16 15:03:23.368437+00	0		
1043	26583	80	18917	0	2011-05-16 15:03:23.368437+00	0		
990	26583	172	2718	0	2013-02-10 11:00:26.85877+00	0		
1045	26583	2166	19917	0	2011-05-16 15:03:23.368437+00	0		
1046	26583	5320	28918	0	2011-05-16 15:03:23.368437+00	0		
1047	26684	20726	2052	0	2011-05-16 15:03:23.368437+00	0		
1048	26583	10472	15109	0	2011-05-16 15:03:23.368437+00	0		
1049	26583	850	21097	0	2011-05-16 15:03:23.368437+00	0		
1050	26585	857	6411	0	2011-05-16 15:03:23.368437+00	0		
1051	26583	654	21688	0	2011-05-16 15:03:23.368437+00	0		
1052	26583	22505	22507	0	2011-05-16 15:03:23.368437+00	0		
1053	26588	2628	17125	0	2011-05-16 15:03:23.368437+00	0		
1054	26583	4181	22049	0	2011-05-16 15:03:23.368437+00	0		
1056	26583	22960	6441	0	2011-05-16 15:03:23.368437+00	0		
1057	26585	23779	23752	0	2011-05-16 15:03:23.368437+00	0		
1058	26685	23850	23753	0	2011-05-16 15:03:23.368437+00	0		
1060	26583	1512	8124	0	2011-05-16 15:03:23.368437+00	0		
1061	26583	25250	24762	0	2011-05-16 15:03:23.368437+00	0		
1062	26583	19785	24481	0	2011-05-16 15:03:23.368437+00	0		
1063	26583	2099	26230	0	2011-05-16 15:03:23.368437+00	0		
1064	26687	4535	4537	0	2011-05-16 15:03:23.368437+00	0		
1066	26583	9090	27037	0	2011-05-16 15:03:23.368437+00	0		
1068	26583	17930	27980	0	2011-05-16 15:03:23.368437+00	0		
1069	26583	27493	27495	0	2011-05-16 15:03:23.368437+00	0		
1070	26583	1367	30379	0	2011-05-16 15:03:23.368437+00	0		
1071	26583	2201	28480	0	2011-05-16 15:03:23.368437+00	0		
1073	26583	1203	29266	0	2011-05-16 15:03:23.368437+00	0		
1075	26690	10283	6080	0	2011-05-16 15:03:23.368437+00	0		
1077	26585	23770	23752	0	2011-05-16 15:03:23.368437+00	0		
1078	26585	3764	3695	0	2011-05-16 15:03:23.368437+00	0		
1079	26583	6243	32141	0	2011-05-16 15:03:23.368437+00	0		
1080	26583	32710	32712	0	2011-05-16 15:03:23.368437+00	0		
1081	26583	3999	33326	0	2011-05-16 15:03:23.368437+00	0		
1082	26583	20106	33962	0	2011-05-16 15:03:23.368437+00	0		
1083	26583	50510	54385	0	2011-05-16 15:03:23.368437+00	0		
1084	26583	15460	34422	0	2011-05-16 15:03:23.368437+00	0		
1085	26588	34535	33858	0	2011-05-16 15:03:23.368437+00	0		
6210	26588	4539	44628	0	2012-12-13 05:44:56.532886+00	0		
1087	26691	8577	9981	0	2011-05-16 15:03:23.368437+00	0		
1088	26583	20540	35921	0	2011-05-16 15:03:23.368437+00	0		
974	26583	2791	9561	0	2012-06-14 14:06:13.508235+00	0		
1005	26583	29	1320	0	2011-07-21 21:02:46.233426+00	0		
989	26583	151	6422	0	2012-10-04 04:00:17.12139+00	0		
1055	26585	625	23703	0	2013-02-26 07:01:21.3513+00	0		
7470	145539	3543	87401	0	2014-01-16 05:00:22.820376+00	0		
6273	26583	198	67376	0	2013-01-04 12:35:08.147935+00	0		
1010	26583	2386	8924	0	2012-08-29 18:07:14.89551+00	0		
961	26583	198	39246	0	2011-09-27 10:01:01.313665+00	0		
965	26583	198	46986	0	2011-09-27 10:01:01.313665+00	0		
5645	26583	72750	69409	0	2012-11-08 05:07:53.603171+00	0		
957	26583	4427	45671	0	2011-11-17 00:00:33.524304+00	0		
5048	26583	4057	4743	0	2012-09-06 03:06:24.106349+00	0		
