3846	26981	464	12097183	0	2011-05-16 16:27:39.450042+00	0		
605	26981	532	9471802	0	2011-05-16 16:27:39.450042+00	0		
639	26981	852	312516	0	2012-04-24 21:07:17.115555+00	0		
1350	26981	787	9663419	0	2011-05-16 16:27:39.450042+00	0		
2222	26981	27459	4808690	0	2013-01-24 21:11:10.501065+00	0		
1434	26981	3005	8664645	0	2012-10-26 14:06:10.624789+00	0		
3949	26981	1488	12038532	0	2011-05-16 16:27:39.450042+00	0		
3927	26981	1488	12038564	0	2011-05-16 16:27:39.450042+00	0		
3911	26981	1488	12045331	0	2011-05-16 16:27:39.450042+00	0		
4203	26981	1489	11879080	0	2011-05-16 16:27:39.450042+00	0		
3910	26981	1489	12045330	0	2011-05-16 16:27:39.450042+00	0		
4082	26981	1504	11879055	0	2011-05-16 16:27:39.450042+00	0		
529	26981	1821	9178364	0	2011-05-16 16:27:39.450042+00	0		
548	26981	1821	9178366	0	2011-05-16 16:27:39.450042+00	0		
542	26981	1821	9178369	0	2011-05-16 16:27:39.450042+00	0		
4155	26981	1821	12360933	0	2011-05-16 16:27:39.450042+00	0		
4782	26981	61599	12441929	0	2011-11-14 23:00:10.03472+00	0		
2159	26981	2202	4292583	0	2011-05-16 16:27:39.450042+00	0		
532	26981	2580	9178374	0	2011-05-16 16:27:39.450042+00	0		
4199	26981	2828	11879076	0	2011-05-16 16:27:39.450042+00	0		
1462	26981	3005	8664634	0	2011-05-16 16:27:39.450042+00	0		
1461	26981	3005	8664635	0	2011-05-16 16:27:39.450042+00	0		
1460	26981	3005	8664636	0	2011-05-16 16:27:39.450042+00	0		
1459	26981	3005	8664637	0	2011-05-16 16:27:39.450042+00	0		
1458	26981	3005	8664638	0	2011-05-16 16:27:39.450042+00	0		
1457	26981	3005	8664639	0	2011-05-16 16:27:39.450042+00	0		
1456	26981	3005	8664640	0	2011-05-16 16:27:39.450042+00	0		
1455	26981	3005	8664641	0	2011-05-16 16:27:39.450042+00	0		
1449	26981	3005	8664643	0	2011-05-16 16:27:39.450042+00	0		
1273	26981	3005	8664647	0	2011-05-16 16:27:39.450042+00	0		
1268	26981	3005	8664648	0	2011-05-16 16:27:39.450042+00	0		
198	26981	692	1171313	0	2014-03-06 08:00:17.82505+00	0		
1330	26981	3005	9663424	0	2011-05-16 16:27:39.450042+00	0		
2700	26981	3038	3738784	0	2011-05-16 16:27:39.450042+00	0		
1392	26981	3130	1062426	0	2011-05-16 16:27:39.450042+00	0		
4031	26981	9020	249656	0	2011-07-21 21:04:13.791723+00	0		
4194	26981	4177	11879071	0	2011-05-16 16:27:39.450042+00	0		
3948	26981	4177	12038531	0	2011-05-16 16:27:39.450042+00	0		
3968	26981	4179	11879037	0	2011-05-16 16:27:39.450042+00	0		
3947	26981	4179	12038530	0	2011-05-16 16:27:39.450042+00	0		
3951	26981	4179	12038535	0	2011-05-16 16:27:39.450042+00	0		
4783	26981	56091	12441963	0	2011-11-15 09:00:28.795214+00	0		
1219	26981	4373	9552762	0	2011-05-16 16:27:39.450042+00	0		
1027	26981	5509	9364882	0	2011-05-16 16:27:39.450042+00	0		
1026	26981	5509	9364883	0	2011-05-16 16:27:39.450042+00	0		
1025	26981	5509	9364886	0	2011-05-16 16:27:39.450042+00	0		
1024	26981	5509	9364888	0	2011-05-16 16:27:39.450042+00	0		
1023	26981	5509	9364889	0	2011-05-16 16:27:39.450042+00	0		
1022	26981	5509	9364890	0	2011-05-16 16:27:39.450042+00	0		
1021	26981	5509	9364891	0	2011-05-16 16:27:39.450042+00	0		
1020	26981	5509	9364893	0	2011-05-16 16:27:39.450042+00	0		
1019	26981	5509	9364895	0	2011-05-16 16:27:39.450042+00	0		
1018	26981	5509	9364897	0	2011-05-16 16:27:39.450042+00	0		
3918	26981	8528	11453384	0	2011-08-05 10:00:21.868767+00	0		
583	26981	5712	9245019	0	2011-05-16 16:27:39.450042+00	0		
20	26981	7100	7021073	0	2011-05-16 16:27:39.450042+00	0		
21	26981	7100	7021074	0	2011-05-16 16:27:39.450042+00	0		
22	26981	7100	7021075	0	2011-05-16 16:27:39.450042+00	0		
23	26981	7100	7021076	0	2011-05-16 16:27:39.450042+00	0		
24	26981	7100	7021077	0	2011-05-16 16:27:39.450042+00	0		
25	26981	7100	7021078	0	2011-05-16 16:27:39.450042+00	0		
4033	26981	7177	12360927	0	2011-05-16 16:27:39.450042+00	0		
3946	26981	8526	12038529	0	2011-05-16 16:27:39.450042+00	0		
3936	26981	8526	12038572	0	2011-05-16 16:27:39.450042+00	0		
3932	26981	8526	12038577	0	2011-05-16 16:27:39.450042+00	0		
3840	26981	8526	12097176	0	2011-05-16 16:27:39.450042+00	0		
3841	26981	8526	12097177	0	2011-05-16 16:27:39.450042+00	0		
3972	26981	8528	11879042	0	2011-05-16 16:27:39.450042+00	0		
4076	26981	8528	11879043	0	2011-05-16 16:27:39.450042+00	0		
4081	26981	8528	11879053	0	2011-05-16 16:27:39.450042+00	0		
1884	26981	41883	453650	0	2011-11-19 07:00:11.344207+00	0		
4183	26981	8528	11879056	0	2011-05-16 16:27:39.450042+00	0		
3969	26981	582	12038562	0	2012-03-16 14:04:33.862672+00	0		
4780	26981	17791	263608	0	2011-11-14 16:00:15.518382+00	0		
3924	26981	8708	12038561	0	2011-05-16 16:27:39.450042+00	0		
3957	26981	8816	11925521	0	2011-05-16 16:27:39.450042+00	0		
4188	26981	8981	11879065	0	2011-05-16 16:27:39.450042+00	0		
4191	26981	8981	11879068	0	2011-05-16 16:27:39.450042+00	0		
3945	26981	8981	12038528	0	2011-05-16 16:27:39.450042+00	0		
3921	26981	8981	12038558	0	2011-05-16 16:27:39.450042+00	0		
3901	26981	8981	12045317	0	2011-05-16 16:27:39.450042+00	0		
3839	26981	8981	12097175	0	2011-05-16 16:27:39.450042+00	0		
3834	26981	8981	12097179	0	2011-05-16 16:27:39.450042+00	0		
1161	26981	8988	8378373	0	2011-05-16 16:27:39.450042+00	0		
4078	26981	9187	11879048	0	2011-05-16 16:27:39.450042+00	0		
3943	26981	9187	12038525	0	2011-05-16 16:27:39.450042+00	0		
3928	26981	9187	12038565	0	2011-05-16 16:27:39.450042+00	0		
4791	26981	58852	12442953	0	2011-11-24 02:00:05.453031+00	0		
4787	31028	61662	12442670	0	2011-11-24 14:00:07.922154+00	0		
4790	31181	61757	12442660	0	2011-11-21 16:00:09.187823+00	0		
4827	26981	56091	12443689	0	2011-12-01 16:00:05.609514+00	0		
2114	26981	9209	10426155	0	2011-05-16 16:27:39.450042+00	0		
2112	26981	9209	10426156	0	2011-05-16 16:27:39.450042+00	0		
2110	26981	9209	10426157	0	2011-05-16 16:27:39.450042+00	0		
2107	26981	9209	10426158	0	2011-05-16 16:27:39.450042+00	0		
2105	26981	9209	10426159	0	2011-05-16 16:27:39.450042+00	0		
2103	26981	9209	10426160	0	2011-05-16 16:27:39.450042+00	0		
2101	26981	9209	10426161	0	2011-05-16 16:27:39.450042+00	0		
2099	26981	9209	10426162	0	2011-05-16 16:27:39.450042+00	0		
2097	26981	9209	10426163	0	2011-05-16 16:27:39.450042+00	0		
2095	26981	9209	10426164	0	2011-05-16 16:27:39.450042+00	0		
2016	26981	9209	10426165	0	2011-05-16 16:27:39.450042+00	0		
2012	26981	9209	10426166	0	2011-05-16 16:27:39.450042+00	0		
2004	26981	9209	10426167	0	2011-05-16 16:27:39.450042+00	0		
1996	26981	9209	10426168	0	2011-05-16 16:27:39.450042+00	0		
3263	26981	9209	11386378	0	2011-05-16 16:27:39.450042+00	0		
3264	26981	9209	11386379	0	2011-05-16 16:27:39.450042+00	0		
3265	26981	9209	11386380	0	2011-05-16 16:27:39.450042+00	0		
1356	26981	7021	288626	0	2011-08-06 20:02:52.9797+00	0		
1376	26981	4287	1901445	0	2013-08-19 21:00:40.238787+00	0		
178	26981	1868	8005225	0	2011-08-27 09:00:18.595628+00	0		
19746	26981	73647	12643631	0	2013-08-11 07:00:27.70647+00	0		
1444	26981	3005	8664644	0	2011-09-16 09:02:04.52253+00	0		
1280	26981	3005	8664646	0	2011-09-16 09:02:04.858025+00	0		
1262	26981	3005	8664649	0	2011-09-16 09:02:05.071593+00	0		
1453	26981	3005	8664642	0	2011-09-16 09:02:05.281567+00	0		
4811	26981	61934	12443461	0	2011-11-15 14:39:43.612021+00	0		
4786	31027	61662	12442247	0	2011-11-17 20:00:08.054194+00	0		
6065	26981	369	12441301	0	2012-04-24 09:50:01.644524+00	0		
613	26981	852	22087	0	2012-04-30 19:05:44.89643+00	0		
1541	26981	4287	2282874	0	2013-08-19 21:00:40.238787+00	0		
3908	26981	1504	12609957	0	2014-04-14 21:00:56.999246+00	0		
4184	26981	1416	10513014	0	2012-05-21 08:00:29.457824+00	0		
1254	26981	3005	7088179	0	2012-10-27 15:06:15.584672+00	0		
166	26981	795	290604	0	2012-11-04 18:08:44.431104+00	0		
3645	26981	592	11576481	0	2013-09-01 19:01:00.693773+00	0		
1250	26981	91167	5634002	0	2014-05-02 09:20:56.93552+00	0		
3266	26981	9209	11386381	0	2011-05-16 16:27:39.450042+00	0		
3267	26981	9209	11386382	0	2011-05-16 16:27:39.450042+00	0		
3268	26981	9209	11386383	0	2011-05-16 16:27:39.450042+00	0		
4052	26981	16578	12360936	0	2014-11-20 03:00:13.799295+00	0		
4784	26981	56091	12441964	0	2011-11-15 10:00:09.910386+00	0		
3919	26981	9852	12038556	0	2011-05-16 16:27:39.450042+00	0		
1553	26981	17790	288626	0	2011-08-06 20:02:52.9797+00	0		
4153	26981	10544	12360927	0	2011-05-16 16:27:39.450042+00	0		
1228	26981	14508	5912773	0	2011-05-16 16:27:39.450042+00	0		
1227	26981	14508	5912774	0	2011-05-16 16:27:39.450042+00	0		
1226	26981	14508	5912775	0	2011-05-16 16:27:39.450042+00	0		
1225	26981	14508	5912776	0	2011-05-16 16:27:39.450042+00	0		
1224	26981	14508	5912777	0	2011-05-16 16:27:39.450042+00	0		
1184	26981	14508	5912778	0	2011-05-16 16:27:39.450042+00	0		
1182	26981	14508	5912779	0	2011-05-16 16:27:39.450042+00	0		
1180	26981	14508	5912780	0	2011-05-16 16:27:39.450042+00	0		
1178	26981	14508	5912781	0	2011-05-16 16:27:39.450042+00	0		
1174	26981	14508	5912782	0	2011-05-16 16:27:39.450042+00	0		
1170	26981	14508	5912783	0	2011-05-16 16:27:39.450042+00	0		
1166	26981	14508	5912784	0	2011-05-16 16:27:39.450042+00	0		
1162	26981	14508	5912785	0	2011-05-16 16:27:39.450042+00	0		
1158	26981	14508	5912786	0	2011-05-16 16:27:39.450042+00	0		
190	26981	15007	529217	0	2011-05-16 16:27:39.450042+00	0		
69	26981	15007	529218	0	2011-05-16 16:27:39.450042+00	0		
188	26981	15007	529219	0	2011-05-16 16:27:39.450042+00	0		
58	26981	15007	529220	0	2011-05-16 16:27:39.450042+00	0		
186	26981	15007	529221	0	2011-05-16 16:27:39.450042+00	0		
53	26981	15007	529222	0	2011-05-16 16:27:39.450042+00	0		
184	26981	15007	529225	0	2011-05-16 16:27:39.450042+00	0		
47	26981	15007	529226	0	2011-05-16 16:27:39.450042+00	0		
182	26981	15007	529227	0	2011-05-16 16:27:39.450042+00	0		
44	26981	15007	529228	0	2011-05-16 16:27:39.450042+00	0		
1711	26981	15118	9895711	0	2011-05-16 16:27:39.450042+00	0		
1710	26981	15118	9895712	0	2011-05-16 16:27:39.450042+00	0		
1708	26981	15118	9895718	0	2011-05-16 16:27:39.450042+00	0		
1706	26981	15118	9895719	0	2011-05-16 16:27:39.450042+00	0		
1704	26981	15118	9895720	0	2011-05-16 16:27:39.450042+00	0		
1690	26981	15118	9895722	0	2011-05-16 16:27:39.450042+00	0		
6397	26981	69108	12511841	0	2012-07-18 07:05:22.529615+00	0		
2239	26981	16207	10334124	0	2012-09-07 22:00:08.95789+00	0		
4185	26981	17245	11879062	0	2011-05-16 16:27:39.450042+00	0		
3950	26981	17665	12038533	0	2011-05-16 16:27:39.450042+00	0		
28228	26981	75440	12688722	0	2014-01-06 22:35:33.768651+00	0		
11	26981	17770	7323346	0	2011-05-16 16:27:39.450042+00	0		
165	26981	17770	7323347	0	2011-05-16 16:27:39.450042+00	0		
163	26981	17770	7323349	0	2011-05-16 16:27:39.450042+00	0		
162	26981	17770	7323350	0	2011-05-16 16:27:39.450042+00	0		
161	26981	17770	7323353	0	2011-05-16 16:27:39.450042+00	0		
160	26981	17770	7323355	0	2011-05-16 16:27:39.450042+00	0		
36	26981	17772	7323344	0	2011-05-16 16:27:39.450042+00	0		
7558	26981	49371	12547552	0	2012-11-14 16:17:17.254176+00	0		
30	26981	17773	7323345	0	2011-05-16 16:27:39.450042+00	0		
1802	26981	17790	710411	0	2011-05-16 16:27:39.450042+00	0		
1800	26981	17790	710412	0	2011-05-16 16:27:39.450042+00	0		
1798	26981	17790	710413	0	2011-05-16 16:27:39.450042+00	0		
1796	26981	17790	710414	0	2011-05-16 16:27:39.450042+00	0		
1794	26981	17790	710415	0	2011-05-16 16:27:39.450042+00	0		
1792	26981	17790	710416	0	2011-05-16 16:27:39.450042+00	0		
1788	26981	17790	710417	0	2011-05-16 16:27:39.450042+00	0		
3971	26981	15683	12503082	0	2012-06-27 15:00:11.830243+00	0		
376	26981	27459	5709327	0	2013-01-24 21:11:10.501065+00	0		
4789	26981	30523	12442604	0	2011-11-20 20:00:14.593321+00	0		
3697	26981	17790	1702945	0	2011-05-16 16:27:39.450042+00	0		
3224	26981	17790	1702949	0	2011-05-16 16:27:39.450042+00	0		
3225	26981	17790	1702954	0	2011-05-16 16:27:39.450042+00	0		
4781	26981	60735	263608	0	2011-11-14 16:00:15.54141+00	0		
3884	26981	17790	2808547	0	2011-05-16 16:27:39.450042+00	0		
3885	26981	17790	2808550	0	2011-05-16 16:27:39.450042+00	0		
3886	26981	17790	2808554	0	2011-05-16 16:27:39.450042+00	0		
3588	26981	17790	3642830	0	2011-05-16 16:27:39.450042+00	0		
3416	26981	17790	3642831	0	2011-05-16 16:27:39.450042+00	0		
3415	26981	17790	3642832	0	2011-05-16 16:27:39.450042+00	0		
3587	26981	17790	3642833	0	2011-05-16 16:27:39.450042+00	0		
3414	26981	17790	3642834	0	2011-05-16 16:27:39.450042+00	0		
3413	26981	17790	3642835	0	2011-05-16 16:27:39.450042+00	0		
3258	26981	17790	3642836	0	2011-05-16 16:27:39.450042+00	0		
3257	26981	17790	3642837	0	2011-05-16 16:27:39.450042+00	0		
3586	26981	17790	3642838	0	2011-05-16 16:27:39.450042+00	0		
45556	26981	87574	909715	0	2015-01-12 11:02:03.579292+00	0		
2974	26981	17790	3642840	0	2011-05-16 16:27:39.450042+00	0		
3585	26981	17790	3642841	0	2011-05-16 16:27:39.450042+00	0		
3412	26981	17790	3642842	0	2011-05-16 16:27:39.450042+00	0		
2212	26981	17790	6180888	0	2011-05-16 16:27:39.450042+00	0		
2210	26981	17790	6180889	0	2011-05-16 16:27:39.450042+00	0		
2208	26981	17790	6180891	0	2011-05-16 16:27:39.450042+00	0		
2206	26981	17790	6180892	0	2011-05-16 16:27:39.450042+00	0		
2161	26981	17790	6180894	0	2011-05-16 16:27:39.450042+00	0		
2160	26981	17790	6180895	0	2011-05-16 16:27:39.450042+00	0		
2157	26981	17790	6180896	0	2011-05-16 16:27:39.450042+00	0		
2156	26981	17790	6180898	0	2011-05-16 16:27:39.450042+00	0		
3973	26981	17790	6347702	0	2011-05-16 16:27:39.450042+00	0		
3844	26981	15683	12097181	0	2014-04-23 21:00:25.803761+00	0		
45	26981	17790	6609954	0	2011-05-16 16:27:39.450042+00	0		
183	26981	17790	6609955	0	2011-05-16 16:27:39.450042+00	0		
187	26981	17790	6609956	0	2011-05-16 16:27:39.450042+00	0		
51	26981	17790	6609957	0	2011-05-16 16:27:39.450042+00	0		
191	26981	17790	6609958	0	2011-05-16 16:27:39.450042+00	0		
59	26981	17790	6609959	0	2011-05-16 16:27:39.450042+00	0		
193	26981	17790	6609960	0	2011-05-16 16:27:39.450042+00	0		
195	26981	17790	6609961	0	2011-05-16 16:27:39.450042+00	0		
63	26981	17790	6609962	0	2011-05-16 16:27:39.450042+00	0		
66	26981	17790	6609964	0	2011-05-16 16:27:39.450042+00	0		
2683	26981	17790	6818724	0	2011-05-16 16:27:39.450042+00	0		
2532	26981	17790	6818730	0	2011-05-16 16:27:39.450042+00	0		
164	26981	17790	7323348	0	2011-05-16 16:27:39.450042+00	0		
1824	26981	17790	7366129	0	2011-05-16 16:27:39.450042+00	0		
1823	26981	17790	7366131	0	2011-05-16 16:27:39.450042+00	0		
1820	26981	17790	7366132	0	2011-05-16 16:27:39.450042+00	0		
46787	26981	49751	12799187	0	2015-01-24 08:20:38.102839+00	0		
46353	26981	99088	12795672	0	2015-01-23 00:01:11.152945+00	0		
1816	26981	17790	7366133	0	2011-05-16 16:27:39.450042+00	0		
1953	26981	17790	7366134	0	2011-05-16 16:27:39.450042+00	0		
1952	26981	17790	7366135	0	2011-05-16 16:27:39.450042+00	0		
1951	26981	17790	7366136	0	2011-05-16 16:27:39.450042+00	0		
1950	26981	17790	7366137	0	2011-05-16 16:27:39.450042+00	0		
1949	26981	17790	7366138	0	2011-05-16 16:27:39.450042+00	0		
1945	26981	17790	7366139	0	2011-05-16 16:27:39.450042+00	0		
2142	26981	17790	7449842	0	2011-05-16 16:27:39.450042+00	0		
2138	26981	17790	7449843	0	2011-05-16 16:27:39.450042+00	0		
2073	26981	17790	7449844	0	2011-05-16 16:27:39.450042+00	0		
2071	26981	17790	7449845	0	2011-05-16 16:27:39.450042+00	0		
2069	26981	17790	7449846	0	2011-05-16 16:27:39.450042+00	0		
2054	26981	17790	7449847	0	2011-05-16 16:27:39.450042+00	0		
2050	26981	17790	7449848	0	2011-05-16 16:27:39.450042+00	0		
2046	26981	17790	7449849	0	2011-05-16 16:27:39.450042+00	0		
2042	26981	17790	7449850	0	2011-05-16 16:27:39.450042+00	0		
2038	26981	17790	7449851	0	2011-05-16 16:27:39.450042+00	0		
27	26981	10223	9216508	0	2011-05-20 18:00:20.440177+00	0		
26	26981	10223	11122098	0	2011-05-20 18:00:25.333707+00	0		
50	26981	15007	529223	0	2011-06-08 08:02:04.749539+00	0		
1563	26981	17790	281600	0	2012-01-12 07:03:39.306484+00	0		
4049	26981	17772	12466983	0	2012-02-19 16:00:06.72756+00	0		
2034	26981	17790	7449852	0	2011-05-16 16:27:39.450042+00	0		
2030	26981	17790	7449853	0	2011-05-16 16:27:39.450042+00	0		
437	26981	17790	7995789	0	2011-05-16 16:27:39.450042+00	0		
3796	26981	17790	8259186	0	2011-05-16 16:27:39.450042+00	0		
3797	26981	17790	8259187	0	2011-05-16 16:27:39.450042+00	0		
921	26981	17790	8377742	0	2011-05-16 16:27:39.450042+00	0		
1104	26981	17790	8377745	0	2011-05-16 16:27:39.450042+00	0		
1100	26981	17790	8377747	0	2011-05-16 16:27:39.450042+00	0		
1107	26981	17790	8377752	0	2011-05-16 16:27:39.450042+00	0		
1159	26981	17790	8378374	0	2011-05-16 16:27:39.450042+00	0		
1157	26981	17790	8378376	0	2011-05-16 16:27:39.450042+00	0		
1169	26981	17790	8378379	0	2011-05-16 16:27:39.450042+00	0		
1167	26981	17790	8378380	0	2011-05-16 16:27:39.450042+00	0		
1165	26981	17790	8378381	0	2011-05-16 16:27:39.450042+00	0		
1150	26981	17790	8378382	0	2011-05-16 16:27:39.450042+00	0		
1149	26981	17790	8378384	0	2011-05-16 16:27:39.450042+00	0		
2297	26981	17790	8396826	0	2011-05-16 16:27:39.450042+00	0		
1110	26981	17790	8449645	0	2011-05-16 16:27:39.450042+00	0		
97	26981	17790	8462198	0	2011-05-16 16:27:39.450042+00	0		
527	26981	17790	9178363	0	2011-05-16 16:27:39.450042+00	0		
540	26981	17790	9178370	0	2011-05-16 16:27:39.450042+00	0		
3173	26981	17790	9179027	0	2011-05-16 16:27:39.450042+00	0		
1909	26981	17790	9190169	0	2011-05-16 16:27:39.450042+00	0		
1028	26981	17790	9364892	0	2011-05-16 16:27:39.450042+00	0		
999	26981	17790	9471804	0	2011-05-16 16:27:39.450042+00	0		
1183	26981	17790	9552748	0	2011-05-16 16:27:39.450042+00	0		
1186	26981	17790	9552752	0	2011-05-16 16:27:39.450042+00	0		
1208	26981	17790	9552754	0	2011-05-16 16:27:39.450042+00	0		
1194	26981	17790	9552757	0	2011-05-16 16:27:39.450042+00	0		
1214	26981	17790	9552759	0	2011-05-16 16:27:39.450042+00	0		
1249	26981	17790	9626905	0	2011-05-16 16:27:39.450042+00	0		
907	26981	17790	9626916	0	2011-05-16 16:27:39.450042+00	0		
1244	26981	17790	9626917	0	2011-05-16 16:27:39.450042+00	0		
1209	26981	17790	9626923	0	2011-05-16 16:27:39.450042+00	0		
1231	26981	17790	9663421	0	2011-05-16 16:27:39.450042+00	0		
1247	26981	17790	9663423	0	2011-05-16 16:27:39.450042+00	0		
1354	26981	17790	9663431	0	2011-05-16 16:27:39.450042+00	0		
1397	26981	17790	9663432	0	2011-05-16 16:27:39.450042+00	0		
45557	26981	87574	909716	0	2015-01-12 11:02:03.579292+00	0		
1236	26981	17790	9709413	0	2011-05-16 16:27:39.450042+00	0		
4505	26981	30941	2881594	0	2011-07-27 20:00:12.793525+00	0		
1653	26981	17790	9711311	0	2011-05-16 16:27:39.450042+00	0		
1652	26981	17790	9711312	0	2011-05-16 16:27:39.450042+00	0		
1651	26981	17790	9711313	0	2011-05-16 16:27:39.450042+00	0		
1650	26981	17790	9711314	0	2011-05-16 16:27:39.450042+00	0		
1649	26981	17790	9711315	0	2011-05-16 16:27:39.450042+00	0		
1648	26981	17790	9711316	0	2011-05-16 16:27:39.450042+00	0		
1440	26981	17790	9758892	0	2011-05-16 16:27:39.450042+00	0		
1447	26981	17790	9758900	0	2011-05-16 16:27:39.450042+00	0		
1454	26981	17790	9758903	0	2011-05-16 16:27:39.450042+00	0		
1890	26981	17790	10053315	0	2011-05-16 16:27:39.450042+00	0		
1754	26981	17790	10053318	0	2011-05-16 16:27:39.450042+00	0		
1757	26981	17790	10240817	0	2011-05-16 16:27:39.450042+00	0		
619	26981	17797	171906	0	2011-11-18 19:00:13.453178+00	0		
1761	26981	17790	10240823	0	2011-05-16 16:27:39.450042+00	0		
1911	26981	17790	10240825	0	2011-05-16 16:27:39.450042+00	0		
4538	26981	58807	12433107	0	2011-07-27 06:01:21.0351+00	0		
3394	26981	17790	11120312	0	2011-05-16 16:27:39.450042+00	0		
3392	26981	17790	11120313	0	2011-05-16 16:27:39.450042+00	0		
3549	26981	17790	11120314	0	2011-05-16 16:27:39.450042+00	0		
3547	26981	17790	11120315	0	2011-05-16 16:27:39.450042+00	0		
2923	26981	17790	11120316	0	2011-05-16 16:27:39.450042+00	0		
2936	26981	17790	11120317	0	2011-05-16 16:27:39.450042+00	0		
3545	26981	17790	11120318	0	2011-05-16 16:27:39.450042+00	0		
3091	26981	17790	11120319	0	2011-05-16 16:27:39.450042+00	0		
3390	26981	17790	11120320	0	2011-05-16 16:27:39.450042+00	0		
3089	26981	17790	11120321	0	2011-05-16 16:27:39.450042+00	0		
3191	26981	17790	11794113	0	2011-05-16 16:27:39.450042+00	0		
3480	26981	17790	11794115	0	2011-05-16 16:27:39.450042+00	0		
3032	26981	17790	11794117	0	2011-05-16 16:27:39.450042+00	0		
3318	26981	17790	11794121	0	2011-05-16 16:27:39.450042+00	0		
3202	26981	17790	11794124	0	2011-05-16 16:27:39.450042+00	0		
3358	26981	17790	11810152	0	2011-05-16 16:27:39.450042+00	0		
3230	26981	17790	11810154	0	2011-05-16 16:27:39.450042+00	0		
3833	26981	17790	12189014	0	2011-05-16 16:27:39.450042+00	0		
4085	26981	17790	12250646	0	2011-05-16 16:27:39.450042+00	0		
4086	26981	17790	12250647	0	2011-05-16 16:27:39.450042+00	0		
4087	26981	17790	12250648	0	2011-05-16 16:27:39.450042+00	0		
4088	26981	17790	12250649	0	2011-05-16 16:27:39.450042+00	0		
4089	26981	17790	12250650	0	2011-05-16 16:27:39.450042+00	0		
4090	26981	17790	12250651	0	2011-05-16 16:27:39.450042+00	0		
4091	26981	17790	12250652	0	2011-05-16 16:27:39.450042+00	0		
4092	26981	17790	12250653	0	2011-05-16 16:27:39.450042+00	0		
4093	26981	17790	12250654	0	2011-05-16 16:27:39.450042+00	0		
4094	26981	17790	12250655	0	2011-05-16 16:27:39.450042+00	0		
4095	26981	17790	12250656	0	2011-05-16 16:27:39.450042+00	0		
4096	26981	17790	12250657	0	2011-05-16 16:27:39.450042+00	0		
4097	26981	17790	12250658	0	2011-05-16 16:27:39.450042+00	0		
4098	26981	17790	12250659	0	2011-05-16 16:27:39.450042+00	0		
4234	26981	17790	12360926	0	2011-05-16 16:27:39.450042+00	0		
4260	26981	17790	12360928	0	2011-05-16 16:27:39.450042+00	0		
4154	26981	17790	12360930	0	2011-05-16 16:27:39.450042+00	0		
158	26981	17791	7323347	0	2011-05-16 16:27:39.450042+00	0		
2425	26981	17791	10830265	0	2011-05-16 16:27:39.450042+00	0		
157	26981	17792	7323351	0	2011-05-16 16:27:39.450042+00	0		
156	26981	17793	7323351	0	2011-05-16 16:27:39.450042+00	0		
155	26981	17794	7323351	0	2011-05-16 16:27:39.450042+00	0		
154	26981	17795	7323351	0	2011-05-16 16:27:39.450042+00	0		
140	26981	17797	211564	0	2011-05-16 16:27:39.450042+00	0		
4785	26981	56091	12441965	0	2011-11-15 10:00:14.233895+00	0		
3691	26981	17797	1702945	0	2011-05-16 16:27:39.450042+00	0		
3692	26981	17797	1702949	0	2011-05-16 16:27:39.450042+00	0		
3693	26981	17797	1702950	0	2011-05-16 16:27:39.450042+00	0		
3694	26981	17797	1702951	0	2011-05-16 16:27:39.450042+00	0		
3695	26981	17797	1702952	0	2011-05-16 16:27:39.450042+00	0		
3696	26981	17797	1702953	0	2011-05-16 16:27:39.450042+00	0		
913	26981	17797	8377744	0	2011-12-03 14:00:24.943214+00	0		
16132	26981	78360	8115587	0	2013-05-16 00:12:28.583523+00	0		
5647	26981	62511	12446932	0	2011-12-24 09:00:12.795065+00	0		
10	26981	17797	7323351	0	2011-05-16 16:27:39.450042+00	0		
5692	26981	30523	12447382	0	2011-12-24 13:05:49.244402+00	0		
375	26981	27459	5709328	0	2013-01-24 21:11:10.501065+00	0		
3349	26981	17797	9179026	0	2011-05-16 16:27:39.450042+00	0		
3447	26981	17797	9179027	0	2011-05-16 16:27:39.450042+00	0		
3347	26981	17797	9179028	0	2011-05-16 16:27:39.450042+00	0		
842	26981	17797	9179030	0	2011-05-16 16:27:39.450042+00	0		
3310	26981	17797	9179032	0	2011-05-16 16:27:39.450042+00	0		
844	26981	17797	9179033	0	2011-05-16 16:27:39.450042+00	0		
846	26981	17797	9179034	0	2011-05-16 16:27:39.450042+00	0		
1318	26981	17790	9711317	0	2011-06-06 18:02:11.173775+00	0		
840	26981	17797	9415260	0	2011-06-30 18:00:15.292237+00	0		
966	26981	17797	9179031	0	2011-06-30 18:00:15.668633+00	0		
1154	26981	17790	10333481	0	2011-07-01 17:03:38.258977+00	0		
1763	26981	17790	9352549	0	2011-09-14 21:01:16.867826+00	0		
1901	26981	17790	9470391	0	2011-09-14 21:02:08.348148+00	0		
1052	26981	17797	247462	0	2012-09-15 20:00:15.438182+00	0		
623	26981	17797	171913	0	2012-02-23 00:00:07.293592+00	0		
3304	26981	17797	9179035	0	2011-05-16 16:27:39.450042+00	0		
971	26981	17797	9179036	0	2011-05-16 16:27:39.450042+00	0		
848	26981	17797	9179037	0	2011-05-16 16:27:39.450042+00	0		
3290	26981	17797	9179038	0	2011-05-16 16:27:39.450042+00	0		
1887	26981	17797	9190167	0	2011-05-16 16:27:39.450042+00	0		
1742	26981	17797	9190175	0	2011-05-16 16:27:39.450042+00	0		
3210	26981	19864	3089945	0	2011-07-13 16:03:05.113849+00	0		
4564	26981	59372	12428343	0	2011-08-05 11:00:22.93078+00	0		
3327	26981	17797	9442766	0	2011-05-16 16:27:39.450042+00	0		
3325	26981	17797	9442767	0	2011-05-16 16:27:39.450042+00	0		
1216	26981	17797	9552759	0	2011-05-16 16:27:39.450042+00	0		
1606	26981	17797	9649011	0	2011-05-16 16:27:39.450042+00	0		
1605	26981	17797	9649015	0	2011-05-16 16:27:39.450042+00	0		
1604	26981	17797	9649019	0	2011-05-16 16:27:39.450042+00	0		
1739	26981	17797	10128773	0	2011-05-16 16:27:39.450042+00	0		
1741	26981	17797	10128774	0	2011-05-16 16:27:39.450042+00	0		
1743	26981	17797	10128775	0	2011-05-16 16:27:39.450042+00	0		
1745	26981	17797	10128776	0	2011-05-16 16:27:39.450042+00	0		
1747	26981	17797	10128777	0	2011-05-16 16:27:39.450042+00	0		
1748	26981	17797	10128778	0	2011-05-16 16:27:39.450042+00	0		
1749	26981	17797	10128779	0	2011-05-16 16:27:39.450042+00	0		
1750	26981	17797	10128780	0	2011-05-16 16:27:39.450042+00	0		
1751	26981	17797	10128781	0	2011-05-16 16:27:39.450042+00	0		
3671	26981	17797	11794122	0	2011-05-16 16:27:39.450042+00	0		
7	26981	17798	7323351	0	2011-05-16 16:27:39.450042+00	0		
3	26981	17799	7323351	0	2011-05-16 16:27:39.450042+00	0		
9	26981	17800	7323352	0	2011-05-16 16:27:39.450042+00	0		
1	26981	17828	7323354	0	2011-05-16 16:27:39.450042+00	0		
5	26981	17829	7323356	0	2011-05-16 16:27:39.450042+00	0		
4200	26981	18186	11879077	0	2011-05-16 16:27:39.450042+00	0		
4539	26981	58807	12433108	0	2011-07-27 06:01:21.069829+00	0		
2220	26981	18209	10759210	0	2011-05-16 16:27:39.450042+00	0		
87	26981	18362	7536951	0	2011-05-16 16:27:39.450042+00	0		
75	26981	18362	7536953	0	2011-05-16 16:27:39.450042+00	0		
68	26981	18362	7536954	0	2011-05-16 16:27:39.450042+00	0		
6	26981	18362	7536955	0	2011-05-16 16:27:39.450042+00	0		
62	26981	18362	7536956	0	2011-05-16 16:27:39.450042+00	0		
56	26981	18362	7536957	0	2011-05-16 16:27:39.450042+00	0		
54	26981	18362	7536958	0	2011-05-16 16:27:39.450042+00	0		
49	26981	18362	7536959	0	2011-05-16 16:27:39.450042+00	0		
15	26981	18362	7536960	0	2011-05-16 16:27:39.450042+00	0		
46	26981	18362	7536961	0	2011-05-16 16:27:39.450042+00	0		
4	26981	18362	7536962	0	2011-05-16 16:27:39.450042+00	0		
83	26981	18363	7536951	0	2011-05-16 16:27:39.450042+00	0		
71	26981	18363	7536953	0	2011-05-16 16:27:39.450042+00	0		
65	26981	18363	7536954	0	2011-05-16 16:27:39.450042+00	0		
60	26981	18363	7536956	0	2011-05-16 16:27:39.450042+00	0		
57	26981	18363	7536957	0	2011-05-16 16:27:39.450042+00	0		
52	26981	18363	7536958	0	2011-05-16 16:27:39.450042+00	0		
13	26981	18363	7536960	0	2011-05-16 16:27:39.450042+00	0		
8	26981	18363	7536961	0	2011-05-16 16:27:39.450042+00	0		
2	26981	18363	7536962	0	2011-05-16 16:27:39.450042+00	0		
3033	26981	18490	11794123	0	2011-05-16 16:27:39.450042+00	0		
7559	26981	49371	12547564	0	2012-11-14 16:32:14.777839+00	0		
7679	26981	61380	12555443	0	2012-12-19 21:00:26.184248+00	0		
4506	26981	58807	846918	0	2011-08-01 06:00:11.120773+00	0		
4187	26981	18926	12609707	0	2013-04-23 13:00:17.01642+00	0		
28231	26981	73644	8279200	0	2014-01-14 04:00:18.552694+00	0		
16463	26981	75308	9709652	0	2013-05-31 17:00:14.636402+00	0		
7726	26981	73819	12558136	0	2012-12-20 22:00:10.180406+00	0		
7729	26981	73817	12558142	0	2012-12-20 23:00:10.318892+00	0		
6398	26981	69244	12511841	0	2012-07-18 07:06:09.267545+00	0		
6404	26981	69332	12512724	0	2012-07-22 04:41:27.17672+00	0		
3209	26981	19864	177252	0	2012-10-13 11:06:12.076916+00	0		
7735	26981	73791	12558263	0	2012-12-21 02:00:34.127765+00	0		
7742	26981	73832	12555465	0	2012-12-21 03:00:08.365175+00	0		
16967	26981	73916	2139276	0	2013-06-10 15:00:18.549423+00	0		
374	26981	27459	5709329	0	2013-01-24 21:11:10.501065+00	0		
79	26981	18364	5589641	0	2011-07-24 10:02:19.584432+00	0		
7758	26981	73784	12558568	0	2012-12-22 02:02:40.225991+00	0		
2367	26981	18015	10759210	0	2011-08-21 19:02:46.10761+00	0		
373	26981	27459	5709330	0	2013-01-24 21:11:10.501065+00	0		
17459	26981	80591	12628595	0	2013-06-19 07:00:15.055589+00	0		
17125	26981	80426	12627169	0	2013-06-14 09:00:09.793364+00	0		
16751	26981	7195	12625360	0	2013-06-07 06:00:12.940003+00	0		
16856	26981	57217	12441033	0	2013-06-09 11:00:12.40103+00	0		
17453	26981	75292	12628586	0	2013-06-19 06:00:12.887833+00	0		
7790	26981	73822	12559261	0	2012-12-23 22:00:32.322022+00	0		
16924	26981	80300	10126409	0	2013-06-10 04:00:09.056706+00	0		
16968	26981	73996	2139276	0	2013-06-10 15:00:18.566918+00	0		
3942	26981	18939	12038524	0	2011-05-16 16:27:39.450042+00	0		
3915	26981	19389	12045336	0	2011-05-16 16:27:39.450042+00	0		
1362	26981	19785	9663433	0	2011-05-16 16:27:39.450042+00	0		
7698	26981	73770	12555000	0	2014-02-10 09:00:11.896215+00	0		
17033	26981	76750	12626704	0	2013-06-12 09:00:21.980963+00	0		
7813	26981	73770	12559307	0	2012-12-24 01:00:15.112092+00	0		
17308	26981	78946	12628180	0	2013-06-17 03:00:10.776299+00	0		
1009	26981	19864	486009	0	2011-05-16 16:27:39.450042+00	0		
4510	26981	58720	932640	0	2014-06-13 15:00:56.028806+00	0		
1005	26981	19864	486010	0	2011-05-16 16:27:39.450042+00	0		
1001	26981	19864	486011	0	2011-05-16 16:27:39.450042+00	0		
996	26981	19864	486013	0	2011-05-16 16:27:39.450042+00	0		
885	26981	19864	486016	0	2011-05-16 16:27:39.450042+00	0		
883	26981	19864	486019	0	2011-05-16 16:27:39.450042+00	0		
881	26981	19864	486020	0	2011-05-16 16:27:39.450042+00	0		
890	26981	19864	568562	0	2011-05-16 16:27:39.450042+00	0		
888	26981	19864	568564	0	2011-05-16 16:27:39.450042+00	0		
886	26981	19864	568565	0	2011-05-16 16:27:39.450042+00	0		
882	26981	19864	568566	0	2011-05-16 16:27:39.450042+00	0		
878	26981	19864	568567	0	2011-05-16 16:27:39.450042+00	0		
874	26981	19864	568568	0	2011-05-16 16:27:39.450042+00	0		
870	26981	19864	568569	0	2011-05-16 16:27:39.450042+00	0		
864	26981	19864	568570	0	2011-05-16 16:27:39.450042+00	0		
3207	26981	19864	177246	0	2011-05-20 19:00:18.700335+00	0		
3330	26981	19864	3089946	0	2011-05-22 00:00:17.603772+00	0		
12	26981	18209	3345090	0	2011-06-01 10:02:03.267606+00	0		
18062	26981	75971	12633703	0	2013-07-05 08:00:15.911877+00	0		
3038	26981	19864	152493	0	2011-06-17 11:02:26.242997+00	0		
7835	26981	73784	12559330	0	2012-12-24 03:00:28.278084+00	0		
3208	26981	19864	177250	0	2011-06-17 00:01:45.535778+00	0		
3488	26981	19864	3089947	0	2011-06-17 11:02:25.621797+00	0		
3039	26981	19864	3089943	0	2011-06-17 11:02:26.150862+00	0		
7840	26981	73768	12559332	0	2012-12-24 04:00:20.569606+00	0		
7845	26981	73928	422259	0	2012-12-24 04:00:35.368037+00	0		
3328	26981	19864	3089939	0	2011-06-27 20:01:13.38176+00	0		
18102	26981	81004	12633745	0	2013-07-05 08:00:21.296258+00	0		
7864	26981	73996	12509019	0	2012-12-26 01:00:22.188733+00	0		
7867	26981	73997	12509223	0	2012-12-26 01:00:23.728433+00	0		
18044	26981	66454	12633685	0	2013-07-05 08:00:14.862064+00	0		
7870	26981	73996	12514276	0	2012-12-26 01:00:27.386851+00	0		
7879	26981	73996	12515661	0	2012-12-26 05:00:13.0939+00	0		
7882	26981	73996	12514373	0	2012-12-26 05:00:15.766889+00	0		
7885	26981	73997	12514683	0	2012-12-26 05:00:15.853203+00	0		
7888	26981	73996	12515032	0	2012-12-26 05:00:16.629095+00	0		
7892	26981	73996	12515659	0	2012-12-26 06:00:10.239606+00	0		
7895	26981	73997	12515660	0	2012-12-26 06:00:10.621298+00	0		
372	26981	27459	5709332	0	2013-01-24 21:11:10.501065+00	0		
7665	33342	48044	12557731	0	2012-12-19 14:00:10.85038+00	0		
856	26981	19864	568571	0	2011-05-16 16:27:39.450042+00	0		
849	26981	19864	568572	0	2011-05-16 16:27:39.450042+00	0		
1721	26981	19864	758549	0	2011-05-16 16:27:39.450042+00	0		
1037	26981	19864	1048652	0	2011-05-16 16:27:39.450042+00	0		
1036	26981	19864	1048653	0	2011-05-16 16:27:39.450042+00	0		
1035	26981	19864	1048654	0	2011-05-16 16:27:39.450042+00	0		
1034	26981	19864	1048656	0	2011-05-16 16:27:39.450042+00	0		
1033	26981	19864	1048658	0	2011-05-16 16:27:39.450042+00	0		
894	26981	19864	1048660	0	2011-05-16 16:27:39.450042+00	0		
892	26981	19864	1048661	0	2011-05-16 16:27:39.450042+00	0		
1031	26981	19864	1048662	0	2011-05-16 16:27:39.450042+00	0		
3051	26981	19864	1702948	0	2011-05-16 16:27:39.450042+00	0		
3226	26981	19864	1702949	0	2011-05-16 16:27:39.450042+00	0		
3227	26981	19864	1702950	0	2011-05-16 16:27:39.450042+00	0		
3228	26981	19864	1702951	0	2011-05-16 16:27:39.450042+00	0		
1220	26981	19864	2222588	0	2011-05-16 16:27:39.450042+00	0		
1134	26981	19864	2222589	0	2011-05-16 16:27:39.450042+00	0		
1132	26981	19864	2222590	0	2011-05-16 16:27:39.450042+00	0		
1130	26981	19864	2222591	0	2011-05-16 16:27:39.450042+00	0		
1128	26981	19864	2222592	0	2011-05-16 16:27:39.450042+00	0		
1126	26981	19864	2222593	0	2011-05-16 16:27:39.450042+00	0		
1124	26981	19864	2222594	0	2011-05-16 16:27:39.450042+00	0		
1120	26981	19864	2222595	0	2011-05-16 16:27:39.450042+00	0		
1118	26981	19864	2222596	0	2011-05-16 16:27:39.450042+00	0		
1117	26981	19864	2222597	0	2011-05-16 16:27:39.450042+00	0		
1115	26981	19864	2222598	0	2011-05-16 16:27:39.450042+00	0		
1092	26981	19864	2222599	0	2011-05-16 16:27:39.450042+00	0		
1088	26981	19864	2222600	0	2011-05-16 16:27:39.450042+00	0		
1082	26981	19864	2222601	0	2011-05-16 16:27:39.450042+00	0		
1074	26981	19864	2222602	0	2011-05-16 16:27:39.450042+00	0		
4540	26981	58807	12433109	0	2011-07-27 06:01:21.117122+00	0		
4507	26981	58807	12432679	0	2011-08-01 06:00:17.492049+00	0		
435	26981	19864	8315949	0	2011-07-24 10:03:30.969124+00	0		
2374	26981	19864	248113	0	2011-07-24 10:06:34.775483+00	0		
2703	26981	19864	3964128	0	2011-05-16 16:27:39.450042+00	0		
707	26981	19864	5869864	0	2011-05-16 16:27:39.450042+00	0		
706	26981	19864	5869865	0	2011-05-16 16:27:39.450042+00	0		
705	26981	19864	5869866	0	2011-05-16 16:27:39.450042+00	0		
5693	26981	50301	12450483	0	2011-12-27 05:32:44.232665+00	0		
5709	35816	63340	12447043	0	2012-01-06 05:08:31.863871+00	0		
700	26981	19864	5869871	0	2011-05-16 16:27:39.450042+00	0		
698	26981	19864	5869873	0	2011-05-16 16:27:39.450042+00	0		
5721	27013	63340	12447046	0	2012-01-06 05:12:56.604825+00	0		
177	26981	19864	6136994	0	2011-05-16 16:27:39.450042+00	0		
4204	26981	19864	6347699	0	2011-05-16 16:27:39.450042+00	0		
1151	26981	19864	6356692	0	2011-05-16 16:27:39.450042+00	0		
1383	26981	19864	6356694	0	2011-05-16 16:27:39.450042+00	0		
1288	26981	19864	6356698	0	2011-05-16 16:27:39.450042+00	0		
1191	26981	19864	6356700	0	2011-05-16 16:27:39.450042+00	0		
1187	26981	19864	6356703	0	2011-05-16 16:27:39.450042+00	0		
2559	26981	19864	6818720	0	2011-05-16 16:27:39.450042+00	0		
2809	26981	19864	6818721	0	2011-05-16 16:27:39.450042+00	0		
2691	26981	19864	6818722	0	2011-05-16 16:27:39.450042+00	0		
2737	26981	19864	6818723	0	2011-05-16 16:27:39.450042+00	0		
2843	26981	19864	6818724	0	2011-05-16 16:27:39.450042+00	0		
2885	26981	19864	6818725	0	2011-05-16 16:27:39.450042+00	0		
2793	26981	19864	6818726	0	2011-05-16 16:27:39.450042+00	0		
2496	26981	19864	6818727	0	2011-05-16 16:27:39.450042+00	0		
2558	26981	19864	6818728	0	2011-05-16 16:27:39.450042+00	0		
2638	26981	19864	6818729	0	2011-05-16 16:27:39.450042+00	0		
2556	26981	19864	6818730	0	2011-05-16 16:27:39.450042+00	0		
2485	26981	19864	6818731	0	2011-05-16 16:27:39.450042+00	0		
2752	26981	19864	7454846	0	2011-05-16 16:27:39.450042+00	0		
2548	26981	19864	7454847	0	2011-05-16 16:27:39.450042+00	0		
2803	26981	19864	7454848	0	2011-05-16 16:27:39.450042+00	0		
2802	26981	19864	7454849	0	2011-05-16 16:27:39.450042+00	0		
2657	26981	19864	7454850	0	2011-05-16 16:27:39.450042+00	0		
2855	26981	19864	7454851	0	2011-05-16 16:27:39.450042+00	0		
2547	26981	19864	7454852	0	2011-05-16 16:27:39.450042+00	0		
2500	26981	19864	7454853	0	2011-05-16 16:27:39.450042+00	0		
2854	26981	19864	7454854	0	2011-05-16 16:27:39.450042+00	0		
2546	26981	19864	7454855	0	2011-05-16 16:27:39.450042+00	0		
2853	26981	19864	7454858	0	2011-05-16 16:27:39.450042+00	0		
697	26981	19864	5869874	0	2011-12-04 17:01:10.232013+00	0		
704	26981	19864	9501935	0	2011-12-08 01:00:11.404774+00	0		
5724	35810	36461	12445189	0	2012-01-06 06:36:03.267409+00	0		
5732	35812	36461	12448001	0	2012-01-06 06:59:26.568973+00	0		
4565	26981	49264	12433298	0	2014-10-04 15:00:35.041113+00	0		
16	26981	19864	764519	0	2012-01-13 09:06:02.847751+00	0		
459	26981	19864	9125897	0	2012-01-14 16:00:16.019412+00	0		
589	26981	19864	171913	0	2012-02-23 00:00:07.293592+00	0		
1098	26981	19864	8377748	0	2011-05-16 16:27:39.450042+00	0		
436	26981	19864	8578477	0	2011-05-16 16:27:39.450042+00	0		
434	26981	19864	8578479	0	2011-05-16 16:27:39.450042+00	0		
433	26981	19864	8578480	0	2011-05-16 16:27:39.450042+00	0		
432	26981	19864	8578481	0	2011-05-16 16:27:39.450042+00	0		
431	26981	19864	8578482	0	2011-05-16 16:27:39.450042+00	0		
429	26981	19864	8578483	0	2011-05-16 16:27:39.450042+00	0		
427	26981	19864	8578484	0	2011-05-16 16:27:39.450042+00	0		
425	26981	19864	8578485	0	2011-05-16 16:27:39.450042+00	0		
423	26981	19864	8578486	0	2011-05-16 16:27:39.450042+00	0		
420	26981	19864	8578487	0	2011-05-16 16:27:39.450042+00	0		
416	26981	19864	8578488	0	2011-05-16 16:27:39.450042+00	0		
415	26981	19864	8578489	0	2011-05-16 16:27:39.450042+00	0		
6093	26981	35189	12481236	0	2012-04-16 16:56:53.866011+00	0		
464	26981	19864	9041930	0	2011-05-16 16:27:39.450042+00	0		
371	26981	27459	5709333	0	2013-01-24 21:11:10.501065+00	0		
497	26981	19864	9041933	0	2011-05-16 16:27:39.450042+00	0		
499	26981	19864	9041934	0	2011-05-16 16:27:39.450042+00	0		
501	26981	19864	9041935	0	2011-05-16 16:27:39.450042+00	0		
7560	26981	68496	12548440	0	2012-11-16 03:56:26.69231+00	0		
485	26981	19864	9041939	0	2011-05-16 16:27:39.450042+00	0		
370	26981	27459	5709335	0	2013-01-24 21:11:10.501065+00	0		
7561	26981	68496	12548441	0	2012-11-16 03:56:26.69231+00	0		
523	26981	19864	9125899	0	2011-05-16 16:27:39.450042+00	0		
2184	26981	27459	7142973	0	2013-01-24 21:11:10.501065+00	0		
2183	26981	27459	7142974	0	2013-01-24 21:11:10.501065+00	0		
2182	26981	27459	7142975	0	2013-01-24 21:11:10.501065+00	0		
495	26981	19864	9125898	0	2012-08-07 22:02:23.039236+00	0		
585	26981	19864	1143548	0	2012-04-21 20:08:25.125068+00	0		
505	26981	19864	9041937	0	2012-08-07 22:02:23.476534+00	0		
6067	26981	369	12441300	0	2012-04-24 10:00:07.971915+00	0		
534	26981	19864	9178373	0	2012-07-12 19:02:13.706077+00	0		
489	26981	19864	9125896	0	2012-08-07 22:02:23.583248+00	0		
503	26981	19864	9041936	0	2012-08-07 22:02:23.708832+00	0		
1559	26981	19864	8922900	0	2011-06-19 07:02:25.199801+00	0		
493	26981	19864	9125900	0	2012-08-07 22:02:23.827062+00	0		
2628	26981	19864	280745	0	2011-06-27 22:02:47.794446+00	0		
28232	26981	87342	12644275	0	2014-01-07 04:29:02.099535+00	0		
2675	26981	19864	224266	0	2011-06-27 22:02:45.30984+00	0		
2880	26981	19864	160680	0	2011-06-27 22:02:45.966581+00	0		
2831	26981	19864	160678	0	2011-06-27 22:02:47.193151+00	0		
2732	26981	19864	1869518	0	2011-06-27 22:02:47.274979+00	0		
2527	26981	19864	160677	0	2011-06-27 22:02:48.743748+00	0		
2888	26981	19864	248115	0	2011-06-27 22:02:49.084975+00	0		
4263	26981	19864	1903946	0	2011-07-01 16:02:26.950546+00	0		
2904	26981	19864	3985434	0	2011-07-11 23:04:08.296394+00	0		
2905	26981	19864	3985427	0	2011-07-11 23:04:08.473541+00	0		
2751	26981	19864	3985436	0	2011-07-11 23:04:08.553973+00	0		
2549	26981	19864	3985429	0	2011-07-11 23:04:08.651531+00	0		
2753	26981	19864	3985425	0	2011-07-11 23:04:08.854518+00	0		
2996	26981	19864	11604634	0	2011-08-02 22:01:59.69524+00	0		
64	26981	19864	9501930	0	2011-05-16 16:27:39.450042+00	0		
930	26981	19864	9501933	0	2011-05-16 16:27:39.450042+00	0		
552	26981	22779	9225132	0	2012-04-08 11:00:54.59416+00	0		
61	26981	19864	9501937	0	2011-05-16 16:27:39.450042+00	0		
928	26981	19864	9501939	0	2011-05-16 16:27:39.450042+00	0		
5710	35816	63340	240283	0	2012-01-06 05:08:58.52717+00	0		
5722	27013	63340	12447053	0	2012-01-06 05:12:59.813337+00	0		
1215	26981	19864	9552759	0	2011-05-16 16:27:39.450042+00	0		
2591	26981	19864	9599408	0	2011-05-16 16:27:39.450042+00	0		
2592	26981	19864	9599411	0	2011-05-16 16:27:39.450042+00	0		
2593	26981	19864	9599414	0	2011-05-16 16:27:39.450042+00	0		
618	26981	19864	9610341	0	2011-05-16 16:27:39.450042+00	0		
944	26981	19864	9610342	0	2011-05-16 16:27:39.450042+00	0		
1061	26981	19864	9610343	0	2011-05-16 16:27:39.450042+00	0		
1064	26981	19864	9610344	0	2011-05-16 16:27:39.450042+00	0		
1171	26981	19864	9610345	0	2011-05-16 16:27:39.450042+00	0		
1173	26981	19864	9610347	0	2011-05-16 16:27:39.450042+00	0		
1175	26981	19864	9610348	0	2011-05-16 16:27:39.450042+00	0		
1177	26981	19864	9610349	0	2011-05-16 16:27:39.450042+00	0		
1221	26981	19864	9610352	0	2011-05-16 16:27:39.450042+00	0		
1734	26981	19864	10240814	0	2011-05-16 16:27:39.450042+00	0		
167	26981	19865	7648614	0	2011-05-16 16:27:39.450042+00	0		
17	26981	20394	6136981	0	2011-05-16 16:27:39.450042+00	0		
31	26981	20394	6136982	0	2011-05-16 16:27:39.450042+00	0		
172	26981	20394	6136983	0	2011-05-16 16:27:39.450042+00	0		
18	26981	20394	6136984	0	2011-05-16 16:27:39.450042+00	0		
170	26981	20394	6136985	0	2011-05-16 16:27:39.450042+00	0		
29	26981	20394	6136986	0	2011-05-16 16:27:39.450042+00	0		
41	26981	20394	6136989	0	2011-05-16 16:27:39.450042+00	0		
173	26981	20394	6136990	0	2011-05-16 16:27:39.450042+00	0		
180	26981	20394	6136991	0	2011-05-16 16:27:39.450042+00	0		
38	26981	20394	6136993	0	2011-05-16 16:27:39.450042+00	0		
168	26981	20395	6136981	0	2011-05-16 16:27:39.450042+00	0		
169	26981	20395	6136984	0	2011-05-16 16:27:39.450042+00	0		
174	26981	20395	6136987	0	2011-05-16 16:27:39.450042+00	0		
171	26981	20395	6136988	0	2011-05-16 16:27:39.450042+00	0		
176	26981	20395	6136992	0	2011-05-16 16:27:39.450042+00	0		
1870	26981	20690	10240814	0	2011-05-16 16:27:39.450042+00	0		
1895	26981	20690	10240816	0	2011-05-16 16:27:39.450042+00	0		
1897	26981	20690	10240818	0	2011-05-16 16:27:39.450042+00	0		
3934	26981	20900	12038574	0	2011-05-16 16:27:39.450042+00	0		
32	26981	21627	6136988	0	2011-05-16 16:27:39.450042+00	0		
3966	26981	21935	11879035	0	2011-05-16 16:27:39.450042+00	0		
4197	26981	21935	11879074	0	2011-05-16 16:27:39.450042+00	0		
4508	26981	58807	12432680	0	2011-08-01 06:00:19.397744+00	0		
3959	26981	22776	11925524	0	2011-05-16 16:27:39.450042+00	0		
7562	26981	68496	12548442	0	2012-11-16 03:56:26.69231+00	0		
3167	26981	22779	11727325	0	2011-05-16 16:27:39.450042+00	0		
40	26981	22890	6136990	0	2011-05-16 16:27:39.450042+00	0		
34	26981	22890	6136991	0	2011-05-16 16:27:39.450042+00	0		
33	26981	22891	6136990	0	2011-05-16 16:27:39.450042+00	0		
2207	26981	23222	4292581	0	2011-05-16 16:27:39.450042+00	0		
2415	26981	23463	16496	0	2011-05-16 16:27:39.450042+00	0		
3418	26981	23463	1623628	0	2011-05-16 16:27:39.450042+00	0		
1889	26981	23463	2808546	0	2011-05-16 16:27:39.450042+00	0		
4812	26981	61934	12443462	0	2011-11-15 14:39:46.132722+00	0		
1263	26981	23463	8860586	0	2011-07-26 08:00:15.246776+00	0		
2180	26981	27459	7142976	0	2013-01-24 21:11:10.501065+00	0		
1640	26981	23463	8109255	0	2011-05-16 16:27:39.450042+00	0		
821	26981	23463	8962572	0	2011-05-16 16:27:39.450042+00	0		
820	26981	23463	8962573	0	2011-05-16 16:27:39.450042+00	0		
819	26981	23463	8962574	0	2011-05-16 16:27:39.450042+00	0		
818	26981	23463	8962575	0	2011-05-16 16:27:39.450042+00	0		
817	26981	23463	8962576	0	2011-05-16 16:27:39.450042+00	0		
816	26981	23463	8962577	0	2011-05-16 16:27:39.450042+00	0		
815	26981	23463	8962578	0	2011-05-16 16:27:39.450042+00	0		
814	26981	23463	8962579	0	2011-05-16 16:27:39.450042+00	0		
813	26981	23463	8962580	0	2011-05-16 16:27:39.450042+00	0		
812	26981	23463	8962581	0	2011-05-16 16:27:39.450042+00	0		
811	26981	23463	8962582	0	2011-05-16 16:27:39.450042+00	0		
810	26981	23463	8962583	0	2011-05-16 16:27:39.450042+00	0		
809	26981	23463	8962584	0	2011-05-16 16:27:39.450042+00	0		
1746	26981	23463	9190172	0	2011-05-16 16:27:39.450042+00	0		
1744	26981	23463	9190173	0	2011-05-16 16:27:39.450042+00	0		
1907	26981	23463	9190174	0	2011-05-16 16:27:39.450042+00	0		
808	26981	23463	9340051	0	2011-05-16 16:27:39.450042+00	0		
200	26981	22791	1172283	0	2012-11-27 15:02:42.397026+00	0		
5375	35812	36461	12446335	0	2012-01-06 06:51:59.99155+00	0		
28233	26981	87345	12688858	0	2014-01-14 08:00:23.185623+00	0		
16133	26981	78360	8459664	0	2013-05-16 00:12:28.583523+00	0		
3219	26981	23463	11810154	0	2011-05-16 16:27:39.450042+00	0		
3495	26981	23463	11810158	0	2011-05-16 16:27:39.450042+00	0		
3685	26981	23463	11810160	0	2011-05-16 16:27:39.450042+00	0		
3494	26981	23463	11810162	0	2011-05-16 16:27:39.450042+00	0		
4795	26981	27377	12443113	0	2011-11-25 20:00:07.910964+00	0		
1858	26981	24130	298971	0	2011-05-16 16:27:39.450042+00	0		
1857	26981	24130	298972	0	2011-05-16 16:27:39.450042+00	0		
1855	26981	24130	298973	0	2011-05-16 16:27:39.450042+00	0		
1854	26981	24130	298974	0	2011-05-16 16:27:39.450042+00	0		
1360	26981	24130	298975	0	2011-05-16 16:27:39.450042+00	0		
1851	26981	24130	298976	0	2011-05-16 16:27:39.450042+00	0		
1686	26981	24130	298977	0	2011-05-16 16:27:39.450042+00	0		
1680	26981	24130	298978	0	2011-05-16 16:27:39.450042+00	0		
1672	26981	24130	298979	0	2011-05-16 16:27:39.450042+00	0		
1632	26981	24130	298980	0	2011-05-16 16:27:39.450042+00	0		
1849	26981	24130	298981	0	2011-05-16 16:27:39.450042+00	0		
1848	26981	24130	298982	0	2011-05-16 16:27:39.450042+00	0		
2135	26981	23463	7453728	0	2011-09-07 16:02:14.854977+00	0		
6399	26981	69153	12511843	0	2012-07-18 08:15:50.411637+00	0		
39	26981	24010	8005225	0	2011-08-27 09:00:18.595628+00	0		
1386	26981	24130	9709413	0	2011-05-16 16:27:39.450042+00	0		
181	26981	24875	211564	0	2011-05-16 16:27:39.450042+00	0		
185	26981	24877	211564	0	2011-05-16 16:27:39.450042+00	0		
443	26981	25341	8741278	0	2011-05-16 16:27:39.450042+00	0		
3204	26981	25591	11734826	0	2011-05-16 16:27:39.450042+00	0		
3035	26981	25591	11734828	0	2011-05-16 16:27:39.450042+00	0		
3203	26981	25591	11734829	0	2011-05-16 16:27:39.450042+00	0		
3677	26981	25591	11734830	0	2011-05-16 16:27:39.450042+00	0		
2695	26981	22228	158788	0	2011-06-01 03:01:30.213448+00	0		
1425	26981	19864	9711317	0	2011-06-06 18:02:11.173775+00	0		
1908	26981	23463	2808544	0	2011-06-06 18:02:11.816347+00	0		
4262	26981	19864	10359814	0	2011-06-13 17:01:56.54446+00	0		
45559	26981	87574	909718	0	2015-01-12 11:02:03.579292+00	0		
3483	26981	25591	11734827	0	2011-07-08 17:03:15.898105+00	0		
3623	26981	25591	11541669	0	2011-07-09 08:02:32.212082+00	0		
28	26981	21026	6357251	0	2011-10-14 17:01:24.007807+00	0		
5742	35824	36461	2320989	0	2012-01-06 07:24:49.220539+00	0		
5733	27029	36461	12445169	0	2012-01-06 06:59:54.810463+00	0		
4281	26981	19864	9679534	0	2012-12-22 06:10:53.505876+00	0		
5694	26981	60735	12450504	0	2012-01-10 11:00:09.002381+00	0		
6068	26981	369	12441302	0	2012-04-24 10:00:09.863992+00	0		
4069	26981	20493	691021	0	2012-10-08 21:00:12.164243+00	0		
2152	26981	27459	7142977	0	2013-01-24 21:11:10.501065+00	0		
46788	26981	75788	12799187	0	2015-01-24 08:20:38.102839+00	0		
29005	26981	75292	12692779	0	2014-01-26 02:00:16.268466+00	0		
4282	26981	19864	2045390	0	2014-03-16 03:00:37.060032+00	0		
3482	26981	25591	11734831	0	2011-05-16 16:27:39.450042+00	0		
3676	26981	25591	11734832	0	2011-05-16 16:27:39.450042+00	0		
3036	26981	25591	11734833	0	2011-05-16 16:27:39.450042+00	0		
3485	26981	25591	11734834	0	2011-05-16 16:27:39.450042+00	0		
3674	26981	25591	11734836	0	2011-05-16 16:27:39.450042+00	0		
4509	26981	37200	12432726	0	2011-07-18 09:05:33.435384+00	0		
4541	26981	58807	12433110	0	2011-07-27 06:01:21.167451+00	0		
3221	26981	36816	9349524	0	2011-07-24 10:06:00.149753+00	0		
2169	26981	26163	10660020	0	2011-05-16 16:27:39.450042+00	0		
4847	26981	62078	12443958	0	2011-12-05 11:00:10.776423+00	0		
6094	26981	66114	12481236	0	2012-04-16 16:57:39.253702+00	0		
6105	26981	66666	12485144	0	2012-04-17 00:57:46.277924+00	0		
7563	26981	68496	12548443	0	2012-11-16 03:56:26.69231+00	0		
6069	26981	369	12441303	0	2012-04-24 10:00:10.11471+00	0		
1479	26981	27303	8664645	0	2012-10-26 14:06:10.624789+00	0		
6114	26981	65073	12486244	0	2012-05-04 09:00:09.227933+00	0		
6131	26981	35189	12488637	0	2012-04-25 23:50:00.889709+00	0		
3138	26981	27303	6815929	0	2011-05-16 16:27:39.450042+00	0		
2985	26981	27303	6815930	0	2011-05-16 16:27:39.450042+00	0		
3602	26981	27303	6815931	0	2011-05-16 16:27:39.450042+00	0		
3273	26981	27303	6815932	0	2011-05-16 16:27:39.450042+00	0		
3601	26981	27303	6815933	0	2011-05-16 16:27:39.450042+00	0		
3600	26981	27303	6815934	0	2011-05-16 16:27:39.450042+00	0		
3429	26981	27303	6815935	0	2011-05-16 16:27:39.450042+00	0		
3272	26981	27303	6815936	0	2011-05-16 16:27:39.450042+00	0		
3137	26981	27303	6815937	0	2011-05-16 16:27:39.450042+00	0		
2984	26981	27303	6815938	0	2011-05-16 16:27:39.450042+00	0		
3599	26981	27303	6815939	0	2011-05-16 16:27:39.450042+00	0		
3428	26981	27303	6815940	0	2011-05-16 16:27:39.450042+00	0		
3271	26981	27303	6815941	0	2011-05-16 16:27:39.450042+00	0		
2653	26981	27303	6965809	0	2011-05-16 16:27:39.450042+00	0		
2544	26981	27303	6965810	0	2011-05-16 16:27:39.450042+00	0		
2635	26981	27303	6965811	0	2011-05-16 16:27:39.450042+00	0		
2543	26981	27303	6965812	0	2011-05-16 16:27:39.450042+00	0		
2902	26981	27303	6965814	0	2011-05-16 16:27:39.450042+00	0		
2800	26981	27303	6965815	0	2011-05-16 16:27:39.450042+00	0		
2498	26981	27303	6965816	0	2011-05-16 16:27:39.450042+00	0		
2851	26981	27303	6965817	0	2011-05-16 16:27:39.450042+00	0		
2541	26981	27303	6965818	0	2011-05-16 16:27:39.450042+00	0		
2540	26981	27303	6965819	0	2011-05-16 16:27:39.450042+00	0		
2688	26981	27303	6965820	0	2011-05-16 16:27:39.450042+00	0		
1471	26981	27303	7088175	0	2011-05-16 16:27:39.450042+00	0		
1469	26981	27303	7088176	0	2011-05-16 16:27:39.450042+00	0		
1467	26981	27303	7088177	0	2011-05-16 16:27:39.450042+00	0		
1465	26981	27303	7088178	0	2011-05-16 16:27:39.450042+00	0		
303	26981	27303	7169453	0	2011-05-16 16:27:39.450042+00	0		
289	26981	27303	7169454	0	2011-05-16 16:27:39.450042+00	0		
301	26981	27303	7169455	0	2011-05-16 16:27:39.450042+00	0		
285	26981	27303	7169456	0	2011-05-16 16:27:39.450042+00	0		
281	26981	27303	7169457	0	2011-05-16 16:27:39.450042+00	0		
299	26981	27303	7169458	0	2011-05-16 16:27:39.450042+00	0		
297	26981	27303	7169459	0	2011-05-16 16:27:39.450042+00	0		
277	26981	27303	7169460	0	2011-05-16 16:27:39.450042+00	0		
296	26981	27303	7169461	0	2011-05-16 16:27:39.450042+00	0		
4512	26981	58720	12428006	0	2014-06-13 15:00:56.028806+00	0		
4566	26981	59374	12433298	0	2014-10-04 15:00:35.041113+00	0		
46355	26981	99089	12795674	0	2015-01-23 00:01:35.16043+00	0		
273	26981	27303	7169462	0	2011-05-16 16:27:39.450042+00	0		
294	26981	27303	7169463	0	2011-05-16 16:27:39.450042+00	0		
269	26981	27303	7169464	0	2011-05-16 16:27:39.450042+00	0		
292	26981	27303	7169465	0	2011-05-16 16:27:39.450042+00	0		
136	26981	27303	7169466	0	2011-05-16 16:27:39.450042+00	0		
265	26981	27303	7169467	0	2011-05-16 16:27:39.450042+00	0		
128	26981	27303	7169468	0	2011-05-16 16:27:39.450042+00	0		
261	26981	27303	7169469	0	2011-05-16 16:27:39.450042+00	0		
108	26981	27303	7169470	0	2011-05-16 16:27:39.450042+00	0		
257	26981	27303	7169471	0	2011-05-16 16:27:39.450042+00	0		
102	26981	27303	7169472	0	2011-05-16 16:27:39.450042+00	0		
252	26981	27303	7169473	0	2011-05-16 16:27:39.450042+00	0		
1491	26981	27303	8178188	0	2011-05-16 16:27:39.450042+00	0		
28234	26981	87345	12688857	0	2014-01-14 08:00:23.498089+00	0		
29006	26981	73644	12692796	0	2014-01-26 03:00:16.276915+00	0		
1475	26981	27303	8758360	0	2011-05-16 16:27:39.450042+00	0		
2150	26981	27459	7142978	0	2013-01-24 21:11:10.501065+00	0		
1473	26981	27303	8758362	0	2011-05-16 16:27:39.450042+00	0		
1482	26981	27303	9603448	0	2011-05-16 16:27:39.450042+00	0		
4813	26981	61934	12443463	0	2011-11-15 14:39:48.542655+00	0		
1480	26981	27303	9603450	0	2011-05-16 16:27:39.450042+00	0		
2148	26981	27459	7142979	0	2013-01-24 21:11:10.501065+00	0		
1477	26981	27303	9603453	0	2011-05-16 16:27:39.450042+00	0		
1463	26981	27303	7088179	0	2012-10-27 15:06:15.584672+00	0		
2882	26981	27303	10937255	0	2011-05-16 16:27:39.450042+00	0		
2784	26981	27303	10937256	0	2011-05-16 16:27:39.450042+00	0		
2734	26981	27303	10937257	0	2011-05-16 16:27:39.450042+00	0		
2526	26981	27303	10937258	0	2011-05-16 16:27:39.450042+00	0		
2684	26981	27303	10937259	0	2011-05-16 16:27:39.450042+00	0		
2836	26981	27303	10937260	0	2011-05-16 16:27:39.450042+00	0		
6143	26981	66113	12488793	0	2012-05-08 05:02:58.826393+00	0		
2205	26981	26935	10659353	0	2012-01-05 20:06:01.50744+00	0		
4863	26981	62078	12443974	0	2011-12-05 15:00:11.357858+00	0		
2504	26981	27303	11116456	0	2011-05-16 16:27:39.450042+00	0		
4855	26981	62078	12443829	0	2011-12-05 12:00:11.33384+00	0		
16134	26981	78360	12618980	0	2013-05-16 00:50:33.527568+00	0		
2810	26981	27303	11198758	0	2011-05-16 16:27:39.450042+00	0		
2860	26981	27303	11198759	0	2011-05-16 16:27:39.450042+00	0		
341	26981	27310	7169453	0	2011-05-16 16:27:39.450042+00	0		
339	26981	27310	7169454	0	2011-05-16 16:27:39.450042+00	0		
337	26981	27310	7169455	0	2011-05-16 16:27:39.450042+00	0		
335	26981	27310	7169456	0	2011-05-16 16:27:39.450042+00	0		
333	26981	27310	7169457	0	2011-05-16 16:27:39.450042+00	0		
331	26981	27310	7169458	0	2011-05-16 16:27:39.450042+00	0		
329	26981	27310	7169459	0	2011-05-16 16:27:39.450042+00	0		
327	26981	27310	7169460	0	2011-05-16 16:27:39.450042+00	0		
325	26981	27310	7169461	0	2011-05-16 16:27:39.450042+00	0		
323	26981	27310	7169462	0	2011-05-16 16:27:39.450042+00	0		
2036	26981	26163	9249628	0	2011-05-24 14:00:59.181242+00	0		
2052	26981	26163	10660017	0	2011-05-24 14:00:59.249294+00	0		
2216	26981	26163	10660016	0	2011-05-24 14:00:59.513583+00	0		
2133	26981	26163	10660015	0	2011-05-24 14:00:59.572559+00	0		
2020	26981	26163	9249625	0	2011-05-24 14:00:59.631108+00	0		
3046	26981	25591	185470	0	2011-07-08 17:04:07.775743+00	0		
2388	26981	27303	11198756	0	2011-08-31 16:02:06.770545+00	0		
2758	26981	27303	11116546	0	2011-09-16 09:01:49.898385+00	0		
2910	26981	27303	11116452	0	2011-09-16 09:01:50.05254+00	0		
1481	26981	27303	8664644	0	2011-09-16 09:02:04.52253+00	0		
1274	26981	27303	8664646	0	2011-09-16 09:02:04.858025+00	0		
1478	26981	27303	8664649	0	2011-09-16 09:02:05.071593+00	0		
1476	26981	27303	8664642	0	2011-09-16 09:02:05.281567+00	0		
16464	26981	19431	9709654	0	2013-05-31 17:00:17.44038+00	0		
4796	26981	27377	12443114	0	2011-11-25 20:00:07.933231+00	0		
1833	26981	27303	10499476	0	2013-08-09 20:01:08.905275+00	0		
29367	26981	70043	12696539	0	2014-02-04 03:00:29.537004+00	0		
6125	26981	3005	12488613	0	2012-05-09 20:00:14.250071+00	0		
6168	26981	66501	12490939	0	2012-05-10 13:37:27.736798+00	0		
6171	26981	67338	12490939	0	2012-05-12 12:12:13.606219+00	0		
6179	26981	56091	12494857	0	2012-05-27 11:00:20.774077+00	0		
4580	26981	62029	12433784	0	2012-07-19 22:06:18.618887+00	0		
29566	26981	78402	12683875	0	2014-02-07 19:00:20.130957+00	0		
29954	26981	83683	12699070	0	2014-02-14 16:00:26.901598+00	0		
30371	26981	83980	12485394	0	2014-02-23 15:00:23.137562+00	0		
321	26981	27310	7169463	0	2011-05-16 16:27:39.450042+00	0		
319	26981	27310	7169464	0	2011-05-16 16:27:39.450042+00	0		
317	26981	27310	7169465	0	2011-05-16 16:27:39.450042+00	0		
315	26981	27310	7169466	0	2011-05-16 16:27:39.450042+00	0		
313	26981	27310	7169467	0	2011-05-16 16:27:39.450042+00	0		
311	26981	27310	7169468	0	2011-05-16 16:27:39.450042+00	0		
309	26981	27310	7169469	0	2011-05-16 16:27:39.450042+00	0		
307	26981	27310	7169470	0	2011-05-16 16:27:39.450042+00	0		
291	26981	27310	7169471	0	2011-05-16 16:27:39.450042+00	0		
305	26981	27310	7169472	0	2011-05-16 16:27:39.450042+00	0		
290	26981	27310	7169473	0	2011-05-16 16:27:39.450042+00	0		
244	26981	27312	7169455	0	2011-05-16 16:27:39.450042+00	0		
208	26981	27312	7169459	0	2011-05-16 16:27:39.450042+00	0		
92	26981	27312	7169461	0	2011-05-16 16:27:39.450042+00	0		
236	26981	27312	7169463	0	2011-05-16 16:27:39.450042+00	0		
228	26981	27312	7169466	0	2011-05-16 16:27:39.450042+00	0		
199	26981	27312	7169467	0	2011-05-16 16:27:39.450042+00	0		
73	26981	27312	7169470	0	2011-05-16 16:27:39.450042+00	0		
216	26981	27312	7169473	0	2011-05-16 16:27:39.450042+00	0		
2652	26981	27375	6965809	0	2011-05-16 16:27:39.450042+00	0		
2799	26981	27375	6965810	0	2011-05-16 16:27:39.450042+00	0		
2787	26981	27375	6965811	0	2011-05-16 16:27:39.450042+00	0		
2651	26981	27375	6965812	0	2011-05-16 16:27:39.450042+00	0		
2649	26981	27375	6965814	0	2011-05-16 16:27:39.450042+00	0		
2497	26981	27375	6965815	0	2011-05-16 16:27:39.450042+00	0		
2648	26981	27375	6965816	0	2011-05-16 16:27:39.450042+00	0		
2677	26981	27375	6965817	0	2011-05-16 16:27:39.450042+00	0		
2647	26981	27375	6965818	0	2011-05-16 16:27:39.450042+00	0		
2646	26981	27375	6965819	0	2011-05-16 16:27:39.450042+00	0		
2533	26981	27375	6965820	0	2011-05-16 16:27:39.450042+00	0		
1472	26981	27375	7088175	0	2011-05-16 16:27:39.450042+00	0		
1470	26981	27375	7088176	0	2011-05-16 16:27:39.450042+00	0		
1468	26981	27375	7088177	0	2011-05-16 16:27:39.450042+00	0		
1466	26981	27375	7088178	0	2011-05-16 16:27:39.450042+00	0		
80	26981	27375	7169453	0	2011-05-16 16:27:39.450042+00	0		
201	26981	27375	7169457	0	2011-05-16 16:27:39.450042+00	0		
203	26981	27375	7169460	0	2011-05-16 16:27:39.450042+00	0		
74	26981	27375	7169465	0	2011-05-16 16:27:39.450042+00	0		
77	26981	27375	7169471	0	2011-05-16 16:27:39.450042+00	0		
1492	26981	27375	8178188	0	2011-05-16 16:27:39.450042+00	0		
28235	26981	78402	12688857	0	2014-01-14 08:00:23.523321+00	0		
29007	26981	73644	12692797	0	2014-01-26 03:00:18.09439+00	0		
29956	26981	83683	8205318	0	2014-02-14 16:00:27.499873+00	0		
2792	26981	27375	10937255	0	2011-05-16 16:27:39.450042+00	0		
2791	26981	27375	10937256	0	2011-05-16 16:27:39.450042+00	0		
2841	26981	27375	10937257	0	2011-05-16 16:27:39.450042+00	0		
2687	26981	27375	10937258	0	2011-05-16 16:27:39.450042+00	0		
2141	26981	27375	10937259	0	2011-05-16 16:27:39.450042+00	0		
2680	26981	27375	10937260	0	2011-05-16 16:27:39.450042+00	0		
2944	26981	27377	4096664	0	2012-07-17 19:07:03.562163+00	0		
4831	26981	62078	12443046	0	2011-12-04 22:00:11.661697+00	0		
1235	26981	27377	1861891	0	2012-11-28 19:05:03.392963+00	0		
29567	26981	73778	12683875	0	2015-10-18 04:00:38.555695+00	0		
2505	26981	27375	11116456	0	2011-05-16 16:27:39.450042+00	0		
4814	26981	61934	12443464	0	2011-11-15 14:39:50.95307+00	0		
3246	26981	27377	909011	0	2012-07-23 05:02:49.621689+00	0		
4848	26981	62085	12443958	0	2011-12-05 11:00:10.842113+00	0		
2662	26981	27375	11198758	0	2011-05-16 16:27:39.450042+00	0		
2911	26981	27375	11198759	0	2011-05-16 16:27:39.450042+00	0		
1859	26981	27377	298971	0	2011-05-16 16:27:39.450042+00	0		
1369	26981	27377	298972	0	2011-05-16 16:27:39.450042+00	0		
1856	26981	27377	298973	0	2011-05-16 16:27:39.450042+00	0		
1364	26981	27377	298974	0	2011-05-16 16:27:39.450042+00	0		
1853	26981	27377	298975	0	2011-05-16 16:27:39.450042+00	0		
1852	26981	27377	298976	0	2011-05-16 16:27:39.450042+00	0		
1850	26981	27377	298977	0	2011-05-16 16:27:39.450042+00	0		
1684	26981	27377	298978	0	2011-05-16 16:27:39.450042+00	0		
1676	26981	27377	298979	0	2011-05-16 16:27:39.450042+00	0		
1668	26981	27377	298980	0	2011-05-16 16:27:39.450042+00	0		
1345	26981	27377	298981	0	2011-05-16 16:27:39.450042+00	0		
1628	26981	27377	298982	0	2011-05-16 16:27:39.450042+00	0		
2146	26981	27459	7142981	0	2013-01-24 21:11:10.501065+00	0		
3094	26981	27377	9772886	0	2013-06-12 08:00:32.650466+00	0		
2155	26981	27375	10499476	0	2013-08-09 20:01:08.905275+00	0		
29955	26981	83683	8205319	0	2014-02-14 16:00:27.371644+00	0		
4864	26981	62078	12443975	0	2011-12-05 17:00:31.624537+00	0		
1239	26981	27377	1861895	0	2012-11-28 19:05:03.756244+00	0		
1197	26981	27377	1861890	0	2012-11-28 19:05:03.862776+00	0		
2941	26981	27377	9772882	0	2011-05-16 16:27:39.450042+00	0		
1237	26981	27377	1861893	0	2012-11-28 19:05:03.962667+00	0		
3096	26981	27377	9772885	0	2011-05-16 16:27:39.450042+00	0		
1207	26981	27377	9657370	0	2012-11-28 19:05:04.127718+00	0		
2650	26981	27375	6965813	0	2011-08-11 11:03:18.817594+00	0		
2561	26981	27375	11198756	0	2011-08-31 16:02:06.770545+00	0		
3564	26981	27377	9817421	0	2011-05-16 16:27:39.450042+00	0		
3563	26981	27377	9817422	0	2011-05-16 16:27:39.450042+00	0		
3241	26981	27377	9817423	0	2011-05-16 16:27:39.450042+00	0		
2364	26981	27377	10357745	0	2011-05-16 16:27:39.450042+00	0		
2363	26981	27377	10357746	0	2011-05-16 16:27:39.450042+00	0		
1565	26981	27377	10357747	0	2011-05-16 16:27:39.450042+00	0		
2362	26981	27377	10357748	0	2011-05-16 16:27:39.450042+00	0		
2361	26981	27377	10357749	0	2011-05-16 16:27:39.450042+00	0		
2360	26981	27377	10357750	0	2011-05-16 16:27:39.450042+00	0		
2359	26981	27377	10357751	0	2011-05-16 16:27:39.450042+00	0		
2358	26981	27377	10357752	0	2011-05-16 16:27:39.450042+00	0		
2357	26981	27377	10357753	0	2011-05-16 16:27:39.450042+00	0		
2356	26981	27377	10357754	0	2011-05-16 16:27:39.450042+00	0		
2355	26981	27377	10357755	0	2011-05-16 16:27:39.450042+00	0		
