16154	133735	12049	3163117	0	2015-06-25 15:08:40.582189+00	0		
1125	133743	934	2009250	0	2013-10-25 02:00:19.628985+00	0		
16155	216420	12049	3163118	0	2015-06-25 15:08:40.582189+00	0		
31	133735	775	2002182	0	2013-11-09 11:49:55.028338+00	0		
948	133737	1173	2006994	0	2013-10-20 00:46:09.917388+00	0		
913	133745	1149	2006525	0	2013-10-19 13:30:59.899211+00	0		
5490	133735	3540	2339966	0	2014-01-07 15:09:56.804597+00	0		
16156	133745	12049	3163119	0	2015-06-25 15:08:40.582189+00	0		
16157	133745	12049	3163120	0	2015-06-25 15:08:40.582189+00	0		
967	133737	1180	2007097	0	2013-10-20 00:56:00.154411+00	0		
16163	133735	12059	3164508	0	2015-07-03 11:00:59.686221+00	0		
45	133748	778	2002200	0	2013-10-17 15:19:35.023077+00	0		
16160	133735	12052	3163564	0	2015-06-25 19:46:47.447584+00	0		
994	133737	1190	2007146	0	2013-10-20 01:19:40.015828+00	0		
997	133735	1192	2007149	0	2013-10-20 01:21:34.398214+00	0		
1144	133743	1194	2009274	0	2013-10-20 20:28:56.195737+00	0		
1005	133737	1195	2007158	0	2013-10-20 01:28:59.178041+00	0		
1013	133745	1199	2007178	0	2013-10-20 02:23:14.704927+00	0		
1023	133735	1203	2007710	0	2013-10-20 08:13:36.779806+00	0		
1113	133813	1240	2009235	0	2013-10-27 21:00:17.097767+00	0		
1040	133745	1209	2008073	0	2013-10-20 10:27:07.271183+00	0		
1046	133735	1210	2008107	0	2013-10-20 11:35:59.736341+00	0		
1047	133813	1210	2008108	0	2013-10-20 11:36:12.41951+00	0		
1095	133737	1235	2008908	0	2013-10-20 19:37:49.513463+00	0		
1369	133735	1304	2015998	0	2013-10-21 21:36:21.184614+00	0		
16162	133813	12057	3164329	0	2015-06-26 07:50:38.327128+00	0		
1152	133743	1229	2009286	0	2013-10-20 20:30:55.588289+00	0		
1107	133743	1239	2009190	0	2013-10-20 20:12:24.488217+00	0		
1160	133735	1245	2009427	0	2013-10-27 21:00:22.650962+00	0		
1120	133743	1117	2009244	0	2013-10-20 20:23:28.930831+00	0		
1294	133735	964	2003225	0	2013-10-25 08:00:20.500302+00	0		
1154	133743	1235	2009288	0	2013-10-20 20:31:25.617074+00	0		
1127	133743	1174	2009252	0	2013-10-20 20:25:25.310509+00	0		
1135	133743	1180	2009263	0	2013-10-20 20:26:46.361443+00	0		
1192	133813	1256	2009771	0	2013-10-27 23:00:17.119403+00	0		
16165	133743	5175	3165609	0	2015-07-04 01:00:53.550611+00	0		
1140	133743	1187	2009269	0	2013-10-20 20:27:59.514485+00	0		
30	133735	774	2002183	0	2013-10-17 15:17:20.946565+00	0		
1174	133743	1238	2009513	0	2013-10-20 21:38:52.93736+00	0		
1180	133737	1251	2009565	0	2013-10-20 21:46:54.118231+00	0		
33	133737	775	2002184	0	2013-10-18 15:00:17.553196+00	0		
1186	133813	1255	2009663	0	2013-10-20 22:02:11.80349+00	0		
16166	133813	12067	3165784	0	2015-07-04 06:01:12.410088+00	0		
1204	133735	1262	2010046	0	2013-10-20 23:13:32.93752+00	0		
1218	133735	1268	2011002	0	2013-10-28 09:00:16.678341+00	0		
1232	133745	1270	2011643	0	2013-10-28 10:00:16.695588+00	0		
1221	133743	1247	2011009	0	2013-10-21 08:30:25.281086+00	0		
1228	133743	1264	2011016	0	2013-10-21 08:31:40.227265+00	0		
1241	133745	1273	2011886	0	2013-10-28 12:00:15.399124+00	0		
1253	133735	1277	2012102	0	2013-10-28 13:00:22.047554+00	0		
1255	133745	1277	2012133	0	2013-10-28 13:00:22.072558+00	0		
1384	133735	1307	2017333	0	2013-10-29 01:00:44.399939+00	0		
1327	133743	1287	2014468	0	2013-10-21 17:34:44.197895+00	0		
89	133735	795	2002247	0	2013-10-17 15:27:21.519364+00	0		
1376	133745	1305	2016035	0	2013-10-21 21:39:46.143872+00	0		
1333	133813	1290	2014493	0	2013-10-21 18:20:23.710331+00	0		
1344	133743	1279	2014886	0	2013-10-21 19:41:12.81225+00	0		
1351	133743	1294	2014905	0	2013-10-21 19:43:05.094223+00	0		
1357	133737	1298	2015178	0	2013-10-21 20:09:43.692933+00	0		
1404	133735	1313	2021708	0	2013-10-29 11:00:13.861681+00	0		
16169	133813	12078	3166037	0	2015-07-04 11:01:09.052899+00	0		
90	133745	795	2002248	0	2013-10-17 15:27:28.953936+00	0		
1410	133745	1314	2021724	0	2013-10-29 11:00:24.40939+00	0		
97	133735	799	2002255	0	2013-10-17 15:28:52.559325+00	0		
91	133745	795	2002249	0	2013-10-17 15:27:36.762129+00	0		
1435	133745	1320	2022000	0	2013-10-29 13:00:28.642992+00	0		
1423	133745	1205	2021765	0	2013-10-22 11:09:08.119571+00	0		
1447	133735	1324	2022176	0	2013-10-22 13:13:23.388837+00	0		
93	133751	795	2002251	0	2013-10-17 15:27:53.675647+00	0		
94	133735	796	2002252	0	2013-10-17 15:28:13.667039+00	0		
99	133735	800	2002257	0	2013-10-17 15:29:11.073873+00	0		
1477	133743	1303	2024004	0	2013-10-22 17:23:34.483452+00	0		
100	133745	800	2002258	0	2013-10-17 15:29:18.558121+00	0		
869	133745	1138	2006148	0	2013-10-26 01:00:49.216977+00	0		
1462	133745	1330	2022670	0	2013-10-22 15:49:28.876524+00	0		
1480	133813	1334	2024058	0	2013-10-29 18:00:18.583297+00	0		
1482	133813	1335	2024819	0	2013-10-29 20:00:15.168281+00	0		
1493	133745	1341	2024927	0	2013-10-29 21:00:25.252491+00	0		
1484	133743	1321	2024906	0	2013-10-22 19:35:05.257326+00	0		
1487	133737	1338	2024918	0	2013-10-22 19:59:03.045323+00	0		
1490	133735	1340	2024924	0	2013-10-22 20:10:30.323321+00	0		
1497	133765	1341	2024931	0	2013-10-29 21:00:25.444013+00	0		
16170	133813	12083	3166194	0	2015-07-04 13:00:25.519787+00	0		
1500	133745	1343	2024935	0	2013-10-22 20:23:19.647131+00	0		
1506	133737	1348	2025037	0	2013-10-22 20:56:12.234286+00	0		
1510	133735	1349	2025060	0	2013-10-29 22:00:14.81541+00	0		
1517	133735	1354	2025525	0	2013-10-29 23:00:24.342056+00	0		
1313	216420	1045	2014211	0	2015-02-11 22:52:12.353838+00	0		
1393	216420	1308	2020430	0	2015-02-11 22:59:06.924296+00	0		
1467	216420	792	2022836	0	2015-02-11 23:03:25.526138+00	0		
1315	216420	1037	2014231	0	2015-02-11 23:03:25.526138+00	0		
1512	216420	1352	2025454	0	2015-02-11 23:03:25.526138+00	0		
1261	216420	1276	2012728	0	2015-02-11 23:11:06.014206+00	0		
1502	216420	1344	2024939	0	2015-02-11 23:13:37.216241+00	0		
1198	216420	1260	2009978	0	2015-02-11 23:13:37.216241+00	0		
1273	216420	1263	2013017	0	2015-02-11 23:32:13.767384+00	0		
1399	216420	1310	2020694	0	2015-02-11 23:33:12.151179+00	0		
95	216420	796	2002253	0	2015-02-11 23:34:13.802443+00	0		
101	216420	800	2002259	0	2015-02-11 23:34:13.802443+00	0		
1441	216420	1322	2022026	0	2015-02-11 23:34:13.802443+00	0		
1514	216420	1353	2025482	0	2015-02-11 23:34:13.802443+00	0		
92	216420	795	2002250	0	2015-02-11 23:34:13.802443+00	0		
986	216420	1187	2007134	0	2015-02-11 23:34:13.802443+00	0		
1452	216420	794	2022251	0	2015-02-11 23:35:14.286721+00	0		
1320	216420	1013	2014300	0	2015-02-11 23:37:13.350732+00	0		
1062	216420	1217	2008137	0	2015-02-11 23:37:13.350732+00	0		
976	216420	1185	2007124	0	2015-02-11 23:37:13.350732+00	0		
16168	133735	12076	3165899	0	2015-06-27 07:57:22.075214+00	0		
897	133784	1014	2006458	0	2013-10-25 02:00:19.443118+00	0		
1167	133735	1240	2009456	0	2013-10-27 22:00:18.591478+00	0		
1474	133735	1333	2023725	0	2013-10-29 17:00:16.38084+00	0		
123	133745	774	2002282	0	2013-10-17 15:33:45.537788+00	0		
873	133814	1142	2006237	0	2013-10-19 03:02:08.724914+00	0		
876	133748	1144	2006300	0	2013-10-19 03:42:16.687432+00	0		
16171	133745	12085	3166584	0	2015-07-04 18:01:30.844578+00	0		
16159	133735	12051	3163344	0	2015-07-02 18:02:44.458508+00	0		
16164	133813	12059	3164509	0	2015-07-03 11:01:02.622849+00	0		
879	133748	1145	2006327	0	2013-10-19 05:11:46.257032+00	0		
16158	133735	12050	3163131	0	2015-06-25 15:14:50.847696+00	0		
16161	216420	12053	3163583	0	2015-06-25 19:55:13.474821+00	0		
182	133735	828	2002314	0	2013-10-19 08:00:24.00856+00	0		
184	133737	828	2002348	0	2013-10-19 08:00:24.00856+00	0		
885	133735	1149	2006410	0	2013-10-19 09:23:36.827697+00	0		
886	133745	1149	2006411	0	2013-10-19 09:24:30.784372+00	0		
17898	133813	13427	3284833	0	2015-09-27 13:01:28.188951+00	0		
890	133737	1152	2006455	0	2013-10-19 11:28:36.306752+00	0		
898	133745	1154	2006470	0	2013-10-19 12:03:10.679141+00	0		
906	133784	1159	2006506	0	2013-10-19 13:12:58.685976+00	0		
968	133735	1180	2007098	0	2013-10-20 00:56:09.936362+00	0		
914	133814	1161	2006531	0	2013-10-19 13:43:24.751121+00	0		
940	133813	1170	2006876	0	2013-10-26 23:00:14.203895+00	0		
978	133735	1186	2007126	0	2013-10-20 01:05:57.764589+00	0		
16172	133745	12087	3166647	0	2015-07-04 19:00:42.212698+00	0		
16173	133735	12087	3166648	0	2015-07-04 19:00:44.647772+00	0		
1145	133743	1198	2009275	0	2013-10-20 20:29:12.445229+00	0		
998	133745	1192	2007150	0	2013-10-20 01:21:40.5055+00	0		
932	133743	1043	2006634	0	2013-10-20 05:00:26.888536+00	0		
1090	133813	1233	2008883	0	2013-10-27 20:00:23.274162+00	0		
1155	133813	1242	2009329	0	2013-10-27 21:00:20.788362+00	0		
1215	133813	1267	2010997	0	2013-10-28 09:00:15.605338+00	0		
1102	133737	1237	2009123	0	2013-10-20 20:06:50.724625+00	0		
1161	133737	1244	2009428	0	2013-10-20 20:59:56.712461+00	0		
1114	133743	957	2009238	0	2013-10-20 20:22:06.726307+00	0		
1121	133743	1122	2009245	0	2013-10-20 20:23:47.364578+00	0		
1136	133743	1182	2009264	0	2013-10-20 20:27:02.018206+00	0		
1138	133743	1185	2009266	0	2013-10-20 20:27:30.026857+00	0		
1175	133743	1241	2009514	0	2013-10-20 21:39:05.456119+00	0		
17883	133736	13407	3283599	0	2015-09-26 12:00:41.881391+00	0		
1187	133735	1255	2009666	0	2013-10-20 22:02:26.974389+00	0		
1233	133745	1270	2011650	0	2013-10-28 10:00:16.711987+00	0		
1199	133737	1260	2009986	0	2013-10-20 23:02:58.730399+00	0		
1205	133737	1262	2010047	0	2013-10-20 23:13:46.359198+00	0		
17893	133736	13419	3284542	0	2015-09-27 09:00:15.020069+00	0		
1336	133735	1292	2014496	0	2013-10-21 18:31:46.785522+00	0		
1222	133743	1249	2011010	0	2013-10-21 08:30:36.830048+00	0		
212	133735	839	2002392	0	2013-10-17 15:51:03.06301+00	0		
12430	133745	8874	2824162	0	2014-12-18 08:42:11.127671+00	0		
1254	133813	1277	2012118	0	2013-10-28 13:00:22.061719+00	0		
1301	133737	1284	2013585	0	2013-10-21 15:35:04.130475+00	0		
213	133737	839	2002394	0	2013-10-17 15:51:10.685642+00	0		
1302	133735	1284	2013589	0	2013-10-21 15:35:23.868584+00	0		
1358	133735	1299	2015328	0	2013-10-28 21:00:19.160327+00	0		
214	133735	841	2002395	0	2013-10-17 15:51:28.646516+00	0		
1385	133745	1307	2017338	0	2013-10-29 01:00:44.415536+00	0		
1405	133784	1313	2021709	0	2013-10-29 11:00:13.873249+00	0		
1328	133735	1287	2014469	0	2013-10-21 17:34:55.613824+00	0		
1345	133743	1281	2014889	0	2013-10-21 19:41:26.924581+00	0		
1377	133745	1305	2016037	0	2013-10-21 21:39:52.763526+00	0		
18653	201295	11655	3325828	1	2015-10-19 05:52:52.385977+00	0		
216	133745	841	2002397	0	2013-10-17 15:51:35.543001+00	0		
217	133745	841	2002398	0	2013-10-17 15:51:42.564582+00	0		
1364	133737	1303	2015736	0	2013-10-21 21:12:18.811697+00	0		
218	133765	841	2002399	0	2013-10-17 15:51:48.433271+00	0		
1411	133784	1314	2021725	0	2013-10-29 11:00:24.424888+00	0		
1378	133784	1305	2016039	0	2013-10-21 21:40:01.572577+00	0		
1400	133745	1310	2020698	0	2013-10-29 08:00:14.418289+00	0		
1417	133745	1315	2021751	0	2013-10-29 11:00:28.368673+00	0		
1442	133745	1322	2022031	0	2013-10-29 13:00:30.494825+00	0		
231	133735	849	1521401	0	2013-10-17 15:54:55.723204+00	0		
1453	133745	794	2002246	0	2013-10-29 14:00:15.731936+00	0		
1448	133735	1306	2022185	0	2013-10-22 13:14:56.072083+00	0		
1458	133735	1328	2022459	0	2013-10-22 14:06:05.324845+00	0		
1468	133735	1332	2022932	0	2013-10-29 16:00:14.791349+00	0		
1481	133735	1334	2024061	0	2013-10-29 18:00:18.603893+00	0		
242	133735	854	2002421	0	2013-10-17 15:57:20.622455+00	0		
1478	133743	1304	2024005	0	2013-10-22 17:23:49.607042+00	0		
243	133745	854	2002422	0	2013-10-17 15:57:26.68089+00	0		
949	216420	1173	2006997	0	2015-02-11 22:52:12.353838+00	0		
1430	216420	1318	2021916	0	2015-02-11 22:52:12.353838+00	0		
186	216420	828	2002351	0	2015-02-11 22:59:06.924296+00	0		
1274	216420	1261	2013030	0	2015-02-11 23:03:25.526138+00	0		
1064	216420	1219	2008242	0	2015-02-11 23:06:10.078157+00	0		
1006	216420	1195	2007159	0	2015-02-11 23:08:50.572377+00	0		
1268	216420	1270	2012892	0	2015-02-11 23:08:50.572377+00	0		
1108	216420	1239	2009222	0	2015-02-11 23:11:06.014206+00	0		
1262	216420	1275	2012752	0	2015-02-11 23:11:06.014206+00	0		
1436	216420	1320	2022004	0	2015-02-11 23:32:13.767384+00	0		
1096	216420	1235	2008912	0	2015-02-11 23:33:12.151179+00	0		
1323	216420	995	2014371	0	2015-02-11 23:34:13.802443+00	0		
1295	216420	964	2013474	0	2015-02-11 23:36:15.014429+00	0		
1463	216420	1330	2022675	0	2015-02-11 23:37:13.350732+00	0		
1282	216420	1208	2013215	0	2015-02-11 23:37:13.350732+00	0		
1014	216420	1199	2007179	0	2015-02-11 23:38:14.268595+00	0		
923	216420	1164	2006573	0	2015-02-11 23:39:15.445953+00	0		
1133	216420	1241	2009260	0	2015-02-11 23:39:15.445953+00	0		
1289	216420	1138	2013306	0	2015-02-11 23:39:15.445953+00	0		
1314	216420	1037	2014228	0	2015-02-11 23:40:17.275047+00	0		
989	216420	1188	2007137	0	2015-02-11 23:40:17.275047+00	0		
1483	133745	1335	2024826	0	2013-10-29 20:00:15.224075+00	0		
1485	133735	1337	502332	0	2013-10-29 20:00:23.63979+00	0		
1488	133813	1339	2024922	0	2013-10-29 21:00:24.376016+00	0		
249	133735	857	2002428	0	2013-10-17 15:58:45.360417+00	0		
1491	133813	1341	2024925	0	2013-10-29 21:00:25.232106+00	0		
258	133735	862	2002440	0	2013-10-17 16:01:03.928549+00	0		
263	133735	865	2002447	0	2013-10-17 16:02:38.132191+00	0		
244	136095	854	2002423	0	2013-10-30 22:00:21.995397+00	0		
5494	133737	3541	2340164	0	2014-01-07 18:07:42.02116+00	0		
871	133813	1141	2006184	0	2013-10-19 01:08:51.133604+00	0		
253	133735	859	2002433	0	2013-10-17 15:59:40.269131+00	0		
254	133745	859	2002434	0	2013-10-17 15:59:44.592942+00	0		
255	133735	860	2002435	0	2013-10-17 16:00:05.277244+00	0		
874	133813	1142	2006238	0	2013-10-19 03:02:23.348322+00	0		
18572	201295	5228	3322885	1	2015-10-17 08:00:25.922669+00	0		
18355	133737	5123	3313701	0	2015-10-18 06:01:00.618096+00	0		
18634	133735	13817	3324220	1	2015-10-18 06:25:41.48418+00	0		
18405	133743	13724	3314946	0	2015-10-19 00:00:45.383073+00	0		
18406	201295	13724	3314947	0	2015-10-19 00:00:47.6631+00	0		
18654	133735	11655	3325829	1	2015-10-19 05:52:52.385977+00	0		
18414	201295	13726	3315192	0	2015-10-19 06:00:50.164953+00	0		
18562	133813	13783	3321603	0	2015-10-23 10:00:59.071935+00	0		
256	133745	860	2002437	0	2013-10-17 16:00:11.378442+00	0		
257	133735	861	2002438	0	2013-10-17 16:00:36.448037+00	0		
259	133745	862	2002441	0	2013-10-17 16:01:11.281092+00	0		
877	133813	1144	2006301	0	2013-10-19 03:42:30.112941+00	0		
260	133735	863	2002443	0	2013-10-17 16:01:33.965824+00	0		
261	133735	864	2002444	0	2013-10-17 16:02:03.274383+00	0		
262	133765	864	2002446	0	2013-10-17 16:02:11.471377+00	0		
880	133813	1145	2006328	0	2013-10-19 05:11:58.922946+00	0		
264	133765	865	2002448	0	2013-10-17 16:02:45.051406+00	0		
16175	133735	12095	3167453	0	2015-07-05 05:01:02.780975+00	0		
887	133745	996	2006412	0	2013-10-26 10:00:22.496391+00	0		
267	133735	866	2002451	0	2013-10-17 16:03:19.479294+00	0		
270	133745	869	2002454	0	2013-10-17 16:04:36.696099+00	0		
5612	133743	3551	2346771	0	2014-01-12 23:19:06.694817+00	0		
999	133735	1007	2003721	0	2013-10-25 02:00:19.745742+00	0		
960	133735	1178	2007063	0	2013-10-20 00:52:51.330746+00	0		
326	133735	890	2002513	0	2013-10-17 16:15:02.56092+00	0		
327	133745	890	2002514	0	2013-10-17 16:15:08.897305+00	0		
907	133745	1159	2006507	0	2013-10-19 13:13:13.183913+00	0		
329	133751	890	2002516	0	2013-10-17 16:15:22.599498+00	0		
1050	133735	1214	2008114	0	2013-10-20 11:49:59.714587+00	0		
12431	133735	8874	2824163	0	2014-12-18 08:42:11.127671+00	0		
969	133745	1180	2007101	0	2013-10-20 00:56:18.508181+00	0		
924	133735	1164	2006574	0	2013-10-19 15:36:07.806973+00	0		
16180	133737	5272	3168286	0	2015-10-18 23:00:24.555522+00	0		
16176	133743	4070	3167463	0	2015-06-28 05:12:32.256998+00	0		
943	133737	1171	2006965	0	2013-10-20 00:42:36.238306+00	0		
979	133745	1186	2007127	0	2013-10-20 01:06:01.377491+00	0		
988	133737	1188	2007136	0	2013-10-20 01:09:17.233138+00	0		
1057	133813	1216	2008127	0	2013-10-20 12:03:11.393351+00	0		
990	133745	1188	2007138	0	2013-10-20 01:09:24.800662+00	0		
1346	133743	964	2003222	0	2013-10-25 08:00:20.500302+00	0		
1146	133743	1199	2009277	0	2013-10-20 20:29:30.60657+00	0		
1066	133737	1219	2008244	0	2013-10-20 12:24:14.355485+00	0		
1015	133813	1199	2007180	0	2013-10-20 02:24:20.395382+00	0		
16184	133737	12109	3169043	0	2015-07-06 02:02:12.902084+00	0		
931	133745	1167	2006632	0	2013-10-26 20:00:13.251519+00	0		
1074	133735	1223	2008457	0	2013-10-27 16:00:29.829882+00	0		
1071	133735	1221	2008335	0	2013-10-20 14:12:34.077579+00	0		
1076	133735	1225	2008803	0	2013-10-27 19:00:13.089695+00	0		
1077	133735	1226	2008828	0	2013-10-27 19:00:31.731989+00	0		
1081	133813	1226	2008834	0	2013-10-27 19:00:33.29182+00	0		
1091	133735	1233	2008884	0	2013-10-27 20:00:23.303119+00	0		
1162	133813	1245	2009432	0	2013-10-27 22:00:13.583543+00	0		
1085	133735	1228	2008841	0	2013-10-20 18:37:32.558867+00	0		
1156	133735	1242	2009333	0	2013-10-27 21:00:20.799596+00	0		
367	133735	903	2002557	0	2013-10-17 16:21:34.531705+00	0		
1097	133813	1235	2008913	0	2013-10-20 19:40:24.907831+00	0		
1109	133735	1239	2009226	0	2013-10-20 20:20:16.18452+00	0		
16193	133743	9697	3169352	0	2015-07-06 11:00:44.692161+00	0		
1115	133743	1023	2009239	0	2013-10-20 20:22:21.633434+00	0		
1122	133743	1123	2009246	0	2013-10-20 20:24:02.069728+00	0		
428	133735	923	2002629	0	2013-10-17 16:30:51.13947+00	0		
1129	133743	1175	2009254	0	2013-10-20 20:25:42.794405+00	0		
1137	133743	1183	2009265	0	2013-10-20 20:27:16.279533+00	0		
490	133745	902	2003074	0	2013-10-17 18:29:53.783975+00	0		
1141	133743	1188	2009270	0	2013-10-20 20:28:16.179565+00	0		
493	133813	775	2003099	0	2013-10-18 15:00:17.553196+00	0		
1173	133743	1237	2009512	0	2013-10-20 21:38:38.749748+00	0		
1176	133743	1244	2009516	0	2013-10-20 21:39:17.904411+00	0		
1182	133735	1252	2009580	0	2013-10-20 21:49:17.171134+00	0		
1256	133784	1277	2012143	0	2013-10-28 13:00:22.137329+00	0		
1188	133745	1255	2009669	0	2013-10-20 22:02:55.151897+00	0		
16194	133735	12116	3169565	0	2015-07-06 13:02:47.402852+00	0		
1207	133745	1263	2010050	0	2013-10-28 00:00:16.146257+00	0		
1216	133735	1267	2010998	0	2013-10-28 09:00:15.640854+00	0		
1234	133735	1271	2011746	0	2013-10-28 11:00:13.283616+00	0		
1223	133743	1251	2011011	0	2013-10-21 08:30:49.102584+00	0		
496	133814	775	2003111	0	2013-10-18 15:00:17.553196+00	0		
16186	133813	12111	3169150	0	2015-06-29 06:36:00.64371+00	0		
458	133735	784	2002216	0	2013-10-17 17:27:10.437565+00	0		
1303	133735	1285	2013691	0	2013-10-21 15:48:49.783972+00	0		
1386	133745	1307	2017347	0	2013-10-29 01:00:44.48757+00	0		
1395	133735	1309	2020588	0	2013-10-29 08:00:14.069012+00	0		
16200	133743	12120	3169915	0	2015-07-06 18:03:33.119981+00	0		
1329	133737	1287	2014470	0	2013-10-21 17:36:26.145534+00	0		
1353	133737	1296	2015134	0	2013-10-21 20:05:28.278454+00	0		
479	133813	863	2002992	0	2013-10-17 18:15:25.894137+00	0		
1359	133735	1301	2015407	0	2013-10-21 20:35:11.691902+00	0		
1316	216420	1035	2014246	0	2015-02-11 22:52:12.353838+00	0		
1165	216420	1246	2009447	0	2015-02-11 22:59:06.924296+00	0		
1281	216420	1225	2013198	0	2015-02-11 23:03:25.526138+00	0		
1365	216420	1303	2015741	0	2015-02-11 23:06:10.078157+00	0		
1290	216420	1137	2013321	0	2015-02-11 23:06:10.078157+00	0		
1322	216420	996	2014358	0	2015-02-11 23:08:50.572377+00	0		
1283	216420	1207	2013236	0	2015-02-11 23:34:13.802443+00	0		
1285	216420	1170	2013261	0	2015-02-11 23:34:13.802443+00	0		
1275	216420	1259	2013048	0	2015-02-11 23:35:14.286721+00	0		
1309	216420	1056	2014148	0	2015-02-11 23:39:15.445953+00	0		
1269	216420	1269	2012925	0	2015-02-11 23:40:17.275047+00	0		
429	133813	923	2002631	0	2013-10-17 16:31:08.601321+00	0		
1372	133745	1304	2016008	0	2013-10-21 21:37:06.251142+00	0		
1406	133745	1313	2021710	0	2013-10-29 11:00:14.177633+00	0		
489	133813	902	2003071	0	2013-10-17 18:29:43.362206+00	0		
442	133735	914	2002650	0	2013-10-17 16:35:39.395286+00	0		
1419	133735	1316	2021756	0	2013-10-29 11:00:29.452633+00	0		
154	133813	784	2002316	0	2013-10-17 15:37:46.355368+00	0		
120	133813	774	2002279	0	2013-10-17 15:33:21.690841+00	0		
1431	133735	1319	2021926	0	2013-10-29 13:00:20.007499+00	0		
1443	133784	1322	2022091	0	2013-10-29 14:00:09.353849+00	0		
16201	133735	12128	3171102	0	2015-07-07 14:00:54.038682+00	0		
250	136096	857	2002429	0	2013-10-30 22:00:22.423737+00	0		
883	133735	1147	2004210	0	2013-10-26 09:00:25.122016+00	0		
268	133735	869	2002452	0	2013-10-17 16:04:19.804185+00	0		
269	133745	869	2002453	0	2013-10-17 16:04:29.018115+00	0		
271	133751	869	2002455	0	2013-10-17 16:04:42.39728+00	0		
872	133737	1141	2006185	0	2013-10-19 01:09:43.406358+00	0		
272	133735	870	2002456	0	2013-10-17 16:05:07.253877+00	0		
273	133745	870	2002457	0	2013-10-17 16:05:14.859538+00	0		
16195	133735	12118	3169734	0	2015-06-29 15:33:06.436343+00	0		
16196	133745	12118	3169735	0	2015-06-29 15:33:06.436343+00	0		
16198	133743	12118	3169737	0	2015-06-29 15:33:06.436343+00	0		
16199	133737	12118	3169738	0	2015-06-29 15:33:06.436343+00	0		
16202	133735	12131	3171469	0	2015-07-07 20:02:57.231029+00	0		
16174	133745	12088	3166995	0	2015-07-04 22:02:27.262532+00	0		
16185	133743	12109	3169044	0	2015-07-06 02:02:15.47214+00	0		
274	133765	870	2002458	0	2013-10-17 16:05:21.439224+00	0		
875	133735	1143	2006240	0	2013-10-19 03:08:05.872935+00	0		
275	133735	871	2002459	0	2013-10-17 16:05:42.874658+00	0		
276	133765	871	2002460	0	2013-10-17 16:05:47.868491+00	0		
277	133735	872	2002461	0	2013-10-17 16:06:13.402126+00	0		
278	133765	872	2002462	0	2013-10-17 16:06:20.840582+00	0		
878	133813	1144	2006302	0	2013-10-19 03:43:05.196146+00	0		
279	133765	874	2002463	0	2013-10-17 16:06:46.063079+00	0		
280	133735	875	2002464	0	2013-10-17 16:07:03.595025+00	0		
281	133735	876	2002465	0	2013-10-17 16:07:47.31412+00	0		
282	133745	876	2002466	0	2013-10-17 16:07:56.98379+00	0		
366	133735	902	2002556	0	2013-10-17 16:21:20.513642+00	0		
283	133745	876	2002467	0	2013-10-17 16:08:03.83731+00	0		
884	133735	1146	2004210	0	2013-10-19 08:48:27.047132+00	0		
888	133735	1150	2006422	0	2013-10-19 09:47:38.559183+00	0		
16181	133813	12104	3168304	0	2015-07-05 18:02:03.66383+00	0		
900	133737	1155	2006485	0	2013-10-19 12:18:12.653089+00	0		
1051	133737	1214	2008115	0	2013-10-20 11:50:13.921733+00	0		
908	133745	1159	2006508	0	2013-10-19 13:13:23.959526+00	0		
5496	133813	3543	2340494	0	2014-01-15 01:00:16.120198+00	0		
970	133737	1181	2007109	0	2013-10-20 00:57:18.193578+00	0		
925	133735	1165	2006579	0	2013-10-19 15:50:36.935794+00	0		
1026	133735	1205	2007991	0	2013-10-27 10:00:14.135723+00	0		
944	133735	1171	868056	0	2013-10-20 00:42:52.031191+00	0		
981	133784	1186	2007129	0	2013-10-20 01:06:08.314426+00	0		
17899	133735	13430	3284882	0	2015-09-27 14:00:27.163453+00	0		
16187	133813	12113	3169154	0	2015-06-29 06:38:37.352894+00	0		
1058	133735	1217	2008133	0	2013-10-20 12:09:00.052158+00	0		
934	133735	1168	2006641	0	2013-10-26 21:00:17.061822+00	0		
328	133745	890	2002515	0	2013-10-17 16:15:15.476516+00	0		
1147	133743	1214	2009278	0	2013-10-20 20:29:45.702314+00	0		
1019	133743	1202	2007655	0	2013-10-20 08:04:32.758222+00	0		
1036	133735	1208	2008062	0	2013-10-27 11:00:27.179896+00	0		
1072	133813	1001	2008340	0	2013-10-27 15:00:37.593883+00	0		
1075	133813	1029	2008466	0	2013-10-27 16:00:33.48942+00	0		
1067	133813	1219	2008245	0	2013-10-20 12:24:37.079263+00	0		
1078	133735	1227	2008831	0	2013-11-19 08:00:25.98921+00	0		
1092	133745	1233	2008887	0	2013-10-27 20:00:23.320825+00	0		
1257	133751	1277	2012152	0	2013-10-28 13:00:22.210325+00	0		
1153	133743	1230	2009287	0	2013-10-20 20:31:09.337348+00	0		
1104	133737	1238	2009164	0	2013-10-20 20:10:27.061323+00	0		
1189	133736	1257	2009763	0	2013-10-27 23:00:16.973362+00	0		
1116	133743	1024	2009240	0	2013-10-20 20:22:41.808501+00	0		
1118	133743	1072	2009242	0	2013-10-20 20:22:58.931278+00	0		
16179	133813	12100	3168069	0	2015-07-05 16:01:44.27178+00	0		
1123	133743	1124	2009247	0	2013-10-20 20:24:17.155405+00	0		
1130	133743	1176	2009257	0	2013-10-20 20:26:00.634275+00	0		
1139	133743	1186	2009268	0	2013-10-20 20:27:43.578899+00	0		
16203	133737	12131	3171471	0	2015-07-07 20:03:00.043161+00	0		
1195	133813	1259	2009868	0	2013-10-27 23:00:20.570403+00	0		
1177	133745	1250	2009520	0	2013-10-20 21:40:00.188152+00	0		
1381	133813	1307	2017318	0	2013-10-29 01:00:43.96171+00	0		
16204	133743	12131	3171472	0	2015-07-07 20:03:03.103539+00	0		
422	133743	729	2002622	0	2013-10-17 16:29:58.871614+00	0		
1201	133735	1261	2010033	0	2013-10-28 00:00:14.197674+00	0		
1211	133735	1266	2010989	0	2013-10-28 08:00:29.668283+00	0		
1217	133745	1267	2010999	0	2013-10-28 09:00:15.722702+00	0		
17901	133813	13432	3285025	0	2015-09-27 16:00:34.483716+00	0		
1235	133745	1271	2011751	0	2013-10-28 11:00:13.348779+00	0		
1224	133743	1252	2011012	0	2013-10-21 08:30:59.469415+00	0		
1226	133743	1255	2011014	0	2013-10-21 08:31:20.468573+00	0		
17902	133735	13432	3285026	0	2015-09-27 16:00:37.135243+00	0		
1244	133735	1274	2011894	0	2013-10-28 12:00:20.161284+00	0		
1250	133735	1276	2011911	0	2013-10-28 13:00:17.094235+00	0		
1297	133735	1283	2013488	0	2013-10-21 15:21:36.47668+00	0		
1387	133784	1307	2017352	0	2013-10-29 01:00:44.50375+00	0		
17904	133813	13434	3285100	0	2015-09-27 17:02:48.367519+00	0		
1373	133784	1304	2016010	0	2013-10-21 21:37:15.004642+00	0		
1360	133735	1302	2015653	0	2013-10-21 21:03:29.042832+00	0		
1347	133743	1289	2014894	0	2013-10-21 19:41:58.333562+00	0		
1366	133813	1303	2015748	0	2013-10-21 21:13:35.483019+00	0		
464	133735	944	1766	0	2013-10-24 18:00:34.482627+00	0		
17905	133751	13434	3285101	0	2015-09-27 17:02:50.940169+00	0		
1380	133737	1306	2017054	0	2013-10-21 23:21:12.525896+00	0		
1401	133735	1312	2021703	0	2013-10-29 10:00:17.709684+00	0		
1389	133743	1295	2019545	0	2013-10-22 05:01:53.991335+00	0		
1276	216420	1257	2013075	0	2015-02-11 22:52:12.353838+00	0		
1008	216420	1198	2007172	0	2015-02-11 22:59:06.924296+00	0		
1407	216420	1313	2021711	0	2015-02-11 23:03:25.526138+00	0		
1396	216420	1309	2020593	0	2015-02-11 23:03:25.526138+00	0		
1264	216420	1273	2012825	0	2015-02-11 23:32:13.767384+00	0		
1304	216420	1134	2014091	0	2015-02-11 23:33:12.151179+00	0		
951	216420	1174	2007016	0	2015-02-11 23:34:13.802443+00	0		
1412	216420	1314	2021728	0	2015-02-11 23:35:14.286721+00	0		
1270	216420	1268	2012940	0	2015-02-11 23:36:15.014429+00	0		
1284	216420	1205	2013249	0	2015-02-11 23:37:13.350732+00	0		
1291	216420	729	2013324	0	2015-02-11 23:37:13.350732+00	0		
297	133735	882	3038851	0	2015-04-06 19:05:21.585629+00	0		
492	133743	775	1773846	0	2013-10-18 15:00:17.553196+00	0		
451	133735	935	2002674	0	2013-10-17 16:56:51.58004+00	0		
1413	133813	1314	2021736	0	2013-10-29 11:00:26.760778+00	0		
1432	133745	1319	2021927	0	2013-10-29 13:00:20.021572+00	0		
1444	133735	1323	2022167	0	2013-10-29 14:00:13.184806+00	0		
892	133735	1014	2003753	0	2013-10-25 02:00:19.443118+00	0		
1454	133735	1327	2022346	0	2013-10-29 14:00:18.175593+00	0		
1438	133737	1321	2022019	0	2013-10-22 12:50:26.400939+00	0		
1459	133735	1329	2022534	0	2013-10-29 15:00:26.994447+00	0		
1449	133735	1325	2022218	0	2013-10-22 13:21:53.937862+00	0		
1469	133745	1332	2022938	0	2013-10-29 16:00:14.813169+00	0		
1110	133735	2692	2009229	0	2013-11-26 22:00:19.231554+00	0		
5495	133745	3544	2340450	0	2014-01-15 00:00:11.421275+00	0		
11255	133735	8167	2767249	0	2014-11-17 22:42:21.079843+00	0		
17906	133745	13434	3285102	0	2015-09-27 17:02:53.343306+00	0		
459	133743	784	2002764	0	2013-10-17 17:28:45.324367+00	0		
502	133735	955	2003126	0	2013-10-17 18:46:57.810843+00	0		
1037	133745	1208	2008064	0	2013-10-27 11:00:27.389445+00	0		
1001	133737	1007	2007153	0	2013-10-25 02:00:19.745742+00	0		
1043	133737	2095	2008104	0	2013-11-10 19:01:25.175397+00	0		
505	133735	956	2003129	0	2013-10-17 18:47:54.05725+00	0		
506	133813	956	2003132	0	2013-10-17 18:48:08.337898+00	0		
17907	133813	4990	3285354	0	2015-09-27 21:00:48.952627+00	0		
17911	133745	13438	3285401	0	2015-09-27 21:02:42.302948+00	0		
17912	133735	13439	3285469	0	2015-09-27 22:02:13.37942+00	0		
17913	133735	13441	3285475	0	2015-09-27 23:00:24.785694+00	0		
17920	133735	13447	3285535	0	2015-09-28 00:00:48.850919+00	0		
17894	133735	13421	3284547	0	2015-09-27 09:00:24.469511+00	0		
507	133745	955	2003133	0	2013-10-17 18:48:25.619968+00	0		
5512	133735	3552	2341109	0	2014-01-08 14:53:29.029128+00	0		
954	133737	1176	2007039	0	2013-10-20 00:50:46.115288+00	0		
16205	133735	12132	3171483	0	2015-07-07 20:03:33.277665+00	0		
935	133743	1037	2006647	0	2013-10-19 20:42:27.505837+00	0		
1052	133813	1214	2008119	0	2013-10-20 11:51:47.918941+00	0		
5501	133813	3550	2340995	0	2014-01-08 12:25:19.437695+00	0		
945	133813	1172	2006974	0	2013-10-20 00:44:01.553043+00	0		
962	133737	1178	2007072	0	2013-10-20 00:53:31.847622+00	0		
16188	133813	12114	3169156	0	2015-06-29 06:39:42.207345+00	0		
1059	133745	1217	2008134	0	2013-10-20 12:09:07.494815+00	0		
992	133735	1189	2007144	0	2013-10-20 01:18:40.778191+00	0		
1148	133743	1217	2009279	0	2013-10-20 20:29:55.616488+00	0		
1063	133737	1217	2008138	0	2013-10-20 12:09:44.8915+00	0		
1009	133737	1198	2007173	0	2013-10-20 02:19:23.003805+00	0		
16207	133743	12132	3171485	0	2015-07-07 20:03:39.150749+00	0		
1020	133735	1202	2007657	0	2013-10-20 08:04:48.121827+00	0		
34	133745	775	2002186	0	2013-10-18 15:00:17.553196+00	0		
1027	133745	1205	2007995	0	2013-10-27 10:00:14.281065+00	0		
5498	133735	3545	495700	0	2014-01-13 20:01:07.60656+00	0		
1068	133735	1220	2008263	0	2013-10-20 12:41:07.020352+00	0		
1150	133743	1227	2009282	0	2013-11-19 08:00:25.98921+00	0		
35	133745	775	2002187	0	2013-10-18 15:00:17.553196+00	0		
1073	133745	1222	2008361	0	2013-10-20 14:28:29.108964+00	0		
5613	133743	3553	2346772	0	2014-01-12 23:19:19.862871+00	0		
1117	133813	2692	2009241	0	2013-11-26 22:00:19.099408+00	0		
1087	133737	1230	2008861	0	2013-10-20 18:55:12.098166+00	0		
1158	133813	1244	2009423	0	2013-10-20 20:59:24.282039+00	0		
1099	133735	1237	2009103	0	2013-10-20 20:05:00.08843+00	0		
1171	133735	1248	2009497	0	2013-10-27 22:00:20.108538+00	0		
16217	133743	12137	3171775	0	2015-07-07 23:01:41.173854+00	0		
1124	133743	1160	2009249	0	2013-10-20 20:24:33.373843+00	0		
1164	133737	1246	2009444	0	2013-10-20 21:05:28.760016+00	0		
1131	133735	1241	2009258	0	2013-10-20 20:26:01.147439+00	0		
1286	216420	1169	2013269	0	2015-02-11 22:59:06.924296+00	0		
1196	133735	1259	2009870	0	2013-10-27 23:00:20.699857+00	0		
16218	133737	12137	3171776	0	2015-07-07 23:01:43.779853+00	0		
1184	133735	1253	2009606	0	2013-10-20 21:53:38.444696+00	0		
1202	133745	1261	2010044	0	2013-10-28 00:00:14.266784+00	0		
1206	133735	1263	2010048	0	2013-10-28 00:00:16.097661+00	0		
1212	133745	1266	2010990	0	2013-10-28 08:00:29.682106+00	0		
1219	133745	1268	2011005	0	2013-10-28 09:00:16.698557+00	0		
1209	133737	1264	2010982	0	2013-10-21 06:59:33.963853+00	0		
1230	133813	1270	2011638	0	2013-10-28 10:00:16.58796+00	0		
557	133813	983	2003607	0	2013-10-17 20:42:56.40194+00	0		
1236	133735	1272	2011845	0	2013-10-28 11:01:11.66109+00	0		
558	133814	983	2003608	0	2013-10-17 20:43:08.887676+00	0		
616	133735	1013	2003752	0	2013-10-25 00:00:14.70998+00	0		
1225	133743	1253	2011013	0	2013-10-21 08:31:10.222753+00	0		
1239	133735	1273	2011881	0	2013-10-28 12:00:15.28171+00	0		
1245	133813	1274	2011895	0	2013-10-28 12:00:20.173609+00	0		
1251	133745	1276	2011912	0	2013-10-28 13:00:17.105643+00	0		
578	133735	993	2003672	0	2013-10-24 22:00:18.399201+00	0		
579	133813	993	2003674	0	2013-10-24 22:00:20.414576+00	0		
619	133745	1013	2003756	0	2013-10-25 00:00:15.572667+00	0		
588	133735	997	2003700	0	2013-10-17 22:12:53.818458+00	0		
1338	133737	1293	2014500	0	2013-10-21 18:51:56.830974+00	0		
1298	133737	1283	2013501	0	2013-10-21 15:23:25.84757+00	0		
580	133745	993	2003676	0	2013-10-24 22:00:20.709322+00	0		
586	133735	995	2003697	0	2013-10-24 23:00:26.108693+00	0		
587	133735	996	2003699	0	2013-10-24 23:00:28.316554+00	0		
16238	133735	12147	3172483	0	2015-07-08 12:00:52.791353+00	0		
1325	133737	1286	2014466	0	2013-10-21 17:30:29.872423+00	0		
1391	133735	1308	2020418	0	2013-10-29 07:00:18.424172+00	0		
16239	133745	12147	3172484	0	2015-07-08 12:00:55.722305+00	0		
1342	133737	1295	2014793	0	2013-10-21 19:31:01.877973+00	0		
1349	133743	1292	2014900	0	2013-10-21 19:42:32.169356+00	0		
1355	133737	1297	2015160	0	2013-10-21 20:07:59.581252+00	0		
893	133737	1014	2006456	0	2013-10-25 02:00:19.443118+00	0		
1397	133745	1309	2020606	0	2013-10-29 08:00:14.14679+00	0		
1361	133745	1302	2015656	0	2013-10-21 21:03:36.279449+00	0		
5726	133765	3692	2353074	0	2014-01-26 01:00:20.898517+00	0		
1030	133735	1207	2008035	0	2013-10-26 14:00:28.811643+00	0		
1388	216420	1307	2017359	0	2015-02-11 22:59:06.924296+00	0		
1277	216420	1248	2013117	0	2015-02-11 23:03:25.526138+00	0		
982	216420	1186	2007130	0	2015-02-11 23:03:25.526138+00	0		
1105	216420	1238	2009170	0	2015-02-11 23:06:10.078157+00	0		
926	216420	1165	2006585	0	2015-02-11 23:11:06.014206+00	0		
1259	216420	1278	2012713	0	2015-02-11 23:13:37.216241+00	0		
1093	216420	1228	2008892	0	2015-02-11 23:32:13.767384+00	0		
1305	216420	1132	2014103	0	2015-02-11 23:34:13.802443+00	0		
1318	216420	1029	2014273	0	2015-02-11 23:34:13.802443+00	0		
1420	216420	1316	2021757	0	2015-02-11 23:36:15.014429+00	0		
909	216420	1159	2006512	0	2015-02-11 23:37:13.350732+00	0		
1311	216420	1049	2014177	0	2015-02-11 23:40:17.275047+00	0		
1371	133745	1304	2016006	0	2013-10-21 21:37:00.368928+00	0		
16226	133737	12141	3172125	0	2015-07-01 05:53:51.303977+00	0		
16230	133737	12143	3172176	0	2015-07-01 06:38:11.256327+00	0		
1421	133813	1316	2021760	0	2013-10-29 12:00:13.733221+00	0		
1427	133735	1318	2021908	0	2013-10-29 13:00:13.907694+00	0		
1450	133735	794	2002245	0	2013-10-29 14:00:15.398672+00	0		
1455	133745	1327	2022393	0	2013-10-29 14:00:19.073579+00	0		
1465	133745	792	2002241	0	2013-10-29 15:00:33.038737+00	0		
1470	133813	1332	2022948	0	2013-10-29 16:00:15.296284+00	0		
1472	133745	1333	2023694	0	2013-10-29 17:00:16.29385+00	0		
16232	133737	12144	3172305	0	2015-07-01 08:35:12.050584+00	0		
548	133814	914	2003468	0	2013-10-17 19:58:33.394634+00	0		
1475	133743	1296	2023998	0	2013-10-22 17:23:10.454093+00	0		
565	133735	986	2003633	0	2013-10-24 22:00:14.53353+00	0		
581	133745	986	2003679	0	2013-10-24 22:00:20.791522+00	0		
919	133737	934	2006559	0	2013-10-25 02:00:19.628985+00	0		
902	133737	1156	2006490	0	2013-10-19 12:39:34.26903+00	0		
16233	133737	10057	3172368	0	2015-07-01 09:34:20.274545+00	0		
910	133813	1159	2006513	0	2013-10-19 13:19:32.871176+00	0		
5526	133813	1746	2341627	0	2014-01-13 21:00:59.819754+00	0		
936	133735	1169	2006650	0	2013-10-26 21:00:19.735947+00	0		
1038	133784	1208	2008065	0	2013-10-27 11:00:27.405357+00	0		
946	133813	1171	2006980	0	2013-10-20 00:44:39.13927+00	0		
441	133736	3054	2002648	0	2015-07-04 16:01:27.47022+00	0		
16182	133745	12105	3168322	0	2015-07-05 18:03:09.80488+00	0		
16206	133737	12132	3171484	0	2015-07-07 20:03:36.491062+00	0		
16240	133745	12147	3172485	0	2015-07-08 12:00:58.640871+00	0		
964	133737	1179	2007085	0	2013-10-20 00:55:02.988526+00	0		
973	133737	1183	2007121	0	2013-10-20 01:01:42.435376+00	0		
980	133745	1186	2007128	0	2013-10-20 01:06:04.270441+00	0		
1060	133745	1217	2008135	0	2013-10-20 12:09:10.659744+00	0		
983	133813	1186	2007131	0	2013-10-20 01:06:19.41663+00	0		
16208	133735	12133	3171498	0	2015-07-07 20:04:22.466863+00	0		
1149	133743	1219	2009280	0	2013-10-20 20:30:09.433544+00	0		
16189	133813	7014	3169161	0	2015-06-29 06:44:47.989768+00	0		
1069	133745	1220	2008264	0	2013-10-20 12:41:18.460856+00	0		
1011	133737	1199	2007177	0	2013-10-20 02:22:26.758337+00	0		
16190	133735	7014	3169162	0	2015-06-29 06:44:47.989768+00	0		
927	133813	1166	2006586	0	2013-10-26 17:00:15.86653+00	0		
1191	133735	1257	2009766	0	2013-10-27 23:00:17.095173+00	0		
1476	133743	1297	2024001	0	2013-10-22 17:23:22.125626+00	0		
1088	133735	1230	2008862	0	2013-10-20 18:55:42.691555+00	0		
1159	133745	1244	2009425	0	2013-10-20 20:59:33.293834+00	0		
16191	133745	7014	3169163	0	2015-06-29 06:44:47.989768+00	0		
1356	133735	1297	2015164	0	2013-10-21 20:08:12.637722+00	0		
16192	133751	7014	3169164	0	2015-06-29 06:44:47.989768+00	0		
1112	133743	828	2009237	0	2013-10-20 20:21:51.081511+00	0		
1119	133743	1087	2009243	0	2013-10-20 20:23:13.179817+00	0		
1126	133743	1173	2009251	0	2013-10-20 20:25:03.243406+00	0		
16210	133737	12133	3171500	0	2015-07-07 20:04:28.729674+00	0		
1134	133743	1178	2009261	0	2013-10-20 20:26:31.919927+00	0		
1143	133743	1190	2009273	0	2013-10-20 20:28:41.145738+00	0		
1479	133743	1305	2024006	0	2013-10-22 17:24:01.096672+00	0		
1179	133735	1251	2009556	0	2013-10-20 21:45:42.462418+00	0		
1210	133735	1265	2010985	0	2013-10-28 08:00:20.130345+00	0		
1197	133735	1260	2009973	0	2013-10-20 23:01:49.93653+00	0		
1220	133735	1269	2011007	0	2013-10-28 09:00:17.430743+00	0		
1231	133735	1270	2011641	0	2013-10-28 10:00:16.682018+00	0		
1237	133813	1272	2011847	0	2013-10-28 11:01:12.074626+00	0		
1368	133737	1304	2015996	0	2013-10-21 21:36:07.462997+00	0		
1227	133743	1262	2011015	0	2013-10-21 08:31:30.398547+00	0		
1240	133813	1273	2011882	0	2013-10-28 12:00:15.303045+00	0		
16241	133813	12147	3172486	0	2015-07-08 12:01:01.480816+00	0		
5502	133745	3550	2340996	0	2014-01-08 12:25:38.117941+00	0		
1513	133735	1353	2025478	0	2013-10-22 22:29:55.664515+00	0		
1375	133735	1305	2016032	0	2013-10-21 21:39:31.255555+00	0		
16220	133737	12138	3172081	0	2015-07-01 04:48:54.755302+00	0		
1332	133737	1289	2014492	0	2013-10-21 18:11:58.163876+00	0		
1343	133743	1278	2014882	0	2013-10-21 19:40:55.784922+00	0		
1398	133735	1310	2020689	0	2013-10-29 08:00:14.350405+00	0		
1348	133743	1291	2014897	0	2013-10-21 19:42:16.102088+00	0		
1350	133743	1293	2014903	0	2013-10-21 19:42:45.697967+00	0		
16228	133737	12142	3172137	0	2015-07-01 06:00:27.83266+00	0		
1409	133735	1314	2021722	0	2013-10-29 11:00:23.313026+00	0		
1415	133735	1315	2021746	0	2013-10-29 11:00:27.802185+00	0		
1422	133745	1316	2021761	0	2013-10-29 12:00:15.872906+00	0		
1428	133745	1318	2021909	0	2013-10-29 13:00:13.945509+00	0		
1434	133735	1320	2021980	0	2013-10-29 13:00:28.13048+00	0		
1440	133735	1322	2022023	0	2013-10-29 13:00:30.174997+00	0		
1446	133745	1323	2022173	0	2013-10-29 14:00:13.207136+00	0		
1451	133813	794	2022246	0	2013-10-29 14:00:15.642527+00	0		
5513	133745	3552	2341116	0	2014-01-08 14:59:24.723498+00	0		
1031	133745	1207	2008036	0	2013-10-26 14:00:28.829068+00	0		
1473	133813	1333	2023719	0	2013-10-29 17:00:16.368661+00	0		
1461	133735	1330	2022667	0	2013-10-22 15:49:44.378474+00	0		
1489	133735	1339	2024923	0	2013-10-29 21:00:24.405551+00	0		
1492	133735	1341	2024926	0	2013-10-29 21:00:25.242338+00	0		
1496	133784	1341	2024930	0	2013-10-29 21:00:25.377399+00	0		
1494	133735	1342	2024928	0	2013-10-22 20:18:40.530566+00	0		
1466	216420	792	2022823	0	2015-02-11 22:52:12.353838+00	0		
1260	216420	1277	2012718	0	2015-02-11 22:59:06.924296+00	0		
1456	216420	1327	2022398	0	2015-02-11 22:59:06.924296+00	0		
1266	216420	1271	2012865	0	2015-02-11 23:03:25.526138+00	0		
1433	216420	1319	2021928	0	2015-02-11 23:03:25.526138+00	0		
1392	216420	1308	2020425	0	2015-02-11 23:03:25.526138+00	0		
1460	216420	1329	2022540	0	2015-02-11 23:03:25.526138+00	0		
1100	216420	1237	2009106	0	2015-02-11 23:06:10.078157+00	0		
1272	216420	1266	2012976	0	2015-02-11 23:13:37.216241+00	0		
1319	216420	1028	2014289	0	2015-02-11 23:13:37.216241+00	0		
1402	216420	1312	2021704	0	2015-02-11 23:32:13.767384+00	0		
1445	216420	1323	2022170	0	2015-02-11 23:32:13.767384+00	0		
894	216420	1014	2003759	0	2015-02-11 23:32:13.767384+00	0		
1503	216420	1345	2024962	0	2015-02-11 23:33:12.151179+00	0		
1439	216420	1321	2022022	0	2015-02-11 23:34:13.802443+00	0		
1379	216420	1305	2016042	0	2015-02-11 23:35:14.286721+00	0		
1312	216420	1049	2014182	0	2015-02-11 23:39:15.445953+00	0		
16235	133737	12145	3172372	0	2015-07-01 09:40:19.578096+00	0		
1498	133735	1343	2024932	0	2013-10-22 20:22:41.123161+00	0		
1501	133745	1344	2024938	0	2013-10-22 20:29:31.92225+00	0		
1509	133813	1349	2025057	0	2013-10-29 22:00:14.705411+00	0		
1518	133735	1355	2026337	0	2013-10-23 00:22:10.956228+00	0		
1515	133784	1353	2025484	0	2013-10-22 22:30:40.256442+00	0		
17908	133813	13437	3285360	0	2015-09-27 21:01:36.472102+00	0		
1516	133745	1353	2025486	0	2013-10-22 22:30:50.531983+00	0		
1299	133745	964	2013509	0	2013-10-25 08:00:20.500302+00	0		
12432	133751	8874	2824164	0	2014-12-18 08:42:11.127671+00	0		
16183	133813	12107	3168333	0	2015-07-05 18:03:47.810733+00	0		
11256	133745	8167	2767250	0	2014-11-17 22:42:21.079843+00	0		
5520	133737	3555	2341190	0	2014-01-08 17:18:54.050425+00	0		
16209	133743	12133	3171499	0	2015-07-07 20:04:25.788546+00	0		
5530	133735	3561	2341703	0	2014-01-16 01:00:19.045916+00	0		
5531	133813	3536	2341950	0	2014-01-09 06:24:01.656506+00	0		
5499	133813	3545	2340867	0	2014-01-13 20:01:07.621286+00	0		
5614	133743	3555	2346773	0	2014-01-12 23:19:36.139329+00	0		
1080	133737	1227	2128598	0	2014-04-22 17:11:13.000028+00	0		
699	133735	1038	2004103	0	2013-10-25 10:00:51.048151+00	0		
17910	133745	13437	3285362	0	2015-09-27 21:01:41.024607+00	0		
937	133745	1169	2006656	0	2013-10-26 22:00:17.065812+00	0		
903	133735	1157	2006494	0	2013-10-19 12:47:31.057684+00	0		
5503	133745	3550	2340997	0	2014-01-08 12:25:49.820323+00	0		
1039	133813	1208	2008067	0	2013-10-27 11:00:27.573164+00	0		
629	133813	778	2003790	0	2013-10-17 23:33:50.395756+00	0		
17914	133735	13442	3285479	0	2015-09-27 23:00:27.761329+00	0		
630	133813	778	2003792	0	2013-10-17 23:34:45.811078+00	0		
718	133813	953	2004154	0	2013-10-25 11:00:31.744841+00	0		
17921	133735	13448	3285539	0	2015-09-28 00:01:09.97104+00	0		
17922	133735	12020	3285632	0	2015-09-28 04:00:22.654533+00	0		
17923	133813	12020	3285633	0	2015-09-28 04:00:25.011467+00	0		
17903	133736	7696	3285039	0	2015-09-27 16:01:16.851138+00	0		
17909	133735	13437	3285361	0	2015-09-27 21:01:38.780168+00	0		
18407	201295	11684	3314956	0	2015-10-19 00:00:54.718204+00	0		
18422	133813	13729	3315275	0	2015-10-19 08:00:59.682735+00	0		
18415	133813	13727	3315203	0	2015-10-12 05:43:49.57612+00	0		
18423	133735	13731	3316199	0	2015-10-12 19:50:46.697623+00	0		
719	133736	1046	2004161	0	2013-10-25 11:00:32.056417+00	0		
634	133813	1017	2003793	0	2013-10-17 23:38:05.953763+00	0		
636	133735	1017	2003796	0	2013-10-17 23:40:27.320705+00	0		
16259	133745	12157	3174428	0	2015-07-09 17:01:58.371441+00	0		
638	133735	1019	2003803	0	2013-10-17 23:55:57.900253+00	0		
639	133813	1019	2003804	0	2013-10-17 23:56:16.802158+00	0		
640	133745	1019	2003805	0	2013-10-17 23:56:38.193982+00	0		
16260	133745	12157	3174429	0	2015-07-09 17:02:01.51367+00	0		
1003	133737	1194	2007155	0	2013-10-20 01:27:17.557165+00	0		
1012	133735	1199	403277	0	2013-10-20 02:22:55.747387+00	0		
16222	133737	12139	3172086	0	2015-07-01 04:54:07.89852+00	0		
1017	133737	1175	2007190	0	2013-10-20 02:47:39.714451+00	0		
711	133735	1043	2004121	0	2013-10-20 05:00:26.888536+00	0		
16236	133737	12146	3172415	0	2015-07-01 10:06:54.629676+00	0		
645	133813	1020	2003825	0	2013-10-18 01:00:43.525907+00	0		
744	133735	1043	2004210	0	2013-10-20 05:00:26.888536+00	0		
646	133735	1020	2003826	0	2013-10-18 01:00:59.059907+00	0		
647	133745	1022	2003827	0	2013-10-18 01:09:08.591914+00	0		
648	133735	1022	2003828	0	2013-10-18 01:09:35.24724+00	0		
649	133813	1022	2003829	0	2013-10-18 01:10:04.021762+00	0		
650	133813	1023	2003831	0	2013-10-18 01:11:28.016362+00	0		
1022	133743	1203	2007696	0	2013-10-20 08:11:42.304038+00	0		
651	133745	1023	2003832	0	2013-10-18 01:11:36.509361+00	0		
928	133745	1166	2006587	0	2013-10-26 17:00:15.893893+00	0		
652	133745	1023	2003833	0	2013-10-18 01:11:47.647505+00	0		
653	133769	1023	2003834	0	2013-10-18 01:11:59.536267+00	0		
654	133765	1023	2003835	0	2013-10-18 01:12:19.646895+00	0		
1045	133735	2095	2008106	0	2013-11-10 19:01:25.175397+00	0		
655	133745	1023	2003837	0	2013-10-18 01:12:32.015956+00	0		
656	133735	1023	2003838	0	2013-10-18 01:12:48.555487+00	0		
5515	133813	3553	2341128	0	2014-01-08 15:24:36.416104+00	0		
16242	133743	12076	3172700	0	2015-07-01 15:03:27.782863+00	0		
16247	133743	12143	3172705	0	2015-07-01 15:03:41.566384+00	0		
16253	133735	12150	3172942	0	2015-07-01 18:17:33.472176+00	0		
660	133735	1024	2003846	0	2013-10-18 01:19:54.927647+00	0		
661	133813	1024	2003847	0	2013-10-18 01:20:36.321562+00	0		
681	133735	1028	2004025	0	2013-10-25 08:00:19.354717+00	0		
16255	133813	12152	3173031	0	2015-07-01 19:43:55.512849+00	0		
678	133735	1026	1958712	0	2013-10-18 07:26:48.034798+00	0		
662	133745	784	2003850	0	2013-10-18 01:29:55.18933+00	0		
549	133813	914	2003472	0	2013-10-17 19:58:57.603238+00	0		
16261	133813	12161	3174564	0	2015-07-09 19:04:00.390013+00	0		
679	133735	1027	2004018	0	2013-10-18 07:37:43.099548+00	0		
683	133813	1028	2004033	0	2013-10-25 08:00:20.381555+00	0		
684	133735	1029	2004054	0	2013-10-25 09:00:26.171449+00	0		
16266	133813	12167	3175881	0	2015-07-10 21:00:14.271743+00	0		
686	133745	1029	2004060	0	2013-10-25 09:00:29.087703+00	0		
687	133735	1030	2004069	0	2013-10-25 10:00:24.602129+00	0		
690	133735	1033	2004086	0	2013-10-25 10:00:30.397729+00	0		
706	133735	1042	2004115	0	2013-10-25 11:00:14.132115+00	0		
688	133735	1032	2004080	0	2013-10-18 09:29:30.532528+00	0		
689	133745	1032	2004081	0	2013-10-18 09:29:32.710069+00	0		
16269	133813	12170	3176004	0	2015-07-10 22:01:04.572863+00	0		
693	133735	1035	2004096	0	2013-10-25 10:00:45.256493+00	0		
694	133813	1035	2004100	0	2013-10-25 10:00:45.267294+00	0		
708	133735	1041	2004115	0	2013-10-25 11:00:14.151345+00	0		
709	133735	1040	2004115	0	2013-10-25 11:00:14.160796+00	0		
16262	133813	12163	3175204	0	2015-07-03 08:17:29.045581+00	0		
715	133735	1045	2004131	0	2013-10-25 11:00:31.564542+00	0		
716	133813	1045	2004140	0	2013-10-25 11:00:31.611195+00	0		
717	133813	1045	2004141	0	2013-10-25 11:00:31.631509+00	0		
720	133736	1046	2004162	0	2013-10-25 11:00:32.065676+00	0		
16270	133813	12171	3176186	0	2015-07-11 00:00:47.085676+00	0		
1054	133813	1215	2008122	0	2013-10-24 18:00:47.268333+00	0		
727	133735	1048	2004178	0	2013-10-25 11:00:34.070432+00	0		
965	216420	1179	2007087	0	2015-02-11 22:52:12.353838+00	0		
1070	216420	1220	2008265	0	2015-02-11 22:59:06.924296+00	0		
550	216420	914	2003476	0	2015-02-11 23:03:25.526138+00	0		
1044	216420	2095	2008105	0	2015-02-11 23:34:13.802443+00	0		
1495	216420	1342	2024929	0	2015-02-11 23:35:14.286721+00	0		
1499	216420	1343	2024933	0	2015-02-11 23:35:14.286721+00	0		
1519	216420	1355	2026340	0	2015-02-11 23:38:14.268595+00	0		
729	133735	1049	2004183	0	2013-10-25 12:00:14.11134+00	0		
730	133736	1050	2004161	0	2013-10-25 12:00:14.428192+00	0		
731	133736	1050	2004162	0	2013-10-25 12:00:14.440271+00	0		
728	133737	1047	2004180	0	2013-10-18 10:58:28.245863+00	0		
721	133735	1047	2004165	0	2013-10-18 10:48:39.594109+00	0		
16272	133813	12172	3176321	0	2015-07-11 04:00:39.662665+00	0		
732	133735	1050	2004178	0	2013-10-25 12:00:14.450328+00	0		
724	133743	1047	2004169	0	2013-10-18 10:49:03.130244+00	0		
737	133736	1052	2004162	0	2013-10-25 12:00:14.460405+00	0		
738	133736	1052	2004161	0	2013-10-25 12:00:14.474326+00	0		
739	133735	1052	2004178	0	2013-10-25 12:00:14.485733+00	0		
734	133743	1051	2004190	0	2013-10-18 11:04:28.953893+00	0		
16274	133737	3079	3176964	0	2015-07-11 16:02:46.130572+00	0		
741	133735	1054	2004201	0	2013-10-25 12:00:15.661076+00	0		
742	133745	1054	2004203	0	2013-10-25 12:00:15.674599+00	0		
733	133737	1051	2004189	0	2013-10-18 11:04:24.63053+00	0		
745	133735	1056	2004211	0	2013-10-25 12:00:16.440617+00	0		
16275	133813	12177	3177078	0	2015-07-11 18:02:24.93948+00	0		
746	133735	1059	2004254	0	2013-10-25 13:00:18.45967+00	0		
747	133735	1060	2004272	0	2013-10-25 13:00:18.931702+00	0		
748	133735	1061	2004304	0	2013-10-25 13:00:20.787255+00	0		
749	133735	1062	2004357	0	2013-10-25 13:00:24.316697+00	0		
16273	133813	12173	3176379	0	2015-07-04 06:28:57.975564+00	0		
695	133735	1036	2004103	0	2013-10-25 10:00:47.08124+00	0		
1032	133751	1207	2008037	0	2013-10-26 14:00:28.846256+00	0		
16276	133813	12179	3177312	0	2015-07-11 23:02:23.164577+00	0		
752	133735	868	2004392	0	2013-10-18 12:45:53.071815+00	0		
753	133735	1066	2004441	0	2013-10-18 13:40:00.127679+00	0		
755	133735	1067	2004452	0	2013-10-18 13:46:36.932645+00	0		
756	133745	1067	2004454	0	2013-10-18 13:47:04.975357+00	0		
759	133735	1070	2004463	0	2013-10-25 14:00:18.876155+00	0		
16277	133735	12185	3178445	0	2015-07-12 21:01:11.706827+00	0		
16278	133745	12185	3178446	0	2015-07-12 21:01:14.725522+00	0		
16279	133813	12186	3178527	0	2015-07-12 22:02:30.537918+00	0		
16280	133813	12187	3178564	0	2015-07-12 23:00:41.626065+00	0		
16281	133813	12188	3178583	0	2015-07-13 00:00:22.730353+00	0		
16284	133813	12192	3178752	0	2015-07-13 05:00:35.663627+00	0		
16285	133745	12192	3178753	0	2015-07-13 05:00:38.462502+00	0		
16287	133813	12194	3178818	0	2015-07-13 07:00:47.556588+00	0		
16211	133743	12134	3171512	0	2015-07-07 21:00:21.121103+00	0		
16286	133735	12192	3178754	0	2015-07-13 05:00:41.391582+00	0		
762	133743	1071	2004479	0	2013-10-18 14:05:56.141899+00	0		
800	133743	1082	2005053	0	2013-10-18 19:02:35.11226+00	0		
764	133737	1072	2004484	0	2013-10-18 14:11:28.09334+00	0		
801	133735	1084	816108	0	2013-10-18 19:03:23.482699+00	0		
766	133813	1072	2004487	0	2013-10-18 14:12:08.563069+00	0		
767	133735	1072	2004488	0	2013-10-18 14:12:21.001573+00	0		
16215	133743	12135	3171531	0	2015-07-07 21:01:11.488197+00	0		
788	133735	1079	2004585	0	2013-10-25 16:00:15.054184+00	0		
791	133745	1079	2004779	0	2013-10-25 19:00:16.021864+00	0		
846	133735	1125	2005802	0	2013-10-25 23:00:52.043945+00	0		
16216	133737	12135	3171532	0	2015-07-07 21:01:14.38725+00	0		
773	133743	1074	2004522	0	2013-10-18 14:33:00.913665+00	0		
803	133735	1086	730404	0	2013-10-18 19:47:15.241127+00	0		
774	133735	1075	2004541	0	2013-10-18 14:49:45.499633+00	0		
16267	133735	12168	3175893	0	2015-07-10 21:00:49.047423+00	0		
804	133745	1086	2005093	0	2013-10-18 19:47:26.696128+00	0		
777	133743	1076	2004556	0	2013-10-18 15:06:54.952422+00	0		
778	133814	1076	2004560	0	2013-10-18 15:12:13.540096+00	0		
16268	133745	12168	3175894	0	2015-07-10 21:00:52.298582+00	0		
921	133813	934	2006560	0	2013-10-25 02:00:19.628985+00	0		
16224	133737	12140	3172095	0	2015-07-01 05:02:06.822238+00	0		
783	133743	1078	2004576	0	2013-10-18 15:25:39.984248+00	0		
784	133735	1078	2004578	0	2013-10-18 15:26:24.262842+00	0		
837	133737	1123	2005741	0	2013-10-18 22:47:11.764471+00	0		
16243	133743	12141	3172701	0	2015-07-01 15:03:28.276031+00	0		
786	133814	1078	2004583	0	2013-10-18 15:28:13.071593+00	0		
789	135125	1079	2004588	0	2013-10-25 16:00:15.153936+00	0		
5516	133735	3553	2341129	0	2014-01-08 15:24:50.878505+00	0		
16254	133735	12151	3172953	0	2015-07-01 18:38:26.709402+00	0		
822	133813	1117	2005475	0	2013-10-18 21:54:59.02637+00	0		
16256	133813	12151	3173034	0	2015-07-01 19:45:08.101288+00	0		
857	133735	1129	2005944	0	2013-10-26 00:00:32.085487+00	0		
807	133735	1089	2005141	0	2013-10-18 20:32:10.813187+00	0		
16264	133813	12164	3175218	0	2015-07-03 08:36:32.859404+00	0		
795	133735	1082	2005047	0	2013-10-18 18:52:25.996365+00	0		
16265	133735	12164	3175219	0	2015-07-03 08:36:32.859404+00	0		
796	133745	1083	2005048	0	2013-10-18 18:55:29.221319+00	0		
797	133735	1083	1221555	0	2013-10-18 18:55:40.576082+00	0		
798	133813	1083	2005049	0	2013-10-18 18:55:52.672363+00	0		
824	133735	1119	2005614	0	2013-10-18 22:25:33.517953+00	0		
808	133745	1089	2005146	0	2013-10-18 20:36:44.022007+00	0		
838	133735	1123	2005744	0	2013-10-18 22:47:25.523105+00	0		
811	133765	1089	2005154	0	2013-10-18 20:42:59.984474+00	0		
5522	133737	3556	2341213	0	2014-01-08 17:33:38.531416+00	0		
826	133735	1120	2005675	0	2013-10-18 22:35:45.639633+00	0		
5532	133813	3537	2341953	0	2014-01-09 06:26:49.694315+00	0		
812	133737	2356	2005157	0	2013-11-07 23:32:39.99348+00	0		
839	133745	1123	2005746	0	2013-10-18 22:47:33.916446+00	0		
16271	133735	12171	3176187	0	2015-07-11 00:00:49.987678+00	0		
818	133737	1113	2005310	0	2013-10-18 21:22:05.658376+00	0		
819	133735	1115	2005381	0	2013-10-18 21:36:42.073057+00	0		
829	133737	1122	2005704	0	2013-10-18 22:41:24.471425+00	0		
16282	133813	12189	3178595	0	2015-07-13 00:00:45.218461+00	0		
831	133735	1122	2005709	0	2013-10-18 22:41:56.146647+00	0		
832	133745	1122	2005713	0	2013-10-18 22:42:33.811808+00	0		
833	133745	1122	2005714	0	2013-10-18 22:42:40.751279+00	0		
841	133735	1124	2005778	0	2013-10-18 22:52:16.027997+00	0		
834	133784	1122	2005716	0	2013-10-18 22:42:50.84402+00	0		
11257	133735	8168	2767257	0	2014-11-17 22:43:41.76646+00	0		
16283	133813	12190	3178596	0	2015-07-13 00:00:48.448345+00	0		
758	216420	845	2004460	0	2015-02-11 22:52:12.353838+00	0		
814	216420	1111	2005168	0	2015-02-11 22:59:06.924296+00	0		
809	216420	1090	2005147	0	2015-02-11 22:59:06.924296+00	0		
765	216420	1072	2004485	0	2015-02-11 23:06:10.078157+00	0		
754	216420	1066	2004445	0	2015-02-11 23:11:06.014206+00	0		
830	216420	1122	2005707	0	2015-02-11 23:13:37.216241+00	0		
820	216420	1115	2005396	0	2015-02-11 23:13:37.216241+00	0		
806	216420	1087	2005113	0	2015-02-11 23:38:14.268595+00	0		
843	133745	1124	2005783	0	2013-10-18 22:52:58.581189+00	0		
5528	133743	1746	2341638	0	2014-01-13 21:00:59.865237+00	0		
844	133745	1124	2005784	0	2013-10-18 22:53:08.64059+00	0		
859	133735	1131	2006010	0	2013-10-18 23:28:04.349172+00	0		
845	133737	1124	2005788	0	2013-10-18 22:53:43.256138+00	0		
860	133735	1132	2006034	0	2013-10-26 00:00:40.589452+00	0		
5615	133743	3556	2346776	0	2014-01-12 23:19:49.603753+00	0		
855	133737	1128	2005908	0	2013-10-18 23:12:43.618045+00	0		
852	133735	1127	2005871	0	2013-10-18 23:06:31.672365+00	0		
853	133737	1127	2005873	0	2013-10-18 23:06:52.557331+00	0		
861	133745	1132	2006039	0	2013-10-26 00:00:40.600962+00	0		
862	133814	1133	2006104	0	2013-10-18 23:47:13.749865+00	0		
858	133735	1095	2006008	0	2013-10-18 23:27:43.968854+00	0		
863	133735	1134	2006107	0	2013-10-26 00:00:49.613974+00	0		
866	133735	1137	2006138	0	2013-10-26 01:00:39.897262+00	0		
867	133745	1137	2006139	0	2013-10-26 01:00:40.690925+00	0		
865	133735	1136	2006128	0	2013-10-18 23:59:43.670626+00	0		
929	133745	1166	2006588	0	2013-10-26 17:00:15.905133+00	0		
938	133735	1170	2006752	0	2013-10-26 22:00:18.239222+00	0		
912	133813	1160	2006520	0	2013-10-19 13:24:25.67838+00	0		
757	133735	1068	2004459	0	2013-10-25 14:00:18.736369+00	0		
16288	133813	12196	3178863	0	2015-07-13 08:01:37.310709+00	0		
975	133737	1185	2007123	0	2013-10-20 01:05:06.279653+00	0		
985	133737	1187	2007133	0	2013-10-20 01:07:11.621928+00	0		
1151	133743	1228	2009285	0	2013-10-20 20:30:38.069651+00	0		
996	133737	1191	2007148	0	2013-10-20 01:21:01.748782+00	0		
16289	133735	12196	3178864	0	2015-07-13 08:01:39.342579+00	0		
769	133735	1073	2004516	0	2013-10-25 15:00:21.589551+00	0		
868	133735	1138	2006146	0	2013-10-26 01:00:46.07768+00	0		
1525	133737	1357	2026407	0	2013-10-23 00:34:40.931291+00	0		
1597	133737	1379	2028798	0	2013-10-23 20:58:38.749753+00	0		
1527	133737	1358	2026624	0	2013-10-23 01:06:20.83747+00	0		
1528	133735	1361	2027032	0	2013-10-23 06:27:19.759853+00	0		
1530	133745	1361	2027039	0	2013-10-23 06:30:31.973259+00	0		
1585	133735	968	2003265	0	2013-10-25 08:00:20.908709+00	0		
1531	133745	1361	2027040	0	2013-10-23 06:31:00.841019+00	0		
1536	133735	1363	2027145	0	2013-10-30 10:00:15.582657+00	0		
16213	133735	12135	3171529	0	2015-07-07 21:01:05.472388+00	0		
16214	133745	12135	3171530	0	2015-07-07 21:01:08.192787+00	0		
17924	201295	13449	3285738	0	2015-09-28 06:00:19.438958+00	0		
17926	133743	13449	3285740	0	2015-09-28 06:00:24.198353+00	0		
17928	133813	13451	3285776	0	2015-09-28 07:00:35.771415+00	0		
17931	133743	13455	3285953	0	2015-09-28 11:02:03.049698+00	0		
17932	133735	13456	3286053	0	2015-09-28 13:01:25.444616+00	0		
17929	133735	13452	3285800	0	2015-09-21 06:40:29.848314+00	0		
17644	133743	13286	3277104	0	2015-09-21 07:02:34.824568+00	0		
17930	133736	13454	3285902	0	2015-09-21 09:45:59.656292+00	0		
17915	133735	13443	3285485	0	2015-09-27 23:00:40.136085+00	0		
1544	133735	1364	2027309	0	2013-10-30 10:00:30.846406+00	0		
16244	133743	12146	3172702	0	2015-07-01 15:03:30.038099+00	0		
5505	133735	3550	2341000	0	2014-01-08 12:26:30.699474+00	0		
1540	133743	1357	2027150	0	2013-10-23 09:16:08.875377+00	0		
1586	133745	968	2027987	0	2013-10-25 08:00:20.908709+00	0		
1541	133743	1358	2027151	0	2013-10-23 09:16:18.948117+00	0		
1542	133743	1361	2027152	0	2013-10-23 09:16:27.447578+00	0		
16257	133735	12150	3173039	0	2015-07-01 19:49:35.169384+00	0		
1551	133735	1366	2027448	0	2013-10-30 11:00:16.422204+00	0		
1598	133735	1379	2028811	0	2013-10-23 21:00:01.24959+00	0		
16258	133813	12150	3173040	0	2015-07-01 19:49:35.169384+00	0		
1587	133745	968	2027988	0	2013-10-25 08:00:20.908709+00	0		
1547	133813	1365	2027360	0	2013-10-23 09:50:02.730427+00	0		
1548	133735	1365	2027363	0	2013-10-23 09:50:21.32186+00	0		
1562	133735	1369	2027718	0	2013-10-30 11:00:26.134599+00	0		
1563	133745	1369	2027723	0	2013-10-30 11:00:26.163357+00	0		
1612	133735	817	2029227	0	2013-10-30 22:00:23.3282+00	0		
1613	133735	845	2029227	0	2013-10-30 22:00:23.36294+00	0		
1614	133735	1385	2029227	0	2013-10-30 22:00:25.205626+00	0		
5509	133745	3551	2341014	0	2014-01-08 12:51:17.451142+00	0		
1624	133735	776	2002191	0	2013-10-31 00:00:24.847086+00	0		
1628	133813	776	2030395	0	2013-10-31 00:00:25.271789+00	0		
5517	133745	3553	2341131	0	2014-01-08 15:25:27.769586+00	0		
1629	133784	776	2030412	0	2013-10-31 00:00:31.148719+00	0		
1635	133748	1392	2031006	0	2013-10-31 01:00:37.883302+00	0		
1636	133814	1392	2031008	0	2013-10-31 01:00:37.925941+00	0		
16293	133813	12201	3178975	0	2015-07-13 11:01:46.22847+00	0		
1579	133735	1247	2027969	0	2013-10-23 17:04:57.577454+00	0		
1566	133737	1370	2027804	0	2013-10-23 12:26:54.506671+00	0		
1567	133745	1371	2027815	0	2013-10-23 12:39:38.41274+00	0		
16294	133735	7089	3179257	0	2015-07-13 16:01:12.066073+00	0		
1570	133737	1373	2027821	0	2013-10-23 12:53:20.26934+00	0		
1571	133735	1373	2027826	0	2013-10-23 12:54:38.556399+00	0		
1581	133745	1247	2027979	0	2013-10-23 17:10:19.529852+00	0		
1604	133743	968	2003263	0	2013-10-25 08:00:20.908709+00	0		
5616	133743	3557	2346778	0	2014-01-12 23:20:03.061081+00	0		
1640	133735	1394	2031072	0	2013-10-31 01:00:38.215639+00	0		
1582	133745	1247	2027980	0	2013-10-23 17:10:38.124186+00	0		
5533	133735	3537	2341954	0	2014-01-09 06:27:05.91183+00	0		
1600	133743	1365	2028859	0	2013-10-23 21:05:16.706319+00	0		
5691	133813	3663	2351416	0	2014-01-17 14:16:09.485515+00	0		
5727	133745	3693	2353095	0	2014-01-19 00:25:28.409577+00	0		
1601	133743	1370	2028861	0	2013-10-23 21:05:31.589244+00	0		
16296	133745	7089	3179259	0	2015-07-13 16:01:16.824619+00	0		
5729	133813	3690	2353097	0	2014-01-19 00:26:11.825092+00	0		
1602	133743	1373	2028864	0	2013-10-23 21:05:47.049599+00	0		
1590	133737	1376	2027991	0	2013-10-23 17:32:12.868356+00	0		
16304	133735	9926	3179420	0	2015-07-13 17:03:56.082267+00	0		
1649	133813	1317	2032535	0	2014-03-30 16:00:35.70844+00	0		
1593	133737	1378	2028016	0	2013-10-23 18:20:17.825269+00	0		
1620	133735	1390	2030345	0	2013-10-27 10:01:28.494065+00	0		
1595	133735	1378	2028019	0	2013-10-23 18:20:53.371988+00	0		
16310	133813	12206	3180789	0	2015-07-14 08:00:51.18634+00	0		
1539	133743	1356	2027149	0	2014-07-08 16:00:22.767113+00	0		
1545	216420	1364	2027315	0	2015-02-11 22:59:06.924296+00	0		
1568	216420	1372	2027818	0	2015-02-11 23:03:25.526138+00	0		
851	216420	1127	2005869	0	2015-02-11 23:03:25.526138+00	0		
1564	216420	1369	2027737	0	2015-02-11 23:08:50.572377+00	0		
842	216420	1124	2005780	0	2015-02-11 23:13:37.216241+00	0		
1537	216420	1363	2027146	0	2015-02-11 23:13:37.216241+00	0		
1584	216420	968	2027985	0	2015-02-11 23:33:12.151179+00	0		
1572	216420	890	2027938	0	2015-02-11 23:35:14.286721+00	0		
836	216420	1123	2005737	0	2015-02-11 23:35:14.286721+00	0		
1626	216420	776	2030379	0	2015-02-11 23:37:13.350732+00	0		
1552	216420	1366	2027454	0	2015-02-11 23:39:15.445953+00	0		
1605	133743	1376	2028873	0	2013-10-23 21:06:34.303974+00	0		
1621	133745	1390	2030347	0	2013-10-27 10:01:28.494065+00	0		
1606	133743	1377	2028875	0	2013-10-23 21:06:45.353381+00	0		
1616	133737	1386	2030079	0	2013-10-23 22:42:22.386346+00	0		
1607	133743	1378	2028878	0	2013-10-23 21:06:57.579278+00	0		
1608	133737	1380	2028917	0	2013-10-23 21:10:23.34823+00	0		
1650	133735	1397	2032536	0	2013-10-25 02:03:06.952342+00	0		
1617	133735	1387	2030128	0	2013-10-23 22:46:24.620064+00	0		
16313	133813	12211	3180916	0	2015-07-14 10:02:34.234257+00	0		
1611	133735	1382	2029007	0	2013-10-23 21:17:33.376531+00	0		
1637	133735	1393	2031015	0	2013-10-29 07:58:59.996749+00	0		
1532	133735	1362	2027058	0	2013-10-30 07:00:26.331833+00	0		
1533	133813	1362	2027059	0	2013-10-30 07:00:26.40461+00	0		
11258	133735	8169	2767286	0	2014-11-17 22:57:14.010949+00	0		
1535	133745	1362	2027064	0	2013-10-30 07:00:26.493105+00	0		
