3975	133790	1242	15228026	0	2013-10-27 22:00:18.361802+00	0		
2963	134154	1157	15382279	0	2013-10-19 12:48:45.149924+00	0		
3978	133744	2692	15228028	0	2013-11-26 22:00:19.471118+00	0		
2964	134155	1157	15382280	0	2013-10-19 12:48:45.149924+00	0		
2965	134155	1157	15382281	0	2013-10-19 12:48:45.149924+00	0		
3977	133790	1242	15228027	0	2013-10-27 22:00:18.383743+00	0		
2966	134155	1157	15382282	0	2013-10-19 12:48:45.149924+00	0		
2967	134155	1157	15382283	0	2013-10-19 12:48:45.149924+00	0		
2968	134154	1157	15382284	0	2013-10-19 12:48:45.149924+00	0		
3979	133790	1242	15228028	0	2013-10-27 22:00:18.405779+00	0		
3980	133744	2692	15228029	0	2013-11-26 22:00:19.498489+00	0		
3981	133790	1242	15228029	0	2013-10-27 22:00:18.426961+00	0		
3983	133790	1242	15228030	0	2013-10-27 22:00:18.448223+00	0		
3982	133744	2692	15228030	0	2013-11-26 22:00:19.528163+00	0		
3985	133790	1242	15228031	0	2013-10-27 22:00:18.469334+00	0		
3987	133790	1242	15228032	0	2013-10-27 22:00:18.491497+00	0		
48047	145215	3530	2842349	0	2014-01-14 00:00:35.254089+00	0		
48048	145215	3530	2842350	0	2014-01-14 00:00:35.263127+00	0		
3866	134320	1234	13959199	0	2013-10-20 19:35:24.035249+00	0		
3867	134320	1234	13959200	0	2013-10-20 19:35:24.035249+00	0		
3868	134320	1234	13959201	0	2013-10-20 19:35:24.035249+00	0		
48049	145215	3530	2842351	0	2014-01-14 00:00:35.271037+00	0		
3869	134320	1234	13959202	0	2013-10-20 19:35:24.035249+00	0		
3870	134320	1234	13959203	0	2013-10-20 19:35:24.035249+00	0		
3871	134320	1234	13959204	0	2013-10-20 19:35:24.035249+00	0		
48050	145215	3530	2842352	0	2014-01-14 00:00:35.279068+00	0		
3872	134320	1234	13959205	0	2013-10-20 19:35:24.035249+00	0		
3873	134320	1234	13959206	0	2013-10-20 19:35:24.035249+00	0		
48051	145215	3530	2842353	0	2014-01-14 00:00:35.287136+00	0		
3874	134320	1234	13959207	0	2013-10-20 19:35:24.035249+00	0		
3875	134320	1234	13959208	0	2013-10-20 19:35:24.035249+00	0		
3876	134320	1234	13959209	0	2013-10-20 19:35:24.035249+00	0		
48060	145215	3530	2842362	0	2014-01-14 00:00:35.356752+00	0		
3877	134320	1234	13959210	0	2013-10-20 19:35:24.035249+00	0		
3878	134320	1234	13959211	0	2013-10-20 19:35:24.035249+00	0		
3879	134320	1234	13959212	0	2013-10-20 19:35:24.035249+00	0		
48061	145215	3530	2842363	0	2014-01-14 00:00:35.364805+00	0		
3880	134320	1234	13959213	0	2013-10-20 19:35:24.035249+00	0		
3881	134320	1234	13959214	0	2013-10-20 19:35:24.035249+00	0		
48062	145215	3530	2842364	0	2014-01-14 00:00:35.373449+00	0		
3882	134320	1234	13959215	0	2013-10-20 19:35:24.035249+00	0		
3883	134320	1234	13959216	0	2013-10-20 19:35:24.035249+00	0		
3884	134320	1234	13959217	0	2013-10-20 19:35:24.035249+00	0		
3885	134320	1234	13959218	0	2013-10-20 19:35:24.035249+00	0		
48063	145215	3530	2842365	0	2014-01-14 00:00:35.38221+00	0		
3964	133744	2692	15228021	0	2013-11-26 22:00:19.27445+00	0		
3966	133744	2692	15228022	0	2013-11-26 22:00:19.315553+00	0		
48064	145215	3530	2842366	0	2014-01-14 00:00:35.406949+00	0		
3968	133744	2692	15228023	0	2013-11-26 22:00:19.342064+00	0		
3970	133744	2692	15228024	0	2013-11-26 22:00:19.368308+00	0		
48065	145215	3530	2842367	0	2014-01-14 00:00:35.417317+00	0		
3972	133744	2692	15228025	0	2013-11-26 22:00:19.392394+00	0		
3974	133744	2692	15228026	0	2013-11-26 22:00:19.419923+00	0		
4389	134124	3092	14790004	0	2014-01-19 10:01:41.259193+00	0		
3976	133744	2692	15228027	0	2013-11-26 22:00:19.444647+00	0		
2749	133744	1138	14552525	0	2013-10-26 01:00:49.244492+00	0		
4301	134404	1071	14699799	0	2013-10-21 07:08:04.897601+00	0		
4302	134404	1071	14699800	0	2013-10-21 07:08:04.897601+00	0		
4303	134404	1071	14699801	0	2013-10-21 07:08:04.897601+00	0		
3504	133790	993	6434752	0	2013-10-27 13:00:19.096586+00	0		
4304	134404	1071	14699802	0	2013-10-21 07:08:04.897601+00	0		
4305	134405	1071	14699803	0	2013-10-21 07:08:04.897601+00	0		
3505	133790	993	6434753	0	2013-10-27 13:00:19.182973+00	0		
3506	133790	993	6434754	0	2013-10-27 13:00:19.280459+00	0		
3507	133790	993	6434755	0	2013-10-27 13:00:19.371416+00	0		
3508	133790	993	6434756	0	2013-10-27 13:00:19.458124+00	0		
3509	133790	993	6434757	0	2013-10-27 13:00:19.550108+00	0		
3510	133790	993	6434758	0	2013-10-27 13:00:19.668959+00	0		
3511	133790	993	6434759	0	2013-10-27 13:00:19.818723+00	0		
3512	133790	993	6434760	0	2013-10-27 13:00:19.90988+00	0		
3513	133790	993	6434761	0	2013-10-27 13:00:19.999583+00	0		
3514	133790	993	6434762	0	2013-10-27 13:00:20.08859+00	0		
3515	133790	993	6434763	0	2013-10-27 13:00:20.188356+00	0		
3516	133790	993	6434764	0	2013-10-27 13:00:20.308309+00	0		
3517	133790	993	6434765	0	2013-10-27 13:00:20.383151+00	0		
3518	133790	993	6434766	0	2013-10-27 13:00:20.449116+00	0		
3984	133744	2692	15228031	0	2013-11-26 22:00:19.553157+00	0		
3965	133790	1242	15228021	0	2013-10-27 22:00:18.224838+00	0		
3967	133790	1242	15228022	0	2013-10-27 22:00:18.251883+00	0		
3986	133744	2692	15228032	0	2013-11-26 22:00:19.579454+00	0		
3969	133790	1242	15228023	0	2013-10-27 22:00:18.296147+00	0		
4384	134124	3092	14789999	0	2014-01-19 10:01:41.259193+00	0		
3971	133790	1242	15228024	0	2013-10-27 22:00:18.318921+00	0		
3973	133790	1242	15228025	0	2013-10-27 22:00:18.340234+00	0		
4385	134124	3092	14790000	0	2014-01-19 10:01:41.259193+00	0		
4386	134124	3092	14790001	0	2014-01-19 10:01:41.259193+00	0		
4387	134124	3092	14790002	0	2014-01-19 10:01:41.259193+00	0		
4388	134124	3092	14790003	0	2014-01-19 10:01:41.259193+00	0		
4390	134124	3092	14790005	0	2014-01-19 10:01:41.259193+00	0		
4391	134124	3092	14790006	0	2014-01-19 10:01:41.259193+00	0		
4392	134124	3092	14790007	0	2014-01-19 10:01:41.259193+00	0		
48046	145215	3530	2842348	0	2014-01-14 00:00:35.234119+00	0		
48066	133744	3531	15482208	0	2014-01-07 03:36:37.311002+00	0		
48052	145215	3530	2842354	0	2014-01-14 00:00:35.29579+00	0		
48067	133744	3531	15482209	0	2014-01-07 03:36:37.311002+00	0		
48053	145215	3530	2842355	0	2014-01-14 00:00:35.303953+00	0		
48068	133744	3531	15482210	0	2014-01-07 03:36:37.311002+00	0		
48054	145215	3530	2842356	0	2014-01-14 00:00:35.312122+00	0		
48069	133744	3531	15482211	0	2014-01-07 03:36:37.311002+00	0		
48055	145215	3530	2842357	0	2014-01-14 00:00:35.321302+00	0		
48070	133744	3531	15482212	0	2014-01-07 03:36:37.311002+00	0		
48056	145215	3530	2842358	0	2014-01-14 00:00:35.328457+00	0		
48071	133744	3531	15482213	0	2014-01-07 03:36:37.311002+00	0		
48057	145215	3530	2842359	0	2014-01-14 00:00:35.335715+00	0		
48058	145215	3530	2842360	0	2014-01-14 00:00:35.342866+00	0		
48059	145215	3530	2842361	0	2014-01-14 00:00:35.349687+00	0		
4393	134124	3092	14790008	0	2014-01-19 10:01:41.259193+00	0		
4394	134124	3092	14790009	0	2014-01-19 10:01:41.259193+00	0		
4395	134124	3092	14790010	0	2014-01-19 10:01:41.259193+00	0		
3525	134263	1001	10387755	0	2013-10-27 15:00:41.710644+00	0		
2888	133845	1152	14549285	0	2013-10-19 11:30:35.433337+00	0		
2750	134119	1132	8935766	0	2013-10-26 01:00:50.159075+00	0		
3519	134263	1001	10387752	0	2013-10-27 15:00:40.538597+00	0		
48072	133744	3531	15482214	0	2014-01-07 03:36:37.311002+00	0		
3520	133790	1006	10387752	0	2013-10-27 15:00:40.651575+00	0		
2889	133845	1152	14549286	0	2013-10-19 11:30:35.433337+00	0		
3521	134263	1001	10387753	0	2013-10-27 15:00:40.977407+00	0		
58894	151850	3631	10664795	0	2014-02-11 12:00:30.207064+00	0		
3522	133790	1006	10387753	0	2013-10-27 15:00:41.046603+00	0		
48073	133744	3531	15482215	0	2014-01-07 03:36:37.311002+00	0		
2909	134150	1154	14467422	0	2013-10-19 12:04:18.898233+00	0		
3523	134263	1001	10387754	0	2013-10-27 15:00:41.350086+00	0		
104	133763	833	14784339	0	2013-10-17 15:50:11.948572+00	0		
105	133763	833	14784304	0	2013-10-17 15:50:15.261024+00	0		
2890	133845	1152	14549287	0	2013-10-19 11:30:35.433337+00	0		
106	133763	833	14784253	0	2013-10-17 15:50:29.514613+00	0		
3524	133790	1006	10387754	0	2013-10-27 15:00:41.416616+00	0		
107	133763	833	14784363	0	2013-10-17 15:50:32.958104+00	0		
108	133763	833	14784281	0	2013-10-17 15:50:36.070451+00	0		
109	133763	833	14784282	0	2013-10-17 15:50:39.402058+00	0		
3526	133790	1006	10387755	0	2013-10-27 15:00:41.769737+00	0		
110	133763	833	14784283	0	2013-10-17 15:50:42.573047+00	0		
48074	133744	3531	15482216	0	2014-01-07 03:36:37.311002+00	0		
111	133764	833	14209889	0	2013-10-17 15:50:54.631918+00	0		
112	133764	833	14209888	0	2013-10-17 15:50:52.523579+00	0		
3527	134263	1001	10387756	0	2013-10-27 15:00:42.046804+00	0		
113	133764	833	14209892	0	2013-10-17 15:50:57.155399+00	0		
114	133764	833	14209913	0	2013-10-17 15:50:59.415506+00	0		
2898	134150	1154	14467411	0	2013-10-19 12:04:18.898233+00	0		
115	133764	833	14209952	0	2013-10-17 15:51:01.874793+00	0		
3528	133790	1006	10387756	0	2013-10-27 15:00:42.107725+00	0		
116	133764	833	14209893	0	2013-10-17 15:51:04.700539+00	0		
58895	151850	3631	10386266	0	2014-02-11 12:00:30.215184+00	0		
117	133764	833	14209891	0	2013-10-17 15:51:07.069141+00	0		
118	133764	833	14209890	0	2013-10-17 15:51:11.589042+00	0		
3529	134263	1001	10387757	0	2013-10-27 15:00:42.397974+00	0		
48075	133744	3531	15482217	0	2014-01-07 03:36:37.311002+00	0		
2969	134156	1158	15388394	0	2013-10-19 13:05:08.796116+00	0		
3530	133790	1006	10387757	0	2013-10-27 15:00:42.460618+00	0		
2899	134150	1154	14467412	0	2013-10-19 12:04:18.898233+00	0		
3531	134263	1001	10387758	0	2013-10-27 15:00:42.763718+00	0		
58896	151850	3631	10664797	0	2014-02-11 12:00:30.22465+00	0		
3532	133790	1006	10387758	0	2013-10-27 15:00:42.883021+00	0		
3533	134263	1001	10387759	0	2013-10-27 15:00:43.197715+00	0		
58897	151850	3631	10664798	0	2014-02-11 12:00:30.233177+00	0		
2900	134150	1154	14467413	0	2013-10-19 12:04:18.898233+00	0		
3534	133790	1006	10387759	0	2013-10-27 15:00:43.281813+00	0		
3535	134263	1001	10387760	0	2013-10-27 15:00:43.580791+00	0		
58898	151850	3631	10664799	0	2014-02-11 12:00:30.239977+00	0		
3536	133790	1006	10387760	0	2013-10-27 15:00:43.684938+00	0		
3537	134263	1001	10387761	0	2013-10-27 15:00:43.983789+00	0		
2901	134150	1154	14467414	0	2013-10-19 12:04:18.898233+00	0		
3538	133790	1006	10387761	0	2013-10-27 15:00:44.092681+00	0		
58899	151850	3631	10664800	0	2014-02-11 12:00:30.247687+00	0		
3539	134263	1001	10387762	0	2013-10-27 15:00:44.404263+00	0		
2970	134156	1158	15388395	0	2013-10-19 13:05:08.796116+00	0		
2876	133845	1152	14549273	0	2013-10-19 11:30:35.433337+00	0		
2910	134150	1154	14467423	0	2013-10-19 12:04:18.898233+00	0		
2877	133845	1152	14549274	0	2013-10-19 11:30:35.433337+00	0		
2878	133845	1152	14549275	0	2013-10-19 11:30:35.433337+00	0		
2911	134150	1154	14467424	0	2013-10-19 12:04:18.898233+00	0		
2880	133845	1152	14549277	0	2013-10-19 11:30:35.433337+00	0		
2881	133845	1152	14549278	0	2013-10-19 11:30:35.433337+00	0		
2882	133845	1152	14549279	0	2013-10-19 11:30:35.433337+00	0		
2912	134150	1154	14467425	0	2013-10-19 12:04:18.898233+00	0		
2883	133845	1152	14549280	0	2013-10-19 11:30:35.433337+00	0		
2884	133845	1152	14549281	0	2013-10-19 11:30:35.433337+00	0		
2971	134156	1158	15388396	0	2013-10-19 13:05:08.796116+00	0		
2885	133845	1152	14549282	0	2013-10-19 11:30:35.433337+00	0		
2913	134150	1154	14467426	0	2013-10-19 12:04:18.898233+00	0		
2886	133845	1152	14549283	0	2013-10-19 11:30:35.433337+00	0		
2887	133845	1152	14549284	0	2013-10-19 11:30:35.433337+00	0		
2902	134150	1154	14467415	0	2013-10-19 12:04:18.898233+00	0		
2972	134156	1158	15388397	0	2013-10-19 13:05:08.796116+00	0		
2903	134150	1154	14467416	0	2013-10-19 12:04:18.898233+00	0		
2904	134150	1154	14467417	0	2013-10-19 12:04:18.898233+00	0		
2905	134150	1154	14467418	0	2013-10-19 12:04:18.898233+00	0		
2973	134156	1158	15388398	0	2013-10-19 13:05:08.796116+00	0		
2906	134150	1154	14467419	0	2013-10-19 12:04:18.898233+00	0		
2907	134150	1154	14467420	0	2013-10-19 12:04:18.898233+00	0		
58900	151850	3631	10664801	0	2014-02-11 12:00:30.255878+00	0		
2908	134150	1154	14467421	0	2013-10-19 12:04:18.898233+00	0		
2914	134150	1154	14467427	0	2013-10-19 12:04:18.898233+00	0		
2974	134156	1158	15388399	0	2013-10-19 13:05:08.796116+00	0		
2915	134150	1154	14467428	0	2013-10-19 12:04:18.898233+00	0		
2916	134150	1154	14467429	0	2013-10-19 12:04:18.898233+00	0		
2917	134150	1154	14467430	0	2013-10-19 12:04:18.898233+00	0		
2975	134156	1158	15388400	0	2013-10-19 13:05:08.796116+00	0		
2918	134150	1154	14467431	0	2013-10-19 12:04:18.898233+00	0		
2919	134150	1154	14467432	0	2013-10-19 12:04:18.898233+00	0		
2920	134150	1154	14467433	0	2013-10-19 12:04:18.898233+00	0		
2976	134156	1158	15388401	0	2013-10-19 13:05:08.796116+00	0		
2921	134150	1154	14467434	0	2013-10-19 12:04:18.898233+00	0		
2922	134150	1154	14467435	0	2013-10-19 12:04:18.898233+00	0		
2923	134150	1154	14467436	0	2013-10-19 12:04:18.898233+00	0		
2977	134156	1158	15388402	0	2013-10-19 13:05:08.796116+00	0		
58901	151850	3631	10664802	0	2014-02-11 12:00:30.264201+00	0		
2879	133845	1152	14476852	0	2014-04-17 08:00:31.454839+00	0		
2875	133845	1152	14549272	0	2014-04-17 08:00:35.25998+00	0		
2855	134144	985	10607155	0	2013-10-25 10:01:31.293738+00	0		
2856	134144	985	10607156	0	2013-10-25 10:01:31.293738+00	0		
2857	134144	985	10607157	0	2013-10-25 10:01:31.293738+00	0		
2858	134144	985	10607158	0	2013-10-25 10:01:31.293738+00	0		
2859	134144	985	10607159	0	2013-10-25 10:01:31.293738+00	0		
2860	134144	985	10607160	0	2013-10-25 10:01:31.293738+00	0		
2861	134144	985	10607161	0	2013-10-25 10:01:31.293738+00	0		
2862	134144	985	10607162	0	2013-10-25 10:01:31.293738+00	0		
2863	134144	985	10607163	0	2013-10-25 10:01:31.293738+00	0		
2864	134144	985	10607164	0	2013-10-25 10:01:31.293738+00	0		
2865	134144	985	10607165	0	2013-10-25 10:01:31.293738+00	0		
2866	134144	985	10607166	0	2013-10-25 10:01:31.293738+00	0		
2867	134144	985	10607167	0	2013-10-25 10:01:31.293738+00	0		
2868	134144	985	10607168	0	2013-10-25 10:01:31.293738+00	0		
2869	134144	985	10607169	0	2013-10-25 10:01:31.293738+00	0		
2870	134144	985	10607170	0	2013-10-25 10:01:31.293738+00	0		
2871	134144	985	10607171	0	2013-10-25 10:01:31.293738+00	0		
2872	134144	985	10607172	0	2013-10-25 10:01:31.293738+00	0		
2873	134144	985	10607173	0	2013-10-25 10:01:31.293738+00	0		
2874	134144	985	10607174	0	2013-10-25 10:01:31.293738+00	0		
58902	151850	3631	10664803	0	2014-02-11 12:00:30.272053+00	0		
58903	151850	3631	10664804	0	2014-02-11 12:00:30.281592+00	0		
2978	134157	1159	634258	0	2013-10-19 13:14:19.857303+00	0		
58904	151850	3631	10664805	0	2014-02-11 12:00:30.289334+00	0		
2979	134157	1159	634259	0	2013-10-19 13:14:19.857303+00	0		
58905	151850	3631	10664806	0	2014-02-11 12:00:30.297651+00	0		
2980	134157	1159	634260	0	2013-10-19 13:14:19.857303+00	0		
2924	134150	1154	14467437	0	2013-10-19 12:04:18.898233+00	0		
2925	134150	1154	14467438	0	2013-10-19 12:04:18.898233+00	0		
2981	134158	1159	10031987	0	2013-10-19 13:14:19.857303+00	0		
2926	134150	1154	14467439	0	2013-10-19 12:04:18.898233+00	0		
2927	134150	1154	14467440	0	2013-10-19 12:04:18.898233+00	0		
2928	134150	1154	14467441	0	2013-10-19 12:04:18.898233+00	0		
2982	134158	1159	9896959	0	2013-10-19 13:14:19.857303+00	0		
2929	134150	1154	14467442	0	2013-10-19 12:04:18.898233+00	0		
2930	134150	1154	14467443	0	2013-10-19 12:04:18.898233+00	0		
2983	134158	1159	10031989	0	2013-10-19 13:14:19.857303+00	0		
58906	151850	3631	10664807	0	2014-02-11 12:00:30.306096+00	0		
4012	133744	1246	14650396	0	2013-10-20 21:06:56.076859+00	0		
3886	134321	1235	9144525	0	2013-10-20 19:39:57.203764+00	0		
3887	134321	1235	9144526	0	2013-10-20 19:39:57.203764+00	0		
3888	134321	1235	9144527	0	2013-10-20 19:39:57.203764+00	0		
4306	134406	1131	14988159	0	2013-10-21 07:09:43.7368+00	0		
3889	134321	1235	9144528	0	2013-10-20 19:39:57.203764+00	0		
3890	134321	1235	9144529	0	2013-10-20 19:39:57.203764+00	0		
3891	134321	1235	9144530	0	2013-10-20 19:39:57.203764+00	0		
4310	134406	1131	14988163	0	2013-10-21 07:09:43.7368+00	0		
3989	133744	1246	14650373	0	2013-10-20 21:06:56.076859+00	0		
2891	134148	1014	15217364	0	2013-10-25 02:00:19.443118+00	0		
3990	133744	1246	14650374	0	2013-10-20 21:06:56.076859+00	0		
4311	134406	1131	14988164	0	2013-10-21 07:09:43.7368+00	0		
3991	133744	1246	14650375	0	2013-10-20 21:06:56.076859+00	0		
3993	133744	1246	14650377	0	2013-10-20 21:06:56.076859+00	0		
4312	134406	1131	14988165	0	2013-10-21 07:09:43.7368+00	0		
3994	133744	1246	14650378	0	2013-10-20 21:06:56.076859+00	0		
3996	133744	1246	14650380	0	2013-10-20 21:06:56.076859+00	0		
4313	134406	1131	14988166	0	2013-10-21 07:09:43.7368+00	0		
2892	134148	1014	15217365	0	2013-10-25 02:00:19.443118+00	0		
3999	133744	1246	14650383	0	2013-10-20 21:06:56.076859+00	0		
4314	134406	1131	14988167	0	2013-10-21 07:09:43.7368+00	0		
4000	133744	1246	14650384	0	2013-10-20 21:06:56.076859+00	0		
4001	133744	1246	14650385	0	2013-10-20 21:06:56.076859+00	0		
4002	133744	1246	14650386	0	2013-10-20 21:06:56.076859+00	0		
4315	134406	1131	14988168	0	2013-10-21 07:09:43.7368+00	0		
4003	133744	1246	14650387	0	2013-10-20 21:06:56.076859+00	0		
4004	133744	1246	14650388	0	2013-10-20 21:06:56.076859+00	0		
4005	133744	1246	14650389	0	2013-10-20 21:06:56.076859+00	0		
4316	134406	1131	14988169	0	2013-10-21 07:09:43.7368+00	0		
4006	133744	1246	14650390	0	2013-10-20 21:06:56.076859+00	0		
2893	134148	1014	15217366	0	2013-10-25 02:00:19.443118+00	0		
4008	133744	1246	14650392	0	2013-10-20 21:06:56.076859+00	0		
4317	134406	1131	14988170	0	2013-10-21 07:09:43.7368+00	0		
4009	133744	1246	14650393	0	2013-10-20 21:06:56.076859+00	0		
4010	133744	1246	14650394	0	2013-10-20 21:06:56.076859+00	0		
4011	133744	1246	14650395	0	2013-10-20 21:06:56.076859+00	0		
4318	134406	1131	14988171	0	2013-10-21 07:09:43.7368+00	0		
4307	134407	1131	14988160	0	2013-10-21 07:09:43.7368+00	0		
4308	134407	1131	14988161	0	2013-10-21 07:09:43.7368+00	0		
2894	134148	1014	15217367	0	2013-10-25 02:00:19.443118+00	0		
4309	134407	1131	14988162	0	2013-10-21 07:09:43.7368+00	0		
176608	206034	829	17182364	0	2014-12-25 07:00:22.503181+00	0		
4319	134406	1131	14988172	0	2013-10-21 07:09:43.7368+00	0		
2895	134148	1014	15217368	0	2013-10-25 02:00:19.443118+00	0		
4320	134406	1131	14988173	0	2013-10-21 07:09:43.7368+00	0		
4321	134406	1131	14988174	0	2013-10-21 07:09:43.7368+00	0		
2896	134148	1014	15217369	0	2013-10-25 02:00:19.443118+00	0		
2984	134160	2195	13103211	0	2015-02-19 20:24:40.05661+00	0		
2751	134119	1132	8935767	0	2013-10-26 01:00:52.014393+00	0		
3540	133790	1006	10387762	0	2013-10-27 15:00:44.481146+00	0		
3541	134263	1001	10387763	0	2013-10-27 15:00:44.775113+00	0		
3542	133790	1006	10387763	0	2013-10-27 15:00:44.833759+00	0		
3543	134263	1001	10387764	0	2013-10-27 15:00:45.128154+00	0		
2985	134160	2195	13103212	0	2015-02-19 20:24:40.05661+00	0		
3544	133790	1006	10387764	0	2013-10-27 15:00:45.258352+00	0		
2897	134149	1014	15571114	0	2013-12-09 04:00:50.246547+00	0		
48076	145220	775	940631	0	2014-01-14 08:00:19.988443+00	0		
48077	145220	775	940632	0	2014-01-14 08:00:20.160081+00	0		
48078	145220	775	940633	0	2014-01-14 08:00:20.286657+00	0		
164709	133744	5211	815203	0	2014-11-24 23:01:40.22923+00	0		
48079	145220	775	940634	0	2014-01-14 08:00:20.392451+00	0		
164710	133744	5211	815204	0	2014-11-24 23:01:40.29068+00	0		
48080	145220	775	940635	0	2014-01-14 08:00:20.497165+00	0		
48081	145220	775	940636	0	2014-01-14 08:00:20.628346+00	0		
48082	145220	775	940637	0	2014-01-14 08:00:20.774256+00	0		
48083	145220	775	940638	0	2014-01-14 08:00:20.906596+00	0		
48084	145220	775	940639	0	2014-01-14 08:00:21.019076+00	0		
48095	145228	1766	15628366	0	2014-01-14 12:00:51.143842+00	0		
4403	134124	3092	14790018	0	2014-01-19 10:01:41.259193+00	0		
58907	151850	3631	10664808	0	2014-02-11 12:00:30.315041+00	0		
58908	151850	3631	10664809	0	2014-02-11 12:00:30.323755+00	0		
58909	151850	3631	10938987	0	2014-02-11 12:00:30.335023+00	0		
58910	151850	3631	10938988	0	2014-02-11 12:00:30.343955+00	0		
58911	151850	3631	15681419	0	2014-02-11 12:00:30.353029+00	0		
58912	151850	3631	15681420	0	2014-02-11 12:00:30.368749+00	0		
66190	154716	1127	15865383	0	2014-02-22 15:53:37.093757+00	0		
66191	154720	1127	15865384	0	2014-02-22 15:53:37.093757+00	0		
66192	154725	1127	15865385	0	2014-02-22 15:53:37.093757+00	0		
68861	133744	3563	15703859	0	2014-03-06 04:00:34.360013+00	0		
70641	155805	3647	11408068	0	2014-02-28 14:26:08.637413+00	0		
70642	155805	3647	11406837	0	2014-02-28 14:26:08.637413+00	0		
70643	155805	3647	11406838	0	2014-02-28 14:26:08.637413+00	0		
3554	134265	1013	8030028	0	2013-10-27 15:01:08.261379+00	0		
2931	134151	1155	15221620	0	2013-10-19 12:29:39.992942+00	0		
2932	134151	1155	15221621	0	2013-10-19 12:29:39.992942+00	0		
2933	134151	1155	15221622	0	2013-10-19 12:29:39.992942+00	0		
2934	134151	1155	15221623	0	2013-10-19 12:29:39.992942+00	0		
3555	134265	1013	8030029	0	2013-10-27 15:01:08.534118+00	0		
2935	134151	1155	15221624	0	2013-10-19 12:29:39.992942+00	0		
2936	134151	1155	15221625	0	2013-10-19 12:29:39.992942+00	0		
3988	133744	1246	13393870	0	2014-11-06 20:00:17.771326+00	0		
3992	133744	1246	14650376	0	2014-11-06 20:00:18.409563+00	0		
3995	133744	1246	14650379	0	2014-11-06 20:00:19.518349+00	0		
3997	133744	1246	14650381	0	2014-11-06 20:00:19.999871+00	0		
3998	133744	1246	14650382	0	2014-11-06 20:00:20.481741+00	0		
4007	133744	1246	14650391	0	2014-11-06 21:00:05.742173+00	0		
164711	133744	5211	815205	0	2014-11-24 23:01:40.341383+00	0		
164712	133744	5211	815206	0	2014-11-24 23:01:40.398172+00	0		
164713	133744	5211	815207	0	2014-11-24 23:01:40.454935+00	0		
164714	133744	5211	815208	0	2014-11-24 23:01:40.510193+00	0		
164715	133744	5211	815209	0	2014-11-24 23:01:40.566328+00	0		
164716	133744	5211	815210	0	2014-11-24 23:01:40.630304+00	0		
164717	133744	5211	815211	0	2014-11-24 23:01:40.692522+00	0		
2937	134151	1155	15221626	0	2013-10-19 12:29:39.992942+00	0		
2938	134151	1155	15221627	0	2013-10-19 12:29:39.992942+00	0		
2752	134119	1132	8935768	0	2013-10-26 01:00:52.52665+00	0		
2939	134151	1155	15221628	0	2013-10-19 12:29:39.992942+00	0		
2940	134151	1155	15221629	0	2013-10-19 12:29:39.992942+00	0		
3558	134270	1029	7559201	0	2013-10-27 16:00:34.971362+00	0		
2941	134151	1155	15221630	0	2013-10-19 12:29:39.992942+00	0		
2942	134151	1155	15221631	0	2013-10-19 12:29:39.992942+00	0		
2943	134151	1155	15221632	0	2013-10-19 12:29:39.992942+00	0		
2944	134151	1155	15221633	0	2013-10-19 12:29:39.992942+00	0		
2945	134151	1155	15221634	0	2013-10-19 12:29:39.992942+00	0		
2946	134151	1155	15221635	0	2013-10-19 12:29:39.992942+00	0		
3559	134270	1029	7559202	0	2013-10-27 16:00:35.323339+00	0		
2947	134151	1155	15221636	0	2013-10-19 12:29:39.992942+00	0		
2948	134151	1155	15221637	0	2013-10-19 12:29:39.992942+00	0		
2949	134151	1155	15221638	0	2013-10-19 12:29:39.992942+00	0		
2950	134151	1155	15221639	0	2013-10-19 12:29:39.992942+00	0		
2951	134151	1155	15221640	0	2013-10-19 12:29:39.992942+00	0		
2952	134151	1155	15221641	0	2013-10-19 12:29:39.992942+00	0		
3560	134270	1029	7559203	0	2013-10-27 16:00:35.60404+00	0		
3561	134270	1029	7559204	0	2013-10-27 16:00:35.881877+00	0		
3545	134265	1013	8030019	0	2013-10-27 15:01:05.631335+00	0		
3562	134270	1029	7559205	0	2013-10-27 16:00:36.190962+00	0		
3563	134270	1029	7559206	0	2013-10-27 16:00:36.528475+00	0		
3564	134270	1029	7559207	0	2013-10-27 16:00:36.890715+00	0		
3565	134270	1029	7559208	0	2013-10-27 16:00:37.231524+00	0		
3566	134270	1029	7559209	0	2013-10-27 16:00:37.552883+00	0		
3567	134270	1029	7559210	0	2013-10-27 16:00:37.827351+00	0		
3568	134270	1029	7559211	0	2013-10-27 16:00:38.128376+00	0		
3582	134275	1035	13764053	0	2013-10-27 17:00:27.380862+00	0		
3583	134275	1035	13764054	0	2013-10-27 17:00:27.718121+00	0		
3584	134275	1035	13764055	0	2013-10-27 17:00:28.000542+00	0		
3585	134275	1035	13764056	0	2013-10-27 17:00:28.290578+00	0		
3586	134275	1035	13764057	0	2013-10-27 17:00:28.61775+00	0		
3587	134275	1035	13764058	0	2013-10-27 17:00:28.909564+00	0		
3588	134275	1035	13764059	0	2013-10-27 17:00:29.23474+00	0		
3589	134275	1035	13764060	0	2013-10-27 17:00:29.580035+00	0		
3546	134265	1013	8030020	0	2013-10-27 15:01:05.976766+00	0		
3590	134275	1035	13764061	0	2013-10-27 17:00:29.871646+00	0		
3591	134275	1035	13764062	0	2013-10-27 17:00:30.166151+00	0		
3592	134275	1035	13764063	0	2013-10-27 17:00:30.52305+00	0		
3593	134275	1035	13764064	0	2013-10-27 17:00:30.877644+00	0		
3594	134275	1035	13764065	0	2013-10-27 17:00:31.189286+00	0		
3595	134275	1035	13764067	0	2013-10-27 17:00:31.874384+00	0		
3596	134275	1035	13764068	0	2013-10-27 17:00:32.227057+00	0		
3597	134278	1045	11289048	0	2013-10-27 17:00:38.88056+00	0		
3547	134265	1013	8030021	0	2013-10-27 15:01:06.254537+00	0		
3598	134278	1045	11289049	0	2013-10-27 17:00:38.891777+00	0		
3599	134278	1045	11289050	0	2013-10-27 17:00:38.902008+00	0		
3600	134278	1045	11289051	0	2013-10-27 17:00:38.911682+00	0		
3548	134265	1013	8030022	0	2013-10-27 15:01:06.553384+00	0		
3601	134278	1045	11289052	0	2013-10-27 17:00:38.921567+00	0		
3602	134278	1045	11289053	0	2013-10-27 17:00:38.931951+00	0		
3603	134278	1045	11289054	0	2013-10-27 17:00:38.943508+00	0		
3604	134278	1045	11289055	0	2013-10-27 17:00:38.953684+00	0		
3549	134265	1013	8030023	0	2013-10-27 15:01:06.841074+00	0		
3605	134278	1045	11289056	0	2013-10-27 17:00:38.965888+00	0		
3550	134265	1013	8030024	0	2013-10-27 15:01:07.140409+00	0		
3606	134278	1045	11289057	0	2013-10-27 17:00:38.981717+00	0		
3607	134278	1045	11289058	0	2013-10-27 17:00:38.992528+00	0		
3551	134265	1013	8030025	0	2013-10-27 15:01:07.42143+00	0		
3608	134278	1045	11289059	0	2013-10-27 17:00:39.015372+00	0		
3552	134265	1013	8030026	0	2013-10-27 15:01:07.695315+00	0		
3553	134265	1013	8030027	0	2013-10-27 15:01:07.976264+00	0		
3556	134265	1013	8030030	0	2013-10-27 15:01:08.812198+00	0		
3557	134265	1013	8030031	0	2013-10-27 15:01:09.096203+00	0		
3609	134278	1045	11289060	0	2013-10-27 17:00:39.040081+00	0		
48088	145221	3532	475869	0	2014-01-14 08:00:22.53669+00	0		
48089	145221	3532	475870	0	2014-01-14 08:00:22.578793+00	0		
48090	145221	3532	475871	0	2014-01-14 08:00:22.682026+00	0		
48091	145221	3532	475872	0	2014-01-14 08:00:22.719847+00	0		
48092	145221	3532	475873	0	2014-01-14 08:00:22.78056+00	0		
48093	145221	3532	475874	0	2014-01-14 08:00:22.816964+00	0		
48094	145221	3532	475875	0	2014-01-14 08:00:22.85164+00	0		
48096	145228	1766	15628368	0	2014-01-14 12:00:51.198769+00	0		
48085	145221	3532	475866	0	2014-01-14 08:00:22.422054+00	0		
48086	145221	3532	475867	0	2014-01-14 08:00:22.457262+00	0		
58913	151852	3628	1279191	0	2014-02-11 12:00:32.170203+00	0		
58914	151852	3628	1028220	0	2014-02-11 12:00:32.177383+00	0		
58915	151852	3628	1028217	0	2014-02-11 12:00:32.184714+00	0		
58916	151852	3628	1279194	0	2014-02-11 12:00:32.194129+00	0		
313	133785	775	7488062	0	2013-10-24 17:00:24.688942+00	0		
314	133785	775	7488063	0	2013-10-24 17:00:24.777707+00	0		
315	133785	775	7488064	0	2013-10-24 17:00:24.810176+00	0		
316	133785	775	7488065	0	2013-10-24 17:00:24.841334+00	0		
317	133785	775	7488066	0	2013-10-24 17:00:24.873977+00	0		
318	133785	775	7488067	0	2013-10-24 17:00:24.914548+00	0		
319	133785	775	7488068	0	2013-10-24 17:00:24.942739+00	0		
320	133785	775	7488069	0	2013-10-24 17:00:24.986048+00	0		
321	133785	775	7488070	0	2013-10-24 17:00:25.016203+00	0		
322	133785	775	7488071	0	2013-10-24 17:00:25.047613+00	0		
323	133785	775	7488072	0	2013-10-24 17:00:25.07521+00	0		
324	133785	775	7488073	0	2013-10-24 17:00:25.114331+00	0		
325	133785	775	7488074	0	2013-10-24 17:00:25.146921+00	0		
3575	134274	1030	14105709	0	2013-10-27 16:00:45.231216+00	0		
2953	134152	1156	15007009	0	2013-10-19 12:40:33.880818+00	0		
3015	134161	1160	14648018	0	2013-10-19 13:26:42.204468+00	0		
2954	134152	1156	15007010	0	2013-10-19 12:40:33.880818+00	0		
2955	134152	1156	15007011	0	2013-10-19 12:40:33.880818+00	0		
3610	134278	1045	11289061	0	2013-10-27 17:00:39.057579+00	0		
2956	134152	1156	15007012	0	2013-10-19 12:40:33.880818+00	0		
66194	137607	4149	12176832	0	2015-02-15 17:05:39.039137+00	0		
66195	137607	4149	12176833	0	2015-02-15 17:05:41.675256+00	0		
2986	134160	2195	13103213	0	2015-02-19 20:24:40.05661+00	0		
48087	145221	3532	475868	0	2015-04-13 23:03:58.057466+00	0		
3016	134161	1160	14648019	0	2013-10-19 13:26:42.204468+00	0		
2957	134153	1156	15007013	0	2013-10-19 12:40:33.880818+00	0		
2958	134153	1156	15007014	0	2013-10-19 12:40:33.880818+00	0		
2959	134153	1156	15007015	0	2013-10-19 12:40:33.880818+00	0		
3017	134161	1160	14648020	0	2013-10-19 13:26:42.204468+00	0		
2960	134153	1156	15007016	0	2013-10-19 12:40:33.880818+00	0		
2961	134153	1156	15007017	0	2013-10-19 12:40:33.880818+00	0		
3611	134278	1045	11289062	0	2013-10-27 17:00:39.069363+00	0		
2962	134153	1156	15007018	0	2013-10-19 12:40:33.880818+00	0		
3000	134161	1160	14648003	0	2013-10-19 13:26:42.204468+00	0		
3612	134278	1045	11289063	0	2013-10-27 17:00:39.082236+00	0		
3001	134161	1160	14648004	0	2013-10-19 13:26:42.204468+00	0		
3002	134161	1160	14648005	0	2013-10-19 13:26:42.204468+00	0		
3613	134278	1045	11289064	0	2013-10-27 17:00:39.097009+00	0		
3003	134161	1160	14648006	0	2013-10-19 13:26:42.204468+00	0		
3004	134161	1160	14648007	0	2013-10-19 13:26:42.204468+00	0		
3614	134278	1045	11289065	0	2013-10-27 17:00:39.120191+00	0		
3005	134161	1160	14648008	0	2013-10-19 13:26:42.204468+00	0		
3006	134161	1160	14648009	0	2013-10-19 13:26:42.204468+00	0		
404	133792	935	14661984	0	2013-10-17 16:59:28.756312+00	0		
3615	134278	1045	11289066	0	2013-10-27 17:00:39.132248+00	0		
3007	134161	1160	14648010	0	2013-10-19 13:26:42.204468+00	0		
3008	134161	1160	14648011	0	2013-10-19 13:26:42.204468+00	0		
3616	134278	1045	11289067	0	2013-10-27 17:00:39.144409+00	0		
3009	134161	1160	14648012	0	2013-10-19 13:26:42.204468+00	0		
3010	134161	1160	14648013	0	2013-10-19 13:26:42.204468+00	0		
3892	134322	1236	15227995	0	2013-10-27 20:00:28.513861+00	0		
3011	134161	1160	14648014	0	2013-10-19 13:26:42.204468+00	0		
3012	134161	1160	14648015	0	2013-10-19 13:26:42.204468+00	0		
3013	134161	1160	14648016	0	2013-10-19 13:26:42.204468+00	0		
405	133792	935	14661985	0	2013-10-17 16:59:28.756312+00	0		
3014	134161	1160	14648017	0	2013-10-19 13:26:42.204468+00	0		
3018	134161	1160	14648021	0	2013-10-19 13:26:42.204468+00	0		
3019	134161	1160	14648022	0	2013-10-19 13:26:42.204468+00	0		
406	133792	935	14661986	0	2013-10-17 16:59:28.756312+00	0		
3020	134161	1160	14648023	0	2013-10-19 13:26:42.204468+00	0		
48097	145228	1766	15628367	0	2014-01-14 12:00:51.207531+00	0		
3021	134161	1160	14648024	0	2013-10-19 13:26:42.204468+00	0		
407	133792	935	14661987	0	2013-10-17 16:59:28.756312+00	0		
3022	134161	1160	14648025	0	2013-10-19 13:26:42.204468+00	0		
3023	134161	1160	14648026	0	2013-10-19 13:26:42.204468+00	0		
408	133792	935	14661988	0	2013-10-17 16:59:28.756312+00	0		
3024	134161	1160	14648027	0	2013-10-19 13:26:42.204468+00	0		
3025	134161	1160	14648028	0	2013-10-19 13:26:42.204468+00	0		
58917	151854	1117	10276437	0	2014-02-04 11:50:10.416332+00	0		
409	133792	935	14661989	0	2013-10-17 16:59:28.756312+00	0		
58918	151854	1117	10276438	0	2014-02-04 11:50:10.416332+00	0		
410	133792	935	14661990	0	2013-10-17 16:59:28.756312+00	0		
398	133792	935	14661978	0	2013-10-17 16:59:28.756312+00	0		
58919	151854	1117	10276439	0	2014-02-04 11:50:10.416332+00	0		
399	133792	935	14661979	0	2013-10-17 16:59:28.756312+00	0		
400	133792	935	14661980	0	2013-10-17 16:59:28.756312+00	0		
401	133792	935	14661981	0	2013-10-17 16:59:28.756312+00	0		
402	133792	935	14661982	0	2013-10-17 16:59:28.756312+00	0		
337	133785	775	7488087	0	2013-10-24 17:00:25.560901+00	0		
403	133792	935	14661983	0	2013-10-17 16:59:28.756312+00	0		
4013	134306	1247	7825901	0	2013-10-20 21:09:07.578252+00	0		
411	133792	935	14661991	0	2013-10-17 16:59:28.756312+00	0		
412	133792	935	14661992	0	2013-10-17 16:59:28.756312+00	0		
338	133785	775	7488088	0	2013-10-24 17:00:25.586389+00	0		
413	133792	935	14661993	0	2013-10-17 16:59:28.756312+00	0		
4014	134306	1247	7825902	0	2013-10-20 21:09:07.578252+00	0		
414	133792	935	14661994	0	2013-10-17 16:59:28.756312+00	0		
415	133792	935	14661995	0	2013-10-17 16:59:28.756312+00	0		
339	133785	775	7488089	0	2013-10-24 17:00:25.615923+00	0		
416	133792	935	14661996	0	2013-10-17 16:59:28.756312+00	0		
4015	134306	1247	7825903	0	2013-10-20 21:09:07.578252+00	0		
417	133792	935	14661997	0	2013-10-17 16:59:28.756312+00	0		
418	133792	935	14661998	0	2013-10-17 16:59:28.756312+00	0		
340	133785	775	7488090	0	2013-10-24 17:00:25.647127+00	0		
419	133792	935	14661999	0	2013-10-17 16:59:28.756312+00	0		
4016	134306	1247	7825904	0	2013-10-20 21:09:07.578252+00	0		
420	133792	935	14662000	0	2013-10-17 16:59:28.756312+00	0		
341	133785	775	7488091	0	2013-10-24 17:00:25.680023+00	0		
4017	134306	1247	7825905	0	2013-10-20 21:09:07.578252+00	0		
342	133785	775	7488092	0	2013-10-24 17:00:25.711187+00	0		
4018	134306	1247	7825906	0	2013-10-20 21:09:07.578252+00	0		
2753	134119	1132	8935769	0	2013-10-26 01:00:53.792744+00	0		
3569	134274	1030	14105703	0	2013-10-27 16:00:45.117635+00	0		
3570	134274	1030	14105704	0	2013-10-27 16:00:45.155371+00	0		
3571	134274	1030	14105705	0	2013-10-27 16:00:45.18576+00	0		
3572	134274	1030	14105706	0	2013-10-27 16:00:45.198328+00	0		
3573	134274	1030	14105707	0	2013-10-27 16:00:45.210557+00	0		
3574	134274	1030	14105708	0	2013-10-27 16:00:45.220521+00	0		
3576	134274	1030	14105710	0	2013-10-27 16:00:45.242198+00	0		
3577	134274	1030	14105711	0	2013-10-27 16:00:45.252913+00	0		
3578	134274	1030	14105712	0	2013-10-27 16:00:45.265627+00	0		
3579	134274	1030	14105713	0	2013-10-27 16:00:45.274607+00	0		
3580	134274	1030	14105714	0	2013-10-27 16:00:45.29732+00	0		
3581	134274	1030	14105715	0	2013-10-27 16:00:45.309187+00	0		
58920	151854	1117	10276440	0	2014-02-04 11:50:10.416332+00	0		
68862	133790	4244	15703859	0	2014-03-06 04:00:34.391948+00	0		
343	133785	775	7488093	0	2013-10-24 17:00:25.748351+00	0		
4019	134306	1247	7825907	0	2013-10-20 21:09:07.578252+00	0		
344	133785	775	7488094	0	2013-10-24 17:00:25.780187+00	0		
4020	134306	1247	7825908	0	2013-10-20 21:09:07.578252+00	0		
345	133785	775	7488095	0	2013-10-24 17:00:25.813917+00	0		
4021	134306	1247	7825909	0	2013-10-20 21:09:07.578252+00	0		
346	133785	775	7488096	0	2013-10-24 17:00:25.847258+00	0		
4022	134306	1247	7825910	0	2013-10-20 21:09:07.578252+00	0		
347	133785	775	7488097	0	2013-10-24 17:00:25.878519+00	0		
348	133785	775	7488098	0	2013-10-24 17:00:25.910702+00	0		
349	133785	775	7488099	0	2013-10-24 17:00:25.944223+00	0		
350	133785	775	7488100	0	2013-10-24 17:00:25.990453+00	0		
351	133785	775	7488101	0	2013-10-24 17:00:26.068533+00	0		
352	133785	775	7488102	0	2013-10-24 17:00:26.171479+00	0		
353	133785	775	7488103	0	2013-10-24 17:00:26.314023+00	0		
70644	155805	3647	11406839	0	2014-02-28 14:26:08.637413+00	0		
70645	155805	3647	11406840	0	2014-02-28 14:26:08.637413+00	0		
70646	155805	3647	11406841	0	2014-02-28 14:26:08.637413+00	0		
421	133792	935	14662001	0	2013-10-17 16:59:28.756312+00	0		
440	133792	935	14663277	0	2013-10-17 16:59:58.625006+00	0		
422	133792	935	14662002	0	2013-10-17 16:59:28.756312+00	0		
423	133792	935	14662003	0	2013-10-17 16:59:28.756312+00	0		
424	133792	935	14662004	0	2013-10-17 16:59:28.756312+00	0		
66199	137607	4149	12176837	0	2015-02-15 17:05:50.332203+00	0		
66200	137607	4149	12176838	0	2015-02-15 17:05:51.265429+00	0		
441	133792	935	14663278	0	2013-10-17 16:59:58.625006+00	0		
425	133792	935	14662005	0	2013-10-17 16:59:28.756312+00	0		
3026	134161	1160	14648029	0	2013-10-19 13:26:42.204468+00	0		
426	133792	935	14662006	0	2013-10-17 16:59:28.756312+00	0		
427	133792	935	14662007	0	2013-10-17 16:59:28.756312+00	0		
442	133792	935	14663279	0	2013-10-17 16:59:58.625006+00	0		
3027	134161	1160	14648030	0	2013-10-19 13:26:42.204468+00	0		
450	133744	873	245427	0	2013-10-24 18:00:26.107255+00	0		
3028	134161	1160	14648031	0	2013-10-19 13:26:42.204468+00	0		
3617	134297	1123	15299205	0	2013-10-20 18:21:32.868974+00	0		
443	133792	935	14663280	0	2013-10-17 16:59:58.625006+00	0		
3029	134161	1160	14648032	0	2013-10-19 13:26:42.204468+00	0		
3030	134161	1160	14648033	0	2013-10-19 13:26:42.204468+00	0		
444	133792	935	14663281	0	2013-10-17 16:59:58.625006+00	0		
3031	134161	1160	14648034	0	2013-10-19 13:26:42.204468+00	0		
3618	134297	1123	15299206	0	2013-10-20 18:21:32.868974+00	0		
3032	134161	1160	14648035	0	2013-10-19 13:26:42.204468+00	0		
3033	134161	1160	14648036	0	2013-10-19 13:26:42.204468+00	0		
445	133792	935	14663282	0	2013-10-17 16:59:58.625006+00	0		
452	133744	873	291589	0	2013-10-24 18:00:26.16301+00	0		
3619	134297	1123	15299207	0	2013-10-20 18:21:32.868974+00	0		
453	133744	873	291590	0	2013-10-24 18:00:26.173931+00	0		
3620	134297	1123	15299208	0	2013-10-20 18:21:32.868974+00	0		
446	133792	935	14663283	0	2013-10-17 16:59:58.625006+00	0		
454	133744	873	245426	0	2013-10-24 18:00:26.184221+00	0		
3621	134297	1123	15299209	0	2013-10-20 18:21:32.868974+00	0		
455	133744	873	291591	0	2013-10-24 18:00:26.194265+00	0		
3622	134297	1123	15299210	0	2013-10-20 18:21:32.868974+00	0		
456	133744	873	245425	0	2013-10-24 18:00:26.205255+00	0		
447	133792	935	14663284	0	2013-10-17 16:59:58.625006+00	0		
3623	134297	1123	15299211	0	2013-10-20 18:21:32.868974+00	0		
457	133744	873	291592	0	2013-10-24 18:00:26.215956+00	0		
58925	141130	3628	946766	0	2014-02-11 13:00:11.640412+00	0		
3624	134297	1123	15299212	0	2013-10-20 18:21:32.868974+00	0		
458	133744	873	184166	0	2013-10-24 18:00:26.227536+00	0		
448	133792	935	14663285	0	2013-10-17 16:59:58.625006+00	0		
3625	134297	1123	15299213	0	2013-10-20 18:21:32.868974+00	0		
459	133744	873	245424	0	2013-10-24 18:00:26.238658+00	0		
3626	134297	1123	15299214	0	2013-10-20 18:21:32.868974+00	0		
494	133785	939	8213498	0	2013-10-24 18:00:33.18868+00	0		
3627	134297	1123	15299215	0	2013-10-20 18:21:32.868974+00	0		
449	133792	935	14663286	0	2013-10-17 16:59:58.625006+00	0		
495	133785	939	8213499	0	2013-10-24 18:00:33.221306+00	0		
428	133792	935	14663265	0	2013-10-17 16:59:58.625006+00	0		
3628	134297	1123	15299216	0	2013-10-20 18:21:32.868974+00	0		
429	133792	935	14663266	0	2013-10-17 16:59:58.625006+00	0		
430	133792	935	14663267	0	2013-10-17 16:59:58.625006+00	0		
431	133792	935	14663268	0	2013-10-17 16:59:58.625006+00	0		
496	133785	939	8213500	0	2013-10-24 18:00:33.231411+00	0		
432	133792	935	14663269	0	2013-10-17 16:59:58.625006+00	0		
3629	134297	1123	15299217	0	2013-10-20 18:21:32.868974+00	0		
433	133792	935	14663270	0	2013-10-17 16:59:58.625006+00	0		
434	133792	935	14663271	0	2013-10-17 16:59:58.625006+00	0		
497	133785	939	8213501	0	2013-10-24 18:00:33.241308+00	0		
435	133792	935	14663272	0	2013-10-17 16:59:58.625006+00	0		
3630	134297	1123	15299218	0	2013-10-20 18:21:32.868974+00	0		
436	133792	935	14663273	0	2013-10-17 16:59:58.625006+00	0		
437	133792	935	14663274	0	2013-10-17 16:59:58.625006+00	0		
498	133785	939	8213502	0	2013-10-24 18:00:33.251298+00	0		
438	133792	935	14663275	0	2013-10-17 16:59:58.625006+00	0		
48098	145228	1766	15628369	0	2014-01-14 12:00:51.274524+00	0		
439	133792	935	14663276	0	2013-10-17 16:59:58.625006+00	0		
3631	134297	1123	15299219	0	2013-10-20 18:21:32.868974+00	0		
507	133785	939	8213511	0	2013-10-24 18:00:33.33552+00	0		
66204	154737	1120	15838355	0	2014-02-22 17:57:26.654288+00	0		
499	133785	939	8213503	0	2013-10-24 18:00:33.261115+00	0		
3632	134297	1123	15299220	0	2013-10-20 18:21:32.868974+00	0		
500	133785	939	8213504	0	2013-10-24 18:00:33.27007+00	0		
3633	134297	1123	15299221	0	2013-10-20 18:21:32.868974+00	0		
501	133785	939	8213505	0	2013-10-24 18:00:33.278979+00	0		
3634	134297	1123	15299222	0	2013-10-20 18:21:32.868974+00	0		
502	133785	939	8213506	0	2013-10-24 18:00:33.287322+00	0		
503	133785	939	8213507	0	2013-10-24 18:00:33.297139+00	0		
504	133785	939	8213508	0	2013-10-24 18:00:33.306386+00	0		
505	133785	939	8213509	0	2013-10-24 18:00:33.317995+00	0		
506	133785	939	8213510	0	2013-10-24 18:00:33.327354+00	0		
58921	141130	3628	946759	0	2014-02-11 13:00:11.547045+00	0		
58922	141130	3628	946760	0	2014-02-11 13:00:11.607186+00	0		
58923	141130	3628	946762	0	2014-02-11 13:00:11.626137+00	0		
58924	141130	3628	946764	0	2014-02-11 13:00:11.633611+00	0		
58926	141130	3628	946767	0	2014-02-11 13:00:11.647536+00	0		
58927	141130	3628	946770	0	2014-02-11 13:00:11.654352+00	0		
487	133798	784	15001442	0	2013-10-17 17:28:22.763274+00	0		
58928	141130	3628	946772	0	2014-02-11 13:00:11.661564+00	0		
66202	154737	1120	15838353	0	2014-02-22 17:57:26.654288+00	0		
66203	154737	1120	15838354	0	2014-02-22 17:57:26.654288+00	0		
488	133798	784	15001444	0	2013-10-17 17:28:22.763274+00	0		
489	133798	784	15001445	0	2013-10-17 17:28:22.763274+00	0		
490	133798	784	15001447	0	2013-10-17 17:28:22.763274+00	0		
491	133798	784	15001449	0	2013-10-17 17:28:22.763274+00	0		
66205	133744	4150	5478240	0	2014-03-01 19:00:27.452551+00	0		
66206	133790	4150	5478240	0	2014-03-01 19:00:27.507397+00	0		
66207	133744	4150	5478241	0	2014-03-01 19:00:27.585655+00	0		
492	133798	784	15001450	0	2013-10-17 17:28:22.763274+00	0		
66208	133790	4150	5478241	0	2014-03-01 19:00:27.596518+00	0		
66209	133744	4150	5478242	0	2014-03-01 19:00:27.668121+00	0		
493	133798	784	15001451	0	2013-10-17 17:28:22.763274+00	0		
66210	133790	4150	5478242	0	2014-03-01 19:00:27.702482+00	0		
66211	133744	4150	5478243	0	2014-03-01 19:00:27.813538+00	0		
481	133798	784	15001432	0	2013-10-17 17:28:22.763274+00	0		
66212	133790	4150	5478243	0	2014-03-01 19:00:27.827247+00	0		
66213	133744	4150	5478244	0	2014-03-01 19:00:28.002555+00	0		
482	133798	784	15001434	0	2013-10-17 17:28:22.763274+00	0		
66214	133790	4150	5478244	0	2014-03-01 19:00:28.023882+00	0		
66215	133744	4150	5478245	0	2014-03-01 19:00:28.107009+00	0		
483	133798	784	15001435	0	2013-10-17 17:28:22.763274+00	0		
66216	133790	4150	5478245	0	2014-03-01 19:00:28.116748+00	0		
484	133798	784	15001437	0	2013-10-17 17:28:22.763274+00	0		
485	133798	784	15001439	0	2013-10-17 17:28:22.763274+00	0		
486	133798	784	15001441	0	2013-10-17 17:28:22.763274+00	0		
3034	133744	1161	14643515	0	2013-10-19 13:45:32.422946+00	0		
3035	133744	1161	14643516	0	2013-10-19 13:45:32.422946+00	0		
3036	133744	1161	14643517	0	2013-10-19 13:45:32.422946+00	0		
3037	133744	1161	14643518	0	2013-10-19 13:45:32.422946+00	0		
2755	134119	1132	8935771	0	2013-10-26 01:00:56.73005+00	0		
3038	133744	1161	14643519	0	2013-10-19 13:45:32.422946+00	0		
164718	133744	5211	815212	0	2014-11-24 23:01:40.775503+00	0		
3039	133744	1161	14643520	0	2013-10-19 13:45:32.422946+00	0		
451	133744	873	12506342	0	2014-08-26 10:00:52.380669+00	0		
3040	133744	1161	14643521	0	2013-10-19 13:45:32.422946+00	0		
3635	134297	1123	15299223	0	2013-10-20 18:21:32.868974+00	0		
3041	133744	1161	14643522	0	2013-10-19 13:45:32.422946+00	0		
3042	133744	1161	14643523	0	2013-10-19 13:45:32.422946+00	0		
3043	133744	1161	14643524	0	2013-10-19 13:45:32.422946+00	0		
3044	133744	1161	14643525	0	2013-10-19 13:45:32.422946+00	0		
3045	133744	1161	14643526	0	2013-10-19 13:45:32.422946+00	0		
3046	133744	1161	14643527	0	2013-10-19 13:45:32.422946+00	0		
3047	133744	1161	14643528	0	2013-10-19 13:45:32.422946+00	0		
3048	133744	1161	14643529	0	2013-10-19 13:45:32.422946+00	0		
3049	133744	1161	14643530	0	2013-10-19 13:45:32.422946+00	0		
3636	134297	1123	15299224	0	2013-10-20 18:21:32.868974+00	0		
3050	133744	1161	14643531	0	2013-10-19 13:45:32.422946+00	0		
3051	133744	1161	14643532	0	2013-10-19 13:45:32.422946+00	0		
3052	133744	1161	14643533	0	2013-10-19 13:45:32.422946+00	0		
3053	133744	1161	14643534	0	2013-10-19 13:45:32.422946+00	0		
3054	133744	1161	14643535	0	2013-10-19 13:45:32.422946+00	0		
3055	133744	1161	14643536	0	2013-10-19 13:45:32.422946+00	0		
48099	145228	1766	15628370	0	2014-01-14 12:00:51.283889+00	0		
3056	133744	1161	14643537	0	2013-10-19 13:45:32.422946+00	0		
3057	133744	1161	14643538	0	2013-10-19 13:45:32.422946+00	0		
3058	133744	1161	14643539	0	2013-10-19 13:45:32.422946+00	0		
3637	134297	1123	15299225	0	2013-10-20 18:21:32.868974+00	0		
3059	133744	1161	14643540	0	2013-10-19 13:45:32.422946+00	0		
164719	133744	8166	815213	0	2014-11-24 23:01:40.842873+00	0		
3060	133744	1161	14643541	0	2013-10-19 13:45:32.422946+00	0		
3061	133744	1161	14643542	0	2013-10-19 13:45:32.422946+00	0		
3062	133744	1161	14643543	0	2013-10-19 13:45:32.422946+00	0		
164720	133744	8166	815214	0	2014-11-24 23:01:40.900598+00	0		
164721	133744	5211	815215	0	2014-11-24 23:01:40.945847+00	0		
176609	206034	829	17182365	0	2014-12-25 07:00:22.875128+00	0		
173884	138841	2597	17156121	0	2014-12-17 22:00:54.108749+00	0		
176641	206034	829	17182452	0	2014-12-25 07:01:22.271557+00	0		
3638	134297	1123	15299226	0	2013-10-20 18:21:32.868974+00	0		
58938	151857	3629	2029806	0	2014-03-03 19:00:41.851388+00	0		
3639	134297	1123	15299227	0	2013-10-20 18:21:32.868974+00	0		
3640	134297	1123	15299228	0	2013-10-20 18:21:32.868974+00	0		
3641	134297	1123	15299229	0	2013-10-20 18:21:32.868974+00	0		
3642	134297	1123	15299230	0	2013-10-20 18:21:32.868974+00	0		
68863	133744	4245	15703861	0	2014-03-06 04:00:34.640422+00	0		
3643	134297	1123	15299231	0	2013-10-20 18:21:32.868974+00	0		
3644	134297	1123	15299232	0	2013-10-20 18:21:32.868974+00	0		
3645	134297	1123	15299233	0	2013-10-20 18:21:32.868974+00	0		
3646	134297	1123	15299234	0	2013-10-20 18:21:32.868974+00	0		
3647	134297	1123	15299235	0	2013-10-20 18:21:32.868974+00	0		
3648	134297	1123	15299236	0	2013-10-20 18:21:32.868974+00	0		
3649	134297	1123	15299237	0	2013-10-20 18:21:32.868974+00	0		
3650	134297	1123	15299238	0	2013-10-20 18:21:32.868974+00	0		
3651	134297	1123	15299239	0	2013-10-20 18:21:32.868974+00	0		
3652	134297	1123	15299240	0	2013-10-20 18:21:32.868974+00	0		
3653	134297	1123	15299241	0	2013-10-20 18:21:32.868974+00	0		
3654	134297	1123	15299242	0	2013-10-20 18:21:32.868974+00	0		
58929	151857	3629	2029797	0	2014-02-11 13:00:11.789178+00	0		
58930	151857	3629	2029798	0	2014-02-11 13:00:11.798036+00	0		
58931	151857	3629	2029799	0	2014-02-11 13:00:11.806559+00	0		
58932	151857	3629	2029800	0	2014-02-11 13:00:11.815633+00	0		
58933	151857	3629	2029801	0	2014-02-11 13:00:11.824568+00	0		
58934	151857	3629	2029802	0	2014-02-11 13:00:11.833387+00	0		
58935	151857	3629	2029803	0	2014-02-11 13:00:11.841563+00	0		
58936	151857	3629	2029804	0	2014-02-11 13:00:11.853368+00	0		
58937	151857	3629	2029805	0	2014-02-11 13:00:11.861208+00	0		
58939	151857	3629	2029807	0	2014-02-11 13:00:11.874828+00	0		
58940	151857	3629	2029808	0	2014-02-11 13:00:11.882126+00	0		
58941	151857	3629	2029809	0	2014-02-11 13:00:11.890508+00	0		
66217	133744	4150	5478246	0	2014-03-01 19:00:28.592608+00	0		
66218	133790	4150	5478246	0	2014-03-01 19:00:28.639379+00	0		
66219	133744	4150	5478247	0	2014-03-01 19:00:28.791867+00	0		
66220	133790	4150	5478247	0	2014-03-01 19:00:28.801723+00	0		
66221	133744	4150	5478248	0	2014-03-01 19:00:28.871615+00	0		
66222	133790	4150	5478248	0	2014-03-01 19:00:28.889453+00	0		
66223	133744	4150	5478249	0	2014-03-01 19:00:28.998203+00	0		
66224	133790	4150	5478249	0	2014-03-01 19:00:29.012775+00	0		
66225	133744	4150	5478250	0	2014-03-01 19:00:29.125506+00	0		
66226	133790	4150	5478250	0	2014-03-01 19:00:29.137594+00	0		
3655	134297	1123	15299243	0	2013-10-20 18:21:32.868974+00	0		
3656	134297	1123	15299244	0	2013-10-20 18:21:32.868974+00	0		
688	133818	957	1572480	0	2013-10-24 20:00:14.478917+00	0		
3897	134323	1237	8447162	0	2013-10-20 20:06:07.298527+00	0		
3657	134297	1123	15299245	0	2013-10-20 18:21:32.868974+00	0		
3658	134297	1123	15299246	0	2013-10-20 18:21:32.868974+00	0		
4031	134306	1247	7825929	0	2013-10-20 21:09:07.578252+00	0		
3659	134297	1123	15299247	0	2013-10-20 18:21:32.868974+00	0		
3898	134323	1237	8447163	0	2013-10-20 20:06:07.298527+00	0		
2756	134119	1132	8935772	0	2013-10-26 01:00:57.590859+00	0		
3660	134297	1123	15299248	0	2013-10-20 18:21:32.868974+00	0		
3661	134297	1123	15299249	0	2013-10-20 18:21:32.868974+00	0		
4322	133972	3092	14879063	0	2014-01-19 10:01:41.259193+00	0		
3662	134297	1123	15299250	0	2013-10-20 18:21:32.868974+00	0		
48100	145228	1766	15628371	0	2014-01-14 12:00:51.302684+00	0		
3899	134323	1237	8447164	0	2013-10-20 20:06:07.298527+00	0		
3663	134297	1123	15299251	0	2013-10-20 18:21:32.868974+00	0		
662	133744	956	11774262	0	2013-10-17 18:49:00.821206+00	0		
695	133819	957	588305	0	2013-10-24 20:00:15.436457+00	0		
3664	134297	1123	15299252	0	2013-10-20 18:21:32.868974+00	0		
4023	134306	1247	7825911	0	2013-10-20 21:09:07.578252+00	0		
3665	134297	1123	15299253	0	2013-10-20 18:21:32.868974+00	0		
3666	134297	1123	15299254	0	2013-10-20 18:21:32.868974+00	0		
3667	134297	1123	15299255	0	2013-10-20 18:21:32.868974+00	0		
4024	134306	1247	7825912	0	2013-10-20 21:09:07.578252+00	0		
3668	134297	1123	15299256	0	2013-10-20 18:21:32.868974+00	0		
3669	134297	1123	15299257	0	2013-10-20 18:21:32.868974+00	0		
3670	134297	1123	15299258	0	2013-10-20 18:21:32.868974+00	0		
4025	134306	1247	7825913	0	2013-10-20 21:09:07.578252+00	0		
3671	134297	1123	15299259	0	2013-10-20 18:21:32.868974+00	0		
4451	134430	1124	9055047	0	2013-10-21 07:41:37.884656+00	0		
3893	134323	1237	8447158	0	2013-10-20 20:06:07.298527+00	0		
4032	134306	1247	7825930	0	2013-10-20 21:09:07.578252+00	0		
3894	134323	1237	8447159	0	2013-10-20 20:06:07.298527+00	0		
3895	134323	1237	8447160	0	2013-10-20 20:06:07.298527+00	0		
3896	134323	1237	8447161	0	2013-10-20 20:06:07.298527+00	0		
4026	134306	1247	7825914	0	2013-10-20 21:09:07.578252+00	0		
4452	134430	1124	9055048	0	2013-10-21 07:41:37.884656+00	0		
4027	134306	1247	7825915	0	2013-10-20 21:09:07.578252+00	0		
4028	134306	1247	7825916	0	2013-10-20 21:09:07.578252+00	0		
4029	134306	1247	7825917	0	2013-10-20 21:09:07.578252+00	0		
685	133818	957	793008	0	2015-08-30 01:00:58.898172+00	0		
692	133819	957	1836008	0	2015-08-30 01:01:11.263259+00	0		
696	133819	957	2803770	0	2015-08-30 07:00:35.059292+00	0		
683	133818	957	793006	0	2015-09-08 06:01:04.3224+00	0		
675	133818	957	968917	0	2015-08-30 08:02:02.291398+00	0		
691	133819	957	588301	0	2015-08-30 08:02:10.564755+00	0		
694	133819	957	502111	0	2015-09-21 13:00:29.593323+00	0		
690	133818	957	1572482	0	2015-08-31 00:01:12.765715+00	0		
697	133819	957	825948	0	2015-08-31 02:01:06.976835+00	0		
162551	138739	4846	1392303	0	2015-09-17 01:00:55.1733+00	0		
680	133818	957	968922	0	2015-09-01 02:00:30.330475+00	0		
698	133819	957	588308	0	2015-09-01 07:00:50.053562+00	0		
693	133819	957	588303	0	2015-09-01 08:00:34.827929+00	0		
682	133818	957	691528	0	2015-09-13 23:02:21.174909+00	0		
686	133818	957	1572478	0	2015-09-14 00:00:54.056664+00	0		
162552	138739	4846	1392304	0	2015-09-17 01:00:56.565437+00	0		
689	133818	957	793012	0	2015-09-13 23:01:41.219566+00	0		
699	133819	957	588309	0	2015-09-08 05:01:26.014969+00	0		
676	133818	957	691522	0	2015-09-13 23:02:11.558524+00	0		
678	133818	957	968920	0	2015-09-24 23:01:18.505824+00	0		
162553	138739	4846	1392305	0	2015-09-17 01:00:57.707477+00	0		
162554	138735	4846	8219460	0	2015-09-17 01:00:59.900449+00	0		
673	133818	957	524113	0	2015-09-24 23:02:25.340806+00	0		
4453	134430	1124	9055049	0	2013-10-21 07:41:37.884656+00	0		
4030	134306	1247	7825918	0	2013-10-20 21:09:07.578252+00	0		
4033	134306	1247	7825931	0	2013-10-20 21:09:07.578252+00	0		
4034	134306	1247	7825932	0	2013-10-20 21:09:07.578252+00	0		
4035	134306	1247	7825933	0	2013-10-20 21:09:07.578252+00	0		
4454	134430	1124	9055050	0	2013-10-21 07:41:37.884656+00	0		
4036	134306	1247	7825934	0	2013-10-20 21:09:07.578252+00	0		
4037	134306	1247	7825935	0	2013-10-20 21:09:07.578252+00	0		
4455	134430	1124	9055051	0	2013-10-21 07:41:37.884656+00	0		
162561	139369	4846	11262009	0	2014-11-18 00:01:41.653923+00	0		
4704	134481	1071	14328197	0	2013-10-21 14:22:31.572257+00	0		
162562	139369	4846	11262010	0	2014-11-18 00:01:41.691314+00	0		
4754	134486	1279	5867012	0	2013-10-21 14:34:42.290247+00	0		
4705	134481	1071	14328198	0	2013-10-21 14:22:31.572257+00	0		
4755	134486	1279	5867013	0	2013-10-21 14:34:42.290247+00	0		
4756	134486	1279	5867014	0	2013-10-21 14:34:42.290247+00	0		
4757	134486	1279	5867015	0	2013-10-21 14:34:42.290247+00	0		
4758	134486	1279	5867016	0	2013-10-21 14:34:42.290247+00	0		
4759	134486	1279	5867017	0	2013-10-21 14:34:42.290247+00	0		
58942	151859	3898	7663969	0	2014-02-11 13:00:11.99453+00	0		
58943	151859	3898	7663970	0	2014-02-11 13:00:12.027224+00	0		
58944	151859	3898	7663971	0	2014-02-11 13:00:12.041654+00	0		
58945	151859	3898	7663972	0	2014-02-11 13:00:12.054703+00	0		
58946	151859	3898	7663973	0	2014-02-11 13:00:12.069939+00	0		
4458	134434	1270	12733402	0	2013-10-28 10:00:17.002736+00	0		
784	133823	953	3650607	0	2013-10-17 19:23:36.267381+00	0		
3672	134103	1118	15012845	0	2013-10-20 18:22:24.786638+00	0		
3673	134103	1118	15012846	0	2013-10-20 18:22:24.786638+00	0		
4323	133972	3092	14879067	0	2014-01-19 10:01:41.259193+00	0		
3674	134103	1118	15012847	0	2013-10-20 18:22:24.786638+00	0		
3675	134103	1118	15012848	0	2013-10-20 18:22:24.786638+00	0		
48101	145228	1766	15628372	0	2014-01-14 12:00:51.312491+00	0		
3676	134103	1118	15012849	0	2013-10-20 18:22:24.786638+00	0		
3740	134301	1228	15298587	0	2013-10-20 18:35:17.502853+00	0		
4709	134144	1133	13568378	0	2013-10-21 14:25:00.306922+00	0		
3900	134326	1238	12054407	0	2013-10-20 20:15:33.776012+00	0		
4648	134477	1279	14684067	0	2013-10-21 14:11:55.935483+00	0		
3901	134326	1238	12054408	0	2013-10-20 20:15:33.776012+00	0		
3902	134326	1238	12054409	0	2013-10-20 20:15:33.776012+00	0		
3903	134326	1238	12054410	0	2013-10-20 20:15:33.776012+00	0		
4649	134477	1279	14684068	0	2013-10-21 14:11:55.935483+00	0		
3904	134330	1238	12054411	0	2013-10-20 20:15:33.776012+00	0		
3905	134330	1238	12054412	0	2013-10-20 20:15:33.776012+00	0		
4832	134504	914	15062632	0	2013-10-21 17:57:58.311673+00	0		
3906	134330	1238	12054413	0	2013-10-20 20:15:33.776012+00	0		
4650	134477	1279	14684069	0	2013-10-21 14:11:55.935483+00	0		
4038	134342	1249	8317333	0	2013-10-20 21:35:52.011996+00	0		
4039	134342	1249	8317334	0	2013-10-20 21:35:52.011996+00	0		
4710	134144	1133	13568379	0	2013-10-21 14:25:00.306922+00	0		
4040	134342	1249	8317335	0	2013-10-20 21:35:52.011996+00	0		
4651	134477	1279	14684070	0	2013-10-21 14:11:55.935483+00	0		
4041	134342	1249	8317336	0	2013-10-20 21:35:52.011996+00	0		
4042	134342	1249	8317337	0	2013-10-20 21:35:52.011996+00	0		
4043	134342	1249	8317338	0	2013-10-20 21:35:52.011996+00	0		
4652	134477	1279	14684071	0	2013-10-21 14:11:55.935483+00	0		
4044	134342	1249	8317339	0	2013-10-20 21:35:52.011996+00	0		
4045	134342	1249	8317340	0	2013-10-20 21:35:52.011996+00	0		
4046	134342	1249	8317341	0	2013-10-20 21:35:52.011996+00	0		
4653	134477	1279	14684072	0	2013-10-21 14:11:55.935483+00	0		
4047	134342	1249	8317342	0	2013-10-20 21:35:52.011996+00	0		
772	133823	953	3650595	0	2013-10-17 19:23:36.267381+00	0		
4048	134342	1249	8317343	0	2013-10-20 21:35:52.011996+00	0		
773	133823	953	3650596	0	2013-10-17 19:23:36.267381+00	0		
774	133823	953	3650597	0	2013-10-17 19:23:36.267381+00	0		
4711	134144	1133	13568380	0	2013-10-21 14:25:00.306922+00	0		
775	133823	953	3650598	0	2013-10-17 19:23:36.267381+00	0		
776	133823	953	3650599	0	2013-10-17 19:23:36.267381+00	0		
777	133823	953	3650600	0	2013-10-17 19:23:36.267381+00	0		
778	133823	953	3650601	0	2013-10-17 19:23:36.267381+00	0		
779	133823	953	3650602	0	2013-10-17 19:23:36.267381+00	0		
780	133823	953	3650603	0	2013-10-17 19:23:36.267381+00	0		
781	133823	953	3650604	0	2013-10-17 19:23:36.267381+00	0		
782	133823	953	3650605	0	2013-10-17 19:23:36.267381+00	0		
783	133823	953	3650606	0	2013-10-17 19:23:36.267381+00	0		
785	133823	953	3650608	0	2013-10-17 19:23:36.267381+00	0		
786	133823	953	3650609	0	2013-10-17 19:23:36.267381+00	0		
787	133823	953	3650610	0	2013-10-17 19:23:36.267381+00	0		
58947	151859	3898	7663974	0	2014-02-11 13:00:12.083826+00	0		
788	133823	953	3650611	0	2013-10-17 19:23:36.267381+00	0		
58948	151859	3898	7663975	0	2014-02-11 13:00:12.098123+00	0		
58949	151859	3898	7663976	0	2014-02-11 13:00:12.112939+00	0		
66227	154741	4151	6510419	0	2014-02-22 19:02:36.013205+00	0		
4654	134477	1279	14684073	0	2013-10-21 14:11:55.935483+00	0		
4655	134477	1279	14684074	0	2013-10-21 14:11:55.935483+00	0		
4656	134477	1279	14684075	0	2013-10-21 14:11:55.935483+00	0		
4760	134486	1279	6404695	0	2013-10-21 14:34:42.290247+00	0		
4657	134477	1279	14684076	0	2013-10-21 14:11:55.935483+00	0		
4658	134477	1279	14684077	0	2013-10-21 14:11:55.935483+00	0		
4833	134504	914	15062633	0	2013-10-21 17:57:58.311673+00	0		
4659	134477	1279	14684078	0	2013-10-21 14:11:55.935483+00	0		
4761	134486	1279	6404696	0	2013-10-21 14:34:42.290247+00	0		
4660	134477	1279	14684079	0	2013-10-21 14:11:55.935483+00	0		
4661	134477	1279	14684080	0	2013-10-21 14:11:55.935483+00	0		
4662	134477	1279	14684081	0	2013-10-21 14:11:55.935483+00	0		
4870	134506	914	8897900	0	2013-10-21 18:00:59.97813+00	0		
4706	134144	1133	13568375	0	2013-10-21 14:25:00.306922+00	0		
4834	134504	914	15062634	0	2013-10-21 17:57:58.311673+00	0		
4707	134144	1133	13568376	0	2013-10-21 14:25:00.306922+00	0		
671	133816	957	691537	0	2015-09-14 00:00:15.770974+00	0		
663	133816	957	1835980	0	2015-08-30 01:01:04.266498+00	0		
664	133816	957	1835981	0	2015-08-30 01:01:11.935217+00	0		
666	133816	957	7922147	0	2015-08-30 02:00:19.768572+00	0		
667	133816	957	1835987	0	2015-08-30 08:01:16.054449+00	0		
665	133816	957	502106	0	2015-09-01 19:00:20.402722+00	0		
670	133816	957	4425446	0	2015-09-24 23:00:29.816066+00	0		
162559	157312	4846	8219465	0	2015-09-17 01:01:18.557401+00	0		
672	133816	957	691538	0	2015-09-08 06:00:45.138986+00	0		
162560	157312	4846	8219466	0	2015-09-17 01:01:20.974509+00	0		
668	133816	957	691534	0	2015-09-24 23:01:21.320116+00	0		
669	133816	957	252327	0	2015-09-24 23:00:43.970914+00	0		
4708	134144	1133	13568377	0	2013-10-21 14:25:00.306922+00	0		
4762	134486	1279	6404697	0	2013-10-21 14:34:42.290247+00	0		
4835	134504	914	15062635	0	2013-10-21 17:57:58.311673+00	0		
4764	134486	1279	6404699	0	2013-10-21 14:34:42.290247+00	0		
2757	134119	1132	8935773	0	2013-10-26 01:00:57.710981+00	0		
4765	134486	1279	6404700	0	2013-10-21 14:34:42.290247+00	0		
4836	134504	914	15062636	0	2013-10-21 17:57:58.311673+00	0		
4766	134486	1279	6404701	0	2013-10-21 14:34:42.290247+00	0		
4871	134506	914	8897901	0	2013-10-21 18:00:59.97813+00	0		
4837	134504	914	15062637	0	2013-10-21 17:57:58.311673+00	0		
4876	134509	1214	7821841	0	2013-10-21 18:02:27.090911+00	0		
4838	134504	914	15062638	0	2013-10-21 17:57:58.311673+00	0		
4872	134506	914	8897902	0	2013-10-21 18:00:59.97813+00	0		
4839	134505	914	15062639	0	2013-10-21 17:57:58.311673+00	0		
4840	134505	914	15062640	0	2013-10-21 17:57:58.311673+00	0		
4841	134505	914	15062641	0	2013-10-21 17:57:58.311673+00	0		
4873	134506	914	8897903	0	2013-10-21 18:00:59.97813+00	0		
4842	134505	914	15062642	0	2013-10-21 17:57:58.311673+00	0		
4456	134434	1270	12733400	0	2013-10-28 10:00:16.892959+00	0		
4874	134506	914	8897904	0	2013-10-21 18:00:59.97813+00	0		
4457	134434	1270	12733401	0	2013-10-28 10:00:16.961426+00	0		
4875	134509	1214	7821840	0	2013-10-21 18:02:27.090911+00	0		
4877	134509	1214	7821842	0	2013-10-21 18:02:27.090911+00	0		
4459	134434	1270	12733403	0	2013-10-28 10:00:17.030026+00	0		
4878	134509	1214	7821843	0	2013-10-21 18:02:27.090911+00	0		
4460	134434	1270	12733404	0	2013-10-28 10:00:17.057285+00	0		
4879	134513	914	7821844	0	2013-10-21 18:02:27.090911+00	0		
4461	134434	1270	12733405	0	2013-10-28 10:00:17.088591+00	0		
4880	134513	914	7821845	0	2013-10-21 18:02:27.090911+00	0		
4462	134434	1270	12733406	0	2013-10-28 10:00:17.101875+00	0		
4881	134513	914	7821846	0	2013-10-21 18:02:27.090911+00	0		
4463	134434	1270	12733407	0	2013-10-28 10:00:17.133066+00	0		
4882	134513	914	7821847	0	2013-10-21 18:02:27.090911+00	0		
4464	134434	1270	12733408	0	2013-10-28 10:00:17.161583+00	0		
4465	134434	1270	12733409	0	2013-10-28 10:00:17.204207+00	0		
4466	134434	1270	12733410	0	2013-10-28 10:00:17.220073+00	0		
66228	154741	4151	6510420	0	2014-02-22 19:02:36.013205+00	0		
66229	154741	4151	6510421	0	2014-02-22 19:02:36.013205+00	0		
66230	154741	4151	6510422	0	2014-02-22 19:02:36.013205+00	0		
3161	134188	985	15977978	0	2014-03-24 01:01:03.891918+00	0		
3166	134189	985	14680108	0	2014-03-24 01:01:05.345885+00	0		
3185	134194	1198	12280749	0	2013-10-20 02:20:22.298664+00	0		
162563	139369	4846	11262011	0	2014-11-18 00:01:41.715326+00	0		
2758	134119	1132	8935770	0	2013-10-26 01:00:57.765516+00	0		
3677	134103	1118	15012822	0	2013-10-20 18:22:57.781092+00	0		
3186	134194	1198	12280750	0	2013-10-20 02:20:22.298664+00	0		
3168	134188	985	1613084	0	2014-05-02 10:01:30.339171+00	0		
3129	134165	1164	15003452	0	2013-10-19 15:37:09.526095+00	0		
3130	134165	1164	15003453	0	2013-10-19 15:37:09.526095+00	0		
3187	134194	1198	12280751	0	2013-10-20 02:20:22.298664+00	0		
3131	134014	1164	15003454	0	2013-10-19 15:37:09.526095+00	0		
3132	134014	1164	15003455	0	2013-10-19 15:37:09.526095+00	0		
3908	134332	1239	2422098	0	2013-10-20 20:17:27.972769+00	0		
3133	134166	1164	15003456	0	2013-10-19 15:37:09.526095+00	0		
3188	134194	1198	12280752	0	2013-10-20 02:20:22.298664+00	0		
3134	134166	1164	15003457	0	2013-10-19 15:37:09.526095+00	0		
3678	134103	1118	15012823	0	2013-10-20 18:22:57.781092+00	0		
3189	134194	1198	12280753	0	2013-10-20 02:20:22.298664+00	0		
3679	134103	1118	15012824	0	2013-10-20 18:22:57.781092+00	0		
3137	134014	1164	15003460	0	2013-10-19 15:37:09.526095+00	0		
