25	138084	2420	12495403	0	2013-11-10 20:29:43.548543+00	0		
1	137997	1321	3521936	0	2013-11-10 15:30:45.775758+00	0		
2	137999	1303	12501884	0	2013-11-10 15:33:42.712107+00	0		
26	138085	2421	12672727	0	2013-11-10 20:33:47.784663+00	0		
3	138000	1807	1546717	0	2013-11-10 15:34:30.352502+00	0		
4	138001	2399	12495482	0	2013-11-10 15:35:05.984328+00	0		
49	138243	1807	12636236	0	2013-11-11 16:40:37.89917+00	0		
5	138002	1809	7839288	0	2013-11-10 15:36:07.218721+00	0		
27	138090	2423	12672728	0	2013-11-10 20:46:13.760838+00	0		
6	138017	1199	12662267	0	2013-11-10 16:02:23.542182+00	0		
7	138018	1199	12535228	0	2013-11-10 16:02:55.618649+00	0		
8	138019	1199	12533229	0	2013-11-10 16:03:49.163721+00	0		
28	138112	932	12584424	0	2013-11-10 22:07:45.792464+00	0		
10	138045	2412	12666247	0	2013-11-10 17:39:32.990121+00	0		
87	138780	1508	12626961	0	2013-11-14 00:58:28.122973+00	0		
11	138047	2413	12512943	0	2013-11-10 17:51:03.862141+00	0		
29	138121	2088	12546648	0	2013-11-10 22:59:20.390317+00	0		
649	206413	8891	12437274	0	2014-12-19 21:01:21.130791+00	0		
13	138055	2306	12438538	0	2013-11-10 19:25:58.012068+00	0		
50	138244	1807	12557558	0	2013-11-11 16:42:14.693649+00	0		
30	138149	1187	12672758	0	2013-11-11 00:37:09.836136+00	0		
15	138058	1165	7910219	0	2013-11-10 19:36:47.00781+00	0		
16	138070	1767	8832746	0	2013-11-10 19:55:10.675762+00	0		
17	138071	1767	12610749	0	2013-11-10 19:56:09.798578+00	0		
32	138175	942	12672761	0	2013-11-11 01:33:36.845051+00	0		
18	138074	2418	2604759	0	2013-11-10 20:01:22.243311+00	0		
19	138076	1767	12438539	0	2013-11-10 20:05:11.019099+00	0		
51	138245	2455	12436660	0	2013-11-11 16:53:43.435182+00	0		
20	138077	1767	7839286	0	2013-11-10 20:05:40.310639+00	0		
33	138198	1809	12566417	0	2013-11-11 09:02:12.075575+00	0		
21	138078	1767	8632015	0	2013-11-10 20:06:24.789635+00	0		
22	138081	2418	2538168	0	2013-11-10 20:09:27.318123+00	0		
23	138082	1767	12431398	0	2013-11-10 20:15:16.239027+00	0		
34	138200	2445	12563762	0	2013-11-11 09:09:00.466685+00	0		
24	138083	2419	12495412	0	2013-11-10 20:22:07.721366+00	0		
35	138202	2445	12501625	0	2013-11-11 09:11:42.725765+00	0		
52	138246	2455	12578187	0	2013-11-11 16:56:07.233244+00	0		
36	138211	1807	902807	0	2013-11-11 12:04:05.720713+00	0		
53	138248	2455	12672869	0	2013-11-11 17:00:50.011374+00	0		
37	138213	2450	12439325	0	2013-11-11 12:18:08.054168+00	0		
74	138624	2566	12580735	0	2013-11-13 02:40:19.374372+00	0		
38	138213	2450	11106807	0	2013-11-11 12:18:42.499616+00	0		
60	138296	2275	12507196	0	2014-01-07 06:00:15.208867+00	0		
39	138213	2450	12439455	0	2013-11-11 12:20:01.87395+00	0		
56	138255	2457	12501453	0	2013-11-11 17:20:43.122489+00	0		
40	138216	1807	1070456	0	2013-11-11 12:21:38.475195+00	0		
75	138625	2566	12580734	0	2013-11-13 02:41:09.579844+00	0		
41	138216	1807	11789092	0	2013-11-11 12:24:00.58533+00	0		
651	206427	1767	1943838	0	2014-12-19 22:00:22.21566+00	0		
42	138216	1807	1071135	0	2013-11-11 12:24:43.803418+00	0		
43	138218	2451	12443268	0	2013-11-11 12:36:05.360428+00	0		
44	137996	2451	12440754	0	2013-11-11 12:38:57.726986+00	0		
58	138278	932	12444337	0	2013-11-11 20:01:10.355663+00	0		
106	138817	4235	12530572	0	2014-03-06 17:01:05.07958+00	0		
46	138239	2455	12555988	0	2013-11-11 16:23:39.781117+00	0		
88	138781	1508	12483793	0	2013-11-14 00:59:57.037623+00	0		
47	138241	2455	12468292	0	2013-11-11 16:25:45.779899+00	0		
59	138279	2164	12442621	0	2013-11-11 20:02:03.960957+00	0		
48	138242	1807	12635212	0	2013-11-11 16:39:57.100547+00	0		
76	138626	2566	12580733	0	2013-11-13 02:42:23.710362+00	0		
61	138298	2470	12507660	0	2013-11-11 21:32:14.232857+00	0		
77	138627	2566	12580732	0	2013-11-13 02:43:32.312545+00	0		
63	138387	2481	1411749	0	2013-11-12 00:48:06.864021+00	0		
64	138396	2485	10531277	0	2013-11-12 01:16:45.2721+00	0		
97	138796	1508	12512360	0	2013-11-14 01:30:30.753172+00	0		
45	138238	2455	8098203	0	2014-01-20 19:00:39.521667+00	0		
78	138628	2566	12580731	0	2013-11-13 02:44:46.530628+00	0		
66	138477	2534	12557023	0	2013-11-12 12:06:32.919063+00	0		
67	138480	2535	12478965	0	2013-11-12 12:17:26.067617+00	0		
89	138784	1508	12673212	0	2013-11-14 01:03:31.432585+00	0		
68	138483	1767	12438545	0	2013-11-12 12:56:21.442694+00	0		
79	138629	2566	12567601	0	2013-11-13 02:45:49.62355+00	0		
69	138484	1767	7839287	0	2013-11-12 12:59:22.252123+00	0		
70	138619	2566	12567602	0	2013-11-13 02:20:15.252588+00	0		
71	138620	2567	12567603	0	2013-11-13 02:26:02.207604+00	0		
72	138622	2567	12580737	0	2013-11-13 02:38:37.166839+00	0		
80	138630	2566	12580729	0	2013-11-13 02:47:02.022628+00	0		
90	138786	1508	12673216	0	2013-11-14 01:11:26.689938+00	0		
81	138634	2568	12438832	0	2013-11-13 05:30:33.842879+00	0		
82	138775	1508	12425889	0	2013-11-14 00:53:01.084612+00	0		
83	138776	1508	12570298	0	2013-11-14 00:54:05.602111+00	0		
91	138788	1508	12573395	0	2013-11-14 01:15:01.794825+00	0		
65	138458	2526	12433601	0	2014-01-19 20:03:28.235418+00	0		
85	138778	1508	9677762	0	2014-03-08 03:54:34.086461+00	0		
98	138797	1508	12484373	0	2013-11-14 01:31:35.965739+00	0		
86	138779	1508	8613084	0	2013-11-14 00:57:42.966371+00	0		
92	138789	1508	8267301	0	2013-11-14 01:15:45.169966+00	0		
104	138810	932	12581702	0	2013-11-14 04:08:17.074926+00	0		
93	138791	1508	12510704	0	2013-11-14 01:18:12.210322+00	0		
99	138798	1508	12673218	0	2013-11-14 01:33:29.622771+00	0		
94	138793	1508	12673217	0	2013-11-14 01:23:58.032691+00	0		
95	138794	1508	12504149	0	2013-11-14 01:25:23.691279+00	0		
96	138795	1508	12504148	0	2013-11-14 01:28:46.398845+00	0		
100	138799	1508	12673219	0	2013-11-14 01:41:28.493451+00	0		
55	138253	2455	10989480	0	2013-12-12 14:00:34.617819+00	0		
101	138800	1508	12673220	0	2013-11-14 01:42:59.421083+00	0		
105	138811	1508	12673226	0	2013-11-14 04:13:06.045707+00	0		
102	138801	1508	12673221	0	2013-11-14 01:44:33.84896+00	0		
103	138809	932	12673225	0	2013-11-14 04:05:09.721855+00	0		
9	138039	932	12438197	0	2014-03-24 20:00:34.926351+00	0		
113	138957	2361	12487076	0	2013-11-15 09:40:37.800625+00	0		
107	138818	1297	12428094	0	2013-11-14 04:34:23.379053+00	0		
62	138305	2275	12436739	0	2014-01-07 06:00:15.208867+00	0		
112	138955	2142	12518125	0	2013-11-15 09:35:12.699591+00	0		
110	138888	2142	12473547	0	2013-11-14 13:28:14.675392+00	0		
111	138953	2457	12600228	0	2013-11-15 09:29:37.328296+00	0		
114	138958	2457	12477372	0	2013-11-15 09:43:45.871632+00	0		
115	138958	2457	12441564	0	2013-11-15 09:44:26.117404+00	0		
116	138244	2361	12583089	0	2013-11-15 09:47:36.767473+00	0		
117	138961	2361	12600210	0	2013-11-15 09:50:00.2848+00	0		
118	138963	2361	12600922	0	2013-11-15 09:51:40.842294+00	0		
119	138965	2361	12600217	0	2013-11-15 09:54:36.680499+00	0		
120	138969	2361	9438029	0	2013-11-15 10:12:39.487302+00	0		
121	138971	2457	12584235	0	2013-11-15 10:14:03.164057+00	0		
122	139253	2361	12520269	0	2013-11-18 10:25:57.318992+00	0		
123	139257	2361	12600185	0	2013-11-18 10:29:33.283976+00	0		
31	138174	772	12639688	0	2014-07-04 07:00:44.92985+00	0		
73	138623	2567	12580738	0	2015-03-29 15:19:25.087011+00	0		
124	139269	2361	12573013	0	2013-11-18 10:46:51.262657+00	0		
271	145266	1897	12689015	0	2014-01-07 17:52:16.181437+00	0		
125	139280	2663	12674084	0	2013-11-18 13:32:00.512913+00	0		
109	151042	2603	8070370	0	2014-01-28 22:53:28.787299+00	0		
165	140407	1297	12675961	0	2013-11-27 06:59:52.787056+00	0		
634	199964	1895	12781504	0	2014-11-20 04:17:16.16234+00	0		
128	139457	1767	12556189	0	2013-11-20 08:34:34.337168+00	0		
650	206414	8891	12437270	0	2014-12-19 21:01:59.766805+00	0		
129	139457	1767	12556190	0	2013-11-20 08:34:43.138238+00	0		
166	140408	2991	12675960	0	2013-11-27 07:10:59.776097+00	0		
130	139458	2705	12557976	0	2013-11-20 08:39:43.264312+00	0		
131	139460	2706	12438569	0	2013-11-20 08:46:13.802513+00	0		
132	139462	2707	12630749	0	2013-11-20 09:10:24.867918+00	0		
167	140410	2992	12675985	0	2013-11-27 07:23:41.50413+00	0		
133	139463	2708	12070848	0	2013-11-20 09:13:43.474196+00	0		
134	138076	1767	12438522	0	2013-11-20 09:14:50.842786+00	0		
216	141882	1767	12679356	0	2013-12-10 20:54:01.685694+00	0		
168	140412	2897	12676002	0	2013-11-27 08:26:22.84489+00	0		
192	141152	810	12677472	0	2013-12-03 16:55:02.394597+00	0		
135	139464	2709	12674454	0	2013-11-20 09:24:44.623278+00	0		
169	140413	2994	12676003	0	2013-11-27 08:36:56.319911+00	0		
136	139469	2422	12436469	0	2013-11-20 09:42:42.521778+00	0		
137	139470	2710	12438571	0	2013-11-20 09:47:10.105242+00	0		
138	139472	2418	12581462	0	2013-11-20 09:52:20.192389+00	0		
170	140518	1217	12676149	0	2013-11-27 21:26:22.856192+00	0		
139	139473	1767	12556110	0	2013-11-20 09:53:08.914762+00	0		
272	145268	3541	12689018	0	2014-01-07 18:08:49.645477+00	0		
140	139756	2819	12674893	0	2013-11-22 10:49:04.039373+00	0		
141	139759	2820	12430009	0	2013-11-22 11:07:06.885777+00	0		
193	141125	3116	12677512	0	2013-12-03 19:42:32.390796+00	0		
142	139760	2418	12430014	0	2013-11-22 11:24:37.334412+00	0		
143	139269	1767	675198	0	2013-11-22 11:33:16.211141+00	0		
144	139769	1767	12430016	0	2013-11-22 11:55:51.855792+00	0		
171	140520	3044	12676150	0	2013-11-27 21:29:05.314735+00	0		
145	139867	1767	12497965	0	2013-11-23 06:55:47.39837+00	0		
146	139869	1767	12497975	0	2013-11-23 06:56:59.612179+00	0		
147	139870	1767	12579903	0	2013-11-23 07:03:30.263571+00	0		
172	140521	1278	12676151	0	2013-11-27 21:30:25.460005+00	0		
148	139871	2848	10896721	0	2013-11-23 07:13:45.511481+00	0		
149	139872	2849	12430028	0	2013-11-23 07:18:29.642317+00	0		
194	141156	3116	12598097	0	2013-12-03 19:45:15.286823+00	0		
150	139873	2850	12430038	0	2013-11-23 07:28:39.717188+00	0		
173	140525	3045	12440890	0	2013-11-27 21:51:14.288927+00	0		
151	139876	1767	12497957	0	2013-11-23 07:59:16.083016+00	0		
152	139894	729	12430052	0	2013-11-23 12:21:32.721023+00	0		
153	140061	2897	12675430	0	2013-11-24 14:07:23.991796+00	0		
174	140527	1809	12673751	0	2013-11-27 22:00:59.609298+00	0		
154	140228	1767	12675719	0	2013-11-25 19:15:04.578246+00	0		
155	140229	1767	12442328	0	2013-11-25 19:19:20.813997+00	0		
175	140527	1809	12673750	0	2013-11-27 22:02:10.950181+00	0		
195	141157	3116	12612931	0	2013-12-03 19:56:51.975691+00	0		
158	140236	729	12567748	0	2013-11-25 19:43:57.316156+00	0		
176	141056	3103	12677259	0	2013-12-02 18:45:50.606704+00	0		
159	140237	1767	1214670	0	2013-11-25 19:48:38.258526+00	0		
160	140238	2708	1428401	0	2013-11-25 19:53:07.995967+00	0		
161	140241	1767	12675724	0	2013-11-25 19:57:28.963581+00	0		
217	141883	729	12625815	0	2013-12-10 20:54:55.975345+00	0		
162	140245	2943	12675725	0	2013-11-25 20:01:46.718463+00	0		
163	140246	2944	12469508	0	2013-11-25 20:06:34.284485+00	0		
156	140233	1809	12675200	0	2013-11-26 04:00:29.899035+00	0		
164	140405	2990	12575323	0	2013-11-27 06:43:29.638696+00	0		
178	141062	3104	12606359	0	2013-12-02 19:15:54.918336+00	0		
196	141157	3116	12677523	0	2013-12-03 19:57:26.475192+00	0		
179	141067	2994	12522753	0	2013-12-02 19:43:24.804403+00	0		
180	141068	1767	12677263	0	2013-12-02 19:50:10.520451+00	0		
181	141120	3115	12549771	0	2013-12-03 08:38:53.122639+00	0		
197	141158	3116	12677530	0	2013-12-03 20:05:06.762728+00	0		
182	141121	3116	12591905	0	2013-12-03 08:53:09.125787+00	0		
183	141122	3116	12677406	0	2013-12-03 09:01:41.778379+00	0		
184	141124	3116	12589036	0	2013-12-03 09:06:50.621297+00	0		
198	141158	3116	12677537	0	2013-12-03 20:07:34.996243+00	0		
185	141125	3116	12520407	0	2013-12-03 09:21:04.367921+00	0		
186	141125	3116	12516822	0	2013-12-03 09:22:30.091568+00	0		
210	141314	3115	12580105	0	2013-12-05 21:39:11.830187+00	0		
187	141127	3116	12520400	0	2013-12-03 09:34:13.896088+00	0		
199	141195	2567	12676811	0	2013-12-04 12:34:05.792859+00	0		
188	141127	3116	12520408	0	2013-12-03 09:36:48.069434+00	0		
189	141128	3116	12520402	0	2013-12-03 09:40:00.40837+00	0		
190	141129	3116	12520404	0	2013-12-03 09:43:27.315194+00	0		
223	141978	3221	5926079	0	2013-12-11 01:27:57.365194+00	0		
200	141196	2705	12485639	0	2013-12-04 13:12:45.41059+00	0		
211	141315	2567	12676996	0	2013-12-05 21:50:59.255536+00	0		
201	141196	2705	12485640	0	2013-12-04 13:12:54.255192+00	0		
202	141196	2705	12485641	0	2013-12-04 13:13:00.584203+00	0		
218	141884	729	12679357	0	2013-12-10 20:59:44.063253+00	0		
203	141196	2705	7092541	0	2013-12-04 13:13:06.712298+00	0		
212	141376	3116	12438813	0	2013-12-06 11:56:54.479066+00	0		
204	141224	3131	12677724	0	2013-12-04 23:21:43.529545+00	0		
205	141224	3131	12603357	0	2013-12-04 23:22:39.753635+00	0		
206	141313	3137	12677869	0	2013-12-05 21:18:20.393165+00	0		
219	141885	2306	12679358	0	2013-12-10 21:04:45.124938+00	0		
274	145273	1809	12689044	0	2014-01-07 19:22:40.879213+00	0		
126	138047	2413	12663942	0	2014-03-26 10:00:43.435824+00	0		
233	142238	3245	12680237	0	2013-12-13 10:20:04.938691+00	0		
224	142061	1767	12576738	0	2013-12-11 22:38:04.210339+00	0		
213	141383	2992	12487014	0	2013-12-06 12:47:27.883634+00	0		
177	141057	3144	12441185	0	2013-12-06 13:16:12.774957+00	0		
108	138819	3144	11273465	0	2013-12-06 13:16:22.158033+00	0		
214	141878	1767	12679351	0	2013-12-10 20:43:20.387793+00	0		
220	141887	2306	12679359	0	2013-12-10 21:09:45.455377+00	0		
215	141880	1767	9248999	0	2013-12-10 20:49:44.764995+00	0		
229	142066	1767	12576678	0	2013-12-11 23:03:30.986256+00	0		
225	142062	932	12576721	0	2013-12-11 22:40:56.031349+00	0		
221	141888	729	12567425	0	2013-12-10 21:10:26.780706+00	0		
222	141907	2567	12483652	0	2013-12-10 23:26:59.832418+00	0		
276	145388	2582	5567621	0	2014-01-08 11:46:39.613576+00	0		
230	142236	3243	12680236	0	2013-12-13 10:08:22.231183+00	0		
226	142063	1767	12576742	0	2013-12-11 22:50:13.026273+00	0		
227	142064	3224	12570959	0	2013-12-11 22:56:53.880216+00	0		
228	142065	1767	12576607	0	2013-12-11 23:01:04.623939+00	0		
232	142238	3245	12680239	0	2013-12-13 10:20:19.192793+00	0		
234	142238	3245	12680240	0	2013-12-13 10:20:08.892313+00	0		
236	142254	2418	12680302	0	2013-12-13 14:18:28.221381+00	0		
231	142238	3245	12680238	0	2013-12-13 10:20:16.566904+00	0		
235	142253	3246	12680301	0	2013-12-13 14:09:51.696215+00	0		
238	142354	1219	12680756	0	2013-12-14 22:37:58.082032+00	0		
237	142353	1298	9617218	0	2013-12-14 22:15:19.209439+00	0		
239	142355	3270	7571451	0	2013-12-14 22:40:25.373095+00	0		
157	140235	2942	12567747	0	2014-07-15 19:00:20.580856+00	0		
240	142357	1165	12680757	0	2013-12-14 22:41:00.971702+00	0		
241	142387	3272	12680765	0	2013-12-15 00:14:14.244043+00	0		
277	145388	2582	5567622	0	2014-01-08 11:46:39.613576+00	0		
242	142392	3273	12526711	0	2013-12-15 00:44:59.318347+00	0		
243	142537	3037	12633981	0	2013-12-31 23:00:27.390215+00	0		
244	142538	3037	12524883	0	2013-12-31 23:00:27.390215+00	0		
245	142539	3037	12440658	0	2013-12-31 23:00:27.390215+00	0		
246	142540	3037	12636705	0	2013-12-31 23:00:27.390215+00	0		
308	145449	3555	12567633	0	2014-01-08 17:19:58.597639+00	0		
273	145272	3541	12689039	0	2014-01-07 19:16:13.431513+00	0		
275	145388	2582	12610926	0	2014-01-08 11:40:52.50562+00	0		
327	149783	985	12581672	0	2014-01-21 23:39:53.203897+00	0		
278	145388	2582	5567623	0	2014-01-08 11:46:39.613576+00	0		
250	142546	1807	12495883	0	2013-12-17 00:33:40.031408+00	0		
309	145453	1291	12689340	0	2014-01-08 17:23:19.311879+00	0		
251	142547	3289	12681351	0	2013-12-17 00:40:16.735489+00	0		
279	145388	2582	5567624	0	2014-01-08 11:46:39.613576+00	0		
252	142548	2399	8070385	0	2013-12-17 00:42:16.151667+00	0		
253	142551	1809	12681353	0	2013-12-17 00:50:18.377435+00	0		
254	142665	3295	12681374	0	2013-12-17 10:50:05.121563+00	0		
280	145388	2582	5567625	0	2014-01-08 11:46:39.613576+00	0		
255	142670	1304	12681382	0	2013-12-17 11:16:05.221303+00	0		
256	142670	3296	12681382	0	2013-12-17 11:18:28.822537+00	0		
257	142670	3297	12681382	0	2013-12-17 11:21:11.027684+00	0		
281	145388	2582	5567626	0	2014-01-08 11:46:39.613576+00	0		
258	142670	2990	12681382	0	2013-12-17 11:22:26.845057+00	0		
259	142670	3298	12681382	0	2013-12-17 11:25:46.208642+00	0		
310	145455	3556	12689342	0	2014-01-08 17:34:29.729998+00	0		
260	142670	3299	12681382	0	2013-12-17 11:28:53.921016+00	0		
282	145388	2582	5567627	0	2014-01-08 11:46:39.613576+00	0		
261	142762	1809	12681738	0	2013-12-17 23:08:09.280626+00	0		
262	142773	1767	12681745	0	2013-12-17 23:31:19.417205+00	0		
263	142839	2354	12624433	0	2013-12-18 06:54:34.776902+00	0		
283	145388	2582	5567628	0	2014-01-08 11:46:39.613576+00	0		
264	142841	2354	12624434	0	2013-12-18 07:06:20.44434+00	0		
265	142842	2354	12624436	0	2013-12-18 07:11:13.666715+00	0		
266	142847	2354	12624431	0	2013-12-18 07:22:17.543623+00	0		
284	145388	2582	5567629	0	2014-01-08 11:46:39.613576+00	0		
311	145456	3144	12689344	0	2014-01-08 17:46:03.572233+00	0		
285	145388	2582	5567630	0	2014-01-08 11:46:39.613576+00	0		
286	145388	2582	5567631	0	2014-01-08 11:46:39.613576+00	0		
328	149785	3733	12694258	0	2014-01-22 01:53:05.720421+00	0		
287	145388	2582	5567632	0	2014-01-08 11:46:39.613576+00	0		
288	145388	2582	5567633	0	2014-01-08 11:46:39.613576+00	0		
269	143822	3399	12635128	0	2013-12-28 06:29:55.434718+00	0		
268	143822	3399	12591985	0	2013-12-28 06:30:10.310802+00	0		
270	143822	3399	12634193	0	2013-12-28 06:30:31.107711+00	0		
289	145388	2582	5567634	0	2014-01-08 11:46:39.613576+00	0		
267	143822	3399	12685376	0	2013-12-28 06:30:54.549879+00	0		
247	142541	3037	12490574	0	2013-12-31 23:00:27.390215+00	0		
248	142544	3037	12681347	0	2013-12-31 23:00:27.390215+00	0		
249	142545	3037	12681349	0	2013-12-31 23:00:27.390215+00	0		
290	145388	2582	5567635	0	2014-01-08 11:46:39.613576+00	0		
312	145456	3558	12689349	0	2014-01-08 17:56:55.682481+00	0		
291	145388	2582	5567636	0	2014-01-08 11:46:39.613576+00	0		
292	145388	2582	5567637	0	2014-01-08 11:46:39.613576+00	0		
293	145388	2582	5567638	0	2014-01-08 11:46:39.613576+00	0		
313	145995	3604	12690378	0	2014-01-11 21:30:36.690556+00	0		
294	145388	2582	5567639	0	2014-01-08 11:46:39.613576+00	0		
295	145388	2582	526410	0	2014-01-08 11:46:39.613576+00	0		
296	145388	2582	526411	0	2014-01-08 11:46:39.613576+00	0		
314	145996	3605	12690371	0	2014-01-11 21:33:45.105511+00	0		
297	145388	2582	526412	0	2014-01-08 11:46:39.613576+00	0		
298	145388	2582	526413	0	2014-01-08 11:46:39.613576+00	0		
341	150988	3810	12559959	0	2014-01-28 18:50:11.697141+00	0		
299	145388	2582	526414	0	2014-01-08 11:46:39.613576+00	0		
315	146294	3300	12507565	0	2014-01-12 21:18:06.413109+00	0		
300	145388	2582	526415	0	2014-01-08 11:46:39.613576+00	0		
301	145388	2582	526416	0	2014-01-08 11:46:39.613576+00	0		
330	149849	3555	12689179	0	2014-01-22 17:09:51.406337+00	0		
302	145388	2582	526417	0	2014-01-08 11:46:39.613576+00	0		
316	146336	1251	12690767	0	2014-01-13 00:56:43.578051+00	0		
303	145388	2582	526418	0	2014-01-08 11:46:39.613576+00	0		
304	145388	2582	526419	0	2014-01-08 11:46:39.613576+00	0		
305	145388	2582	526420	0	2014-01-08 11:46:39.613576+00	0		
317	146350	2991	12690781	0	2014-01-13 01:57:29.253167+00	0		
306	145388	2582	526421	0	2014-01-08 11:46:39.613576+00	0		
84	138777	1508	12458670	0	2014-01-16 15:57:53.349263+00	0		
307	145388	2582	526422	0	2014-01-08 11:46:39.613576+00	0		
331	149878	2567	12676784	0	2014-01-22 21:13:38.837329+00	0		
318	147891	2708	12691883	0	2014-01-16 17:13:44.747925+00	0		
319	148940	3668	12692195	0	2014-01-17 22:31:38.030008+00	0		
349	151172	932	12697195	0	2014-01-30 01:37:49.458117+00	0		
320	149326	3688	12692750	0	2014-01-18 23:47:51.448433+00	0		
332	150032	1111	12694826	0	2014-01-23 15:27:08.599822+00	0		
321	149328	1809	12430015	0	2014-01-18 23:55:39.070869+00	0		
322	149330	2708	12692753	0	2014-01-19 00:02:46.54241+00	0		
342	150989	3811	12520359	0	2014-01-28 19:06:29.272883+00	0		
323	149511	3706	12693166	0	2014-01-19 20:48:45.834974+00	0		
333	150033	1325	12510353	0	2014-01-23 15:31:19.084657+00	0		
324	149665	2567	12483644	0	2014-01-20 20:19:02.770905+00	0		
325	149735	932	12496929	0	2014-01-21 17:57:17.292442+00	0		
326	149745	1386	12693974	0	2014-01-21 18:32:28.959698+00	0		
334	150034	1111	12512891	0	2014-01-23 15:31:56.630988+00	0		
343	151043	2603	8706454	0	2014-01-28 22:58:28.546805+00	0		
335	150033	1325	12510359	0	2014-01-23 15:35:16.358434+00	0		
336	150101	1187	12450024	0	2014-01-23 20:57:12.953696+00	0		
355	151406	3868	8730704	0	2014-02-01 07:21:42.185975+00	0		
337	150180	3755	12598123	0	2014-01-24 01:44:13.676272+00	0		
344	151043	2603	8706456	0	2014-01-28 22:58:34.678696+00	0		
338	150872	3801	12696464	0	2014-01-27 20:45:07.409113+00	0		
339	150935	3806	3323673	0	2014-01-28 08:52:58.783926+00	0		
350	151173	3831	12502111	0	2014-01-30 01:47:43.092553+00	0		
340	150942	3807	8369921	0	2014-01-28 09:27:22.754723+00	0		
345	151045	3814	12696816	0	2014-01-28 23:28:03.267803+00	0		
346	151109	3818	12546699	0	2014-01-29 13:02:56.409998+00	0		
351	151177	3831	12501938	0	2014-01-30 03:47:02.790964+00	0		
347	151130	3821	12696937	0	2014-01-29 14:18:54.656344+00	0		
348	151171	932	12496284	0	2014-01-30 01:34:59.814814+00	0		
352	151178	3451	12506341	0	2014-01-30 04:10:37.29821+00	0		
353	151179	1219	12645911	0	2014-01-30 04:20:06.811585+00	0		
354	151180	1251	12499940	0	2014-01-30 04:40:30.639344+00	0		
359	151596	1357	12571567	0	2014-02-03 03:28:53.48106+00	0		
357	151592	2376	12555091	0	2014-02-03 02:50:42.70011+00	0		
363	151714	1767	12698402	0	2014-02-03 23:37:04.2402+00	0		
358	151593	2376	12698184	0	2014-02-03 03:02:21.772114+00	0		
362	151602	3261	9697323	0	2014-02-03 04:31:19.818026+00	0		
360	151600	3261	12524868	0	2014-02-03 04:03:36.205594+00	0		
361	151601	2376	12698189	0	2014-02-03 04:12:15.625317+00	0		
364	151735	1767	12698408	0	2014-02-04 01:12:35.533489+00	0		
365	151748	3892	12502007	0	2014-02-04 01:40:39.055279+00	0		
366	151821	3895	12557497	0	2014-02-04 05:48:13.569897+00	0		
367	151920	3038	12510702	0	2014-02-05 01:53:53.803323+00	0		
368	151935	3146	12533711	0	2014-02-05 10:46:18.957895+00	0		
369	152008	3912	12678121	0	2014-02-06 05:39:01.895098+00	0		
370	152009	3912	12678124	0	2014-02-06 05:40:24.673915+00	0		
371	152010	3912	12678128	0	2014-02-06 05:41:17.125972+00	0		
372	152010	3912	12678132	0	2014-02-06 05:42:01.749506+00	0		
373	152015	2567	12568203	0	2014-02-06 08:34:39.518551+00	0		
374	152017	2567	12678248	0	2014-02-06 08:36:17.408032+00	0		
375	152018	3116	12678250	0	2014-02-06 08:39:20.321237+00	0		
356	151419	3104	639785	0	2014-03-24 10:00:20.06149+00	0		
376	152020	2567	12678252	0	2014-02-06 08:40:30.397606+00	0		
377	152022	2567	12601113	0	2014-02-06 08:42:08.998379+00	0		
378	152023	2567	12598096	0	2014-02-06 08:43:03.120318+00	0		
379	152025	2567	12678308	0	2014-02-06 08:44:14.354337+00	0		
380	152025	2567	12678305	0	2014-02-06 08:45:20.06539+00	0		
381	152027	2567	12678478	0	2014-02-06 08:46:43.598305+00	0		
382	152030	2567	12598104	0	2014-02-06 08:48:04.224707+00	0		
383	152031	2567	12558630	0	2014-02-06 08:51:43.379164+00	0		
384	152033	2567	12483649	0	2014-02-06 08:52:51.943226+00	0		
420	154098	4069	12701788	0	2014-02-18 10:06:40.473901+00	0		
385	152036	2567	12698745	0	2014-02-06 09:00:00.155233+00	0		
386	152039	2567	12698749	0	2014-02-06 09:04:07.724821+00	0		
387	152044	2567	12698753	0	2014-02-06 09:09:19.884276+00	0		
421	154099	1568	12575980	0	2014-02-18 10:08:00.647282+00	0		
388	138794	932	12492829	0	2014-02-06 09:59:55.906021+00	0		
390	152253	3144	10292046	0	2014-02-07 05:01:21.683818+00	0		
442	155822	1199	12597133	0	2014-02-28 16:44:37.531441+00	0		
391	152253	3144	10292047	0	2014-02-07 05:01:35.668312+00	0		
392	152253	3144	10292048	0	2014-02-07 05:01:43.325035+00	0		
393	152255	3928	10292052	0	2014-02-07 05:35:19.344825+00	0		
422	154102	4070	12701789	0	2014-02-18 10:13:38.71836+00	0		
394	152255	3928	10292053	0	2014-02-07 05:35:26.167939+00	0		
395	152255	3928	10292054	0	2014-02-07 05:35:31.739719+00	0		
396	152275	1127	12698964	0	2014-02-07 06:31:18.301016+00	0		
397	138211	1807	12439453	0	2014-02-09 17:49:08.155964+00	0		
398	152682	3221	8384069	0	2014-02-09 17:50:14.063721+00	0		
443	156053	1893	1821516	0	2014-03-01 22:28:22.078782+00	0		
399	152684	1321	12439460	0	2014-02-09 18:07:17.184909+00	0		
635	199969	1229	12776116	0	2014-11-20 04:31:56.061272+00	0		
400	152686	1124	12515454	0	2014-02-09 18:47:57.243512+00	0		
401	152687	1512	12668512	0	2014-02-09 18:58:31.759994+00	0		
402	152807	2567	12699834	0	2014-02-10 10:03:27.655863+00	0		
425	154113	1123	12701798	0	2014-02-18 11:35:41.79902+00	0		
403	152809	2567	12699838	0	2014-02-10 10:14:04.874035+00	0		
404	152812	2567	12676792	0	2014-02-10 10:18:14.682805+00	0		
458	160029	4768	12705303	0	2014-03-26 23:05:24.140178+00	0		
405	152814	2567	12699842	0	2014-02-10 10:22:17.576024+00	0		
426	154115	4070	12690422	0	2014-02-18 11:37:51.110648+00	0		
406	153220	1357	12700141	0	2014-02-12 18:10:06.568662+00	0		
407	153221	2376	12699710	0	2014-02-12 18:26:38.269342+00	0		
444	156061	2482	12705771	0	2014-03-01 22:36:12.495929+00	0		
408	153278	2567	12700476	0	2014-02-13 10:36:02.887184+00	0		
409	153280	2567	12700480	0	2014-02-13 10:41:00.561025+00	0		
410	153282	2567	12700484	0	2014-02-13 10:54:25.2005+00	0		
411	153283	2567	12598119	0	2014-02-13 10:55:15.586424+00	0		
428	154117	3441	12701802	0	2014-02-18 11:45:08.367158+00	0		
412	153285	2567	12676796	0	2014-02-13 10:56:59.568364+00	0		
413	153287	2567	12700488	0	2014-02-13 10:59:16.902063+00	0		
414	153373	4017	12700572	0	2014-02-14 04:23:39.319027+00	0		
429	154118	1127	12701803	0	2014-02-18 11:47:09.353328+00	0		
415	153375	3908	12700575	0	2014-02-14 04:29:34.510058+00	0		
469	161991	4994	12719269	0	2014-04-10 00:32:36.245498+00	0		
445	156494	1767	12706815	0	2014-03-04 22:52:31.087007+00	0		
417	154025	4067	12604080	0	2014-02-17 15:50:11.683275+00	0		
430	154531	3116	12598108	0	2014-02-21 20:10:39.339593+00	0		
459	160162	1767	12714097	0	2014-03-27 12:42:57.652612+00	0		
446	142544	4355	12570402	0	2014-03-04 23:42:48.565224+00	0		
441	155422	4235	12636180	0	2014-03-06 17:01:05.07958+00	0		
431	154534	3116	12676756	0	2014-02-21 20:12:50.8533+00	0		
432	154536	3116	12580073	0	2014-02-21 20:17:26.225108+00	0		
433	154538	3116	12702834	0	2014-02-21 20:20:14.988325+00	0		
434	154541	3116	12601131	0	2014-02-21 20:23:29.556657+00	0		
460	160175	3541	12714104	0	2014-03-27 13:24:39.699589+00	0		
435	154543	3116	12532072	0	2014-02-21 20:25:54.958871+00	0		
436	154545	2567	12702840	0	2014-02-21 20:31:51.964421+00	0		
447	157092	4440	12610923	0	2014-03-09 14:45:41.276361+00	0		
438	154552	3115	12702846	0	2014-02-21 20:39:49.914731+00	0		
439	154824	4162	12569701	0	2014-02-23 10:36:23.336636+00	0		
448	157170	3430	12621369	0	2014-03-09 22:07:46.899851+00	0		
440	154885	4162	12703575	0	2014-02-23 15:20:43.03052+00	0		
416	153888	2164	12558118	0	2014-02-23 20:00:12.806647+00	0		
476	166321	2567	12727133	0	2014-05-10 23:34:00.860512+00	0		
461	160308	729	11406391	0	2014-03-28 20:09:19.973078+00	0		
450	157270	1111	12708626	0	2014-03-10 22:35:05.438456+00	0		
451	157566	1732	12693853	0	2014-03-13 00:42:56.12423+00	0		
470	162023	1217	12389119	0	2014-04-10 00:35:27.967179+00	0		
452	157638	2376	12614306	0	2014-03-13 20:35:46.474332+00	0		
462	160308	729	11406390	0	2014-03-28 20:10:01.475179+00	0		
453	157653	4530	12508634	0	2014-03-13 23:18:14.247684+00	0		
454	158402	4624	12711080	0	2014-03-18 23:09:06.244859+00	0		
455	158838	932	12439014	0	2014-03-21 17:06:25.127988+00	0		
463	160308	729	11127563	0	2014-03-28 20:10:30.125987+00	0		
456	159628	4717	12532497	0	2014-03-24 18:28:56.13407+00	0		
471	162556	3908	12579002	0	2014-04-14 19:51:38.403053+00	0		
465	160867	4832	12436949	0	2014-04-02 06:03:00.95566+00	0		
466	161040	2712	12716855	0	2014-04-03 12:45:23.592285+00	0		
467	161503	932	12568767	0	2014-04-06 13:48:35.008771+00	0		
477	166335	3116	12727152	0	2014-05-10 23:46:31.48295+00	0		
468	161990	4993	12719284	0	2014-04-10 00:30:14.193954+00	0		
472	165555	932	12494120	0	2014-05-04 17:58:48.276299+00	0		
473	166226	5491	12726989	0	2014-05-10 12:58:22.718098+00	0		
474	166231	5492	12559445	0	2014-05-10 13:23:04.13744+00	0		
478	137996	1165	12727539	0	2014-05-12 15:07:01.233703+00	0		
475	166317	3115	12727132	0	2014-05-10 23:29:01.357028+00	0		
449	157265	3887	12708617	0	2014-05-24 23:00:21.554072+00	0		
643	203945	3221	9817683	0	2014-12-04 12:57:51.877759+00	0		
480	167583	2567	12728310	0	2014-05-15 15:11:40.57524+00	0		
479	167581	2567	12728309	0	2014-05-21 13:01:32.703589+00	0		
464	160308	729	10320746	0	2014-06-05 19:00:23.182019+00	0		
419	154097	1126	12701787	0	2014-06-29 07:01:21.504882+00	0		
423	154103	1126	12701790	0	2014-06-29 07:01:21.504882+00	0		
418	154026	772	12604081	0	2014-07-04 07:00:44.92985+00	0		
437	154548	2567	12601124	0	2014-11-03 19:00:36.871835+00	0		
652	209034	9115	12791765	0	2015-01-11 13:01:53.315956+00	0		
661	139472	1767	12796503	0	2015-01-17 22:18:39.319099+00	0		
481	167585	5528	12612913	0	2014-05-15 15:15:28.284841+00	0		
482	167593	3115	12728330	0	2014-05-15 15:25:16.637104+00	0		
483	167595	5529	12566732	0	2014-05-15 15:29:15.389386+00	0		
517	137996	5816	12735262	0	2014-06-04 18:44:01.174931+00	0		
484	141122	3116	12580090	0	2014-05-15 15:44:06.010133+00	0		
485	167597	3116	12486104	0	2014-05-15 15:45:11.250904+00	0		
486	167598	2567	12598112	0	2014-05-15 15:47:29.676529+00	0		
518	137996	5816	12735263	0	2014-06-04 18:45:37.708983+00	0		
487	168121	3116	12649580	0	2014-05-16 19:03:17.982302+00	0		
488	141158	3116	12728640	0	2014-05-16 19:10:42.351633+00	0		
191	141125	3116	12520401	0	2014-06-05 19:10:39.033171+00	0		
489	168154	3116	12728641	0	2014-05-16 19:15:54.535843+00	0		
519	137996	5816	12484654	0	2014-06-04 19:21:19.400484+00	0		
490	141124	3116	12486113	0	2014-05-16 19:18:35.69043+00	0		
491	141121	3116	12612928	0	2014-05-16 19:22:54.186647+00	0		
57	138261	772	12590964	0	2014-07-04 07:00:44.92985+00	0		
492	168172	3116	12580072	0	2014-05-16 19:25:31.378866+00	0		
520	137996	5816	12484653	0	2014-06-04 19:21:53.694228+00	0		
493	168182	3116	12728644	0	2014-05-16 19:27:42.230832+00	0		
494	168977	3116	12728904	0	2014-05-17 17:43:34.2265+00	0		
495	169074	5556	12459343	0	2014-05-17 20:33:05.296727+00	0		
521	137996	5816	12484652	0	2014-06-04 19:23:03.196784+00	0		
496	169088	2567	12728936	0	2014-05-17 20:41:50.840728+00	0		
497	169430	2194	12729110	0	2014-05-18 13:02:03.604403+00	0		
329	149812	1356	12606283	0	2014-07-08 16:00:22.767113+00	0		
498	169431	1187	6409591	0	2014-05-18 13:06:21.053052+00	0		
522	137996	5816	12521818	0	2014-06-04 19:24:16.942937+00	0		
499	169453	1187	12729156	0	2014-05-18 15:45:56.931701+00	0		
500	169932	1187	12729228	0	2014-05-18 23:33:03.674805+00	0		
501	169933	4717	12729229	0	2014-05-18 23:35:54.461932+00	0		
523	174906	2705	12735286	0	2014-06-04 19:40:33.590178+00	0		
502	171355	2849	12730320	0	2014-05-21 21:26:59.494387+00	0		
503	171356	2710	12487044	0	2014-05-21 21:29:16.625216+00	0		
552	176365	5922	12438839	0	2014-06-12 19:20:17.747221+00	0		
504	171357	2422	12609657	0	2014-05-21 21:34:09.103652+00	0		
505	171397	3116	12730336	0	2014-05-21 22:09:24.089002+00	0		
506	173519	2164	12733125	0	2014-05-27 13:21:54.004964+00	0		
539	175156	2567	12735775	0	2014-06-06 09:59:03.671479+00	0		
507	173580	5729	12733234	0	2014-05-27 19:54:53.741205+00	0		
525	174912	5819	12735290	0	2014-06-04 19:53:49.132626+00	0		
508	173582	5730	12733252	0	2014-05-27 20:06:02.147003+00	0		
509	173583	5730	12733256	0	2014-05-27 20:12:06.210144+00	0		
510	173610	729	12733302	0	2014-05-27 21:03:53.453758+00	0		
538	175077	5829	12735657	0	2014-06-12 21:00:28.269964+00	0		
526	174915	5817	12735292	0	2014-06-04 19:55:11.429761+00	0		
512	174024	5730	12733855	0	2014-05-29 21:43:17.581285+00	0		
12	138047	2413	373232	0	2014-06-04 09:00:40.211663+00	0		
513	137996	5816	12735259	0	2014-06-04 18:36:18.38941+00	0		
540	175159	5838	12736035	0	2014-06-06 10:24:38.653782+00	0		
527	137996	5816	12735294	0	2014-06-04 19:57:10.910094+00	0		
514	174893	5817	12735260	0	2014-06-04 18:41:00.834889+00	0		
515	137996	5816	12735257	0	2014-06-04 18:41:41.940822+00	0		
516	174894	5817	12735256	0	2014-06-04 18:42:17.043433+00	0		
528	174920	5817	12735296	0	2014-06-04 19:59:57.691905+00	0		
541	175293	1321	12736546	0	2014-06-07 09:08:15.635597+00	0		
529	137996	5816	12735297	0	2014-06-04 20:00:40.596614+00	0		
511	173967	2482	12733758	0	2014-06-05 17:00:14.698528+00	0		
530	175037	5827	12735527	0	2014-06-05 17:56:14.037068+00	0		
531	175040	5817	12735529	0	2014-06-05 17:58:32.840698+00	0		
542	175307	5852	12736560	0	2014-06-07 09:52:13.245247+00	0		
532	175056	5342	12677022	0	2014-06-05 18:11:28.179804+00	0		
533	175056	5342	12677023	0	2014-06-05 18:13:00.086636+00	0		
209	141313	5817	12677874	0	2014-06-05 18:16:00.085727+00	0		
553	177649	5999	12726559	0	2014-06-19 12:45:57.969372+00	0		
534	174893	5817	12735560	0	2014-06-05 18:43:47.250749+00	0		
543	175309	2482	12736568	0	2014-06-07 09:59:08.744467+00	0		
535	175063	5816	12735561	0	2014-06-05 18:48:30.705425+00	0		
641	203404	8428	12783573	0	2014-12-07 12:00:37.517997+00	0		
536	174915	5817	12735562	0	2014-06-05 18:49:52.74451+00	0		
636	199995	8236	12440756	0	2014-11-20 10:53:53.621583+00	0		
560	182101	6455	12751370	0	2014-07-21 07:01:14.486394+00	0		
554	178233	6051	12742988	0	2014-06-23 08:14:46.892585+00	0		
545	175367	2567	12676764	0	2014-06-07 16:50:24.17038+00	0		
546	168121	3116	12736693	0	2014-06-07 17:03:25.997953+00	0		
547	168121	3116	12589034	0	2014-06-07 17:05:38.234578+00	0		
555	178804	2848	12744141	0	2014-06-25 23:24:34.516917+00	0		
548	175509	2567	12677037	0	2014-06-08 11:59:52.036448+00	0		
549	175572	1732	12737099	0	2014-06-08 19:08:22.794892+00	0		
566	185589	6864	12757673	0	2014-08-14 23:11:58.833197+00	0		
550	176220	3823	12738918	0	2014-06-11 23:07:13.305956+00	0		
561	182148	1185	12751465	0	2014-07-21 14:06:26.164598+00	0		
551	176353	5730	12739056	0	2014-06-12 19:03:27.842869+00	0		
557	179217	2567	12745006	0	2014-06-27 18:22:49.587369+00	0		
424	154106	1126	12701792	0	2014-06-29 07:01:21.504882+00	0		
427	154116	1126	12701801	0	2014-06-29 07:01:21.504882+00	0		
544	141195	2567	12549724	0	2014-07-01 10:01:45.152065+00	0		
524	174909	5818	12735289	0	2014-07-01 10:01:50.93707+00	0		
653	210585	1321	12525127	0	2015-01-09 16:22:23.586769+00	0		
558	179893	6184	12746412	0	2014-07-02 19:41:54.59044+00	0		
562	182706	6542	12753183	0	2014-07-27 19:20:37.419285+00	0		
559	179894	3832	12746407	0	2014-07-02 19:43:07.259701+00	0		
556	178856	6073	12744189	0	2014-07-03 04:00:46.571871+00	0		
637	200408	3084	12516704	0	2014-11-22 16:08:32.061071+00	0		
563	183363	6655	12661944	0	2014-08-09 13:00:40.286447+00	0		
564	183413	1199	12754724	0	2014-08-10 15:00:19.203583+00	0		
654	210837	5852	12793415	0	2015-01-10 17:12:39.515505+00	0		
565	185153	4717	12561031	0	2014-08-12 22:08:21.155766+00	0		
639	200937	5146	12641011	0	2014-11-24 15:15:42.069307+00	0		
570	186713	6960	12589297	0	2014-08-21 09:34:05.717262+00	0		
569	186268	6813	12758734	0	2014-08-18 21:28:49.460691+00	0		
571	186728	6963	12589275	0	2014-08-21 12:16:29.039926+00	0		
655	210951	9201	12514233	0	2015-01-11 13:11:56.869675+00	0		
572	186729	6964	12759435	0	2014-08-21 12:26:07.995459+00	0		
573	186730	6965	12589298	0	2014-08-21 12:38:27.268162+00	0		
574	186735	6966	12588374	0	2014-08-21 12:53:38.382827+00	0		
656	210954	1278	12793960	0	2015-01-11 15:10:27.777767+00	0		
575	186737	6966	12759457	0	2014-08-21 13:03:03.813709+00	0		
657	211102	729	12794451	0	2015-01-12 13:49:27.014273+00	0		
658	211979	4162	12795999	0	2015-01-16 19:42:22.844158+00	0		
659	212307	2708	12796432	0	2015-01-17 19:05:43.997857+00	0		
663	212960	9385	12797696	0	2015-01-20 23:30:17.356911+00	0		
664	213272	1185	12798582	0	2015-01-22 21:39:54.426533+00	0		
576	186738	6963	12589260	0	2014-08-21 13:05:05.865437+00	0		
577	186739	6967	12456982	0	2014-08-21 13:11:15.724539+00	0		
567	185792	2430	12757810	0	2014-08-22 19:00:16.068186+00	0		
568	185983	1893	12758183	0	2014-08-24 15:00:26.102044+00	0		
629	198743	3660	12780126	0	2014-11-19 11:01:26.967603+00	0		
578	187801	1036	12761530	0	2014-09-07 02:04:52.843796+00	0		
612	196768	2399	12508688	0	2014-10-30 20:14:17.472993+00	0		
579	188869	3146	11930896	0	2014-09-07 23:59:20.46399+00	0		
580	189311	1165	12764806	0	2014-09-10 20:58:41.776568+00	0		
613	196769	2399	12580554	0	2014-10-30 20:21:38.721753+00	0		
608	196764	2399	12581449	0	2014-10-31 04:00:21.135859+00	0		
581	191652	3555	12526640	0	2014-10-03 23:00:23.504448+00	0		
660	212359	2482	12796491	0	2015-01-17 21:54:40.484467+00	0		
585	192560	2376	12728078	0	2014-10-04 12:32:23.72263+00	0		
614	197282	3639	12673956	0	2014-11-03 01:51:00.672563+00	0		
586	193193	7617	4900274	0	2014-10-06 13:03:20.415327+00	0		
582	150033	985	12770964	0	2014-10-06 21:00:34.166994+00	0		
583	191985	3164	12770965	0	2014-10-06 22:00:15.550079+00	0		
584	191988	2375	12770966	0	2014-10-06 22:00:17.531757+00	0		
587	193978	7688	12773368	0	2014-10-10 12:00:29.192586+00	0		
638	200421	8278	12679564	0	2014-11-22 17:53:57.61387+00	0		
615	197397	1298	12440805	0	2014-11-03 20:48:36.11399+00	0		
589	194492	7756	12774221	0	2014-10-13 14:32:51.143067+00	0		
590	194635	7783	12774380	0	2014-10-14 22:20:05.000164+00	0		
632	199263	1304	12635335	0	2014-11-23 18:02:30.707296+00	0		
591	195532	2399	7154364	0	2014-10-23 15:11:35.507039+00	0		
592	195536	2399	12573010	0	2014-10-23 15:36:10.406472+00	0		
593	195536	2399	12701586	0	2014-10-23 15:40:25.653012+00	0		
617	197747	2708	12779126	0	2014-11-06 06:14:26.013164+00	0		
594	195542	2399	12577809	0	2014-10-23 16:06:46.615893+00	0		
595	150988	3810	12508645	0	2014-10-23 16:47:00.205402+00	0		
642	203571	2946	12783936	0	2014-12-02 08:36:53.835671+00	0		
596	195543	7885	12578416	0	2014-10-23 16:59:26.71514+00	0		
618	197823	3221	12679416	0	2014-11-06 16:35:53.174203+00	0		
597	195543	7885	12441897	0	2014-10-23 17:16:40.701549+00	0		
598	195545	3810	12506769	0	2014-10-23 17:58:05.616854+00	0		
599	195603	7894	12776030	0	2014-10-24 06:41:06.501609+00	0		
619	197824	8034	12440804	0	2014-11-06 16:47:10.793164+00	0		
600	195932	7908	12438851	0	2014-10-25 15:24:41.839331+00	0		
601	196536	7944	12777563	0	2014-10-29 08:06:16.796441+00	0		
602	196756	2399	12580491	0	2014-10-30 19:10:15.498558+00	0		
620	197825	3221	12584008	0	2014-11-06 16:48:43.181808+00	0		
603	196757	2399	12580547	0	2014-10-30 19:22:49.615414+00	0		
604	196758	2399	12580536	0	2014-10-30 19:33:09.280252+00	0		
644	204215	1356	12784714	0	2014-12-06 19:15:42.105352+00	0		
605	196761	2399	12580537	0	2014-10-30 19:33:49.16002+00	0		
621	198458	1893	12523996	0	2014-11-11 03:20:52.032999+00	0		
606	196762	2399	12580545	0	2014-10-30 19:46:13.930036+00	0		
607	196763	2399	12565615	0	2014-10-30 19:47:08.161014+00	0		
690	216032	9675	12585844	0	2015-02-07 10:42:29.692994+00	0		
622	198531	1199	12507213	0	2014-11-11 09:43:30.866505+00	0		
609	196765	2399	12625313	0	2014-10-30 20:09:11.023658+00	0		
610	196766	2399	12587316	0	2014-10-30 20:11:19.531441+00	0		
645	204945	1321	12580980	0	2014-12-11 21:44:10.452437+00	0		
611	196767	2399	12585659	0	2014-10-30 20:12:03.67363+00	0		
623	198532	8084	9492475	0	2014-11-11 09:52:52.920411+00	0		
624	198563	934	12780021	0	2014-11-11 10:16:36.303802+00	0		
616	197505	5829	9697348	0	2014-11-11 12:00:42.306882+00	0		
646	204970	2422	9917024	0	2014-12-11 23:47:02.689808+00	0		
625	198655	8095	10324253	0	2014-11-12 00:51:22.800638+00	0		
626	198657	8096	12606761	0	2014-11-12 01:01:39.46608+00	0		
691	216041	932	6507266	0	2015-02-07 14:21:01.687785+00	0		
627	198658	8097	12705723	0	2014-11-12 01:04:39.083098+00	0		
647	204995	5731	2434840	0	2014-12-12 08:38:34.471375+00	0		
628	198741	8102	12780113	0	2014-11-12 10:42:15.623262+00	0		
692	216044	932	12797945	0	2015-02-07 14:37:29.173149+00	0		
630	199046	1807	12780439	0	2014-11-14 09:59:47.437071+00	0		
648	205491	8829	12746723	0	2014-12-15 22:37:43.648627+00	0		
631	199056	1807	12780463	0	2014-11-14 10:30:19.117353+00	0		
693	216066	1356	12590641	0	2015-02-07 16:50:44.688949+00	0		
633	199465	8163	4270390	0	2014-11-17 17:22:01.293866+00	0		
669	214447	2399	12473370	0	2015-01-28 06:11:25.226501+00	0		
670	214447	2399	12577812	0	2015-01-28 06:11:28.50457+00	0		
671	214447	2399	12507288	0	2015-01-28 06:11:29.491403+00	0		
672	214520	729	12801132	0	2015-01-28 16:33:58.796257+00	0		
673	214814	5475	12714007	0	2015-01-30 07:44:59.771869+00	0		
665	213394	9436	12798814	0	2015-01-30 13:01:04.261953+00	0		
674	214994	9553	12802364	0	2015-01-31 03:56:54.917961+00	0		
675	215231	9564	12718417	0	2015-02-01 07:40:45.73277+00	0		
676	215232	9564	12802797	0	2015-02-01 07:43:23.395428+00	0		
677	215246	9566	12802893	0	2015-02-01 10:24:26.783197+00	0		
678	215264	9572	12803055	0	2015-02-01 12:38:54.894914+00	0		
679	215275	3702	12469794	0	2015-02-01 15:08:31.801829+00	0		
680	215421	9579	12803312	0	2015-02-02 06:29:36.757306+00	0		
666	214121	9479	12800153	0	2015-02-02 14:00:39.955119+00	0		
667	214206	9484	12800375	0	2015-02-02 23:01:58.011447+00	0		
681	215582	2399	12573009	0	2015-02-03 14:13:44.930921+00	0		
682	215582	2399	12573008	0	2015-02-03 14:13:45.996486+00	0		
683	215582	2399	12672084	0	2015-02-03 14:13:49.431014+00	0		
668	214407	9497	12800766	0	2015-02-03 17:01:57.730267+00	0		
684	215591	1767	12577568	0	2015-02-03 19:19:21.040168+00	0		
685	215593	1767	12803693	0	2015-02-03 19:22:44.089202+00	0		
686	215595	1767	12803700	0	2015-02-03 19:26:06.649193+00	0		
699	216899	1895	12510706	0	2015-02-14 13:35:03.412716+00	0		
688	215718	1297	12573676	0	2015-02-04 09:47:24.144113+00	0		
689	216031	9674	12540489	0	2015-02-07 10:32:01.677831+00	0		
694	216236	932	12449533	0	2015-02-08 18:53:49.831036+00	0		
695	216237	1165	12805525	0	2015-02-08 19:01:41.104376+00	0		
696	216239	1508	12630984	0	2015-02-08 19:05:13.026839+00	0		
697	216510	3298	12490510	0	2015-02-10 18:02:10.380155+00	0		
687	215606	9479	12803720	0	2015-02-10 21:02:23.235009+00	0		
698	216526	2455	1878715	0	2015-02-10 21:04:07.596433+00	0		
700	216900	5281	12807758	0	2015-02-14 13:37:45.57763+00	0		
701	216977	729	12808003	0	2015-02-14 18:28:01.433253+00	0		
702	217059	9818	12808087	0	2015-02-14 23:38:17.676315+00	0		
703	217072	9820	12808117	0	2015-02-15 00:58:34.763158+00	0		
704	217073	9820	12732846	0	2015-02-15 01:05:39.996905+00	0		
705	217166	9820	12808347	0	2015-02-15 12:15:38.956108+00	0		
706	217167	9823	12808375	0	2015-02-15 12:42:06.151733+00	0		
707	217183	9818	12808400	0	2015-02-15 13:28:46.424359+00	0		
708	217189	1809	12732840	0	2015-02-15 13:48:43.15576+00	0		
709	217194	1767	12808407	0	2015-02-15 14:03:36.000631+00	0		
710	217196	1767	12808409	0	2015-02-15 14:11:56.243855+00	0		
711	217225	2248	12808511	0	2015-02-15 19:36:56.166881+00	0		
712	217238	8306	12731201	0	2015-02-15 19:58:41.937081+00	0		
713	217244	2481	12471431	0	2015-02-15 21:27:31.362+00	0		
714	217298	3569	12450035	0	2015-02-16 09:35:02.118184+00	0		
715	217548	9566	12718411	0	2015-02-17 19:41:35.717815+00	0		
716	217550	3299	12809514	0	2015-02-17 19:46:17.715046+00	0		
717	217621	2849	12751394	0	2015-02-18 15:43:38.940779+00	0		
718	217635	3299	12810094	0	2015-02-18 17:26:04.519011+00	0		
719	217649	2399	12501643	0	2015-02-18 20:54:00.52156+00	0		
720	217649	2399	12592506	0	2015-02-18 20:54:01.675548+00	0		
721	217852	9918	12811049	0	2015-02-20 23:03:10.792506+00	0		
722	217858	9921	12811073	0	2015-02-21 01:20:42.690967+00	0		
723	217859	3556	12811075	0	2015-02-21 01:39:44.025319+00	0		
724	217862	9922	12811081	0	2015-02-21 01:58:27.690798+00	0		
725	217863	3556	12811083	0	2015-02-21 02:08:35.201641+00	0		
726	217864	3556	12811088	0	2015-02-21 02:23:26.554889+00	0		
727	217865	9923	12811090	0	2015-02-21 02:36:49.760621+00	0		
728	218103	9931	12811403	0	2015-02-21 21:29:50.517577+00	0		
729	218516	3221	12440781	0	2015-02-24 11:39:15.77805+00	0		
730	218618	9818	12812846	0	2015-02-24 23:36:22.741879+00	0		
731	218640	1304	12800241	0	2015-02-25 00:50:18.536134+00	0		
732	221785	1297	12813809	0	2015-02-27 18:51:27.157572+00	0		
733	222401	729	12813916	0	2015-02-27 23:58:50.079415+00	0		
734	222401	729	12813917	0	2015-02-28 00:01:09.959717+00	0		
735	230105	1356	12606025	0	2015-03-02 22:33:53.239715+00	0		
736	149812	1356	12605511	0	2015-03-02 23:18:34.420457+00	0		
737	138784	1508	12576617	0	2015-03-03 22:52:14.742165+00	0		
738	230346	3832	12501954	0	2015-03-03 22:53:22.553214+00	0		
739	230347	3832	12815480	0	2015-03-03 23:01:31.661905+00	0		
740	230480	2567	12815561	0	2015-03-04 14:21:55.508194+00	0		
741	230497	2399	12518689	0	2015-03-04 18:46:21.787159+00	0		
742	230497	2399	12477383	0	2015-03-04 18:46:49.962097+00	0		
743	230500	10136	12814099	0	2015-03-04 19:42:56.64491+00	0		
745	230539	1807	12435972	0	2015-03-04 22:16:52.60296+00	0		
746	230715	2399	12659180	0	2015-03-05 10:50:22.290333+00	0		
747	230765	2399	12509772	0	2015-03-05 15:04:06.439341+00	0		
748	231184	8046	12509020	0	2015-03-07 22:52:43.987197+00	0		
749	231196	1251	12524210	0	2015-03-07 23:13:08.42172+00	0		
750	231197	1014	12575941	0	2015-03-07 23:18:52.170084+00	0		
751	231289	2455	12439338	0	2015-03-08 10:56:58.219026+00	0		
752	231540	2418	12817092	0	2015-03-09 09:47:46.547802+00	0		
753	231657	10208	8864881	0	2015-03-09 17:33:23.206774+00	0		
744	230527	3221	1687083	0	2015-03-10 12:59:17.714738+00	0		
754	232163	1298	12570611	0	2015-03-11 14:04:52.59582+00	0		
755	232261	3556	12818058	0	2015-03-12 00:42:04.679463+00	0		
756	232358	1767	9268731	0	2015-03-12 19:52:37.91949+00	0		
757	232359	10242	12818277	0	2015-03-12 19:58:50.551118+00	0		
758	232830	10256	12818907	0	2015-03-15 08:02:34.867169+00	0		
759	232833	10257	12641724	0	2015-03-15 08:22:22.371516+00	0		
760	232834	10257	12818908	0	2015-03-15 08:29:42.107992+00	0		
761	232837	10260	12818912	0	2015-03-15 09:33:54.341278+00	0		
762	232945	3146	12819296	0	2015-03-16 08:55:55.804605+00	0		
763	232949	6299	12819339	0	2015-03-16 10:48:08.230798+00	0		
764	233002	8046	12819384	0	2015-03-16 15:21:42.162885+00	0		
765	233009	1199	12819396	0	2015-03-16 15:58:33.489389+00	0		
766	233012	932	7303460	0	2015-03-16 16:28:30.061229+00	0		
767	233014	10278	12614402	0	2015-03-16 16:36:55.034291+00	0		
768	233040	6299	12819526	0	2015-03-16 19:00:39.051412+00	0		
769	233040	6299	12819547	0	2015-03-16 19:11:44.466715+00	0		
770	233055	2441	12600048	0	2015-03-16 20:09:38.235697+00	0		
771	233063	729	12543955	0	2015-03-16 20:37:49.971722+00	0		
772	233081	6299	12819761	0	2015-03-16 22:13:31.94759+00	0		
773	233117	1199	12819822	0	2015-03-17 00:35:19.236166+00	0		
774	233119	1199	12819034	0	2015-03-17 00:47:37.003102+00	0		
776	233163	6299	12819936	0	2015-03-17 09:47:09.972619+00	0		
777	233190	6299	12819963	0	2015-03-17 10:54:09.852517+00	0		
775	233162	6299	12614393	0	2015-03-17 16:03:49.124463+00	0		
778	233435	1199	12614549	0	2015-03-18 21:28:35.152678+00	0		
779	233461	1291	12532893	0	2015-03-18 22:00:29.588347+00	0		
780	233492	8152	12502651	0	2015-03-18 23:21:51.637246+00	0		
781	233499	10312	12820668	0	2015-03-18 23:26:47.632239+00	0		
782	233503	10312	12634266	0	2015-03-18 23:58:23.987256+00	0		
54	138250	2455	12820684	0	2015-03-19 01:25:08.469385+00	0		
783	233554	3221	12522970	0	2015-03-19 13:35:31.645426+00	0		
784	233561	1732	12680894	0	2015-03-19 14:10:56.757144+00	0		
785	233857	2482	6662604	0	2015-03-21 17:47:40.834688+00	0		
786	234055	10338	12821915	0	2015-03-22 20:06:49.29902+00	0		
787	234092	1126	12821974	0	2015-03-22 22:36:10.721456+00	0		
788	234158	10349	12822182	0	2015-03-23 16:50:36.4502+00	0		
789	234159	10350	12822187	0	2015-03-23 17:13:01.034696+00	0		
790	234294	2430	12822797	0	2015-03-24 16:19:15.292723+00	0		
791	234684	2455	12823763	0	2015-03-27 10:11:29.653643+00	0		
792	234691	9676	12823772	0	2015-03-27 10:22:38.855538+00	0		
793	234902	729	12824095	0	2015-03-28 13:59:02.381541+00	0		
794	235078	10403	12823827	0	2015-03-29 00:41:48.287247+00	0		
796	236357	10546	12826599	0	2015-04-05 12:34:04.80742+00	0		
795	236108	2582	12822373	0	2015-04-09 23:04:37.621524+00	0		
799	236956	10632	12828588	0	2015-04-11 20:26:21.750863+00	0		
800	236958	10632	12828606	0	2015-04-11 20:56:03.142762+00	0		
797	236815	2194	12828303	0	2015-04-17 21:01:57.760092+00	0		
798	236819	729	12820040	0	2015-04-17 21:04:33.86115+00	0		
802	238983	10554	12834792	0	2015-05-09 14:00:28.272812+00	0		
803	241358	10256	12817719	0	2015-05-16 14:14:46.659612+00	0		
804	241987	11387	12796733	0	2015-05-19 12:05:03.724327+00	0		
457	159772	1177	12713331	0	2015-05-19 19:01:49.003841+00	0		
805	242087	11404	12840369	0	2015-05-20 14:22:37.868168+00	0		
588	242905	1307	12773900	0	2015-05-24 18:06:29.91005+00	0		
806	244119	1807	12519869	0	2015-06-03 09:21:26.388224+00	0		
807	244120	1807	12531852	0	2015-06-03 09:24:19.725516+00	0		
808	244122	3295	12729831	0	2015-06-03 10:17:14.168223+00	0		
640	201250	3888	12504160	0	2015-06-04 09:00:43.050947+00	0		
662	245924	3146	12473686	0	2015-06-19 22:58:19.3862+00	0		
825	255619	1508	12705328	0	2015-08-24 21:00:20.271817+00	0		
815	252089	2710	12810111	0	2015-08-09 22:00:26.611034+00	0		
816	252792	1767	4051936	0	2015-08-14 00:00:13.85088+00	0		
817	255287	2482	12822280	0	2015-08-15 22:44:31.534318+00	0		
14	250457	1767	12438568	0	2015-07-24 17:29:00.92315+00	0		
818	255564	2038	12869527	0	2015-08-17 10:31:03.19442+00	0		
809	250259	3919	8558675	0	2015-07-28 18:00:32.594383+00	0		
810	250259	3919	12496931	0	2015-07-28 18:00:41.699783+00	0		
811	250260	1508	12496930	0	2015-07-28 18:01:01.094927+00	0		
813	250381	12394	12668769	0	2015-07-30 18:01:24.207455+00	0		
814	251266	12447	180425	0	2015-08-02 17:01:10.855947+00	0		
821	255605	729	12621241	0	2015-08-24 20:00:26.872764+00	0		
822	255607	3174	6504983	0	2015-08-24 20:00:41.508131+00	0		
823	255607	3174	6504984	0	2015-08-24 20:00:41.516368+00	0		
826	255620	5350	12536848	0	2015-08-24 21:00:35.018806+00	0		
828	257166	1971	12518689	0	2015-08-24 21:42:59.658471+00	0		
829	257166	1971	12487076	0	2015-08-24 21:44:09.417472+00	0		
830	257166	1971	12509772	0	2015-08-24 21:45:56.767981+00	0		
801	256201	10775	12830956	0	2015-08-19 16:52:20.694374+00	0		
827	256789	2663	12871772	0	2015-08-22 08:49:42.700293+00	0		
819	255586	973	12869625	0	2015-08-24 15:00:59.579386+00	0		
820	255604	1165	12869737	0	2015-08-24 20:00:22.258137+00	0		
824	255607	3174	6504985	0	2015-08-24 20:00:41.524292+00	0		
831	257168	1971	12518693	0	2015-08-24 21:48:01.631631+00	0		
832	257169	1971	12473389	0	2015-08-24 21:50:36.426327+00	0		
833	257228	12923	12516711	0	2015-08-25 16:47:33.88263+00	0		
835	257296	2708	12822624	0	2015-08-25 22:52:48.11062+00	0		
834	257288	972	12872756	0	2015-09-01 23:00:14.515994+00	0		
838	258774	2991	12439324	0	2015-09-06 10:09:29.894395+00	0		
836	258043	3399	12591996	0	2015-09-06 21:02:04.678686+00	0		
837	258699	729	12876243	0	2015-09-12 23:00:33.748282+00	0		
839	259206	12341	12668764	0	2015-09-18 07:00:15.440026+00	0		
840	260627	13374	12441317	0	2015-09-24 19:00:26.67516+00	0		
841	262843	2150	12883412	0	2015-10-11 17:00:20.213341+00	0		
844	137996	1748	12883733	0	2015-10-12 19:02:42.357063+00	0		
845	137996	3054	12883733	0	2015-10-12 19:02:42.362911+00	0		
846	137996	1748	12883734	0	2015-10-12 19:02:42.387374+00	0		
847	137996	3054	12883734	0	2015-10-12 19:02:42.3948+00	0		
848	137996	1748	12883735	0	2015-10-12 19:02:42.408337+00	0		
849	137996	3054	12883735	0	2015-10-12 19:02:42.415114+00	0		
850	137996	1748	12883736	0	2015-10-12 19:02:42.428736+00	0		
851	137996	3054	12883736	0	2015-10-12 19:02:42.435735+00	0		
852	137996	1748	12883737	0	2015-10-12 19:02:42.451692+00	0		
853	137996	3054	12883737	0	2015-10-12 19:02:42.458324+00	0		
854	137996	1748	12883738	0	2015-10-12 19:02:42.479034+00	0		
855	137996	3054	12883738	0	2015-10-12 19:02:42.485724+00	0		
856	137996	1748	12883739	0	2015-10-12 19:02:42.499974+00	0		
857	137996	3054	12883739	0	2015-10-12 19:02:42.506055+00	0		
858	137996	1748	12883740	0	2015-10-12 19:02:42.517471+00	0		
859	137996	3054	12883740	0	2015-10-12 19:02:42.52408+00	0		
860	137996	1748	12883741	0	2015-10-12 19:02:42.536862+00	0		
861	137996	3054	12883741	0	2015-10-12 19:02:42.543001+00	0		
862	137996	1748	12883742	0	2015-10-12 19:02:42.555206+00	0		
863	137996	3054	12883742	0	2015-10-12 19:02:42.561057+00	0		
864	137996	1748	12883743	0	2015-10-12 19:02:42.572828+00	0		
865	137996	3054	12883743	0	2015-10-12 19:02:42.579034+00	0		
866	137996	1748	12883744	0	2015-10-12 19:02:42.591306+00	0		
867	137996	3054	12883744	0	2015-10-12 19:02:42.5982+00	0		
868	137996	1748	12883745	0	2015-10-12 19:02:42.611587+00	0		
869	137996	3054	12883745	0	2015-10-12 19:02:42.618128+00	0		
870	137996	1748	12883746	0	2015-10-12 19:02:42.631636+00	0		
871	137996	3054	12883746	0	2015-10-12 19:02:42.639006+00	0		
872	137996	1748	12883747	0	2015-10-12 19:02:42.652353+00	0		
873	137996	3054	12883747	0	2015-10-12 19:02:42.658635+00	0		
874	265492	1321	12438329	0	2015-10-21 00:15:17.308565+00	0		
875	265628	729	12822221	0	2015-10-22 08:48:55.13021+00	0		
