1	138113	1036	1038	0	2013-11-10 22:08:15.777261+00	0		
2	138113	1418	1048	0	2013-11-10 22:09:09.072671+00	0		
28	138113	1215	2217	0	2013-11-10 22:34:20.462642+00	0		
3	138113	2282	1461	0	2013-11-10 22:12:16.502067+00	0		
4	138113	2282	2274	0	2013-11-10 22:12:18.431837+00	0		
76	138113	2772	2774	0	2013-11-21 13:04:27.961271+00	0		
5	138113	2282	2283	0	2013-11-10 22:12:20.471619+00	0		
29	138113	2405	2406	0	2013-11-10 22:35:20.443843+00	0		
6	138113	2006	2007	0	2013-11-10 22:12:48.221734+00	0		
7	138113	2006	2005	0	2013-11-10 22:13:08.120285+00	0		
60	138113	2682	2698	0	2013-11-20 00:06:16.247567+00	0		
8	138113	2136	2135	0	2013-11-10 22:14:17.08846+00	0		
30	138113	2441	1187	0	2013-11-11 00:39:00.196541+00	0		
9	138113	1160	2195	0	2013-11-10 22:14:45.259144+00	0		
10	138113	2235	2234	0	2013-11-10 22:15:09.628232+00	0		
11	138113	2244	2245	0	2013-11-10 22:15:38.285243+00	0		
31	138113	2441	1386	0	2013-11-11 00:40:53.042115+00	0		
12	138113	2244	2243	0	2013-11-10 22:15:58.148663+00	0		
13	138113	2244	2426	0	2013-11-10 22:18:16.16566+00	0		
61	138113	1508	2701	0	2013-11-20 04:13:10.496896+00	0		
16	138113	775	2251	0	2013-11-10 22:20:10.397414+00	0		
17	138113	775	2252	0	2013-11-10 22:20:28.851433+00	0		
18	138113	775	2428	0	2013-11-10 22:21:53.446268+00	0		
34	138113	2461	2462	0	2013-11-11 19:17:44.758651+00	0		
19	138113	2310	1120	0	2013-11-10 22:22:57.756443+00	0		
20	138113	2310	1121	0	2013-11-10 22:23:12.685353+00	0		
104	138113	1303	3038	0	2013-11-27 17:06:53.805915+00	0		
35	138113	2461	2463	0	2013-11-11 19:17:55.76907+00	0		
62	138113	1508	2702	0	2013-11-20 04:13:20.687006+00	0		
22	138113	2429	2430	0	2013-11-10 22:29:30.051608+00	0		
36	138113	2383	1003	0	2013-11-11 23:43:45.654567+00	0		
21	138113	2429	1165	0	2013-11-10 22:30:46.035864+00	0		
23	138113	2356	1093	0	2013-11-10 22:31:59.466781+00	0		
24	138113	2356	2355	0	2013-11-10 22:32:23.296009+00	0		
37	138113	2471	1642	0	2013-11-11 23:47:58.2757+00	0		
25	138113	2366	2367	0	2013-11-10 22:32:58.794034+00	0		
26	138113	2366	2368	0	2013-11-10 22:33:14.775286+00	0		
77	138113	2772	2775	0	2013-11-21 13:07:38.509819+00	0		
27	138113	2366	2369	0	2013-11-10 22:33:32.423207+00	0		
38	138113	2471	2056	0	2013-11-11 23:48:14.52686+00	0		
63	138113	1508	2703	0	2013-11-20 04:13:30.704369+00	0		
39	138113	2471	2472	0	2013-11-11 23:52:13.566271+00	0		
40	138113	2471	2473	0	2013-11-11 23:59:59.727786+00	0		
41	138113	734	2474	0	2013-11-12 00:09:33.415672+00	0		
64	138113	1159	2711	0	2013-11-20 11:41:30.904712+00	0		
90	138113	2809	2810	0	2013-11-21 20:58:45.804629+00	0		
43	138113	734	2476	0	2013-11-12 00:33:13.312816+00	0		
65	138113	1124	2712	0	2013-11-20 11:47:17.985474+00	0		
44	138113	2496	2497	0	2013-11-12 02:43:14.250705+00	0		
45	138113	2500	2499	0	2013-11-12 03:04:45.226975+00	0		
78	138113	2776	2777	0	2013-11-21 13:23:22.786509+00	0		
42	138113	2476	2475	0	2013-11-12 03:43:35.262407+00	0		
66	138113	1124	2713	0	2013-11-20 11:51:04.036702+00	0		
46	138113	734	2505	0	2013-11-12 04:50:16.719639+00	0		
47	138113	734	955	0	2013-11-12 08:20:50.390599+00	0		
48	138113	734	2517	0	2013-11-12 08:22:59.233403+00	0		
67	138113	2717	2718	0	2013-11-20 17:00:27.525767+00	0		
49	138113	2584	2585	0	2013-11-13 23:45:13.446751+00	0		
15	138113	2248	2250	0	2014-02-18 15:00:25.07488+00	0		
50	138113	2584	2586	0	2013-11-13 23:54:31.576823+00	0		
79	138113	2776	2779	0	2013-11-21 13:38:27.743142+00	0		
99	138113	2958	2974	0	2013-11-26 19:32:51.226145+00	0		
32	138113	2453	1465	0	2013-11-18 15:00:15.252354+00	0		
33	138113	2453	2454	0	2013-11-18 15:00:15.385107+00	0		
80	138113	2776	2780	0	2013-11-21 13:43:17.112091+00	0		
55	138113	994	2678	0	2013-11-19 03:43:42.413563+00	0		
91	138113	2864	2865	0	2013-11-23 17:58:21.350683+00	0		
57	138113	2682	2691	0	2013-11-19 21:09:40.379591+00	0		
59	138113	2682	2696	0	2013-11-19 23:14:31.380004+00	0		
68	139608	2752	2740	0	2013-11-20 23:54:14.61566+00	0		
81	138113	2781	2782	0	2013-11-21 13:52:37.332099+00	0		
69	139619	2695	2754	0	2013-11-21 00:27:18.989184+00	0		
51	138113	2588	2587	0	2013-11-21 03:00:14.159468+00	0		
52	138113	2593	2592	0	2013-11-21 08:00:18.898327+00	0		
53	138113	819	2595	0	2013-11-21 08:00:19.5821+00	0		
54	138113	2601	2600	0	2013-11-21 10:00:28.798614+00	0		
82	138113	2781	2783	0	2013-11-21 13:53:39.025807+00	0		
70	138113	2760	2761	0	2013-11-21 10:32:05.15611+00	0		
71	138113	2765	2766	0	2013-11-21 11:36:50.27278+00	0		
72	138113	2765	2767	0	2013-11-21 12:07:12.162+00	0		
83	138113	2787	2788	0	2013-11-21 14:38:37.822962+00	0		
73	138113	2769	2770	0	2013-11-21 12:22:53.949936+00	0		
74	138113	2765	2771	0	2013-11-21 12:33:33.58539+00	0		
92	138113	2864	2866	0	2013-11-23 18:00:11.444085+00	0		
75	138113	2772	2773	0	2013-11-21 12:51:51.565698+00	0		
84	138113	2787	2789	0	2013-11-21 14:39:24.735524+00	0		
85	138113	2787	2790	0	2013-11-21 14:40:26.689376+00	0		
93	138113	2849	2913	0	2013-11-24 18:44:16.258655+00	0		
86	138113	927	2792	0	2013-11-21 14:48:48.507035+00	0		
87	138113	927	2791	0	2013-11-21 14:48:49.302844+00	0		
100	138113	2979	2978	0	2013-11-26 20:00:06.133147+00	0		
88	138113	2795	2801	0	2013-11-21 18:47:22.122269+00	0		
94	138113	2918	2922	0	2013-11-24 21:09:33.394222+00	0		
89	138113	2809	2808	0	2013-11-21 20:57:19.622299+00	0		
95	138113	2918	2923	0	2013-11-24 21:10:58.412138+00	0		
105	138113	1303	3039	0	2013-11-27 17:09:39.8126+00	0		
96	138113	2918	2924	0	2013-11-24 21:17:34.451416+00	0		
101	138113	2980	2981	0	2013-11-26 20:20:33.482234+00	0		
97	138113	985	2948	0	2013-11-25 23:35:06.96822+00	0		
98	138113	2958	2957	0	2013-11-26 16:21:41.684756+00	0		
102	138113	2985	2983	0	2013-11-26 20:47:56.803929+00	0		
58	138113	1240	2692	0	2013-11-26 22:00:18.996058+00	0		
108	138113	2436	3048	0	2013-11-28 01:10:12.20041+00	0		
106	138113	2436	3005	0	2013-11-27 22:20:12.622675+00	0		
107	138113	2436	2936	0	2013-11-27 22:20:34.94249+00	0		
109	138113	1296	3055	0	2013-11-28 08:05:02.060338+00	0		
110	140820	3084	1076	0	2013-12-01 01:05:59.799724+00	0		
112	138113	985	3140	0	2013-12-06 04:56:35.721041+00	0		
113	138113	3158	3159	0	2013-12-06 19:10:13.926422+00	0		
111	138113	1731	1325	0	2013-12-09 23:00:45.079103+00	0		
114	138113	3158	3160	0	2013-12-06 19:12:29.660023+00	0		
115	138113	3198	3197	0	2013-12-10 02:04:18.896255+00	0		
116	138113	3222	951	0	2013-12-11 05:57:56.929617+00	0		
118	138113	3257	3256	0	2013-12-14 11:47:25.557244+00	0		
119	138113	2471	3258	0	2013-12-14 17:48:23.392344+00	0		
120	138113	1297	1298	0	2013-12-14 22:13:25.656652+00	0		
103	138113	1126	3000	0	2014-06-29 07:01:21.504882+00	0		
14	138113	2244	2427	0	2014-11-09 22:00:23.004939+00	0		
121	138113	3364	3363	0	2013-12-26 20:50:04.134454+00	0		
122	138113	3364	1417	0	2013-12-26 20:50:08.411393+00	0		
123	138113	3369	3368	0	2013-12-26 21:21:29.054077+00	0		
124	138113	3429	3428	0	2013-12-29 13:36:04.946446+00	0		
164	138113	4543	4544	0	2014-03-21 22:00:19.720534+00	0		
125	138113	1402	3441	0	2014-01-06 20:01:09.567975+00	0		
126	144324	2272	3469	0	2014-01-02 13:43:44.917998+00	0		
165	157753	3869	4550	0	2014-03-15 11:14:54.078401+00	0		
127	145431	2078	3552	0	2014-01-08 14:58:12.305823+00	0		
128	138113	3622	3623	0	2014-01-13 13:59:45.227619+00	0		
129	138113	3644	3612	0	2014-01-15 14:41:50.883349+00	0		
131	138113	2147	3731	0	2014-01-21 23:33:17.367195+00	0		
166	158246	2875	4613	0	2014-03-25 04:00:17.156264+00	0		
132	138113	2436	3745	0	2014-01-23 07:46:33.251168+00	0		
167	158246	2875	4614	0	2014-03-25 04:00:17.227352+00	0		
133	138113	3759	3760	0	2014-01-24 20:44:41.923105+00	0		
130	138113	3689	3692	0	2014-01-26 01:00:18.106778+00	0		
134	138113	1296	3792	0	2014-01-26 22:10:12.604711+00	0		
135	138113	861	3798	0	2014-01-28 00:50:54.676045+00	0		
168	138113	3576	4859	0	2014-04-02 22:09:24.481356+00	0		
136	138113	3821	1039	0	2014-01-29 14:18:29.311417+00	0		
306	138113	8884	8885	0	2014-12-19 12:33:02.288762+00	0		
170	138113	5251	5250	0	2014-04-23 16:30:45.830307+00	0		
171	138113	5256	1112	0	2014-04-23 21:22:54.932235+00	0		
139	138113	3832	3451	0	2014-01-30 01:50:08.000762+00	0		
140	138113	3832	3831	0	2014-01-30 01:50:17.48191+00	0		
141	138113	2078	3849	0	2014-01-30 22:00:28.399913+00	0		
172	138113	1215	1216	0	2014-04-24 21:24:10.681566+00	0		
144	138113	1135	3904	0	2014-02-05 10:39:01.277981+00	0		
173	138113	5322	1243	0	2014-04-28 15:44:35.630947+00	0		
146	138113	3978	3979	0	2014-02-11 11:44:24.973555+00	0		
147	138113	3707	4014	0	2014-02-14 04:01:47.038425+00	0		
174	138113	4557	5364	0	2014-04-30 12:37:17.091659+00	0		
148	138113	2383	4110	0	2014-02-21 07:08:23.747421+00	0		
175	138113	3247	5370	0	2014-04-30 15:08:35.391362+00	0		
151	138113	3754	4173	0	2014-02-23 17:31:13.942126+00	0		
152	138113	4183	4184	0	2014-02-23 23:13:39.671499+00	0		
153	138113	4195	1114	0	2014-02-24 10:40:39.230473+00	0		
176	138113	3247	5371	0	2014-04-30 15:08:45.898838+00	0		
154	138113	4195	4196	0	2014-02-24 10:42:37.476121+00	0		
149	138113	4126	4128	0	2014-02-28 16:00:30.211892+00	0		
150	138113	4126	4129	0	2014-02-28 16:00:30.427172+00	0		
156	138113	3647	4299	0	2014-03-02 00:20:03.191434+00	0		
177	138113	3247	5372	0	2014-04-30 15:08:57.354571+00	0		
157	138113	1895	4330	0	2014-03-03 19:51:22.486084+00	0		
158	138113	1893	4336	0	2014-03-03 22:08:46.661212+00	0		
159	138113	4397	3944	0	2014-03-07 17:49:40.683908+00	0		
155	138113	4296	4297	0	2014-03-08 22:00:14.403115+00	0		
162	138113	4434	4435	0	2014-03-09 10:57:32.852921+00	0		
163	138113	4437	4438	0	2014-03-09 11:41:44.520576+00	0		
178	138113	2996	5414	0	2014-05-10 12:00:59.7397+00	0		
181	138113	5501	1254	0	2014-05-11 21:12:16.249764+00	0		
182	138113	810	5509	0	2014-05-12 07:07:00.22389+00	0		
179	138113	1296	5458	0	2014-05-12 22:00:41.075118+00	0		
198	138113	6837	3056	0	2014-08-13 16:26:16.321359+00	0		
184	138113	5785	5784	0	2014-06-01 03:19:15.69093+00	0		
185	138113	3137	5817	0	2014-06-04 19:53:14.542978+00	0		
199	138113	6837	4313	0	2014-08-13 16:26:16.321359+00	0		
186	138113	3137	5819	0	2014-06-04 19:53:14.542978+00	0		
183	138113	5763	5770	0	2014-06-06 23:00:14.943466+00	0		
117	138113	2436	3250	0	2014-06-10 20:00:12.667684+00	0		
187	175915	5256	5893	0	2014-06-17 22:00:42.267619+00	0		
188	175916	5256	5893	0	2014-06-17 22:00:42.300463+00	0		
200	138113	6861	6862	0	2014-08-14 22:05:10.619208+00	0		
190	138113	6023	1776	0	2014-06-23 13:40:02.755861+00	0		
191	138113	6023	4415	0	2014-06-23 13:40:22.757224+00	0		
201	138113	6865	6866	0	2014-08-15 10:44:54.009672+00	0		
192	138113	4391	6077	0	2014-06-26 14:42:10.944135+00	0		
189	138113	6030	6027	0	2014-06-29 07:01:29.115807+00	0		
210	138113	6835	4702	0	2014-09-20 13:29:50.629728+00	0		
194	138113	6308	1942	0	2014-07-10 12:45:20.046656+00	0		
193	138113	6262	5726	0	2014-07-15 06:00:17.983107+00	0		
202	138113	2248	6928	0	2014-08-19 13:40:22.762907+00	0		
195	138113	6433	6432	0	2014-07-19 07:37:37.122921+00	0		
196	138113	6644	5320	0	2014-08-01 22:20:14.109557+00	0		
197	138113	6644	6645	0	2014-08-01 22:21:40.120925+00	0		
216	138113	6516	7418	0	2014-09-21 09:29:14.241942+00	0		
203	138113	6955	2081	0	2014-08-29 09:03:40.859547+00	0		
211	138113	7397	7398	0	2014-09-20 14:06:25.702739+00	0		
206	138113	7241	7240	0	2014-09-11 14:23:37.028549+00	0		
212	138113	7397	7399	0	2014-09-20 14:06:25.702739+00	0		
204	138113	4329	6340	0	2014-09-16 07:00:24.882714+00	0		
209	138113	7382	7383	0	2014-09-26 22:00:19.689958+00	0		
205	138113	7219	824	0	2014-09-17 15:00:20.250736+00	0		
207	138113	5954	7251	0	2014-09-19 01:00:19.071358+00	0		
220	138113	1492	7452	0	2014-09-21 17:18:50.279007+00	0		
213	138113	7397	7400	0	2014-09-20 14:06:25.702739+00	0		
217	138113	6516	7419	0	2014-09-21 09:29:14.241942+00	0		
214	138113	7397	7401	0	2014-09-20 14:06:25.702739+00	0		
215	138113	7397	7402	0	2014-09-20 14:06:25.702739+00	0		
218	138113	1492	7449	0	2014-09-21 17:07:40.75816+00	0		
219	138113	1492	7450	0	2014-09-21 17:15:46.503382+00	0		
221	138113	1492	7453	0	2014-09-21 17:23:56.508059+00	0		
224	138113	898	7486	0	2014-09-23 10:00:21.397682+00	0		
222	138113	1492	7454	0	2014-09-21 17:28:13.239306+00	0		
223	138113	1492	7455	0	2014-09-21 17:28:13.435847+00	0		
225	138113	898	7487	0	2014-09-23 10:00:21.397682+00	0		
227	138113	6204	7489	0	2014-09-23 10:21:03.291015+00	0		
226	138113	898	7488	0	2014-09-23 10:00:21.397682+00	0		
208	138113	2593	7324	0	2014-09-23 16:00:22.258913+00	0		
228	138113	6204	7490	0	2014-09-23 10:21:03.291015+00	0		
229	138113	6204	7491	0	2014-09-23 10:38:42.938227+00	0		
231	138113	2408	7536	0	2014-10-05 12:00:19.137302+00	0		
232	138113	1297	7560	0	2014-10-06 12:00:32.167232+00	0		
233	138113	7572	7573	0	2014-10-08 00:00:36.522686+00	0		
230	138113	7519	7520	0	2014-10-03 23:00:26.291358+00	0		
234	138113	1577	7575	0	2014-10-01 05:43:07.701342+00	0		
307	138113	7316	8891	0	2014-12-19 21:00:52.499383+00	0		
235	138113	7682	7681	0	2014-10-17 04:00:15.41314+00	0		
236	138113	7682	7079	0	2014-10-17 04:00:15.448975+00	0		
237	138113	6821	7790	0	2014-10-15 07:23:49.059259+00	0		
247	138113	8189	8191	0	2014-11-18 15:54:01.322903+00	0		
321	138113	8580	9644	0	2015-02-12 01:01:20.527827+00	0		
240	196552	7945	1251	0	2014-10-29 08:37:46.389703+00	0		
241	196553	7945	7944	0	2014-10-29 08:37:46.389703+00	0		
242	138113	4729	7988	0	2014-11-01 22:01:21.851616+00	0		
160	138113	11741	3919	0	2015-06-16 13:01:07.057655+00	0		
180	138113	5459	4247	0	2015-08-20 04:00:33.627391+00	0		
145	138113	3953	3952	0	2015-09-29 10:00:37.880527+00	0		
238	138113	3164	7935	0	2014-11-04 14:00:12.131773+00	0		
244	138113	3660	7392	0	2014-11-19 11:01:26.967603+00	0		
243	138113	8098	8099	0	2014-11-12 01:36:35.653361+00	0		
245	138113	8110	4194	0	2014-11-13 04:27:21.107806+00	0		
250	138113	889	8254	0	2014-11-21 12:39:03.897083+00	0		
246	138113	8110	8109	0	2014-11-13 04:27:21.107806+00	0		
323	138113	9519	9799	0	2015-02-14 02:21:48.396569+00	0		
251	138113	8256	8255	0	2014-11-21 12:47:41.367321+00	0		
252	138113	8281	2387	0	2014-11-22 20:56:22.175791+00	0		
311	138113	9079	9080	0	2015-01-08 08:01:53.515944+00	0		
253	138113	8281	8282	0	2014-11-22 20:56:43.308059+00	0		
312	138113	9083	9084	0	2015-01-08 20:02:37.344951+00	0		
248	138113	8203	953	0	2014-11-26 01:00:38.361572+00	0		
249	138113	8203	8204	0	2014-11-26 01:00:54.31747+00	0		
324	138113	9820	8050	0	2015-02-15 00:54:19.308952+00	0		
260	138113	8390	8391	0	2014-11-28 10:16:39.458293+00	0		
314	138113	8880	9149	0	2015-01-14 19:00:57.492734+00	0		
261	138113	8416	8417	0	2014-11-29 17:14:13.925653+00	0		
262	138113	8416	8418	0	2014-11-29 17:16:16.32012+00	0		
254	138113	8195	8295	0	2014-11-30 20:01:41.429488+00	0		
255	138113	8310	5943	0	2014-12-01 12:00:45.89334+00	0		
256	138113	8341	8338	0	2014-12-01 22:01:41.440765+00	0		
257	138113	8341	1448	0	2014-12-01 22:01:41.519958+00	0		
258	138113	8341	7220	0	2014-12-01 22:01:41.537301+00	0		
315	210214	8880	9150	0	2015-01-14 19:01:23.627655+00	0		
282	138113	984	8706	0	2014-12-19 00:00:43.173167+00	0		
293	138113	8046	8747	0	2014-12-12 19:41:27.082265+00	0		
259	138113	2036	8388	0	2014-12-05 01:01:21.527662+00	0		
271	138113	1066	8613	0	2014-12-05 09:55:48.874549+00	0		
272	138113	1577	8632	0	2014-12-06 13:09:51.71204+00	0		
283	138113	8712	8713	0	2014-12-19 00:01:34.424251+00	0		
284	138113	8577	8715	0	2014-12-19 05:00:34.331554+00	0		
285	138113	834	8716	0	2014-12-19 06:00:15.129697+00	0		
286	138113	8717	8718	0	2014-12-19 06:00:23.822444+00	0		
287	138113	8585	8719	0	2014-12-19 06:00:26.612342+00	0		
288	138113	8580	8720	0	2014-12-19 06:00:28.633596+00	0		
289	138113	8723	8724	0	2014-12-19 06:01:00.004602+00	0		
263	138113	8495	8496	0	2014-12-09 12:00:32.261181+00	0		
264	138113	984	8499	0	2014-12-09 12:01:16.209744+00	0		
265	138113	8500	8501	0	2014-12-09 12:02:07.474303+00	0		
266	139608	2752	3698	0	2014-12-09 19:01:17.263413+00	0		
267	138113	2939	8470	0	2014-12-09 23:01:56.63245+00	0		
268	138113	8500	8551	0	2014-12-10 17:00:52.392365+00	0		
273	138113	8650	8643	0	2014-12-14 14:01:43.956202+00	0		
280	204793	8689	8469	0	2014-12-10 17:03:20.166972+00	0		
274	138113	8650	8644	0	2014-12-14 14:01:43.970484+00	0		
281	204794	8689	8522	0	2014-12-10 17:03:20.166972+00	0		
269	138113	8572	8573	0	2014-12-10 23:00:21.682807+00	0		
270	138113	8581	8582	0	2014-12-10 23:01:42.231591+00	0		
275	138113	8650	8645	0	2014-12-14 14:01:43.978888+00	0		
276	138113	8650	8646	0	2014-12-14 14:01:43.987428+00	0		
277	138113	8650	8647	0	2014-12-14 14:01:43.995792+00	0		
278	138113	8650	8648	0	2014-12-14 14:01:44.003604+00	0		
279	138113	8650	8649	0	2014-12-14 14:01:44.012609+00	0		
333	138113	10752	10753	0	2015-04-21 08:17:54.480459+00	0		
316	138113	9221	9222	0	2015-01-19 14:01:44.679698+00	0		
325	138113	7065	9860	0	2015-02-24 12:03:42.86868+00	0		
317	138113	6019	9334	0	2015-01-25 01:01:52.088103+00	0		
318	138113	6019	9335	0	2015-01-25 01:01:52.102843+00	0		
319	138113	2898	9384	0	2015-01-27 22:01:16.674701+00	0		
334	138113	10771	10770	0	2015-04-22 11:39:51.198942+00	0		
290	138113	8725	8726	0	2014-12-19 06:01:17.469467+00	0		
291	138113	8710	8729	0	2014-12-19 06:01:39.581686+00	0		
292	138113	8725	8739	0	2014-12-19 12:02:31.734126+00	0		
294	138113	8775	8776	0	2014-12-21 08:02:40.483348+00	0		
295	138113	8585	8800	0	2014-12-21 22:01:18.679503+00	0		
296	138113	8828	8827	0	2014-12-23 00:00:26.338006+00	0		
297	138113	8837	8838	0	2014-12-23 12:00:06.357285+00	0		
322	216047	9678	9679	0	2015-02-07 14:55:45.955932+00	0		
298	138113	8844	8843	0	2014-12-23 23:01:05.027767+00	0		
299	138113	8844	8845	0	2014-12-23 23:01:05.351526+00	0		
300	138113	8844	8846	0	2014-12-23 23:01:05.359884+00	0		
301	138113	8844	8847	0	2014-12-23 23:01:05.367758+00	0		
302	138113	8844	8848	0	2014-12-23 23:01:05.375957+00	0		
303	138113	8844	8849	0	2014-12-23 23:01:05.383721+00	0		
304	138113	8859	8863	0	2014-12-24 15:00:23.569292+00	0		
305	138113	8864	875	0	2014-12-24 16:00:29.037693+00	0		
308	138113	8895	8896	0	2014-12-26 22:01:20.882632+00	0		
310	138113	7798	9024	0	2014-12-29 11:24:55.073591+00	0		
309	138113	7834	8944	0	2014-12-30 14:01:12.113682+00	0		
326	138113	2898	10169	0	2015-03-15 00:10:59.782759+00	0		
313	138113	9088	9089	0	2015-01-01 22:44:43.330624+00	0		
320	138113	9576	9577	0	2015-02-08 19:00:31.33053+00	0		
327	138113	2210	10368	0	2015-03-25 01:30:25.247745+00	0		
328	138113	2147	10371	0	2015-03-25 20:00:20.613481+00	0		
329	138113	10512	10351	0	2015-04-03 08:12:54.494898+00	0		
336	138113	10869	10870	0	2015-05-03 19:00:49.213+00	0		
331	138113	3257	10630	0	2015-04-11 20:11:18.678284+00	0		
330	236684	8341	4076	0	2015-04-16 05:01:27.416661+00	0		
332	138113	10701	10702	0	2015-04-17 22:14:27.418216+00	0		
346	138113	11068	3671	0	2015-05-08 17:07:40.715346+00	0		
335	138113	10814	10829	0	2015-05-02 08:01:05.949163+00	0		
338	138113	10960	3845	0	2015-05-02 20:00:36.881971+00	0		
340	138113	11013	11012	0	2015-05-12 11:01:47.557646+00	0		
350	138113	1414	1412	0	2015-05-13 11:50:24.364571+00	0		
341	138113	8187	11032	0	2015-05-06 10:28:47.912815+00	0		
342	138113	8187	11033	0	2015-05-06 10:28:47.912815+00	0		
344	138113	11053	11052	0	2015-05-14 12:00:30.562109+00	0		
347	240278	1365	11102	0	2015-05-16 14:02:23.955041+00	0		
345	138113	11068	11067	0	2015-05-08 09:49:30.958308+00	0		
337	138113	3201	10941	0	2015-05-08 15:00:28.945426+00	0		
348	240279	1365	11103	0	2015-05-16 14:02:57.010973+00	0		
339	138113	11006	3480	0	2015-05-12 06:00:20.047734+00	0		
351	138113	1414	1409	0	2015-05-13 11:50:24.364571+00	0		
352	138113	1414	1411	0	2015-05-13 11:50:24.364571+00	0		
353	138113	1414	1410	0	2015-05-13 11:50:24.364571+00	0		
354	138113	1414	1413	0	2015-05-13 11:50:24.364571+00	0		
343	138113	1240	11043	0	2015-05-13 20:01:32.020143+00	0		
359	138113	11365	6066	0	2015-05-18 08:48:40.443976+00	0		
349	138113	7825	11184	0	2015-05-19 06:01:15.864372+00	0		
239	196551	7945	1177	0	2015-05-19 19:01:49.003841+00	0		
142	138113	3888	2164	0	2015-06-04 09:00:43.050947+00	0		
360	241939	11378	11377	0	2015-05-26 06:02:33.055483+00	0		
361	138113	5189	11400	0	2015-09-03 08:00:47.540349+00	0		
356	138113	5189	11309	0	2015-09-03 08:00:47.540349+00	0		
438	138113	9074	10437	0	2015-10-06 21:03:50.25353+00	0		
439	138113	13579	13578	0	2015-10-07 06:00:30.124896+00	0		
403	138113	12355	12356	0	2015-07-27 02:00:16.630417+00	0		
404	138113	12355	12354	0	2015-07-27 02:00:16.642559+00	0		
405	138113	1240	12387	0	2015-07-29 23:03:05.289814+00	0		
371	242360	11440	3275	0	2015-05-21 13:23:45.041701+00	0		
372	242369	11443	3275	0	2015-05-21 13:48:37.966886+00	0		
355	138113	11117	11267	0	2015-05-21 15:01:48.690966+00	0		
373	242600	11462	11463	0	2015-05-23 12:19:18.574651+00	0		
406	138113	12101	12431	0	2015-08-02 05:02:21.860492+00	0		
407	138113	12438	12437	0	2015-08-02 13:01:04.534899+00	0		
408	138113	12438	6318	0	2015-08-02 13:01:04.545355+00	0		
363	138113	10883	11405	0	2015-05-27 16:02:17.011277+00	0		
364	138113	10884	11406	0	2015-05-27 17:00:13.129895+00	0		
365	138113	10884	11407	0	2015-05-27 17:00:32.732074+00	0		
366	138113	10884	11408	0	2015-05-27 17:00:41.542642+00	0		
367	138113	2222	11416	0	2015-05-27 20:00:29.062509+00	0		
368	138113	2222	11417	0	2015-05-27 20:00:29.080656+00	0		
369	138113	11122	11418	0	2015-05-27 22:00:12.639679+00	0		
370	138113	11122	11419	0	2015-05-27 22:00:39.85141+00	0		
409	138113	12438	12439	0	2015-08-02 13:01:15.277475+00	0		
410	138113	4463	12533	0	2015-08-09 06:01:40.042316+00	0		
374	138113	11176	11492	0	2015-06-02 15:01:01.854948+00	0		
375	138113	11176	11495	0	2015-06-02 15:01:22.148443+00	0		
376	138113	11176	11496	0	2015-06-02 15:01:25.405669+00	0		
377	138113	11176	11497	0	2015-06-02 15:01:35.508586+00	0		
378	138113	2682	11503	0	2015-06-04 01:02:44.850535+00	0		
379	138113	2682	11504	0	2015-06-04 01:02:59.954695+00	0		
143	138113	3888	3887	0	2015-06-04 09:00:43.050947+00	0		
424	138113	3437	13169	0	2015-09-17 05:02:56.201743+00	0		
412	138113	12475	12687	0	2015-08-12 10:16:59.238215+00	0		
413	138113	12475	12688	0	2015-08-12 10:24:38.12253+00	0		
380	138113	11565	11566	0	2015-06-08 02:00:47.084838+00	0		
385	138113	4397	11741	0	2015-06-09 12:30:49.710281+00	0		
161	138113	11741	4398	0	2015-06-09 12:31:47.486238+00	0		
425	138113	2975	13172	0	2015-09-17 10:00:49.447277+00	0		
381	138113	8251	11645	0	2015-06-12 15:00:42.065609+00	0		
382	138113	8251	11646	0	2015-06-12 15:00:42.093075+00	0		
383	138113	8251	11647	0	2015-06-12 15:00:42.102476+00	0		
388	138113	5204	11878	0	2015-06-17 18:29:33.985808+00	0		
386	138113	2649	11766	0	2015-06-18 02:01:35.566741+00	0		
387	138113	2649	5005	0	2015-06-18 02:01:42.415805+00	0		
390	138113	3974	11944	0	2015-06-21 19:06:58.857649+00	0		
415	138113	10331	12708	0	2015-08-13 08:55:56.28784+00	0		
392	138113	11969	11970	0	2015-06-23 09:36:59.589345+00	0		
393	138113	11969	11961	0	2015-06-23 09:38:38.329111+00	0		
394	138113	11969	11963	0	2015-06-23 09:42:05.772273+00	0		
395	138113	12052	12053	0	2015-06-25 19:55:13.474821+00	0		
397	138113	4070	6860	0	2015-06-28 05:12:32.256998+00	0		
391	138113	11945	11946	0	2015-06-29 03:02:18.928399+00	0		
396	138113	4070	12096	0	2015-07-05 06:00:25.414839+00	0		
416	138113	12728	12729	0	2015-08-14 11:00:35.1754+00	0		
417	138113	12821	12822	0	2015-08-18 08:20:53.431063+00	0		
398	138113	12225	2682	0	2015-07-15 15:02:25.766302+00	0		
399	138113	2036	12226	0	2015-07-15 16:03:04.299544+00	0		
418	138113	5631	12828	0	2015-08-18 13:47:33.434169+00	0		
426	138113	8102	13207	0	2015-09-18 04:03:24.569948+00	0		
427	138113	2682	11426	0	2015-09-19 05:01:06.224789+00	0		
428	138113	2682	11424	0	2015-09-19 05:01:06.24401+00	0		
429	259323	2682	11423	0	2015-09-19 05:01:06.251484+00	0		
400	138113	12316	12315	0	2015-07-23 01:01:20.840724+00	0		
401	138113	12317	12316	0	2015-07-23 01:01:25.141186+00	0		
389	138113	3062	11934	0	2015-07-26 00:01:26.098482+00	0		
430	259324	2682	13252	0	2015-09-19 05:01:21.462145+00	0		
402	138113	12347	11259	0	2015-07-26 05:00:36.309351+00	0		
411	138113	12685	12686	0	2015-08-19 11:00:52.583266+00	0		
414	138113	3869	12702	0	2015-08-20 04:01:16.987615+00	0		
420	138113	1336	12859	0	2015-08-20 07:41:52.984308+00	0		
421	138113	12898	12899	0	2015-08-23 08:17:33.372533+00	0		
419	138113	8494	12842	0	2015-08-25 22:03:07.973164+00	0		
431	259324	2682	13253	0	2015-09-19 05:01:25.778954+00	0		
357	138113	5189	11310	0	2015-09-03 08:00:47.540349+00	0		
358	138113	5189	11311	0	2015-09-03 08:00:47.540349+00	0		
362	138113	5189	11402	0	2015-09-03 08:00:47.540349+00	0		
423	138113	4485	13071	0	2015-09-05 11:14:13.883478+00	0		
422	138113	12984	12985	0	2015-09-06 22:02:15.687492+00	0		
450	138113	9961	13845	1	2015-10-21 23:35:31.230365+00	0		
56	259322	2682	2683	0	2015-09-12 04:35:06.255169+00	0		
444	138113	12448	13677	0	2015-10-09 12:58:41.206343+00	0		
445	138113	3903	13683	0	2015-10-09 15:10:30.47075+00	0		
440	138113	2383	13597	0	2015-10-10 00:00:29.131191+00	0		
441	138113	892	4987	0	2015-10-12 02:01:57.278267+00	0		
432	259324	2682	13254	0	2015-09-19 05:01:51.739023+00	0		
433	138113	13272	13273	0	2015-09-20 20:03:43.972408+00	0		
434	138113	13283	13284	0	2015-09-21 06:01:17.464937+00	0		
435	138113	9074	13330	0	2015-09-22 19:01:36.054894+00	0		
436	138113	896	13497	0	2015-09-23 04:13:08.806796+00	0		
447	138113	1119	13753	0	2015-10-13 20:04:08.181037+00	0		
437	138113	13500	13499	0	2015-09-30 11:00:43.942011+00	0		
448	138113	6644	13754	0	2015-10-13 20:17:49.957308+00	0		
442	138113	1903	10720	0	2015-10-15 07:01:06.345882+00	0		
443	138113	13672	10823	0	2015-10-16 13:00:20.489471+00	0		
446	138113	8894	13709	0	2015-10-18 04:01:19.955749+00	0		
449	138113	5189	13820	1	2015-10-19 01:13:12.153182+00	0		
