6	133788	936	731703	0	2013-10-24 18:00:18.764382+00	0		
81	134136	784	1236094	0	2013-10-19 03:57:20.16084+00	0		
69	133780	1097	19202	0	2013-10-18 21:34:00.263803+00	0		
37	133963	784	1339067	0	2013-10-18 00:56:25.274237+00	0		
1213	133800	2036	53557	0	2014-01-14 11:00:12.089684+00	0		
31	133800	784	1336707	0	2013-10-17 23:44:45.560941+00	0		
7	133788	938	731703	0	2013-10-24 18:00:22.362346+00	0		
10	133788	939	448332	0	2013-10-24 18:00:33.384861+00	0		
11	133800	944	448332	0	2013-10-24 18:00:34.685226+00	0		
83	134172	1167	714652	0	2013-10-26 20:00:13.374362+00	0		
18	133800	993	135796	0	2013-10-24 22:00:18.666949+00	0		
20	133800	993	706807	0	2013-10-24 22:00:27.612768+00	0		
21	133903	995	706807	0	2013-10-24 23:00:27.98534+00	0		
70	133780	1098	19202	0	2013-10-18 21:34:00.263803+00	0		
22	133906	996	706807	0	2013-10-24 23:00:28.334312+00	0		
25	133800	1006	639935	0	2013-10-24 23:00:35.116071+00	0		
84	134174	1168	1314786	0	2013-10-26 21:00:17.544848+00	0		
38	133973	1028	545872	0	2013-10-25 08:00:19.77178+00	0		
99	133800	1245	1324103	0	2013-10-27 22:00:18.501186+00	0		
43	133788	1381	763975	0	2013-10-25 12:00:16.525207+00	0		
44	133788	775	763975	0	2013-10-25 12:00:16.550315+00	0		
101	134368	1256	103833	0	2013-10-27 23:00:17.796536+00	0		
45	133780	1056	1342778	0	2013-10-25 12:00:17.692616+00	0		
46	133780	1054	1342778	0	2013-10-25 12:00:17.706472+00	0		
47	133780	1049	1342778	0	2013-10-25 12:00:17.784766+00	0		
51	134007	1060	720806	0	2013-10-25 13:00:19.226378+00	0		
49	134006	1058	720806	0	2013-10-25 13:00:18.034038+00	0		
48	135061	1058	720806	0	2013-10-25 13:00:18.060695+00	0		
50	134007	1059	720806	0	2013-10-25 13:00:18.435311+00	0		
52	134007	1061	720806	0	2013-10-25 13:00:20.900373+00	0		
53	134008	1215	720806	0	2013-10-25 13:00:27.349161+00	0		
102	134371	1259	103833	0	2013-10-27 23:00:20.715142+00	0		
54	134009	775	16665	0	2013-10-25 13:00:29.414237+00	0		
56	134026	1073	219229	0	2013-10-25 15:00:21.83889+00	0		
28	133952	778	1331979	0	2013-10-17 23:31:20.470537+00	0		
104	134372	1261	103833	0	2013-10-28 00:00:14.484265+00	0		
29	133954	1017	1332563	0	2013-10-17 23:39:12.480247+00	0		
78	134109	1125	346620	0	2013-10-25 23:00:52.119052+00	0		
30	133955	778	1336707	0	2013-10-17 23:43:19.358841+00	0		
32	133780	778	1336748	0	2013-10-17 23:47:29.13991+00	0		
82	133800	1166	1301177	0	2013-10-26 17:00:36.764577+00	0		
33	133800	778	1336748	0	2013-10-17 23:47:29.13991+00	0		
85	134175	1169	1314786	0	2013-10-26 21:00:18.33854+00	0		
86	134178	1170	1314786	0	2013-10-26 22:00:17.792435+00	0		
87	133780	1196	470297	0	2013-10-27 03:00:14.446675+00	0		
88	133780	1197	470297	0	2013-10-27 03:00:14.454608+00	0		
94	133898	1223	756935	0	2013-10-27 18:00:22.201272+00	0		
95	133780	1223	756935	0	2013-10-27 18:00:22.235552+00	0		
96	133780	1224	756935	0	2013-10-27 18:00:23.191232+00	0		
97	134292	1225	1247375	0	2013-10-27 19:00:15.287843+00	0		
98	133800	1233	1324100	0	2013-10-27 20:00:24.159206+00	0		
1212	133800	1712	233157	0	2014-01-07 04:29:02.099535+00	0		
71	133780	1099	19202	0	2013-10-18 21:34:00.263803+00	0		
103	134372	1129	103833	0	2013-10-27 23:00:20.848444+00	0		
105	134381	1263	103833	0	2013-10-28 00:00:16.39263+00	0		
106	134412	1265	103833	0	2013-10-28 08:00:20.924177+00	0		
107	134431	1266	103833	0	2013-10-28 08:00:29.706235+00	0		
108	134372	1267	103833	0	2013-10-28 09:00:16.643687+00	0		
109	134432	1268	103833	0	2013-10-28 09:00:16.808013+00	0		
110	134433	1269	103833	0	2013-10-28 10:00:14.340882+00	0		
55	134017	784	176308	0	2013-10-18 13:50:57.927942+00	0		
111	133780	1299	1342538	0	2013-10-28 21:00:19.063264+00	0		
112	134570	1308	1231004	0	2013-10-29 08:00:14.7199+00	0		
113	134571	1309	1231004	0	2013-10-29 08:00:14.786167+00	0		
72	133780	1100	19202	0	2013-10-18 21:34:00.263803+00	0		
57	133800	1080	1342720	0	2013-10-18 16:51:01.698372+00	0		
58	134065	1083	1137906	0	2013-10-18 18:57:48.867642+00	0		
59	133780	1084	758667	0	2013-10-18 19:04:57.335206+00	0		
73	133780	1110	19202	0	2013-10-18 21:34:00.263803+00	0		
60	133780	1084	758665	0	2013-10-18 19:05:11.016123+00	0		
114	134572	1310	1231004	0	2013-10-29 08:00:14.798+00	0		
61	133800	1089	19202	0	2013-10-18 21:34:00.263803+00	0		
62	133898	1092	19202	0	2013-10-18 21:34:00.263803+00	0		
115	134575	1312	1187630	0	2013-10-29 11:00:18.255592+00	0		
63	133780	1092	19202	0	2013-10-18 21:34:00.263803+00	0		
64	133780	1094	19202	0	2013-10-18 21:34:00.263803+00	0		
116	134576	1313	1187630	0	2013-10-29 11:00:18.340884+00	0		
65	133898	1094	19202	0	2013-10-18 21:34:00.263803+00	0		
89	134206	1017	1343222	0	2013-10-20 05:53:01.597415+00	0		
66	133898	1095	19202	0	2013-10-18 21:34:00.263803+00	0		
67	133898	1096	19202	0	2013-10-18 21:34:00.263803+00	0		
68	133898	1097	19202	0	2013-10-18 21:34:00.263803+00	0		
90	134209	1017	1343222	0	2013-10-20 06:07:47.939017+00	0		
117	134577	1267	1187630	0	2013-10-29 11:00:18.380764+00	0		
74	133780	1109	19202	0	2013-10-18 21:34:00.263803+00	0		
118	134578	1259	1187630	0	2013-10-29 11:00:19.438506+00	0		
75	133780	1108	19202	0	2013-10-18 21:34:00.263803+00	0		
76	133780	1107	19202	0	2013-10-18 21:34:00.263803+00	0		
119	134580	1314	1187630	0	2013-10-29 11:00:25.117928+00	0		
77	133780	1106	19202	0	2013-10-18 21:34:00.263803+00	0		
120	134581	1315	1187630	0	2013-10-29 11:00:28.442167+00	0		
121	134584	1316	1187630	0	2013-10-29 12:00:16.617771+00	0		
79	134135	784	1343072	0	2013-10-19 03:25:48.944529+00	0		
80	134136	1144	1236094	0	2013-10-19 03:57:20.16084+00	0		
122	134589	1318	1187630	0	2013-10-29 13:00:14.648069+00	0		
123	134590	1319	1187630	0	2013-10-29 13:00:24.539446+00	0		
92	134212	1201	1343222	0	2013-10-20 06:35:31.90843+00	0		
124	134591	1320	1187630	0	2013-10-29 13:00:28.927056+00	0		
93	133800	1209	590443	0	2013-10-20 10:31:41.193691+00	0		
125	134592	1322	1187630	0	2013-10-29 13:00:31.871908+00	0		
126	134598	1323	1187630	0	2013-10-29 14:00:13.249826+00	0		
127	134606	794	1187630	0	2013-10-29 14:00:16.236759+00	0		
128	134607	1327	1187630	0	2013-10-29 14:00:19.183421+00	0		
129	134611	1329	1187630	0	2013-10-29 15:00:28.159861+00	0		
130	134615	1330	1187630	0	2013-10-29 15:00:29.516116+00	0		
131	134616	792	1187630	0	2013-10-29 16:00:12.319583+00	0		
132	134617	1332	1187630	0	2013-10-29 16:00:16.070009+00	0		
133	133898	1333	490894	0	2013-10-29 18:00:16.979114+00	0		
134	133780	1334	490894	0	2013-10-29 18:00:19.601927+00	0		
135	133780	1335	490894	0	2013-10-29 20:00:15.65715+00	0		
136	133780	1335	466023	0	2013-10-29 20:00:21.217296+00	0		
137	133898	1335	466023	0	2013-10-29 20:00:21.229315+00	0		
138	133780	1337	466023	0	2013-10-29 20:00:23.729747+00	0		
139	134652	1349	1273319	0	2013-10-29 22:00:27.413831+00	0		
140	134690	1363	509798	0	2013-10-30 10:00:18.568418+00	0		
141	134691	1363	509798	0	2013-10-30 10:00:18.656118+00	0		
142	133780	1392	1123914	0	2013-10-31 01:00:35.940453+00	0		
143	133780	1392	1305699	0	2013-10-31 01:00:37.808177+00	0		
144	133780	1392	1123966	0	2013-10-31 01:00:37.818806+00	0		
145	133780	1392	1305701	0	2013-10-31 01:00:37.831702+00	0		
146	133780	1392	1305703	0	2013-10-31 01:00:37.844696+00	0		
147	133780	1392	1162820	0	2013-10-31 01:00:37.857711+00	0		
1211	133780	3412	345043	0	2014-01-13 23:00:39.95299+00	0		
150	133780	1393	1305699	0	2013-10-31 01:00:38.06876+00	0		
153	133780	1393	1305703	0	2013-10-31 01:00:38.125291+00	0		
154	133780	1393	1162820	0	2013-10-31 01:00:38.145097+00	0		
155	133780	1393	1161861	0	2013-10-31 01:00:38.157763+00	0		
156	133780	1394	1123914	0	2013-10-31 01:00:38.277518+00	0		
157	133780	1394	1305699	0	2013-10-31 01:00:38.306399+00	0		
158	133780	1394	1123966	0	2013-10-31 01:00:38.32127+00	0		
161	133780	1394	1162820	0	2013-10-31 01:00:38.369214+00	0		
162	133780	1394	1161861	0	2013-10-31 01:00:38.390578+00	0		
163	133780	1393	1305704	0	2013-10-31 01:00:38.410187+00	0		
164	133780	1393	1123977	0	2013-10-31 01:00:38.944252+00	0		
165	133780	1393	1305705	0	2013-10-31 01:00:38.955064+00	0		
166	133780	1393	1305707	0	2013-10-31 01:00:38.964923+00	0		
167	133780	1393	1305708	0	2013-10-31 01:00:38.974015+00	0		
168	133780	1393	1162554	0	2013-10-31 01:00:39.018851+00	0		
169	133780	1393	1161854	0	2013-10-31 01:00:39.168119+00	0		
170	133780	1393	1123936	0	2013-10-31 01:00:39.183816+00	0		
171	133780	1393	1123939	0	2013-10-31 01:00:39.35255+00	0		
172	133780	1393	1305710	0	2013-10-31 01:00:39.412244+00	0		
173	133780	1393	1305711	0	2013-10-31 01:00:39.42414+00	0		
174	133780	1393	1162825	0	2013-10-31 01:00:39.464217+00	0		
175	133780	1393	1162912	0	2013-10-31 01:00:39.479927+00	0		
176	133780	1393	1123970	0	2013-10-31 02:00:16.233344+00	0		
177	133780	1393	1305789	0	2013-10-31 02:00:16.249057+00	0		
178	133780	1393	1305790	0	2013-10-31 02:00:17.115643+00	0		
179	133780	1393	1305791	0	2013-10-31 02:00:17.164311+00	0		
180	133780	1393	1162918	0	2013-10-31 02:00:17.181207+00	0		
181	133780	1393	1162194	0	2013-10-31 02:00:17.193397+00	0		
182	133780	1393	1123959	0	2013-10-31 02:00:17.349691+00	0		
183	133780	1393	1305792	0	2013-10-31 02:00:17.407229+00	0		
184	133780	1393	1305793	0	2013-10-31 02:00:17.448873+00	0		
185	133780	1393	1305794	0	2013-10-31 02:00:17.470641+00	0		
186	133780	1393	1162818	0	2013-10-31 02:00:17.48395+00	0		
187	133780	1393	1162486	0	2013-10-31 02:00:17.493503+00	0		
188	133780	1392	1123959	0	2013-10-31 02:00:17.503061+00	0		
189	133780	1392	1305792	0	2013-10-31 02:00:17.547133+00	0		
190	133780	1392	1305793	0	2013-10-31 02:00:17.636053+00	0		
191	133780	1392	1305794	0	2013-10-31 07:00:15.158971+00	0		
192	133780	1392	1162818	0	2013-10-31 07:00:15.176904+00	0		
193	133780	1392	1162486	0	2013-10-31 07:00:15.188542+00	0		
194	133780	1397	1162486	0	2013-10-31 07:00:15.536676+00	0		
195	133780	1397	1162818	0	2013-10-31 07:00:15.548864+00	0		
206	133800	1400	267488	0	2013-10-31 10:00:40.947094+00	0		
207	134888	1420	1345088	0	2013-10-31 19:00:29.360951+00	0		
208	134889	1267	1345088	0	2013-10-31 19:00:29.423321+00	0		
209	134890	1316	1345088	0	2013-10-31 19:00:29.505325+00	0		
210	134894	1421	1345088	0	2013-10-31 19:00:31.136129+00	0		
211	134896	1422	1345088	0	2013-10-31 20:00:11.545085+00	0		
1373	150521	1106	532378	0	2014-02-02 10:00:18.594539+00	0		
212	134897	1137	1345088	0	2013-10-31 20:00:11.708434+00	0		
1214	133800	1664	1373022	0	2014-01-14 12:00:52.44664+00	0		
213	134898	794	1345088	0	2013-10-31 20:00:14.503559+00	0		
1215	133800	3534	1373022	0	2014-01-14 12:00:52.469214+00	0		
214	134899	1312	1345088	0	2013-10-31 20:00:14.58408+00	0		
1223	145231	2709	338954	0	2014-01-14 12:00:54.746342+00	0		
215	133800	1423	767115	0	2013-10-31 20:00:15.276208+00	0		
216	134901	1424	1345088	0	2013-10-31 20:00:16.770477+00	0		
1380	133780	3784	1347421	0	2014-02-02 12:00:14.810072+00	0		
217	134902	1332	1345088	0	2013-10-31 20:00:17.875257+00	0		
218	134903	1425	1345088	0	2013-10-31 20:00:21.981234+00	0		
219	134904	1426	1345088	0	2013-10-31 21:00:13.263526+00	0		
220	134905	1427	1345088	0	2013-10-31 21:00:17.708064+00	0		
221	134950	1430	816786	0	2013-10-31 23:00:16.128571+00	0		
4	133788	914	327545	0	2013-10-24 17:00:34.800844+00	0		
3	133780	775	327545	0	2013-10-24 17:00:37.864517+00	0		
222	134951	1431	816786	0	2013-10-31 23:00:18.33133+00	0		
223	134952	1322	816786	0	2013-10-31 23:00:18.423839+00	0		
224	134953	1433	816786	0	2013-10-31 23:00:21.242501+00	0		
225	134955	1320	816786	0	2013-10-31 23:00:21.480007+00	0		
226	134965	1434	1345235	0	2013-10-31 23:00:29.767996+00	0		
227	134968	1436	816786	0	2013-11-01 00:00:12.774493+00	0		
5408	133800	5899	1546846	0	2015-01-06 12:45:51.606507+00	0		
246	133780	729	116512	0	2013-10-25 10:33:01.052211+00	0		
228	134969	794	816786	0	2013-11-01 00:00:14.194369+00	0		
237	135007	1270	816786	0	2013-11-01 07:00:23.084512+00	0		
238	135008	1259	816786	0	2013-11-01 07:00:23.173708+00	0		
239	135009	1451	816786	0	2013-11-01 07:00:29.212037+00	0		
251	135028	729	1218041	0	2013-12-26 05:00:15.802243+00	0		
1	133776	2474	1230979	0	2013-11-12 00:11:54.784605+00	0		
13	133780	978	806787	0	2013-10-17 20:11:20.903762+00	0		
12	133800	965	428438	0	2013-10-17 19:08:27.153257+00	0		
14	133780	978	800239	0	2013-10-17 20:11:21.514681+00	0		
5244	133780	3631	1537548	0	2014-12-25 23:02:43.924463+00	0		
35	133957	1018	1336762	0	2013-10-18 00:01:53.383408+00	0		
34	133956	1018	1336764	0	2013-10-17 23:54:37.096161+00	0		
8	133780	732	1268117	0	2013-10-17 17:33:26.454873+00	0		
1249	133800	3543	295946	0	2014-01-26 13:00:31.739868+00	0		
1383	133800	2171	233245	0	2014-01-26 14:23:11.87654+00	0		
1384	133800	2171	233246	0	2014-01-26 15:16:03.472495+00	0		
229	133800	1437	204887	0	2013-10-24 23:36:04.597977+00	0		
1386	133800	2171	233251	0	2014-01-26 16:51:04.558978+00	0		
232	133780	1446	747392	0	2013-10-25 05:41:03.680994+00	0		
234	133780	1448	747392	0	2013-10-25 05:41:03.680994+00	0		
148	133780	1392	1161861	0	2013-10-31 01:00:37.870702+00	0		
235	133780	1449	747392	0	2013-10-25 05:41:03.680994+00	0		
236	133780	1450	747392	0	2013-10-25 05:41:03.680994+00	0		
1405	133800	1699	267768	0	2014-01-29 18:19:59.867873+00	0		
241	133800	1455	35946	0	2013-10-25 08:54:27.415311+00	0		
242	133800	1455	1089599	0	2013-10-25 09:18:30.836627+00	0		
249	135026	729	608519	0	2013-10-25 10:36:02.690335+00	0		
243	133800	1455	119978	0	2013-10-25 09:22:15.963396+00	0		
244	133780	729	677246	0	2013-10-25 10:31:29.217299+00	0		
245	135024	729	662891	0	2013-10-25 10:32:20.823087+00	0		
248	135025	729	666188	0	2013-10-25 10:34:50.12062+00	0		
250	135027	729	773803	0	2013-10-25 10:43:31.21253+00	0		
1365	133780	3777	1101692	0	2014-02-02 09:00:12.425554+00	0		
252	135028	729	812169	0	2013-10-25 10:45:30.385203+00	0		
253	135030	729	694039	0	2013-10-25 10:47:40.172608+00	0		
254	135031	729	742354	0	2013-10-25 10:49:14.967063+00	0		
255	133780	729	450047	0	2013-10-25 10:50:11.709782+00	0		
230	133780	1162	204887	0	2014-07-04 02:01:17.167955+00	0		
233	133780	4539	747392	0	2014-07-10 17:00:16.26901+00	0		
256	135034	729	397376	0	2013-10-25 10:51:11.342752+00	0		
257	135036	729	1097697	0	2013-10-25 10:53:30.632389+00	0		
258	133780	729	813383	0	2013-10-25 10:54:09.062343+00	0		
259	133780	729	304860	0	2013-10-25 10:55:01.943616+00	0		
260	133780	729	569018	0	2013-10-25 10:55:45.343452+00	0		
261	135038	729	547761	0	2013-10-25 10:56:23.171871+00	0		
262	135039	729	392390	0	2013-10-25 10:57:21.896974+00	0		
231	133780	1438	204887	0	2013-10-25 11:00:35.690275+00	0		
149	133780	1393	1123914	0	2013-10-31 01:00:38.013325+00	0		
151	133780	1393	1123966	0	2013-10-31 01:00:38.093787+00	0		
263	135040	729	295647	0	2013-10-25 10:58:01.888095+00	0		
309	133800	1526	182	0	2013-10-26 20:22:57.130101+00	0		
264	135059	784	137770	0	2013-10-25 12:41:12.627144+00	0		
266	135074	1470	448687	0	2013-11-01 14:00:26.887078+00	0		
268	135079	1472	448687	0	2013-11-01 14:00:33.970519+00	0		
267	133780	775	935702	0	2013-10-25 13:41:24.299844+00	0		
269	135091	1474	448687	0	2013-11-01 15:00:19.536514+00	0		
270	135095	1475	448687	0	2013-11-01 15:00:37.563189+00	0		
272	135097	1433	448687	0	2013-11-01 15:00:40.887688+00	0		
273	135098	1477	448687	0	2013-11-01 15:00:53.447119+00	0		
274	135099	986	448687	0	2013-11-01 15:00:54.504845+00	0		
275	135104	1478	448687	0	2013-11-01 16:00:22.159916+00	0		
276	135106	1332	448687	0	2013-11-01 16:00:23.698034+00	0		
277	135112	1482	448687	0	2013-11-01 16:00:35.83406+00	0		
278	135124	1484	448687	0	2013-11-01 16:00:36.173469+00	0		
279	135129	729	1329141	0	2013-10-25 16:36:40.538464+00	0		
310	133800	1487	1344262	0	2013-10-26 20:25:01.694254+00	0		
282	135132	729	1144095	0	2013-10-25 16:43:09.607652+00	0		
311	133800	1527	1344058	0	2013-10-26 20:36:51.615805+00	0		
283	135133	729	325066	0	2013-10-25 16:44:06.435543+00	0		
284	133800	1487	14684	0	2013-10-25 19:12:39.228807+00	0		
334	135467	729	549602	0	2013-10-27 15:24:21.215462+00	0		
285	133800	1437	83256	0	2013-10-25 22:43:55.973999+00	0		
312	133800	1528	596567	0	2013-10-26 20:45:44.955234+00	0		
286	135258	729	42260	0	2013-10-26 10:03:50.85506+00	0		
287	135262	729	1143834	0	2013-10-26 10:23:57.982726+00	0		
337	135500	1611	335170	0	2013-11-03 20:00:31.573975+00	0		
288	135263	729	1144012	0	2013-10-26 10:35:17.649285+00	0		
289	135264	729	1144013	0	2013-10-26 10:35:48.425177+00	0		
290	135265	729	1144038	0	2013-10-26 10:36:18.971316+00	0		
314	133780	1561	1231770	0	2013-10-27 02:52:36.818474+00	0		
291	135266	729	1144049	0	2013-10-26 10:36:48.509705+00	0		
292	135262	729	1144061	0	2013-10-26 10:37:29.2893+00	0		
350	133780	1649	53416	0	2013-10-28 00:38:23.894616+00	0		
293	135267	729	1008467	0	2013-10-26 10:38:05.321335+00	0		
315	133898	1561	1231770	0	2013-10-27 02:52:36.818474+00	0		
294	135268	729	1144079	0	2013-10-26 10:38:34.404048+00	0		
295	135269	729	1144100	0	2013-10-26 10:39:41.867987+00	0		
335	135469	729	862410	0	2013-10-27 15:25:53.040333+00	0		
296	135270	729	1257538	0	2013-10-26 10:40:59.622175+00	0		
316	133800	1562	1231770	0	2013-10-27 02:52:36.818474+00	0		
297	133780	729	1150834	0	2013-10-26 13:20:36.806482+00	0		
298	135129	729	1329136	0	2013-10-26 13:28:32.895839+00	0		
299	135301	1515	742758	0	2013-10-26 15:39:40.694551+00	0		
317	133780	1573	1339399	0	2013-10-27 04:40:17.397864+00	0		
313	135351	1539	513246	0	2013-11-02 23:00:40.69709+00	0		
1216	145230	1766	1368216	0	2014-01-14 12:00:52.478422+00	0		
265	135073	1314	448687	0	2013-11-01 14:00:22.294867+00	0		
302	135304	1515	29722	0	2013-10-26 16:01:21.069621+00	0		
1374	150523	3782	532378	0	2014-02-02 10:00:19.854658+00	0		
271	135096	1259	448687	0	2013-11-01 15:00:37.973999+00	0		
338	135511	1613	481699	0	2013-11-03 21:00:15.269102+00	0		
318	133780	1575	1339399	0	2013-10-27 04:40:17.397864+00	0		
305	135315	1521	730272	0	2013-10-26 19:43:57.022147+00	0		
306	133800	1523	730272	0	2013-10-26 19:49:28.549063+00	0		
336	135133	729	547506	0	2013-10-27 15:32:29.902546+00	0		
307	133800	1524	221755	0	2013-10-26 19:59:01.486315+00	0		
308	135320	1525	182	0	2013-10-26 20:16:21.238314+00	0		
339	135513	1614	284352	0	2013-11-03 21:00:33.393873+00	0		
320	133800	1526	1339822	0	2013-10-27 05:48:51.470669+00	0		
321	135407	1525	1339822	0	2013-10-27 05:49:56.6899+00	0		
340	135520	1619	778011	0	2013-11-03 22:00:50.364683+00	0		
322	133800	1562	1092485	0	2013-10-27 06:16:37.548722+00	0		
323	133898	1561	1092485	0	2013-10-27 06:17:05.162762+00	0		
370	135630	1686	362766	0	2013-11-04 19:00:19.616295+00	0		
324	133800	1437	1160036	0	2013-10-27 13:28:11.091896+00	0		
371	133800	1664	501982	0	2013-11-04 20:00:20.21608+00	0		
326	135456	1602	43409	0	2013-10-27 14:33:20.947854+00	0		
327	135460	729	1120445	0	2013-10-27 15:16:03.758377+00	0		
366	133800	1670	1284023	0	2013-10-28 15:22:40.419066+00	0		
328	135461	729	1120443	0	2013-10-27 15:19:29.480776+00	0		
341	133780	1629	1291595	0	2013-10-27 21:55:34.892135+00	0		
329	135462	729	1120457	0	2013-10-27 15:20:15.291823+00	0		
330	135463	729	1121282	0	2013-10-27 15:20:57.912108+00	0		
351	133800	1653	735167	0	2013-10-28 01:09:55.035499+00	0		
331	135464	729	1121283	0	2013-10-27 15:21:43.014832+00	0		
342	133780	1632	1291595	0	2013-10-27 22:03:22.578326+00	0		
332	135465	729	1121284	0	2013-10-27 15:22:21.967123+00	0		
333	135466	729	1121288	0	2013-10-27 15:23:41.084488+00	0		
360	133780	1667	1221019	0	2013-10-28 14:56:25.490604+00	0		
343	133898	1561	1291595	0	2013-10-27 22:05:50.064055+00	0		
352	133800	1437	1194639	0	2013-10-28 01:19:31.836194+00	0		
344	133800	1628	644614	0	2013-10-27 22:10:20.070773+00	0		
345	133800	1634	1291595	0	2013-10-27 22:10:38.641068+00	0		
346	133780	1639	1333998	0	2013-10-27 23:05:03.151569+00	0		
353	133800	1655	1225817	0	2013-10-28 01:30:10.21273+00	0		
347	133898	1641	1333998	0	2013-10-27 23:07:13.11416+00	0		
348	133800	1523	1333998	0	2013-10-27 23:09:56.944398+00	0		
349	133780	1645	53416	0	2013-10-28 00:32:43.316283+00	0		
354	133780	1658	826054	0	2013-10-28 02:24:54.775525+00	0		
361	133780	1668	1221019	0	2013-10-28 14:59:50.295208+00	0		
355	133780	1561	826054	0	2013-10-28 02:25:26.345235+00	0		
356	133780	1659	826054	0	2013-10-28 02:31:38.185276+00	0		
357	133780	1661	1252207	0	2013-10-28 02:36:39.882573+00	0		
362	133898	1667	1221019	0	2013-10-28 15:02:21.542193+00	0		
358	134135	1144	635637	0	2013-10-28 13:21:23.519784+00	0		
359	134135	784	635637	0	2013-10-28 13:21:23.519784+00	0		
367	133800	1523	1336146	0	2013-10-28 15:39:03.822224+00	0		
363	133800	1667	1221019	0	2013-10-28 15:02:21.542193+00	0		
364	133800	1523	1089648	0	2013-10-28 15:08:33.165813+00	0		
369	133800	1562	1129801	0	2013-10-28 15:48:10.924965+00	0		
365	133800	1562	1174464	0	2013-10-28 15:10:53.000343+00	0		
368	133800	1523	1309332	0	2013-10-28 15:41:20.653396+00	0		
372	133800	1664	501983	0	2013-11-04 20:00:20.240195+00	0		
381	133780	1706	749499	0	2013-11-05 07:00:23.171335+00	0		
373	133800	1166	639883	0	2013-11-05 02:00:32.786006+00	0		
319	133780	1576	1339399	0	2014-04-11 13:01:11.361511+00	0		
374	133800	1562	1261818	0	2013-10-29 02:25:23.803985+00	0		
375	133800	1699	416098	0	2013-10-29 03:01:48.103201+00	0		
376	133800	1701	232654	0	2013-10-29 05:29:11.652431+00	0		
377	133898	1702	1058054	0	2013-10-29 05:31:29.330538+00	0		
378	133800	1702	1058054	0	2013-10-29 05:31:29.330538+00	0		
379	133800	1704	1100191	0	2013-10-29 06:09:21.159282+00	0		
380	133800	1705	53413	0	2013-10-29 06:25:23.212541+00	0		
281	135131	729	1176509	0	2013-10-29 07:00:18.594993+00	0		
382	133800	1708	232637	0	2013-10-29 08:06:34.233303+00	0		
383	133800	1708	232636	0	2013-10-29 08:09:20.32586+00	0		
384	133800	1710	255902	0	2013-10-29 08:14:19.443352+00	0		
385	133800	1708	232377	0	2013-10-29 08:16:56.388685+00	0		
386	133800	1701	232363	0	2013-10-29 08:21:24.914797+00	0		
1366	133780	3778	1101692	0	2014-02-02 09:00:15.636222+00	0		
387	133898	1711	232357	0	2013-10-29 08:25:25.803356+00	0		
388	133800	1711	232357	0	2013-10-29 08:25:25.803356+00	0		
433	133800	1764	1025179	0	2013-10-29 22:31:45.317865+00	0		
389	133800	1712	232180	0	2013-10-29 08:34:09.291797+00	0		
390	133800	1701	232179	0	2013-10-29 08:48:49.259029+00	0		
391	133800	1701	232177	0	2013-10-29 08:52:36.223152+00	0		
434	133800	1526	1307291	0	2013-10-29 22:42:58.187358+00	0		
392	133800	1712	232116	0	2013-10-29 09:19:50.892573+00	0		
393	133800	1712	232114	0	2013-10-29 09:21:17.981712+00	0		
436	133800	1775	1317107	0	2013-11-06 00:00:21.135937+00	0		
394	133800	1712	232112	0	2013-10-29 09:22:31.326035+00	0		
395	133800	1712	232108	0	2013-10-29 09:23:23.018955+00	0		
437	133800	775	1254307	0	2013-11-06 01:00:41.580544+00	0		
396	133800	1712	232106	0	2013-10-29 09:37:25.863284+00	0		
397	133800	1715	232106	0	2013-10-29 09:37:25.863284+00	0		
474	133800	1839	764294	0	2013-11-06 22:00:22.510593+00	0		
398	133898	1717	66892	0	2013-10-29 09:50:44.597832+00	0		
399	133780	1718	80751	0	2013-10-29 10:00:52.761474+00	0		
475	133800	1839	657920	0	2013-11-06 22:00:22.619151+00	0		
400	133780	1719	80751	0	2013-10-29 10:00:52.761474+00	0		
401	133800	1020	1087579	0	2013-10-29 12:03:12.803325+00	0		
403	135745	1686	542230	0	2013-11-05 13:00:22.815141+00	0		
404	135749	1686	542231	0	2013-11-05 14:00:10.960028+00	0		
405	135751	1686	542232	0	2013-11-05 14:00:11.106662+00	0		
406	135753	1686	542233	0	2013-11-05 14:00:11.193186+00	0		
407	135755	1686	1003345	0	2013-11-05 14:00:11.23272+00	0		
423	133800	1726	598346	0	2013-11-05 21:00:35.470708+00	0		
476	133800	1841	1333542	0	2013-11-06 23:02:47.06901+00	0		
408	133780	1626	53413	0	2013-10-29 16:40:15.603577+00	0		
409	133780	1676	53413	0	2013-10-29 16:40:15.603577+00	0		
459	133800	1812	825978	0	2013-10-30 06:21:09.987565+00	0		
440	133800	1562	1143746	0	2013-10-30 01:54:26.796295+00	0		
411	133780	1739	53413	0	2013-10-29 16:40:15.603577+00	0		
412	133800	1523	813218	0	2013-10-29 16:54:16.685971+00	0		
413	133780	1740	813218	0	2013-10-29 16:54:16.685971+00	0		
441	133780	1777	107313	0	2013-10-30 02:47:57.484871+00	0		
414	133780	1741	813218	0	2013-10-29 16:54:16.685971+00	0		
415	133898	1685	813218	0	2013-10-29 16:54:16.685971+00	0		
487	133780	1861	1347295	0	2013-11-07 04:00:24.299389+00	0		
418	133800	1576	148231	0	2014-04-11 13:01:11.361511+00	0		
442	133780	1778	107313	0	2013-10-30 02:47:57.484871+00	0		
417	135782	1014	1347126	0	2013-10-29 17:03:04.320854+00	0		
460	133780	1723	1101218	0	2013-10-30 08:46:40.153734+00	0		
419	133800	1705	828777	0	2013-10-29 18:32:33.419618+00	0		
443	133780	1780	107313	0	2013-10-30 02:47:57.484871+00	0		
420	133780	1746	828777	0	2013-10-29 18:32:33.419618+00	0		
421	133898	1747	828777	0	2013-10-29 18:32:33.419618+00	0		
422	133800	1526	322947	0	2013-10-29 18:45:30.369018+00	0		
428	133800	1523	330194	0	2013-11-05 22:00:29.017074+00	0		
444	133780	1781	107313	0	2013-10-30 02:47:57.484871+00	0		
424	133898	1753	119187	0	2013-10-29 21:31:01.066041+00	0		
425	133898	1752	119187	0	2013-10-29 21:31:01.066041+00	0		
402	135743	1686	542229	0	2013-11-05 13:00:22.687223+00	0		
1217	145231	2709	1182685	0	2014-01-14 12:00:54.656569+00	0		
429	133780	1754	598346	0	2013-11-05 22:00:29.112986+00	0		
430	133898	1754	598346	0	2013-11-05 22:00:29.628255+00	0		
435	133800	1726	1212787	0	2013-11-06 00:00:16.391345+00	0		
438	133800	993	673593	0	2013-11-06 01:00:46.943507+00	0		
431	133800	1756	190	0	2013-10-29 21:56:31.900517+00	0		
461	133780	1814	1101218	0	2013-10-30 08:46:40.153734+00	0		
445	133780	1783	107313	0	2013-10-30 02:47:57.484871+00	0		
446	133780	1787	107313	0	2013-10-30 02:47:57.484871+00	0		
488	133898	1863	1347295	0	2013-11-07 04:00:26.808145+00	0		
447	133780	1791	107313	0	2013-10-30 02:47:57.484871+00	0		
462	133780	1724	1101218	0	2013-10-30 08:46:40.153734+00	0		
448	133780	1792	107313	0	2013-10-30 02:47:57.484871+00	0		
449	133780	1795	107313	0	2013-10-30 02:47:57.484871+00	0		
152	133780	1393	1305701	0	2013-10-31 01:00:38.106773+00	0		
450	133780	1796	107313	0	2013-10-30 02:47:57.484871+00	0		
463	133898	1724	1101218	0	2013-10-30 08:46:40.153734+00	0		
451	133780	1797	107313	0	2013-10-30 02:47:57.484871+00	0		
452	133780	1798	107313	0	2013-10-30 02:47:57.484871+00	0		
159	133780	1394	1305701	0	2013-10-31 01:00:38.33184+00	0		
453	133800	1801	537246	0	2013-10-30 03:05:28.770573+00	0		
464	133800	1020	1101218	0	2013-10-30 08:46:40.153734+00	0		
454	133800	1803	250677	0	2013-10-30 03:20:26.017311+00	0		
455	133800	1523	20622	0	2013-10-30 03:33:46.858902+00	0		
160	133780	1394	1305703	0	2013-10-31 01:00:38.343344+00	0		
456	133800	1655	1204898	0	2013-10-30 05:45:29.360025+00	0		
465	133800	1020	502821	0	2013-10-30 09:37:43.508814+00	0		
457	133780	1746	308736	0	2013-10-30 05:55:59.265325+00	0		
458	133780	1740	1154144	0	2013-10-30 06:10:56.836183+00	0		
466	133898	1724	820911	0	2013-10-30 13:44:13.659125+00	0		
484	133800	1712	230985	0	2013-10-31 02:18:23.569487+00	0		
467	133800	1020	820911	0	2013-10-30 13:44:13.659125+00	0		
477	133800	1851	231117	0	2013-10-31 01:11:26.415997+00	0		
468	133800	1020	820906	0	2013-10-30 18:12:49.548931+00	0		
469	133800	1827	231671	0	2013-10-30 20:00:40.423544+00	0		
470	133800	1829	90265	0	2013-10-30 20:05:38.752504+00	0		
478	133800	1851	231109	0	2013-10-31 01:15:16.817613+00	0		
471	133898	1528	328229	0	2013-10-30 21:02:25.85739+00	0		
472	133898	1746	328229	0	2013-10-30 21:02:25.85739+00	0		
490	133800	1708	230669	0	2013-10-31 05:15:45.887003+00	0		
473	133800	1756	328229	0	2013-10-30 21:02:25.85739+00	0		
497	133800	1888	1347656	0	2013-11-07 14:00:18.010444+00	0		
479	133800	1851	231076	0	2013-10-31 01:21:39.673899+00	0		
485	133800	1712	230938	0	2013-10-31 02:26:36.729924+00	0		
480	133800	1827	231064	0	2013-10-31 01:32:33.999783+00	0		
481	133800	1827	231061	0	2013-10-31 01:45:49.653529+00	0		
482	133800	1856	231004	0	2013-10-31 02:15:32.252038+00	0		
486	133800	1708	230936	0	2013-10-31 02:30:20.910822+00	0		
483	133800	1712	230989	0	2013-10-31 02:17:30.302927+00	0		
493	133800	1872	255302	0	2013-10-31 05:47:11.878809+00	0		
498	133780	1889	1171224	0	2013-11-07 14:00:33.952767+00	0		
5409	133800	4944	1546854	0	2015-01-06 13:01:43.011326+00	0		
491	133800	1708	188967	0	2013-10-31 05:28:47.614908+00	0		
489	133800	1708	230670	0	2013-10-31 05:14:13.968887+00	0		
492	133800	1708	230663	0	2013-10-31 05:29:29.722674+00	0		
495	133898	1717	230583	0	2013-10-31 06:25:53.411423+00	0		
494	133800	1717	230583	0	2013-10-31 06:25:53.411423+00	0		
196	133780	1397	1305794	0	2013-10-31 07:00:15.560753+00	0		
197	133780	1397	1305793	0	2013-10-31 07:00:15.577387+00	0		
198	133780	1397	1305792	0	2013-10-31 07:00:15.587406+00	0		
199	133780	1397	1123959	0	2013-10-31 07:00:15.628083+00	0		
200	133780	1393	1123922	0	2013-10-31 07:00:15.969522+00	0		
201	133780	1393	79617	0	2013-10-31 07:00:15.993301+00	0		
202	133780	1393	1305795	0	2013-10-31 07:00:16.00283+00	0		
203	133780	1393	1305798	0	2013-10-31 07:00:16.011826+00	0		
204	133780	1393	1162812	0	2013-10-31 07:00:16.041079+00	0		
205	133780	1393	1162919	0	2013-10-31 07:00:16.052202+00	0		
496	133898	1880	118567	0	2013-10-31 07:20:47.20091+00	0		
500	133780	1891	1182752	0	2013-11-07 14:00:34.600771+00	0		
501	133780	1892	1182839	0	2013-11-07 15:00:10.433945+00	0		
499	139508	1890	1062801	0	2013-11-20 14:00:17.892956+00	0		
416	135781	2474	1347126	0	2013-11-12 00:11:49.415165+00	0		
439	133800	1785	545867	0	2013-11-06 01:01:03.719233+00	0		
522	133780	1935	443603	0	2013-11-08 06:00:10.928158+00	0		
503	133800	784	93639	0	2013-10-31 20:07:31.846892+00	0		
547	136536	2011	72554	0	2013-11-01 21:36:08.160261+00	0		
504	133800	1710	1305929	0	2013-10-31 20:22:40.67839+00	0		
505	133800	1710	101045	0	2013-10-31 20:23:15.11816+00	0		
573	133800	1664	1111154	0	2013-11-10 00:00:20.361391+00	0		
506	133800	1710	101044	0	2013-10-31 20:24:08.194679+00	0		
507	133800	1712	101053	0	2013-10-31 20:29:15.775338+00	0		
572	133800	2053	73543	0	2013-11-02 20:24:10.865343+00	0		
508	133800	1712	100909	0	2013-10-31 20:30:50.231717+00	0		
549	133800	1670	728774	0	2013-11-01 23:27:42.401385+00	0		
509	133800	1906	230324	0	2013-10-31 21:09:30.342754+00	0		
510	133800	1903	1161547	0	2013-10-31 21:46:41.842306+00	0		
511	133800	1908	230122	0	2013-10-31 21:50:32.167339+00	0		
550	133800	1523	1212583	0	2013-11-01 23:37:06.57131+00	0		
512	133800	1908	230023	0	2013-10-31 22:18:38.847945+00	0		
513	133800	1908	230000	0	2013-10-31 22:34:59.034008+00	0		
575	133800	1523	1348786	0	2013-11-10 11:00:20.693995+00	0		
514	133780	1019	783079	0	2013-11-01 00:18:21.954303+00	0		
551	133898	1521	1212583	0	2013-11-01 23:37:06.57131+00	0		
515	133898	1019	783079	0	2013-11-01 00:18:21.954303+00	0		
516	133800	1019	783079	0	2013-11-01 00:18:21.954303+00	0		
517	133800	1906	147818	0	2013-11-01 00:24:16.048702+00	0		
552	133800	1562	1002043	0	2013-11-02 00:13:59.862962+00	0		
518	133800	1708	229848	0	2013-11-01 00:45:19.934415+00	0		
519	133800	1710	169208	0	2013-11-01 00:52:27.870126+00	0		
603	133800	1710	253627	0	2013-11-04 06:21:08.574414+00	0		
520	133800	1708	229815	0	2013-11-01 01:30:40.961939+00	0		
553	133800	1756	705797	0	2013-11-02 00:32:10.101953+00	0		
521	136353	1931	1319208	0	2013-11-01 03:28:22.457051+00	0		
532	133800	1980	1162816	0	2013-11-08 19:00:18.148499+00	0		
534	133800	1982	1089739	0	2013-11-08 19:00:24.492389+00	0		
536	133800	1523	262220	0	2013-11-08 19:00:29.260162+00	0		
525	133800	1872	229697	0	2013-11-01 13:43:08.456781+00	0		
574	133800	2099	728787	0	2013-11-03 07:00:06.748914+00	0		
526	133800	1961	85422	0	2013-11-01 15:54:02.528871+00	0		
554	133780	2046	705797	0	2013-11-02 00:32:10.101953+00	0		
527	133800	1963	229471	0	2013-11-01 16:23:31.401525+00	0		
528	133800	1965	229448	0	2013-11-01 16:36:19.26684+00	0		
529	133800	1710	696191	0	2013-11-01 18:06:30.01397+00	0		
555	133780	2047	705797	0	2013-11-02 00:32:10.101953+00	0		
530	133800	1851	79987	0	2013-11-01 18:08:01.578847+00	0		
531	133800	925	71783	0	2013-11-01 18:09:50.16004+00	0		
537	133800	1989	262220	0	2013-11-08 20:00:23.791336+00	0		
576	133800	2119	1317751	0	2013-11-10 16:00:49.788832+00	0		
533	133800	1908	229075	0	2013-11-01 18:18:53.732497+00	0		
539	133800	2002	1171303	0	2013-11-08 20:00:51.370761+00	0		
535	133800	1908	228942	0	2013-11-01 18:38:21.41234+00	0		
540	133800	2002	1161693	0	2013-11-08 21:00:12.757112+00	0		
541	133800	2004	535558	0	2013-11-08 21:00:21.043795+00	0		
538	133800	1908	254466	0	2013-11-01 19:19:41.212466+00	0		
545	136529	2016	786955	0	2013-11-08 22:00:27.089104+00	0		
546	136529	2020	786955	0	2013-11-08 22:00:38.313813+00	0		
548	133800	2036	1132495	0	2013-11-09 00:00:10.164123+00	0		
542	133800	1908	254438	0	2013-11-01 20:43:52.453181+00	0		
557	133780	2049	705797	0	2013-11-02 00:32:10.101953+00	0		
543	136517	2011	601632	0	2013-11-01 20:43:54.974821+00	0		
544	133800	2013	120589	0	2013-11-01 20:58:36.318734+00	0		
577	133800	2119	1317754	0	2013-11-10 17:00:39.915032+00	0		
586	136967	2141	1349106	0	2013-11-11 00:00:21.142488+00	0		
558	133780	2050	705797	0	2013-11-02 00:32:10.101953+00	0		
559	133800	2052	1201661	0	2013-11-02 02:03:24.338272+00	0		
1228	133800	1756	1373034	0	2014-01-14 14:00:13.102808+00	0		
560	133800	1523	1176693	0	2013-11-02 03:55:38.870172+00	0		
561	133800	784	1277214	0	2013-11-02 06:11:07.530892+00	0		
562	136668	778	484357	0	2013-11-02 11:43:04.99317+00	0		
578	133800	1524	811145	0	2013-11-03 16:38:30.274284+00	0		
563	133800	2062	521789	0	2013-11-02 12:08:57.75366+00	0		
564	133780	1805	1047283	0	2013-11-02 16:22:13.277095+00	0		
589	133800	1851	227549	0	2013-11-04 03:50:28.452393+00	0		
565	133780	1747	1047283	0	2013-11-02 16:22:13.277095+00	0		
579	133800	1764	1025180	0	2013-11-03 18:54:27.581304+00	0		
566	133898	1747	1047283	0	2013-11-02 16:22:13.277095+00	0		
568	133780	2069	1047283	0	2013-11-02 16:22:13.277095+00	0		
580	133780	1740	198	0	2013-11-03 22:14:57.748735+00	0		
569	133780	2070	1047283	0	2013-11-02 16:22:13.277095+00	0		
570	133800	1166	1348560	0	2013-11-02 17:23:10.638471+00	0		
598	133898	2176	8769	0	2013-11-04 05:44:10.546122+00	0		
571	133800	1166	1176683	0	2013-11-02 17:31:52.641638+00	0		
581	133780	2133	198	0	2013-11-03 22:14:57.748735+00	0		
590	133800	1851	227548	0	2013-11-04 03:52:24.744001+00	0		
582	133780	2130	198	0	2013-11-03 22:14:57.748735+00	0		
584	133800	1523	198	0	2013-11-03 22:14:57.748735+00	0		
591	133800	1562	404475	0	2013-11-04 04:59:51.541051+00	0		
585	133800	2137	1168850	0	2013-11-03 22:30:44.0188+00	0		
587	133800	1562	23177	0	2013-11-03 23:45:27.66871+00	0		
588	133800	1024	227595	0	2013-11-04 03:46:20.745633+00	0		
1218	145231	2709	6785	0	2014-01-14 12:00:54.67453+00	0		
599	133780	2177	8769	0	2013-11-04 05:44:10.546122+00	0		
592	133800	1756	456614	0	2013-11-04 05:08:10.49941+00	0		
593	133800	2171	227224	0	2013-11-04 05:20:53.388739+00	0		
594	133780	2172	70432	0	2013-11-04 05:23:40.382624+00	0		
600	133780	2178	8769	0	2013-11-04 05:44:10.546122+00	0		
595	133800	1851	227099	0	2013-11-04 05:32:12.989263+00	0		
604	133800	1710	184586	0	2013-11-04 06:22:10.403264+00	0		
596	133780	2175	8769	0	2013-11-04 05:44:10.546122+00	0		
5246	133780	775	411864	0	2014-12-26 09:01:36.117569+00	0		
597	133780	2172	8769	0	2013-11-04 05:44:10.546122+00	0		
610	133800	2191	80847	0	2013-11-04 07:57:20.752547+00	0		
601	133800	1710	226954	0	2013-11-04 05:52:54.243388+00	0		
605	133800	1851	226714	0	2013-11-04 06:56:51.160666+00	0		
602	133800	1710	10244	0	2013-11-04 05:53:48.805688+00	0		
608	133800	775	138412	0	2013-11-04 07:36:57.638768+00	0		
606	133800	1523	1119991	0	2013-11-04 07:06:40.721842+00	0		
607	133800	2188	31193	0	2013-11-04 07:18:06.85969+00	0		
612	133780	2198	729487	0	2013-11-04 16:20:19.536751+00	0		
609	133800	2191	204479	0	2013-11-04 07:46:11.586704+00	0		
611	133898	2192	80847	0	2013-11-04 07:57:20.752547+00	0		
613	133780	2199	729487	0	2013-11-04 16:20:19.536751+00	0		
614	133800	1437	215295	0	2013-11-04 17:10:43.697105+00	0		
615	133780	1578	215295	0	2013-11-04 17:10:43.697105+00	0		
619	133800	944	1178856	0	2013-11-04 17:14:36.404576+00	0		
616	133780	1746	215295	0	2013-11-04 17:10:43.697105+00	0		
617	133780	1626	215295	0	2013-11-04 17:10:43.697105+00	0		
620	133800	1655	1307301	0	2013-11-04 17:37:08.574695+00	0		
618	133780	1793	215295	0	2013-11-04 17:10:43.697105+00	0		
502	133780	1891	1182758	0	2013-11-07 15:00:10.460867+00	0		
621	133780	2201	1307301	0	2013-11-04 17:37:08.574695+00	0		
623	133780	2127	1307298	0	2013-11-04 17:48:20.382882+00	0		
622	133898	2201	1307301	0	2013-11-04 17:37:08.574695+00	0		
523	133898	1935	443603	0	2013-11-08 06:00:10.950032+00	0		
624	133898	2202	1307298	0	2013-11-04 17:48:20.382882+00	0		
524	133800	1936	443603	0	2013-11-08 06:00:10.993227+00	0		
1367	133780	1394	1101692	0	2014-02-02 09:00:15.644197+00	0		
625	133800	2202	1307298	0	2013-11-04 17:48:20.382882+00	0		
721	133800	2443	232773	0	2013-11-11 05:53:00.782142+00	0		
626	133800	1523	1101424	0	2013-11-04 21:17:38.23497+00	0		
667	133800	784	1349971	0	2013-11-06 13:14:29.129989+00	0		
627	133800	2191	226521	0	2013-11-05 09:22:42.131062+00	0		
733	138529	784	1276521	0	2013-11-12 18:52:56.399429+00	0		
630	133800	2232	1349302	0	2013-11-05 17:11:20.965537+00	0		
744	133800	2495	1351663	0	2013-11-20 03:00:22.352888+00	0		
633	133800	2233	1310650	0	2013-11-05 22:48:22.910893+00	0		
629	133780	1891	1182735	0	2013-12-04 18:04:18.315161+00	0		
634	133800	2237	226480	0	2013-11-05 22:57:36.015276+00	0		
635	133800	2240	226465	0	2013-11-05 23:11:12.987878+00	0		
636	133800	1710	226447	0	2013-11-05 23:15:41.253055+00	0		
637	133800	2242	52721	0	2013-11-05 23:23:05.142088+00	0		
638	133800	1708	226398	0	2013-11-06 00:15:43.117172+00	0		
639	133800	1708	226390	0	2013-11-06 00:19:50.284569+00	0		
692	133800	1856	221849	0	2013-11-06 23:21:54.255134+00	0		
640	133800	1708	226389	0	2013-11-06 01:02:11.655092+00	0		
672	133800	1708	225271	0	2013-11-06 20:07:08.922273+00	0		
641	133800	1712	226383	0	2013-11-06 01:29:57.604875+00	0		
642	133800	1712	226378	0	2013-11-06 01:33:37.750599+00	0		
643	133800	2240	226371	0	2013-11-06 01:41:04.563783+00	0		
673	133800	1712	225263	0	2013-11-06 20:10:38.864682+00	0		
644	133800	1708	226103	0	2013-11-06 01:52:53.170689+00	0		
645	133800	2259	226004	0	2013-11-06 02:13:23.612108+00	0		
709	133800	1526	1029951	0	2013-11-09 02:58:48.819708+00	0		
646	133800	1708	225988	0	2013-11-06 02:32:56.708022+00	0		
674	133800	2259	222479	0	2013-11-06 20:45:09.661067+00	0		
647	133800	1708	225984	0	2013-11-06 02:35:24.354316+00	0		
648	133800	1708	225979	0	2013-11-06 02:36:15.438712+00	0		
693	133800	1856	221848	0	2013-11-06 23:22:50.748002+00	0		
649	133800	1708	225917	0	2013-11-06 02:44:19.646608+00	0		
675	133800	1712	222444	0	2013-11-06 20:57:25.085346+00	0		
650	133800	1708	225914	0	2013-11-06 02:45:55.934744+00	0		
651	133800	1708	225908	0	2013-11-06 02:52:20.785605+00	0		
676	133800	1712	222439	0	2013-11-06 20:58:15.548307+00	0		
653	133800	1562	1349798	0	2013-11-06 02:56:58.259992+00	0		
654	133800	1708	225900	0	2013-11-06 03:00:00.646558+00	0		
1229	133800	3537	1373037	0	2014-01-14 14:00:17.758847+00	0		
655	133800	1708	225898	0	2013-11-06 03:00:37.236859+00	0		
677	133800	2303	222320	0	2013-11-06 21:28:21.610769+00	0		
656	133800	1708	225888	0	2013-11-06 03:02:28.026609+00	0		
657	133800	1906	225882	0	2013-11-06 03:03:43.649175+00	0		
694	133800	1851	221845	0	2013-11-06 23:24:45.241685+00	0		
658	133800	1872	4926	0	2013-11-06 03:14:47.959507+00	0		
678	133780	2307	222272	0	2013-11-06 21:59:08.28458+00	0		
659	133800	1906	225691	0	2013-11-06 03:28:04.148709+00	0		
660	133800	2269	225636	0	2013-11-06 03:41:21.991087+00	0		
661	133800	1851	225620	0	2013-11-06 03:47:30.395075+00	0		
679	133780	2308	222272	0	2013-11-06 21:59:08.28458+00	0		
662	133800	1712	225585	0	2013-11-06 04:06:37.26401+00	0		
663	133800	1712	225583	0	2013-11-06 04:07:14.540145+00	0		
664	133898	2279	1349971	0	2013-11-06 13:14:29.129989+00	0		
695	133800	1851	221835	0	2013-11-06 23:42:17.834633+00	0		
665	133780	2279	1349971	0	2013-11-06 13:14:29.129989+00	0		
666	133780	774	1349971	0	2013-11-06 13:14:29.129989+00	0		
680	133780	2309	222272	0	2013-11-06 21:59:08.28458+00	0		
696	133800	2171	221607	0	2013-11-06 23:52:37.001701+00	0		
681	133800	1856	222264	0	2013-11-06 22:01:07.879676+00	0		
682	133800	2303	222263	0	2013-11-06 22:02:59.965053+00	0		
722	133800	1024	232773	0	2013-11-11 05:53:00.782142+00	0		
683	133800	1856	222261	0	2013-11-06 22:04:50.427515+00	0		
697	133780	2332	1350291	0	2013-11-07 12:33:17.793083+00	0		
684	133800	2313	221920	0	2013-11-06 22:30:24.405311+00	0		
685	133780	2315	221898	0	2013-11-06 22:42:16.618241+00	0		
686	133898	2315	221898	0	2013-11-06 22:42:16.618241+00	0		
698	133780	2333	1350291	0	2013-11-07 12:33:17.793083+00	0		
687	133800	2316	221896	0	2013-11-06 22:52:17.523884+00	0		
688	133800	2259	165410	0	2013-11-06 23:04:29.052874+00	0		
689	133800	2316	221857	0	2013-11-06 23:16:51.760835+00	0		
699	133898	2335	1350291	0	2013-11-07 12:33:17.793083+00	0		
690	133800	2321	221857	0	2013-11-06 23:16:51.760835+00	0		
691	133800	1856	221850	0	2013-11-06 23:20:38.577541+00	0		
711	133780	1523	149606	0	2013-11-09 13:52:50.380098+00	0		
700	133800	2335	1350291	0	2013-11-07 12:33:17.793083+00	0		
712	133780	775	666253	0	2013-11-16 15:00:16.204623+00	0		
702	133800	2362	255922	0	2013-11-08 04:30:30.070725+00	0		
714	137968	2409	219371	0	2013-11-17 11:00:19.803722+00	0		
703	133800	1089	467781	0	2013-11-08 09:59:29.17306+00	0		
704	133800	1708	232751	0	2013-11-08 12:10:32.584744+00	0		
740	133800	2495	1351448	0	2013-11-20 01:00:30.218393+00	0		
705	133780	1525	1058568	0	2013-11-09 02:14:21.120973+00	0		
713	137918	2392	212409	0	2013-11-09 21:46:39.792053+00	0		
706	133780	2379	1058568	0	2013-11-09 02:14:21.120973+00	0		
707	133898	1525	1058568	0	2013-11-09 02:14:21.120973+00	0		
716	133780	2410	1351442	0	2013-11-17 17:00:20.602597+00	0		
708	133800	1526	1058568	0	2013-11-09 02:14:21.120973+00	0		
718	133780	2440	1113486	0	2013-11-18 01:00:54.829513+00	0		
719	133780	2440	1351644	0	2013-11-18 02:00:26.521194+00	0		
723	133800	2442	232774	0	2013-11-11 06:52:47.339233+00	0		
717	133800	1019	1351385	0	2013-11-10 18:29:24.908393+00	0		
725	138265	2375	888131	0	2013-11-18 19:00:15.056319+00	0		
727	133800	2495	427629	0	2013-11-19 03:00:20.638983+00	0		
720	133800	2442	232773	0	2013-11-11 05:53:00.782142+00	0		
724	133800	2443	232774	0	2013-11-11 06:52:47.339233+00	0		
728	133780	1889	1341840	0	2013-11-19 14:00:16.480275+00	0		
1230	133800	2036	1373052	0	2014-01-14 16:00:51.368886+00	0		
732	138647	1889	1069573	0	2013-11-19 16:00:18.743606+00	0		
729	133898	1889	1341840	0	2013-11-19 14:00:16.631977+00	0		
628	133780	1891	1341194	0	2013-11-12 12:00:22.759908+00	0		
652	133800	1576	252809	0	2014-04-11 13:01:11.361511+00	0		
741	133800	2495	1351353	0	2013-11-20 01:00:30.50585+00	0		
742	133800	2495	1351387	0	2013-11-20 01:00:30.679841+00	0		
631	133800	1708	1349778	0	2013-11-12 22:00:18.279343+00	0		
734	138531	2553	1276521	0	2013-11-12 18:52:56.399429+00	0		
735	138529	2554	1276521	0	2013-11-12 18:52:56.399429+00	0		
736	138534	784	1276521	0	2013-11-12 18:52:56.399429+00	0		
632	133800	1708	274421	0	2013-11-12 22:00:19.41148+00	0		
737	138536	784	1276521	0	2013-11-12 18:52:56.399429+00	0		
739	133898	936	534369	0	2013-11-12 21:23:56.735844+00	0		
745	133800	2495	1350529	0	2013-11-20 03:00:27.277098+00	0		
746	133780	2570	1350998	0	2013-11-20 10:00:12.546771+00	0		
747	138642	2410	1171229	0	2013-11-20 10:00:16.783147+00	0		
748	138647	1889	1070251	0	2013-11-20 11:00:12.18904+00	0		
750	133898	2573	1163467	0	2013-11-20 21:00:10.236653+00	0		
751	133800	2573	1163467	0	2013-11-20 21:00:13.992001+00	0		
668	137455	2280	430134	0	2013-11-13 17:00:21.514561+00	0		
749	138676	2571	1352489	0	2013-11-13 14:19:26.117754+00	0		
669	137459	2280	430138	0	2013-11-13 17:00:22.085105+00	0		
670	137460	2280	430138	0	2013-11-13 17:00:22.102664+00	0		
671	137461	2280	430138	0	2013-11-13 17:00:22.114286+00	0		
701	133780	2357	263218	0	2013-11-15 00:00:24.218959+00	0		
715	137969	2409	219371	0	2013-11-17 11:00:20.007068+00	0		
743	133800	2495	1351400	0	2013-11-20 01:00:32.085962+00	0		
778	138848	2598	1352785	0	2013-11-21 09:00:21.60938+00	0		
822	139640	1392	1103505	0	2013-11-28 10:00:15.511387+00	0		
1231	133800	3543	295944	0	2014-01-15 01:00:15.732204+00	0		
826	133780	2759	1355526	0	2013-11-28 11:00:12.87965+00	0		
827	133898	1448	1355608	0	2013-11-28 11:00:20.584031+00	0		
828	133800	1705	1355608	0	2013-11-28 11:00:20.611068+00	0		
829	133780	2778	1143167	0	2013-11-28 14:00:15.06413+00	0		
779	138856	2600	1179222	0	2013-11-21 10:00:33.889329+00	0		
780	138856	2600	1352795	0	2013-11-21 10:00:34.44792+00	0		
830	133780	2778	1060584	0	2013-11-28 14:00:17.520187+00	0		
831	133780	2778	1060582	0	2013-11-28 14:00:17.56711+00	0		
832	133898	2759	1355526	0	2013-11-28 22:00:20.557054+00	0		
833	133780	2759	1345460	0	2013-11-28 22:00:30.903848+00	0		
834	133780	2759	1355525	0	2013-11-28 22:00:30.989756+00	0		
849	139758	2818	777907	0	2013-11-29 11:00:26.047478+00	0		
850	133800	2837	340573	0	2013-11-29 22:01:12.648112+00	0		
809	133800	1523	1086596	0	2013-11-18 21:51:55.691572+00	0		
781	133800	1166	1352856	0	2013-11-14 14:39:48.969387+00	0		
782	133780	2604	112	0	2013-11-14 21:15:43.935036+00	0		
835	133780	2759	1332710	0	2013-11-28 22:00:33.667748+00	0		
784	133780	2610	1353141	0	2013-11-15 08:33:35.432789+00	0		
810	133898	1740	1086596	0	2013-11-18 21:51:55.691572+00	0		
785	133898	2610	1353141	0	2013-11-15 08:33:35.432789+00	0		
786	133800	1020	1353141	0	2013-11-15 08:33:35.432789+00	0		
855	133800	2853	298610	0	2013-11-30 10:00:20.873414+00	0		
789	133800	2630	1353438	0	2013-11-23 00:00:19.499884+00	0		
796	139115	2612	473797	0	2013-11-23 14:00:15.805292+00	0		
797	139119	1298	847316	0	2013-11-23 14:00:17.893368+00	0		
856	133780	2861	1257476	0	2013-11-23 16:46:00.583054+00	0		
862	139934	2878	812775	0	2013-11-30 23:00:30.715446+00	0		
1220	145231	2709	331449	0	2014-01-14 12:00:54.700878+00	0		
801	133780	2382	150258	0	2013-11-23 23:00:22.868278+00	0		
867	139939	2878	606464	0	2013-12-01 00:00:18.087301+00	0		
836	133898	2759	1332710	0	2013-11-28 22:00:35.703171+00	0		
802	133800	2240	232788	0	2013-11-17 19:04:37.805276+00	0		
811	133780	2049	1086596	0	2013-11-18 21:51:55.691572+00	0		
803	139227	2656	166551	0	2013-11-17 21:07:56.788237+00	0		
1375	150524	3783	532378	0	2014-02-02 10:00:20.964545+00	0		
805	133800	1708	232795	0	2013-11-17 22:49:45.767222+00	0		
807	133780	2631	1135205	0	2013-11-25 00:00:16.795082+00	0		
817	139510	2714	1354499	0	2013-11-27 15:00:16.550269+00	0		
818	139515	1508	320752	0	2013-11-27 16:00:24.01334+00	0		
812	133780	1740	1086596	0	2013-11-18 21:51:55.691572+00	0		
839	133800	2814	1048757	0	2013-11-29 02:00:24.157454+00	0		
813	133780	1703	1086596	0	2013-11-18 21:51:55.691572+00	0		
814	133780	1672	1086596	0	2013-11-18 21:51:55.691572+00	0		
863	139935	2878	1308189	0	2013-11-30 23:00:31.22452+00	0		
815	133780	1661	1086596	0	2013-11-18 21:51:55.691572+00	0		
730	133800	1889	1341840	0	2013-11-19 14:00:16.738154+00	0		
731	138489	1889	1070250	0	2013-11-19 14:00:28.459244+00	0		
819	139611	917	725951	0	2013-11-28 00:00:22.301234+00	0		
5247	133780	1903	411864	0	2014-12-26 09:01:36.138349+00	0		
752	133898	2573	1187097	0	2013-11-20 21:00:14.020338+00	0		
753	133898	2573	1167583	0	2013-11-20 21:00:14.031084+00	0		
754	133800	2573	1187097	0	2013-11-20 21:00:14.040486+00	0		
755	133800	2573	1167583	0	2013-11-20 21:00:14.05078+00	0		
756	133780	2384	1163467	0	2013-11-20 21:00:14.805022+00	0		
841	133780	2817	418306	0	2013-11-29 03:00:21.219624+00	0		
757	139569	2384	1187097	0	2013-11-20 21:00:14.977558+00	0		
758	139569	2384	1167583	0	2013-11-20 21:00:15.22712+00	0		
759	133898	2573	1167575	0	2013-11-20 21:00:30.61614+00	0		
760	133898	2573	749760	0	2013-11-20 21:00:31.586385+00	0		
761	133800	2573	1167575	0	2013-11-20 21:00:31.59588+00	0		
762	133800	2573	749760	0	2013-11-20 21:00:31.61788+00	0		
763	138716	2575	1167575	0	2013-11-20 21:00:32.906156+00	0		
764	138716	2575	749760	0	2013-11-20 21:00:32.929309+00	0		
765	138716	2575	544496	0	2013-11-20 22:00:19.946196+00	0		
766	138716	2575	1167047	0	2013-11-20 22:00:19.980098+00	0		
767	138723	2575	544496	0	2013-11-20 22:00:20.002505+00	0		
768	138723	2575	1167047	0	2013-11-20 22:00:20.016672+00	0		
821	139639	1392	579613	0	2013-11-28 10:00:12.149805+00	0		
769	138825	827	1162916	0	2013-11-21 07:00:13.321447+00	0		
770	138825	827	1162906	0	2013-11-21 07:00:13.357176+00	0		
771	138833	2591	324211	0	2013-11-21 08:00:11.910184+00	0		
772	138848	2598	1180743	0	2013-11-21 09:00:15.974861+00	0		
773	138848	2598	1173742	0	2013-11-21 09:00:16.338559+00	0		
774	133780	1935	1072569	0	2013-11-21 09:00:18.969208+00	0		
775	133898	1935	1072569	0	2013-11-21 09:00:18.979009+00	0		
776	133800	2596	1072569	0	2013-11-21 09:00:19.094911+00	0		
777	138848	2598	1352784	0	2013-11-21 09:00:19.933183+00	0		
842	133780	2817	418307	0	2013-11-29 03:00:21.483926+00	0		
1387	133800	2171	233254	0	2014-01-26 17:01:57.646582+00	0		
843	133780	2817	109975	0	2013-11-29 03:00:22.153013+00	0		
844	133780	2817	987258	0	2013-11-29 03:00:22.163796+00	0		
783	133800	2605	303607	0	2013-11-22 00:00:18.364952+00	0		
845	133780	2817	154187	0	2013-11-29 03:00:22.218312+00	0		
823	139640	4539	1103505	0	2014-07-10 17:00:16.26901+00	0		
1368	133780	3779	1101692	0	2014-02-02 09:00:18.479831+00	0		
864	139936	2878	1356553	0	2013-11-30 23:00:38.048245+00	0		
846	133780	2817	75734	0	2013-11-29 03:00:22.262162+00	0		
851	133800	2838	340573	0	2013-11-29 22:01:17.808726+00	0		
852	133800	2839	119413	0	2013-11-29 22:01:21.534507+00	0		
853	139821	2840	119413	0	2013-11-29 23:00:26.810413+00	0		
857	133780	2862	832217	0	2013-11-30 17:01:39.483009+00	0		
790	133780	2631	1353438	0	2013-11-23 00:00:19.556501+00	0		
848	133780	2679	1305609	0	2013-11-22 09:15:18.370474+00	0		
858	133780	2871	1304970	0	2013-11-30 20:00:14.977+00	0		
787	133800	2616	803802	0	2013-11-22 16:00:44.286379+00	0		
788	133800	2620	1139078	0	2013-11-22 17:00:21.584252+00	0		
859	133780	2679	1304970	0	2013-11-30 20:00:14.992058+00	0		
791	133780	2632	1353438	0	2013-11-23 00:00:19.576517+00	0		
792	139050	2612	1139078	0	2013-11-23 00:00:22.571999+00	0		
793	133898	2612	1139078	0	2013-11-23 00:00:22.619533+00	0		
854	133800	2845	50263	0	2013-11-23 01:28:24.819057+00	0		
860	139926	2877	471420	0	2013-11-30 21:00:56.102607+00	0		
794	139112	2637	473797	0	2013-11-23 14:00:15.452075+00	0		
795	139113	2637	473797	0	2013-11-23 14:00:15.490893+00	0		
865	139937	2872	470727	0	2013-12-01 00:00:12.005204+00	0		
868	139940	2878	872940	0	2013-12-01 00:00:18.184092+00	0		
847	133780	2817	1045858	0	2013-11-29 03:00:22.786236+00	0		
869	139941	2878	857334	0	2013-12-01 00:00:18.662064+00	0		
870	133800	2881	1356558	0	2013-12-01 00:00:19.078292+00	0		
798	139161	2639	693793	0	2013-11-23 23:00:15.206809+00	0		
799	139162	2639	693793	0	2013-11-23 23:00:15.219365+00	0		
800	139163	2639	693793	0	2013-11-23 23:00:15.258593+00	0		
1406	133800	1523	293194	0	2014-02-01 19:00:29.594492+00	0		
824	139641	1392	1103505	0	2013-11-28 10:00:15.535013+00	0		
874	139945	2878	995718	0	2013-12-01 00:00:19.225701+00	0		
875	139946	2878	947987	0	2013-12-01 00:00:19.245595+00	0		
876	139947	2878	1004306	0	2013-12-01 00:00:19.686483+00	0		
1417	133780	2759	1357055	0	2014-02-07 08:00:12.416147+00	0		
816	133780	3631	1103617	0	2014-02-11 12:00:28.737614+00	0		
806	133800	2630	1354494	0	2013-11-24 23:00:21.274552+00	0		
871	139942	2878	843942	0	2013-12-01 00:00:19.093596+00	0		
872	139943	2878	844496	0	2013-12-01 00:00:19.117283+00	0		
1352	133780	1900	4257	0	2014-01-31 23:00:17.999662+00	0		
877	139948	2878	1030676	0	2013-12-01 00:00:21.55808+00	0		
878	139949	2878	1309960	0	2013-12-01 00:00:23.646497+00	0		
879	139939	2878	1316379	0	2013-12-01 00:00:25.088616+00	0		
880	139939	2878	1316382	0	2013-12-01 00:00:25.152646+00	0		
881	139950	2878	691576	0	2013-12-01 00:00:25.179651+00	0		
882	139951	2878	872847	0	2013-12-01 00:00:25.191979+00	0		
883	139952	2878	984900	0	2013-12-01 00:00:25.220672+00	0		
884	139947	2878	1004692	0	2013-12-01 00:00:25.232052+00	0		
885	139953	2872	176200	0	2013-12-01 00:00:25.274607+00	0		
1236	133800	1708	1373317	0	2014-01-08 10:57:19.363227+00	0		
1262	133780	3580	1373947	0	2014-01-17 09:00:13.930609+00	0		
1263	133780	3581	1373961	0	2014-01-17 10:00:36.762084+00	0		
1265	145742	3581	1374026	0	2014-01-17 13:00:21.123832+00	0		
1266	133800	944	1365223	0	2014-01-17 18:00:31.657975+00	0		
1293	146633	1165	786513	0	2014-01-21 10:00:19.243639+00	0		
1321	133800	784	1377645	0	2014-01-19 03:26:24.230394+00	0		
1304	133800	1708	233218	0	2014-01-18 05:16:04.474826+00	0		
1269	133780	3596	1012789	0	2014-01-18 16:00:24.963672+00	0		
1306	133800	2171	233229	0	2014-01-18 18:16:24.321119+00	0		
1270	133800	3602	1331470	0	2014-01-18 21:00:32.578788+00	0		
1294	146691	1279	1375686	0	2014-01-21 19:00:20.387172+00	0		
1259	133800	1961	1183374	0	2014-01-09 20:18:46.329251+00	0		
1260	133780	3577	1373720	0	2014-01-10 00:52:18.276391+00	0		
1295	146772	3643	1067096	0	2014-01-22 11:00:12.487302+00	0		
1261	133800	1523	159181	0	2014-01-10 05:13:25.382109+00	0		
1264	133800	3584	1374008	0	2014-01-10 11:05:19.159298+00	0		
1323	133800	1020	1368284	0	2014-01-19 17:57:15.785131+00	0		
1267	133800	1020	1372071	0	2014-01-11 07:39:45.377898+00	0		
1290	133800	1523	32925	0	2014-01-13 16:45:56.447993+00	0		
1268	133800	1020	1374422	0	2014-01-11 14:40:59.33102+00	0		
1332	133800	3714	1378260	0	2014-01-27 13:00:15.243357+00	0		
1271	146187	1685	872442	0	2014-01-12 13:37:34.704406+00	0		
1308	133800	3682	1211288	0	2014-01-18 21:18:49.689409+00	0		
1272	133800	1523	562744	0	2014-01-12 20:43:49.076973+00	0		
1333	149676	3720	338986	0	2014-01-27 23:00:22.354634+00	0		
1280	146434	775	1375222	0	2014-01-20 13:00:18.751301+00	0		
1281	133780	3614	1375222	0	2014-01-20 13:00:18.777543+00	0		
1282	133800	1024	1375222	0	2014-01-20 13:00:18.8383+00	0		
1245	133800	1634	1293337	0	2014-01-13 02:00:36.042614+00	0		
1283	133800	3615	1375222	0	2014-01-20 13:00:18.856348+00	0		
1338	149827	2386	1379115	0	2014-01-29 14:01:06.684781+00	0		
1346	133780	3740	512516	0	2014-01-30 00:00:16.861768+00	0		
1349	133800	2845	265928	0	2014-01-31 07:00:14.342727+00	0		
1325	133780	3707	1378061	0	2014-01-19 22:23:44.333626+00	0		
1291	146542	784	1278099	0	2014-01-13 19:21:50.964063+00	0		
1310	133780	3684	728760	0	2014-01-18 22:47:27.929127+00	0		
1358	133898	3771	1370565	0	2014-04-08 14:00:45.410868+00	0		
1235	133898	3545	467720	0	2014-01-13 21:00:33.892876+00	0		
1347	133800	3356	1261347	0	2014-01-23 09:48:06.427083+00	0		
1221	145231	2709	80469	0	2014-01-14 12:00:54.709917+00	0		
1342	133800	1708	58284	0	2014-01-22 20:24:14.586542+00	0		
1232	133800	3543	107042	0	2014-01-15 01:00:16.062566+00	0		
1233	145350	3485	588057	0	2014-01-15 09:00:17.178653+00	0		
1237	133800	3356	1373305	0	2014-01-15 12:00:28.597573+00	0		
1238	145387	3546	1373305	0	2014-01-15 12:00:28.641772+00	0		
1239	145387	3547	1373305	0	2014-01-15 12:00:28.681223+00	0		
1240	145387	3548	1373305	0	2014-01-15 12:00:28.691153+00	0		
1241	145387	3549	1373305	0	2014-01-15 12:00:28.699268+00	0		
1242	145430	2709	1078489	0	2014-01-15 15:00:19.981379+00	0		
1244	133780	3042	363018	0	2014-01-15 22:00:23.010711+00	0		
1248	145510	3561	1373547	0	2014-01-16 01:00:18.991632+00	0		
1284	133780	2933	1375234	0	2014-01-20 14:00:32.815476+00	0		
1250	133800	1166	1373617	0	2014-01-16 09:00:24.160157+00	0		
1300	145742	3581	1376766	0	2014-01-24 07:00:15.841967+00	0		
1348	133780	3057	159431	0	2014-01-23 19:03:25.442976+00	0		
1251	133780	3565	1373640	0	2014-01-16 12:00:13.081226+00	0		
1252	133780	3566	1373640	0	2014-01-16 12:00:13.096776+00	0		
1253	133780	3567	1373640	0	2014-01-16 12:00:13.104348+00	0		
1254	133800	3568	1373640	0	2014-01-16 12:00:13.111739+00	0		
1255	133898	3141	1373709	0	2014-01-16 15:00:15.087602+00	0		
1256	133898	3142	1373709	0	2014-01-16 15:00:15.1265+00	0		
1257	133898	1612	1373709	0	2014-01-16 15:00:15.13473+00	0		
1258	145628	1369	1373753	0	2014-01-16 18:00:25.877092+00	0		
1299	133780	3656	1240828	0	2014-01-17 00:22:00.0136+00	0		
1312	133780	928	1377542	0	2014-01-19 00:03:27.254214+00	0		
1285	133800	2933	1375234	0	2014-01-20 14:00:32.848372+00	0		
1313	133780	3690	1377542	0	2014-01-19 00:03:27.254214+00	0		
1326	133780	784	1378061	0	2014-01-19 22:23:44.333626+00	0		
1314	133898	3691	1377542	0	2014-01-19 00:03:27.254214+00	0		
1315	133800	1020	1377542	0	2014-01-19 00:03:27.254214+00	0		
1286	133780	3619	1375234	0	2014-01-20 14:00:32.880327+00	0		
1287	133780	3620	1375234	0	2014-01-20 14:00:32.9229+00	0		
1327	133800	784	1378061	0	2014-01-19 22:23:44.333626+00	0		
1288	133780	3621	1375234	0	2014-01-20 14:00:32.956048+00	0		
1329	149553	3709	1378094	0	2014-01-19 23:40:08.215368+00	0		
1330	149554	3709	1378094	0	2014-01-19 23:40:08.215368+00	0		
1273	133780	3561	1375065	0	2014-01-20 01:00:17.233015+00	0		
1274	133780	3613	1375057	0	2014-01-20 01:00:26.361899+00	0		
1276	133780	3561	1375072	0	2014-01-20 01:00:27.880268+00	0		
1277	133780	3613	1375074	0	2014-01-20 01:00:28.680968+00	0		
1278	133780	3561	1375076	0	2014-01-20 02:00:13.445003+00	0		
1279	146365	2704	1019298	0	2014-01-20 06:00:28.618915+00	0		
1334	133800	1166	1055777	0	2014-01-28 04:00:15.590557+00	0		
1335	133800	1166	1308319	0	2014-01-28 07:00:13.551203+00	0		
1336	133780	3721	946792	0	2014-01-28 08:00:15.967646+00	0		
1337	133800	3735	1375576	0	2014-01-29 13:00:14.447611+00	0		
1350	133780	3757	1379914	0	2014-01-31 17:00:18.70803+00	0		
1351	133800	2036	1379914	0	2014-01-31 17:00:18.778626+00	0		
1343	133800	775	55676	0	2014-01-22 21:23:38.899498+00	0		
1353	133780	2050	4257	0	2014-01-31 23:00:18.049139+00	0		
1354	133898	2050	4257	0	2014-01-31 23:00:18.057875+00	0		
1297	133898	2386	1376365	0	2014-01-23 12:00:19.533367+00	0		
1298	133800	1634	1376365	0	2014-01-23 12:00:19.553864+00	0		
1301	148310	3581	1376784	0	2014-01-24 09:00:13.839799+00	0		
1302	148310	3657	1376784	0	2014-01-24 09:00:13.885282+00	0		
1355	133800	1699	4257	0	2014-01-31 23:00:18.075228+00	0		
1303	133780	3666	1376996	0	2014-01-24 21:00:27.454997+00	0		
1356	133800	3762	324504	0	2014-02-01 02:00:18.081354+00	0		
1357	150414	1029	1380251	0	2014-02-01 18:00:13.359169+00	0		
1359	133800	3772	267878	0	2014-02-02 05:00:15.41073+00	0		
1360	133780	3773	748613	0	2014-02-02 07:00:17.220672+00	0		
1305	133800	775	1376462	0	2014-01-25 12:00:15.528675+00	0		
1361	133898	3773	748613	0	2014-02-02 07:00:17.255228+00	0		
1369	133898	1394	1101692	0	2014-02-02 09:00:18.48661+00	0		
1376	133780	3784	1347424	0	2014-02-02 12:00:14.04723+00	0		
1322	133800	3695	1043967	0	2014-01-26 06:00:13.659094+00	0		
1331	133800	2036	1101305	0	2014-01-27 10:00:13.900532+00	0		
1339	149827	3737	1379115	0	2014-01-29 14:01:06.714421+00	0		
1467	151855	3628	22461	0	2014-02-11 12:00:34.281474+00	0		
886	139954	2872	1179749	0	2013-12-01 00:00:25.289008+00	0		
887	139955	2872	882923	0	2013-12-01 00:00:25.329103+00	0		
888	139956	2877	1156297	0	2013-12-01 00:00:25.399403+00	0		
889	139956	2877	1156294	0	2013-12-01 00:00:25.418242+00	0		
890	139958	2877	951372	0	2013-12-01 00:00:25.428508+00	0		
1471	133800	3899	1098443	0	2014-02-11 13:00:15.44724+00	0		
1472	133800	3629	357073	0	2014-02-11 13:00:15.772045+00	0		
1246	145496	1746	1293337	0	2014-01-13 02:00:36.074016+00	0		
1247	145497	1746	1293337	0	2014-01-13 02:00:36.09048+00	0		
1222	145231	2709	225598	0	2014-01-14 12:00:54.724993+00	0		
1234	145351	3485	1066955	0	2014-01-15 09:00:19.607305+00	0		
1473	151858	3629	19993	0	2014-02-11 13:00:17.261242+00	0		
1474	151860	3899	19707	0	2014-02-11 13:00:17.456518+00	0		
1311	133780	3684	781132	0	2014-01-18 22:47:29.955428+00	0		
1475	151861	3735	1375560	0	2014-02-11 14:00:13.497182+00	0		
