2	8	542668	198743	0	2011-05-16 15:03:23.368437+00	0		
4	9	698599	142760	0	2011-05-16 15:03:23.368437+00	0		
5	8	680378	532809	0	2011-05-16 15:03:23.368437+00	0		
8	9	745863	18243	0	2011-05-16 15:03:23.368437+00	0		
9	9	547478	168205	0	2011-05-16 15:03:23.368437+00	0		
10	9	299043	204979	0	2011-05-16 15:03:23.368437+00	0		
12	8	764071	784367	0	2011-05-16 15:03:23.368437+00	0		
13	8	295386	70016	0	2011-05-16 15:03:23.368437+00	0		
14	8	776958	641202	0	2011-05-16 15:03:23.368437+00	0		
17	8	87843	18817	0	2011-05-16 15:03:23.368437+00	0		
18	8	92815	179165	0	2011-05-16 15:03:23.368437+00	0		
19	9	766422	18665	0	2011-05-16 15:03:23.368437+00	0		
20	8	310765	171274	0	2011-05-16 15:03:23.368437+00	0		
21	12	635248	742155	0	2011-05-16 15:03:23.368437+00	0		
22	8	731186	137345	0	2011-05-16 15:03:23.368437+00	0		
23	8	368132	385220	0	2011-05-16 15:03:23.368437+00	0		
24	9	173943	640136	0	2011-05-16 15:03:23.368437+00	0		
25	8	302691	122831	0	2011-05-16 15:03:23.368437+00	0		
26	8	190850	190851	0	2011-05-16 15:03:23.368437+00	0		
29	8	693212	646294	0	2011-05-16 15:03:23.368437+00	0		
30	8	687787	635108	0	2011-05-16 15:03:23.368437+00	0		
31	12	700904	393648	0	2011-05-16 15:03:23.368437+00	0		
32	9	731803	81643	0	2011-05-16 15:03:23.368437+00	0		
33	8	776776	514814	0	2011-05-16 15:03:23.368437+00	0		
34	8	769485	182563	0	2011-05-16 15:03:23.368437+00	0		
35	10	617675	401651	0	2011-05-16 15:03:23.368437+00	0		
36	8	263854	158132	0	2011-05-16 15:03:23.368437+00	0		
136	9	530401	768176	0	2013-08-07 05:01:40.279592+00	0		
38	10	745135	577230	0	2011-05-16 15:03:23.368437+00	0		
40	8	720377	655231	0	2011-05-16 15:03:23.368437+00	0		
41	8	642191	210033	0	2011-05-16 15:03:23.368437+00	0		
43	10	638018	485280	0	2011-05-16 15:03:23.368437+00	0		
44	10	729876	501368	0	2011-05-16 15:03:23.368437+00	0		
45	9	722501	37119	0	2011-05-16 15:03:23.368437+00	0		
46	10	732897	501368	0	2011-05-16 15:03:23.368437+00	0		
3358	24	1177907	1177911	0	2012-07-18 19:15:00.817731+00	0		
48	8	708425	590661	0	2011-05-16 15:03:23.368437+00	0		
49	12	704918	740824	0	2011-05-16 15:03:23.368437+00	0		
50	14	184945	18243	0	2011-05-16 15:03:23.368437+00	0		
51	14	220204	39272	0	2011-05-16 15:03:23.368437+00	0		
52	14	220204	158132	0	2011-05-16 15:03:23.368437+00	0		
53	14	343630	158132	0	2011-05-16 15:03:23.368437+00	0		
55	14	279398	158132	0	2011-05-16 15:03:23.368437+00	0		
56	14	350746	350744	0	2011-05-16 15:03:23.368437+00	0		
3	8	746009	404934	0	2012-03-11 13:00:07.451407+00	0		
58	8	490087	467049	0	2011-05-16 15:03:23.368437+00	0		
59	14	408354	158132	0	2011-05-16 15:03:23.368437+00	0		
60	8	42707	190309	0	2011-05-16 15:03:23.368437+00	0		
61	14	408354	17376	0	2011-05-16 15:03:23.368437+00	0		
63	8	252423	255997	0	2011-05-16 15:03:23.368437+00	0		
64	8	329157	255997	0	2011-05-16 15:03:23.368437+00	0		
65	8	309931	432993	0	2011-05-16 15:03:23.368437+00	0		
66	8	198745	147463	0	2011-05-16 15:03:23.368437+00	0		
67	8	429889	153925	0	2011-05-16 15:03:23.368437+00	0		
68	8	429421	153925	0	2011-05-16 15:03:23.368437+00	0		
57	14	343630	499288	0	2011-11-04 16:01:52.633019+00	0		
70	8	428338	18363	0	2011-05-16 15:03:23.368437+00	0		
71	8	431475	412811	0	2011-05-16 15:03:23.368437+00	0		
72	8	149371	290966	0	2011-05-16 15:03:23.368437+00	0		
73	8	116698	18363	0	2011-05-16 15:03:23.368437+00	0		
74	8	412119	241813	0	2011-05-16 15:03:23.368437+00	0		
75	8	386824	114268	0	2011-05-16 15:03:23.368437+00	0		
76	8	352530	19596	0	2011-05-16 15:03:23.368437+00	0		
77	8	394576	68325	0	2011-05-16 15:03:23.368437+00	0		
78	8	470179	159590	0	2011-05-16 15:03:23.368437+00	0		
79	8	739866	739799	0	2011-05-16 15:03:23.368437+00	0		
80	8	173653	138262	0	2011-05-16 15:03:23.368437+00	0		
82	8	474637	474635	0	2011-05-16 15:03:23.368437+00	0		
83	14	214802	79572	0	2011-05-16 15:03:23.368437+00	0		
84	8	277250	123897	0	2011-05-16 15:03:23.368437+00	0		
85	8	37401	2275	0	2011-05-16 15:03:23.368437+00	0		
86	8	485145	354692	0	2011-05-16 15:03:23.368437+00	0		
87	8	469398	201081	0	2011-05-16 15:03:23.368437+00	0		
88	9	217784	18725	0	2011-05-16 15:03:23.368437+00	0		
89	8	489729	405418	0	2011-05-16 15:03:23.368437+00	0		
90	8	280929	274513	0	2011-05-16 15:03:23.368437+00	0		
91	8	491191	65056	0	2011-05-16 15:03:23.368437+00	0		
92	8	491519	188011	0	2011-05-16 15:03:23.368437+00	0		
94	9	61628	48065	0	2011-05-16 15:03:23.368437+00	0		
95	8	446465	446448	0	2011-05-16 15:03:23.368437+00	0		
96	9	94143	219068	0	2011-05-16 15:03:23.368437+00	0		
97	9	356691	56767	0	2011-05-16 15:03:23.368437+00	0		
98	9	117760	40637	0	2011-05-16 15:03:23.368437+00	0		
99	9	493503	40817	0	2011-05-16 15:03:23.368437+00	0		
100	8	9596	9706	0	2011-05-16 15:03:23.368437+00	0		
101	8	172405	138035	0	2011-05-16 15:03:23.368437+00	0		
102	8	495655	489236	0	2011-05-16 15:03:23.368437+00	0		
104	8	494156	501820	0	2011-05-16 15:03:23.368437+00	0		
106	8	339385	215174	0	2011-05-16 15:03:23.368437+00	0		
107	8	339389	215174	0	2011-05-16 15:03:23.368437+00	0		
109	9	485953	8890	0	2011-05-16 15:03:23.368437+00	0		
110	8	193963	263203	0	2011-05-16 15:03:23.368437+00	0		
111	9	410588	20987	0	2011-05-16 15:03:23.368437+00	0		
112	9	501601	18725	0	2011-05-16 15:03:23.368437+00	0		
113	8	506756	507048	0	2011-05-16 15:03:23.368437+00	0		
114	8	349304	264248	0	2011-05-16 15:03:23.368437+00	0		
62	8	316377	675849	0	2014-12-15 05:00:49.921251+00	0		
121	10	339999	257231	0	2011-05-16 15:03:23.368437+00	0		
122	9	514229	331643	0	2011-05-16 15:03:23.368437+00	0		
123	8	510101	76073	0	2011-05-16 15:03:23.368437+00	0		
125	8	526531	303686	0	2011-05-16 15:03:23.368437+00	0		
126	8	58298	813538	0	2011-05-16 15:03:23.368437+00	0		
127	9	387395	23613	0	2011-05-16 15:03:23.368437+00	0		
5536	24	364601	22300	0	2014-01-14 16:00:51.565752+00	0		
131	8	542872	368602	0	2011-05-16 15:03:23.368437+00	0		
132	8	541291	541289	0	2011-05-16 15:03:23.368437+00	0		
133	8	548079	456922	0	2011-05-16 15:03:23.368437+00	0		
135	9	541408	410381	0	2011-05-16 15:03:23.368437+00	0		
7499	24	1471735	1471827	0	2014-12-18 07:04:10.961046+00	0		
116	9	511243	28502	0	2012-05-01 16:07:03.371978+00	0		
103	9	203362	22325	0	2013-08-26 19:00:37.833624+00	0		
115	9	134169	19403	0	2013-08-11 18:01:20.659619+00	0		
81	8	174797	582258	0	2014-06-07 10:05:04.327872+00	0		
7500	24	1471977	1470968	0	2014-12-25 16:02:28.099927+00	0		
7	8	643537	593681	0	2012-05-03 10:04:34.645054+00	0		
1	8	655937	368943	0	2012-05-03 11:05:00.848551+00	0		
124	9	526334	212336	0	2015-09-10 07:05:07.11035+00	0		
130	9	403392	54179	0	2015-10-21 11:01:38.047931+00	0		
196	9	448095	822956	0	2015-01-08 15:05:06.5514+00	0		
16	10	765212	639521	0	2013-04-12 08:00:52.348754+00	0		
108	10	494719	213496	0	2013-09-29 09:01:48.689244+00	0		
6	9	272374	137155	0	2013-12-22 14:00:31.438347+00	0		
4333	24	357191	55253	0	2013-05-03 18:00:25.362624+00	0		
5535	24	405812	122754	0	2014-01-13 23:00:34.11283+00	0		
39	10	106087	17067	0	2014-04-03 22:00:18.014915+00	0		
42	10	638018	17067	0	2014-04-03 22:00:18.014915+00	0		
137	9	518382	18769	0	2011-05-16 15:03:23.368437+00	0		
138	8	224188	215206	0	2011-05-16 15:03:23.368437+00	0		
139	8	163845	67131	0	2011-05-16 15:03:23.368437+00	0		
140	8	442094	276322	0	2011-05-16 15:03:23.368437+00	0		
141	9	401979	19124	0	2011-05-16 15:03:23.368437+00	0		
142	10	521391	73146	0	2011-05-16 15:03:23.368437+00	0		
143	8	583149	41990	0	2011-05-16 15:03:23.368437+00	0		
144	9	592541	592536	0	2011-05-16 15:03:23.368437+00	0		
146	8	263318	138248	0	2011-05-16 15:03:23.368437+00	0		
148	8	591976	591970	0	2011-05-16 15:03:23.368437+00	0		
208	8	832224	599400	0	2013-06-23 23:01:18.961995+00	0		
151	8	36767	39126	0	2011-05-16 15:03:23.368437+00	0		
152	8	595709	131017	0	2011-05-16 15:03:23.368437+00	0		
153	8	610406	505529	0	2011-05-16 15:03:23.368437+00	0		
154	9	365518	281653	0	2011-05-16 15:03:23.368437+00	0		
155	8	351913	537546	0	2011-05-16 15:03:23.368437+00	0		
156	10	80932	53870	0	2011-05-16 15:03:23.368437+00	0		
157	10	186745	80969	0	2011-05-16 15:03:23.368437+00	0		
158	9	534264	534336	0	2011-05-16 15:03:23.368437+00	0		
159	8	502482	372361	0	2011-05-16 15:03:23.368437+00	0		
160	8	244917	231058	0	2011-05-16 15:03:23.368437+00	0		
161	8	605236	605240	0	2011-05-16 15:03:23.368437+00	0		
162	8	468573	135182	0	2011-05-16 15:03:23.368437+00	0		
163	8	432553	413988	0	2011-05-16 15:03:23.368437+00	0		
164	8	576820	745699	0	2011-05-16 15:03:23.368437+00	0		
165	8	101686	101685	0	2011-05-16 15:03:23.368437+00	0		
166	8	617504	270245	0	2011-05-16 15:03:23.368437+00	0		
167	8	624281	499643	0	2011-05-16 15:03:23.368437+00	0		
168	9	630426	37119	0	2011-05-16 15:03:23.368437+00	0		
169	8	435167	230019	0	2011-05-16 15:03:23.368437+00	0		
172	9	655743	336214	0	2011-05-16 15:03:23.368437+00	0		
173	8	638497	524363	0	2011-05-16 15:03:23.368437+00	0		
174	8	633890	441798	0	2011-05-16 15:03:23.368437+00	0		
175	8	640795	670186	0	2011-05-16 15:03:23.368437+00	0		
177	9	649051	436571	0	2011-05-16 15:03:23.368437+00	0		
178	8	334806	644729	0	2011-05-16 15:03:23.368437+00	0		
181	8	727854	132207	0	2011-05-16 15:03:23.368437+00	0		
182	10	786033	626145	0	2011-05-16 15:03:23.368437+00	0		
183	8	185658	124715	0	2011-05-16 15:03:23.368437+00	0		
186	8	794801	627896	0	2011-05-16 15:03:23.368437+00	0		
187	14	184945	158132	0	2011-05-16 15:03:23.368437+00	0		
188	9	747807	155522	0	2011-05-16 15:03:23.368437+00	0		
3647	24	1195357	1201741	0	2013-07-18 15:01:06.396707+00	0		
191	8	407974	84048	0	2011-05-16 15:03:23.368437+00	0		
192	8	736299	817275	0	2011-05-16 15:03:23.368437+00	0		
193	10	442700	822956	0	2011-05-16 15:03:23.368437+00	0		
195	8	824201	655172	0	2011-05-16 15:03:23.368437+00	0		
3196	24	1151718	278174	0	2012-04-09 17:23:45.592667+00	0		
200	8	120904	45045	0	2011-05-16 15:03:23.368437+00	0		
202	8	211789	828736	0	2011-05-16 15:03:23.368437+00	0		
3372	24	19522	131466	0	2012-07-21 22:46:03.667172+00	0		
204	22	431865	294007	0	2011-05-16 15:03:23.368437+00	0		
206	8	608269	526032	0	2011-05-16 15:03:23.368437+00	0		
207	8	830576	747398	0	2011-05-16 15:03:23.368437+00	0		
210	8	847103	747516	0	2011-05-16 15:03:23.368437+00	0		
213	9	351823	144043	0	2011-05-16 15:03:23.368437+00	0		
214	8	281910	151866	0	2011-05-16 15:03:23.368437+00	0		
216	8	864857	636125	0	2011-05-16 15:03:23.368437+00	0		
217	8	276897	342212	0	2011-05-16 15:03:23.368437+00	0		
218	9	857049	132647	0	2011-05-16 15:03:23.368437+00	0		
219	8	871727	133075	0	2011-05-16 15:03:23.368437+00	0		
220	10	854904	640522	0	2011-05-16 15:03:23.368437+00	0		
221	8	581029	255460	0	2011-05-16 15:03:23.368437+00	0		
222	9	866978	2717	0	2011-05-16 15:03:23.368437+00	0		
224	8	474324	101527	0	2011-05-16 15:03:23.368437+00	0		
226	8	904924	891095	0	2011-05-16 15:03:23.368437+00	0		
227	8	843098	743931	0	2011-05-16 15:03:23.368437+00	0		
229	24	1045348	1045347	0	2011-05-16 15:03:23.368437+00	0		
230	8	913295	812625	0	2011-05-16 15:03:23.368437+00	0		
231	9	921523	53710	0	2011-05-16 15:03:23.368437+00	0		
232	8	509483	395372	0	2011-05-16 15:03:23.368437+00	0		
233	9	466913	259435	0	2011-05-16 15:03:23.368437+00	0		
235	8	923120	785266	0	2011-05-16 15:03:23.368437+00	0		
3359	24	1177906	1177911	0	2012-07-18 19:15:19.121088+00	0		
237	9	952364	176390	0	2011-05-16 15:03:23.368437+00	0		
238	8	921170	810648	0	2011-05-16 15:03:23.368437+00	0		
239	9	923766	51745	0	2011-05-16 15:03:23.368437+00	0		
241	10	825800	655337	0	2011-05-16 15:03:23.368437+00	0		
242	8	871344	20987	0	2011-05-16 15:03:23.368437+00	0		
243	8	939529	866340	0	2011-05-16 15:03:23.368437+00	0		
244	20	928817	159756	0	2011-05-16 15:03:23.368437+00	0		
245	20	827385	716822	0	2011-05-16 15:03:23.368437+00	0		
246	20	968794	716822	0	2011-05-16 15:03:23.368437+00	0		
247	8	976993	967703	0	2011-05-16 15:03:23.368437+00	0		
248	8	973135	661416	0	2011-05-16 15:03:23.368437+00	0		
249	9	977012	22813	0	2011-05-16 15:03:23.368437+00	0		
250	20	930320	159756	0	2011-05-16 15:03:23.368437+00	0		
251	20	210302	54105	0	2011-05-16 15:03:23.368437+00	0		
253	9	992420	20987	0	2011-05-16 15:03:23.368437+00	0		
254	8	663235	992575	0	2011-05-16 15:03:23.368437+00	0		
180	8	28676	187221	0	2012-05-03 11:05:00.443581+00	0		
256	8	40865	191941	0	2011-05-16 15:03:23.368437+00	0		
257	24	895006	314054	0	2011-05-16 15:03:23.368437+00	0		
258	9	252863	698660	0	2011-05-16 15:03:23.368437+00	0		
259	8	1014941	923659	0	2011-05-16 15:03:23.368437+00	0		
260	24	1027385	1027381	0	2011-05-16 15:03:23.368437+00	0		
261	24	742714	368103	0	2011-05-16 15:03:23.368437+00	0		
262	24	1004515	247546	0	2011-05-16 15:03:23.368437+00	0		
264	24	773924	810648	0	2011-05-16 15:03:23.368437+00	0		
252	8	1022857	871873	0	2012-06-17 00:00:09.917669+00	0		
266	12	1016874	961834	0	2011-05-16 15:03:23.368437+00	0		
267	12	1016874	986785	0	2011-05-16 15:03:23.368437+00	0		
223	8	869690	38581	0	2014-10-30 16:01:15.728368+00	0		
170	8	428055	135500	0	2014-11-10 17:02:47.91512+00	0		
190	9	591077	146158	0	2015-01-21 21:04:14.997839+00	0		
268	12	1016874	987434	0	2011-05-16 15:03:23.368437+00	0		
270	24	647214	615900	0	2011-05-16 15:03:23.368437+00	0		
271	24	650636	591837	0	2011-05-16 15:03:23.368437+00	0		
272	24	970393	766881	0	2011-05-16 15:03:23.368437+00	0		
93	9	380053	1019953	0	2015-09-11 19:02:47.537787+00	0		
263	24	145714	17931	0	2011-06-27 08:00:09.845048+00	0		
185	20	792898	60925	0	2011-07-04 11:02:24.467135+00	0		
212	9	931416	607404	0	2011-11-08 19:03:47.901455+00	0		
2707	24	1106556	1044764	0	2011-11-14 17:00:07.490185+00	0		
145	9	577608	116747	0	2011-12-16 12:04:40.277095+00	0		
255	8	100643	1116134	0	2012-01-16 22:00:09.024397+00	0		
171	8	512268	391451	0	2012-02-05 10:00:20.273681+00	0		
179	8	664000	19215	0	2012-05-03 16:05:47.420196+00	0		
7391	24	1462063	85492	0	2014-11-17 23:41:38.701209+00	0		
205	12	632960	635002	0	2013-02-18 12:00:30.92452+00	0		
149	9	557150	163969	0	2013-04-15 22:01:09.802829+00	0		
228	9	823641	22325	0	2013-08-26 19:00:37.833624+00	0		
4347	24	125491	172640	0	2013-05-03 19:00:13.54889+00	0		
209	8	754632	623693	0	2013-11-11 18:00:22.951186+00	0		
201	8	85434	523662	0	2014-01-05 05:00:26.22441+00	0		
5537	24	145955	342545	0	2014-01-14 16:00:51.636243+00	0		
274	24	994327	912175	0	2011-05-16 15:03:23.368437+00	0		
275	24	1023321	1017979	0	2011-05-16 15:03:23.368437+00	0		
276	24	994873	1017821	0	2011-05-16 15:03:23.368437+00	0		
277	24	722420	271211	0	2011-05-16 15:03:23.368437+00	0		
278	24	608924	608926	0	2011-05-16 15:03:23.368437+00	0		
279	24	781542	4587	0	2011-05-16 15:03:23.368437+00	0		
280	24	1033448	221471	0	2011-05-16 15:03:23.368437+00	0		
282	24	437416	452322	0	2011-05-16 15:03:23.368437+00	0		
283	24	994594	631872	0	2011-05-16 15:03:23.368437+00	0		
285	8	1005005	120282	0	2011-05-16 15:03:23.368437+00	0		
3960	9	543976	37119	0	2013-01-24 23:56:06.142716+00	0		
287	24	946937	42774	0	2011-05-16 15:03:23.368437+00	0		
288	24	554683	86208	0	2011-05-16 15:03:23.368437+00	0		
289	24	927123	914206	0	2011-05-16 15:03:23.368437+00	0		
290	24	1004520	509281	0	2011-05-16 15:03:23.368437+00	0		
291	24	997137	254498	0	2011-05-16 15:03:23.368437+00	0		
292	24	565019	155522	0	2011-05-16 15:03:23.368437+00	0		
293	24	997136	254498	0	2011-05-16 15:03:23.368437+00	0		
294	24	866129	16951	0	2011-05-16 15:03:23.368437+00	0		
295	24	946935	125981	0	2011-05-16 15:03:23.368437+00	0		
296	24	875572	810648	0	2011-05-16 15:03:23.368437+00	0		
297	24	653259	664746	0	2011-05-16 15:03:23.368437+00	0		
298	24	862495	603999	0	2011-05-16 15:03:23.368437+00	0		
300	24	159671	20366	0	2011-05-16 15:03:23.368437+00	0		
301	24	865974	872455	0	2011-05-16 15:03:23.368437+00	0		
302	24	821834	54580	0	2011-05-16 15:03:23.368437+00	0		
303	24	560962	111827	0	2011-05-16 15:03:23.368437+00	0		
2723	24	919799	97999	0	2011-11-17 13:01:37.604584+00	0		
305	24	1031521	591837	0	2011-05-16 15:03:23.368437+00	0		
306	24	1022825	86834	0	2011-05-16 15:03:23.368437+00	0		
307	24	1004306	241247	0	2011-05-16 15:03:23.368437+00	0		
308	24	892887	241247	0	2011-05-16 15:03:23.368437+00	0		
309	24	960668	960667	0	2011-05-16 15:03:23.368437+00	0		
310	24	862939	740410	0	2011-05-16 15:03:23.368437+00	0		
313	24	341182	20366	0	2011-05-16 15:03:23.368437+00	0		
314	24	579513	259390	0	2011-05-16 15:03:23.368437+00	0		
315	8	596928	722328	0	2011-05-16 15:03:23.368437+00	0		
316	24	471816	409363	0	2011-05-16 15:03:23.368437+00	0		
317	24	978249	742370	0	2011-05-16 15:03:23.368437+00	0		
319	24	994588	590614	0	2011-05-16 15:03:23.368437+00	0		
320	24	784966	30379	0	2011-05-16 15:03:23.368437+00	0		
321	24	341182	123387	0	2011-05-16 15:03:23.368437+00	0		
322	24	334700	61166	0	2011-05-16 15:03:23.368437+00	0		
324	24	82249	20366	0	2011-05-16 15:03:23.368437+00	0		
325	24	863800	910079	0	2011-05-16 15:03:23.368437+00	0		
327	24	745055	599430	0	2011-05-16 15:03:23.368437+00	0		
328	8	1023334	835836	0	2011-05-16 15:03:23.368437+00	0		
329	9	1020482	603906	0	2011-05-16 15:03:23.368437+00	0		
358	24	959019	64347	0	2011-09-21 15:02:56.55416+00	0		
331	24	551429	534661	0	2011-05-16 15:03:23.368437+00	0		
332	24	799403	30379	0	2011-05-16 15:03:23.368437+00	0		
333	9	1030020	213470	0	2011-05-16 15:03:23.368437+00	0		
334	24	1040582	99131	0	2011-05-16 15:03:23.368437+00	0		
335	24	938117	488193	0	2011-05-16 15:03:23.368437+00	0		
336	24	619867	61166	0	2011-05-16 15:03:23.368437+00	0		
337	24	870393	278084	0	2011-05-16 15:03:23.368437+00	0		
339	24	889013	186285	0	2011-05-16 15:03:23.368437+00	0		
341	24	996081	347435	0	2011-05-16 15:03:23.368437+00	0		
342	24	849843	212860	0	2011-05-16 15:03:23.368437+00	0		
4447	24	835799	1255	0	2013-05-15 21:57:40.396531+00	0		
344	24	328086	171684	0	2011-05-16 15:03:23.368437+00	0		
345	24	712277	3284	0	2011-05-16 15:03:23.368437+00	0		
346	24	532459	42949	0	2011-05-16 15:03:23.368437+00	0		
347	24	998003	328975	0	2011-05-16 15:03:23.368437+00	0		
348	24	998012	132965	0	2011-05-16 15:03:23.368437+00	0		
349	24	946942	42774	0	2011-05-16 15:03:23.368437+00	0		
350	24	1025405	275249	0	2011-05-16 15:03:23.368437+00	0		
351	24	998021	914376	0	2011-05-16 15:03:23.368437+00	0		
352	24	999208	4591	0	2011-05-16 15:03:23.368437+00	0		
353	24	167290	212912	0	2011-05-16 15:03:23.368437+00	0		
354	24	343416	166579	0	2011-05-16 15:03:23.368437+00	0		
355	24	998498	166579	0	2011-05-16 15:03:23.368437+00	0		
356	24	959015	104181	0	2011-05-16 15:03:23.368437+00	0		
357	24	998505	20050	0	2011-05-16 15:03:23.368437+00	0		
359	24	596267	38181	0	2011-05-16 15:03:23.368437+00	0		
360	24	1002335	102777	0	2011-05-16 15:03:23.368437+00	0		
361	24	950239	16875	0	2011-05-16 15:03:23.368437+00	0		
362	24	950241	72651	0	2011-05-16 15:03:23.368437+00	0		
363	24	375125	4591	0	2011-05-16 15:03:23.368437+00	0		
364	24	918912	80400	0	2011-05-16 15:03:23.368437+00	0		
365	24	946814	80400	0	2011-05-16 15:03:23.368437+00	0		
366	24	919036	80399	0	2011-05-16 15:03:23.368437+00	0		
367	24	919041	80210	0	2011-05-16 15:03:23.368437+00	0		
368	24	919047	154079	0	2011-05-16 15:03:23.368437+00	0		
369	24	919045	154079	0	2011-05-16 15:03:23.368437+00	0		
370	24	560826	561680	0	2011-05-16 15:03:23.368437+00	0		
371	24	865625	817692	0	2011-05-16 15:03:23.368437+00	0		
372	24	352777	125887	0	2011-05-16 15:03:23.368437+00	0		
373	24	995838	238850	0	2011-05-16 15:03:23.368437+00	0		
374	24	1004307	268485	0	2011-05-16 15:03:23.368437+00	0		
375	24	997094	559077	0	2011-05-16 15:03:23.368437+00	0		
376	24	997054	806691	0	2011-05-16 15:03:23.368437+00	0		
7501	24	1471981	1470968	0	2014-12-25 16:02:40.926856+00	0		
7539	24	1420839	1087895	0	2014-12-27 02:00:15.260492+00	0		
378	24	862857	726411	0	2011-05-16 15:03:23.368437+00	0		
379	24	189315	80611	0	2011-05-16 15:03:23.368437+00	0		
380	24	882549	80611	0	2011-05-16 15:03:23.368437+00	0		
381	24	997168	80611	0	2011-05-16 15:03:23.368437+00	0		
383	24	1030683	909628	0	2011-05-16 15:03:23.368437+00	0		
384	24	1004737	349574	0	2011-05-16 15:03:23.368437+00	0		
299	24	248035	368614	0	2015-07-19 13:01:34.425287+00	0		
211	8	843400	738600	0	2015-07-31 08:00:10.839364+00	0		
385	24	862509	89620	0	2011-05-16 15:03:23.368437+00	0		
386	24	1006556	95732	0	2011-05-16 15:03:23.368437+00	0		
387	24	998029	161367	0	2011-05-16 15:03:23.368437+00	0		
388	24	998030	555863	0	2011-05-16 15:03:23.368437+00	0		
389	24	991298	991297	0	2011-05-16 15:03:23.368437+00	0		
390	24	991294	991297	0	2011-05-16 15:03:23.368437+00	0		
391	24	997134	229464	0	2011-05-16 15:03:23.368437+00	0		
392	24	997133	274595	0	2011-05-16 15:03:23.368437+00	0		
393	24	1025480	274595	0	2011-05-16 15:03:23.368437+00	0		
394	24	997154	614398	0	2011-05-16 15:03:23.368437+00	0		
395	24	998787	274579	0	2011-05-16 15:03:23.368437+00	0		
396	24	990994	368185	0	2011-05-16 15:03:23.368437+00	0		
397	24	532403	312837	0	2011-05-16 15:03:23.368437+00	0		
398	24	296184	215510	0	2011-05-16 15:03:23.368437+00	0		
399	24	757890	179921	0	2011-05-16 15:03:23.368437+00	0		
400	24	1025511	196812	0	2011-05-16 15:03:23.368437+00	0		
401	24	979209	464211	0	2011-05-16 15:03:23.368437+00	0		
2894	24	1119194	272036	0	2011-12-21 12:19:08.020291+00	0		
405	24	946779	608882	0	2011-05-16 15:03:23.368437+00	0		
406	24	631747	628494	0	2011-05-16 15:03:23.368437+00	0		
407	24	1006039	298074	0	2011-05-16 15:03:23.368437+00	0		
408	24	1004666	639842	0	2011-05-16 15:03:23.368437+00	0		
318	24	199292	36042	0	2011-06-27 08:00:11.49446+00	0		
340	24	787673	700947	0	2012-11-08 15:07:52.85761+00	0		
2708	24	1103931	1044764	0	2011-11-14 17:00:07.590622+00	0		
284	24	624623	61667	0	2012-11-17 12:08:12.074146+00	0		
382	24	862860	342803	0	2013-11-23 14:01:12.174817+00	0		
323	24	346921	16951	0	2014-01-08 11:02:33.378945+00	0		
326	24	775541	409363	0	2014-05-14 16:00:28.575774+00	0		
409	24	574555	573850	0	2011-05-16 15:03:23.368437+00	0		
412	24	1025401	165812	0	2011-05-16 15:03:23.368437+00	0		
413	24	998001	4641	0	2011-05-16 15:03:23.368437+00	0		
414	24	625043	275249	0	2011-05-16 15:03:23.368437+00	0		
415	24	1025406	275249	0	2011-05-16 15:03:23.368437+00	0		
416	24	15668	60838	0	2011-05-16 15:03:23.368437+00	0		
418	24	626846	291266	0	2011-05-16 15:03:23.368437+00	0		
419	24	328089	301362	0	2011-05-16 15:03:23.368437+00	0		
420	24	297551	220443	0	2011-05-16 15:03:23.368437+00	0		
421	24	626844	291266	0	2011-05-16 15:03:23.368437+00	0		
422	24	530951	291266	0	2011-05-16 15:03:23.368437+00	0		
423	24	685468	38181	0	2011-05-16 15:03:23.368437+00	0		
424	24	819715	166579	0	2011-05-16 15:03:23.368437+00	0		
425	24	998503	104181	0	2011-05-16 15:03:23.368437+00	0		
428	24	210478	153635	0	2011-05-16 15:03:23.368437+00	0		
429	24	1002336	102777	0	2011-05-16 15:03:23.368437+00	0		
430	24	862501	633540	0	2011-05-16 15:03:23.368437+00	0		
431	24	950236	69066	0	2011-05-16 15:03:23.368437+00	0		
432	24	949881	72651	0	2011-05-16 15:03:23.368437+00	0		
636	24	724904	687671	0	2011-11-02 03:00:08.626063+00	0		
435	24	919035	80399	0	2011-05-16 15:03:23.368437+00	0		
436	24	919038	80210	0	2011-05-16 15:03:23.368437+00	0		
437	24	1024382	79516	0	2011-05-16 15:03:23.368437+00	0		
438	24	1002278	461780	0	2011-05-16 15:03:23.368437+00	0		
439	24	634289	4592	0	2011-05-16 15:03:23.368437+00	0		
440	24	1004309	268485	0	2011-05-16 15:03:23.368437+00	0		
441	24	934853	969287	0	2011-05-16 15:03:23.368437+00	0		
442	24	1001038	132285	0	2011-05-16 15:03:23.368437+00	0		
443	24	1001045	725452	0	2011-05-16 15:03:23.368437+00	0		
444	24	659923	817190	0	2011-05-16 15:03:23.368437+00	0		
445	24	1030685	909628	0	2011-05-16 15:03:23.368437+00	0		
446	24	946949	603999	0	2011-05-16 15:03:23.368437+00	0		
447	24	933984	102534	0	2011-05-16 15:03:23.368437+00	0		
448	24	1006557	95732	0	2011-05-16 15:03:23.368437+00	0		
449	24	997141	274581	0	2011-05-16 15:03:23.368437+00	0		
450	24	997139	197451	0	2011-05-16 15:03:23.368437+00	0		
451	24	1025481	614398	0	2011-05-16 15:03:23.368437+00	0		
452	24	770261	614398	0	2011-05-16 15:03:23.368437+00	0		
453	24	831185	171029	0	2011-05-16 15:03:23.368437+00	0		
454	24	593548	84147	0	2011-05-16 15:03:23.368437+00	0		
455	24	512106	179921	0	2011-05-16 15:03:23.368437+00	0		
456	24	512105	416020	0	2011-05-16 15:03:23.368437+00	0		
457	24	1006325	309598	0	2011-05-16 15:03:23.368437+00	0		
458	24	862497	309598	0	2011-05-16 15:03:23.368437+00	0		
459	24	1006322	196812	0	2011-05-16 15:03:23.368437+00	0		
460	24	836954	702620	0	2011-05-16 15:03:23.368437+00	0		
461	24	837009	702620	0	2011-05-16 15:03:23.368437+00	0		
462	24	836950	702620	0	2011-05-16 15:03:23.368437+00	0		
463	24	979211	981637	0	2011-05-16 15:03:23.368437+00	0		
464	24	979202	981639	0	2011-05-16 15:03:23.368437+00	0		
465	24	949919	938800	0	2011-05-16 15:03:23.368437+00	0		
466	24	1026829	3284	0	2011-05-16 15:03:23.368437+00	0		
467	24	994875	942323	0	2011-05-16 15:03:23.368437+00	0		
469	24	651361	289201	0	2011-05-16 15:03:23.368437+00	0		
472	24	996079	347435	0	2011-05-16 15:03:23.368437+00	0		
473	24	996056	165812	0	2011-05-16 15:03:23.368437+00	0		
474	24	998002	328975	0	2011-05-16 15:03:23.368437+00	0		
509	24	1001041	130316	0	2013-07-01 13:00:19.232764+00	0		
476	24	998014	132965	0	2011-05-16 15:03:23.368437+00	0		
477	24	998009	132965	0	2011-05-16 15:03:23.368437+00	0		
478	24	328088	171684	0	2011-05-16 15:03:23.368437+00	0		
479	24	998257	153642	0	2011-05-16 15:03:23.368437+00	0		
480	24	1002346	1002096	0	2011-05-16 15:03:23.368437+00	0		
481	24	1004517	89620	0	2011-05-16 15:03:23.368437+00	0		
482	24	998241	42949	0	2011-05-16 15:03:23.368437+00	0		
483	24	998258	153642	0	2011-05-16 15:03:23.368437+00	0		
484	24	997993	70045	0	2011-05-16 15:03:23.368437+00	0		
485	24	997990	404708	0	2011-05-16 15:03:23.368437+00	0		
486	24	614805	42774	0	2011-05-16 15:03:23.368437+00	0		
487	24	547686	42774	0	2011-05-16 15:03:23.368437+00	0		
488	24	770715	125981	0	2011-05-16 15:03:23.368437+00	0		
489	24	772279	60838	0	2011-05-16 15:03:23.368437+00	0		
490	24	444695	291266	0	2011-05-16 15:03:23.368437+00	0		
491	24	998026	914376	0	2011-05-16 15:03:23.368437+00	0		
492	24	998509	38181	0	2011-05-16 15:03:23.368437+00	0		
493	24	998478	98299	0	2011-05-16 15:03:23.368437+00	0		
494	24	958882	98299	0	2011-05-16 15:03:23.368437+00	0		
495	24	998494	166579	0	2011-05-16 15:03:23.368437+00	0		
496	24	722421	104181	0	2011-05-16 15:03:23.368437+00	0		
312	10	1026541	870542	0	2014-12-13 11:02:30.490995+00	0		
403	24	970729	284835	0	2015-01-10 10:09:28.419513+00	0		
338	24	892746	17931	0	2015-03-25 02:42:35.01653+00	0		
434	24	892388	326274	0	2015-04-10 12:07:31.437767+00	0		
497	24	998507	38181	0	2011-05-16 15:03:23.368437+00	0		
498	24	959809	38177	0	2011-05-16 15:03:23.368437+00	0		
499	24	997135	229464	0	2011-05-16 15:03:23.368437+00	0		
500	24	950250	69066	0	2011-05-16 15:03:23.368437+00	0		
501	24	999206	16882	0	2011-05-16 15:03:23.368437+00	0		
410	24	855169	843382	0	2012-04-15 15:00:34.767159+00	0		
503	24	919034	80399	0	2011-05-16 15:03:23.368437+00	0		
504	24	919037	80210	0	2011-05-16 15:03:23.368437+00	0		
505	24	919053	154079	0	2011-05-16 15:03:23.368437+00	0		
506	24	995839	238850	0	2011-05-16 15:03:23.368437+00	0		
507	24	995832	185032	0	2011-05-16 15:03:23.368437+00	0		
508	24	828829	125711	0	2011-05-16 15:03:23.368437+00	0		
510	24	875579	130316	0	2011-05-16 15:03:23.368437+00	0		
511	24	161788	212912	0	2011-05-16 15:03:23.368437+00	0		
512	24	676288	80611	0	2011-05-16 15:03:23.368437+00	0		
513	24	676290	103332	0	2011-05-16 15:03:23.368437+00	0		
515	24	883079	909628	0	2011-05-16 15:03:23.368437+00	0		
516	24	997130	274595	0	2011-05-16 15:03:23.368437+00	0		
517	24	990983	368185	0	2011-05-16 15:03:23.368437+00	0		
518	24	947155	84147	0	2011-05-16 15:03:23.368437+00	0		
519	24	686765	711679	0	2011-05-16 15:03:23.368437+00	0		
520	24	891264	632158	0	2011-05-16 15:03:23.368437+00	0		
521	24	1025507	309598	0	2011-05-16 15:03:23.368437+00	0		
522	24	979191	464211	0	2011-05-16 15:03:23.368437+00	0		
523	24	979212	981637	0	2011-05-16 15:03:23.368437+00	0		
524	24	979208	981637	0	2011-05-16 15:03:23.368437+00	0		
525	24	979201	981639	0	2011-05-16 15:03:23.368437+00	0		
526	24	946776	608882	0	2011-05-16 15:03:23.368437+00	0		
527	24	631745	628494	0	2011-05-16 15:03:23.368437+00	0		
528	24	722417	418604	0	2011-05-16 15:03:23.368437+00	0		
529	24	272255	418604	0	2011-05-16 15:03:23.368437+00	0		
530	24	349977	871659	0	2011-05-16 15:03:23.368437+00	0		
531	24	964336	749965	0	2011-05-16 15:03:23.368437+00	0		
532	24	1004258	144384	0	2011-05-16 15:03:23.368437+00	0		
533	24	993372	136135	0	2011-05-16 15:03:23.368437+00	0		
534	24	442642	267090	0	2011-05-16 15:03:23.368437+00	0		
535	24	993897	640346	0	2011-05-16 15:03:23.368437+00	0		
536	24	932802	4587	0	2011-05-16 15:03:23.368437+00	0		
537	24	932804	4587	0	2011-05-16 15:03:23.368437+00	0		
538	24	932806	202807	0	2011-05-16 15:03:23.368437+00	0		
539	24	1001075	36176	0	2011-05-16 15:03:23.368437+00	0		
540	24	655120	656428	0	2011-05-16 15:03:23.368437+00	0		
541	24	948886	125122	0	2011-05-16 15:03:23.368437+00	0		
542	24	948887	125122	0	2011-05-16 15:03:23.368437+00	0		
543	24	1002166	197505	0	2011-05-16 15:03:23.368437+00	0		
544	24	948888	197506	0	2011-05-16 15:03:23.368437+00	0		
426	24	386559	64347	0	2011-09-21 15:02:56.55416+00	0		
427	24	1018947	64347	0	2011-09-21 15:02:56.55416+00	0		
411	24	255416	165561	0	2012-08-11 10:00:41.058491+00	0		
470	24	971991	700947	0	2012-11-08 15:07:52.85761+00	0		
4476	24	1255977	1255978	0	2013-05-26 15:12:39.387826+00	0		
3648	24	1146366	1158994	0	2012-11-29 10:00:17.626421+00	0		
514	24	1008944	122589	0	2013-12-29 13:00:53.991582+00	0		
545	24	820464	194285	0	2011-05-16 15:03:23.368437+00	0		
546	24	820457	194285	0	2011-05-16 15:03:23.368437+00	0		
547	24	723074	707102	0	2011-05-16 15:03:23.368437+00	0		
548	24	742948	111827	0	2011-05-16 15:03:23.368437+00	0		
550	24	552546	452322	0	2011-05-16 15:03:23.368437+00	0		
551	24	1024355	228799	0	2011-05-16 15:03:23.368437+00	0		
552	24	1004741	624987	0	2011-05-16 15:03:23.368437+00	0		
553	24	997177	419116	0	2011-05-16 15:03:23.368437+00	0		
554	24	997177	301797	0	2011-05-16 15:03:23.368437+00	0		
555	24	417057	261029	0	2011-05-16 15:03:23.368437+00	0		
558	24	653243	474329	0	2011-05-16 15:03:23.368437+00	0		
561	24	1031834	111827	0	2011-05-16 15:03:23.368437+00	0		
562	24	1041029	253681	0	2011-05-16 15:03:23.368437+00	0		
563	24	983696	977668	0	2011-05-16 15:03:23.368437+00	0		
564	24	950256	16875	0	2011-05-16 15:03:23.368437+00	0		
565	24	848102	400101	0	2011-05-16 15:03:23.368437+00	0		
566	24	769976	614291	0	2011-05-16 15:03:23.368437+00	0		
567	24	203586	4592	0	2011-05-16 15:03:23.368437+00	0		
568	24	236619	282298	0	2011-05-16 15:03:23.368437+00	0		
569	24	406513	46626	0	2011-05-16 15:03:23.368437+00	0		
570	24	585192	105520	0	2011-05-16 15:03:23.368437+00	0		
571	24	564994	86208	0	2011-05-16 15:03:23.368437+00	0		
573	24	996544	740410	0	2011-05-16 15:03:23.368437+00	0		
574	24	1032489	20366	0	2011-05-16 15:03:23.368437+00	0		
575	24	132693	37067	0	2011-05-16 15:03:23.368437+00	0		
2895	24	1119193	272036	0	2011-12-21 12:19:34.759105+00	0		
578	24	714168	98091	0	2011-05-16 15:03:23.368437+00	0		
579	24	152908	31242	0	2011-05-16 15:03:23.368437+00	0		
580	24	35679	235564	0	2011-05-16 15:03:23.368437+00	0		
651	24	1040155	63506	0	2011-07-16 10:03:48.469435+00	0		
584	24	863801	910079	0	2011-05-16 15:03:23.368437+00	0		
586	24	579517	259391	0	2011-05-16 15:03:23.368437+00	0		
587	24	1004629	116274	0	2011-05-16 15:03:23.368437+00	0		
588	24	215493	212817	0	2011-05-16 15:03:23.368437+00	0		
589	24	859410	360284	0	2011-05-16 15:03:23.368437+00	0		
590	24	1033108	1033088	0	2011-05-16 15:03:23.368437+00	0		
592	24	341178	534661	0	2011-05-16 15:03:23.368437+00	0		
3360	24	1177909	965474	0	2012-07-18 19:17:48.716054+00	0		
594	24	351242	19124	0	2011-05-16 15:03:23.368437+00	0		
595	24	635675	225251	0	2011-05-16 15:03:23.368437+00	0		
596	24	408438	367639	0	2011-05-16 15:03:23.368437+00	0		
597	24	588718	595473	0	2011-05-16 15:03:23.368437+00	0		
598	24	1034509	763829	0	2011-05-16 15:03:23.368437+00	0		
599	8	410267	37689	0	2011-05-16 15:03:23.368437+00	0		
602	24	745047	522078	0	2011-05-16 15:03:23.368437+00	0		
603	24	785514	369162	0	2011-05-16 15:03:23.368437+00	0		
604	24	1009546	1009680	0	2011-05-16 15:03:23.368437+00	0		
605	24	1025471	115741	0	2011-05-16 15:03:23.368437+00	0		
606	24	854603	855069	0	2011-05-16 15:03:23.368437+00	0		
607	24	1004736	349574	0	2011-05-16 15:03:23.368437+00	0		
608	24	454332	56439	0	2011-05-16 15:03:23.368437+00	0		
609	24	386467	61166	0	2011-05-16 15:03:23.368437+00	0		
610	24	175062	62133	0	2011-05-16 15:03:23.368437+00	0		
611	24	812087	707102	0	2011-05-16 15:03:23.368437+00	0		
612	24	683986	623464	0	2011-05-16 15:03:23.368437+00	0		
614	24	900831	827964	0	2011-05-16 15:03:23.368437+00	0		
615	24	108061	219031	0	2011-05-16 15:03:23.368437+00	0		
616	24	86980	20094	0	2011-05-16 15:03:23.368437+00	0		
617	24	272865	229791	0	2011-05-16 15:03:23.368437+00	0		
618	24	1031408	197201	0	2011-05-16 15:03:23.368437+00	0		
619	24	408442	397804	0	2011-05-16 15:03:23.368437+00	0		
621	24	998213	365386	0	2011-05-16 15:03:23.368437+00	0		
622	24	998020	328974	0	2011-05-16 15:03:23.368437+00	0		
600	24	858188	839667	0	2015-03-25 02:42:39.205034+00	0		
623	24	998006	299754	0	2011-05-16 15:03:23.368437+00	0		
624	24	585188	105520	0	2011-05-16 15:03:23.368437+00	0		
625	24	1004895	765851	0	2011-05-16 15:03:23.368437+00	0		
626	24	852430	747516	0	2011-05-16 15:03:23.368437+00	0		
627	24	707628	19124	0	2011-05-16 15:03:23.368437+00	0		
3197	24	1151921	278174	0	2012-04-09 20:35:03.984919+00	0		
629	24	990891	349887	0	2011-05-16 15:03:23.368437+00	0		
630	24	403378	27627	0	2011-05-16 15:03:23.368437+00	0		
631	24	838588	235013	0	2011-05-16 15:03:23.368437+00	0		
620	24	1006840	342834	0	2015-06-29 14:05:14.083651+00	0		
633	24	685476	130615	0	2011-05-16 15:03:23.368437+00	0		
634	24	266498	161465	0	2011-05-16 15:03:23.368437+00	0		
582	24	157379	217405	0	2013-09-03 08:00:31.271542+00	0		
642	24	870796	828794	0	2012-02-25 09:02:57.319814+00	0		
638	24	925099	187823	0	2011-05-16 15:03:23.368437+00	0		
639	24	183162	146042	0	2011-05-16 15:03:23.368437+00	0		
640	24	824512	640625	0	2011-05-16 15:03:23.368437+00	0		
641	24	123943	37977	0	2011-05-16 15:03:23.368437+00	0		
643	24	723413	55920	0	2011-05-16 15:03:23.368437+00	0		
644	24	775686	595473	0	2011-05-16 15:03:23.368437+00	0		
645	24	680480	686428	0	2011-05-16 15:03:23.368437+00	0		
646	24	160851	235564	0	2011-05-16 15:03:23.368437+00	0		
647	24	277173	297566	0	2011-05-16 15:03:23.368437+00	0		
648	24	343049	71684	0	2011-05-16 15:03:23.368437+00	0		
649	24	951004	89350	0	2011-05-16 15:03:23.368437+00	0		
650	24	1034511	763829	0	2011-05-16 15:03:23.368437+00	0		
652	24	367860	264051	0	2011-05-16 15:03:23.368437+00	0		
653	24	367867	264051	0	2011-05-16 15:03:23.368437+00	0		
655	24	745053	599432	0	2011-05-16 15:03:23.368437+00	0		
656	24	943751	369162	0	2011-05-16 15:03:23.368437+00	0		
657	24	1038380	151309	0	2011-05-16 15:03:23.368437+00	0		
660	24	733906	95914	0	2011-05-16 15:03:23.368437+00	0		
661	24	1004314	374053	0	2011-05-16 15:03:23.368437+00	0		
662	24	472759	56439	0	2011-05-16 15:03:23.368437+00	0		
663	24	999022	988530	0	2011-05-16 15:03:23.368437+00	0		
664	24	788497	623464	0	2011-05-16 15:03:23.368437+00	0		
665	24	678310	602415	0	2011-05-16 15:03:23.368437+00	0		
666	24	1031838	35911	0	2011-05-16 15:03:23.368437+00	0		
667	24	429180	527562	0	2011-05-16 15:03:23.368437+00	0		
668	24	989032	316902	0	2011-05-16 15:03:23.368437+00	0		
669	24	685472	104320	0	2011-05-16 15:03:23.368437+00	0		
670	24	685470	301797	0	2011-05-16 15:03:23.368437+00	0		
671	24	191224	43610	0	2011-05-16 15:03:23.368437+00	0		
672	24	318536	40713	0	2011-05-16 15:03:23.368437+00	0		
4448	24	132214	1255	0	2013-05-15 23:41:47.342234+00	0		
674	24	542163	505579	0	2011-05-16 15:03:23.368437+00	0		
675	24	999093	89357	0	2011-05-16 15:03:23.368437+00	0		
676	24	1017801	1017798	0	2011-05-16 15:03:23.368437+00	0		
613	24	706117	54241	0	2012-10-13 02:03:49.737731+00	0		
679	24	469002	69046	0	2011-05-16 15:03:23.368437+00	0		
680	24	961919	36474	0	2011-05-16 15:03:23.368437+00	0		
556	24	760871	260163	0	2011-07-24 17:02:22.099689+00	0		
632	24	311617	71300	0	2014-02-08 16:00:20.443526+00	0		
576	24	900280	1107988	0	2011-11-07 19:02:29.389476+00	0		
572	24	942546	117269	0	2011-11-15 10:00:27.568333+00	0		
628	24	990896	1135240	0	2012-02-27 13:00:20.44579+00	0		
557	24	820013	905503	0	2014-01-29 20:02:07.32617+00	0		
673	24	1012678	901572	0	2012-07-02 11:06:39.307499+00	0		
581	24	189182	18656	0	2013-06-22 09:00:43.858336+00	0		
601	24	561568	146450	0	2014-04-13 10:00:25.594792+00	0		
591	24	236186	61667	0	2012-11-17 12:08:12.074146+00	0		
577	24	716285	88563	0	2013-03-04 02:00:14.364833+00	0		
635	24	453271	616960	0	2013-04-19 19:00:49.079868+00	0		
559	24	953949	616009	0	2013-05-04 08:00:19.709002+00	0		
3961	9	1201910	37119	0	2013-01-24 23:57:03.021916+00	0		
683	24	998225	888368	0	2011-05-16 15:03:23.368437+00	0		
684	24	1004291	656859	0	2011-05-16 15:03:23.368437+00	0		
685	24	858521	527428	0	2011-05-16 15:03:23.368437+00	0		
686	24	912062	205656	0	2011-05-16 15:03:23.368437+00	0		
687	24	912065	205656	0	2011-05-16 15:03:23.368437+00	0		
688	24	668945	37189	0	2011-05-16 15:03:23.368437+00	0		
689	24	527747	569502	0	2011-05-16 15:03:23.368437+00	0		
690	24	433243	359660	0	2011-05-16 15:03:23.368437+00	0		
691	24	835922	614606	0	2011-05-16 15:03:23.368437+00	0		
692	24	546760	176027	0	2011-05-16 15:03:23.368437+00	0		
693	24	861838	689855	0	2011-05-16 15:03:23.368437+00	0		
695	24	464171	659554	0	2011-05-16 15:03:23.368437+00	0		
697	24	849704	235013	0	2011-05-16 15:03:23.368437+00	0		
698	24	246014	145697	0	2011-05-16 15:03:23.368437+00	0		
699	24	998028	236812	0	2011-05-16 15:03:23.368437+00	0		
700	24	912056	206205	0	2011-05-16 15:03:23.368437+00	0		
701	24	750235	663626	0	2011-05-16 15:03:23.368437+00	0		
702	24	1036201	1036199	0	2011-05-16 15:03:23.368437+00	0		
703	24	309714	130615	0	2011-05-16 15:03:23.368437+00	0		
704	24	1037866	1037892	0	2011-05-16 15:03:23.368437+00	0		
705	24	696619	445690	0	2011-05-16 15:03:23.368437+00	0		
706	24	1038381	151309	0	2011-05-16 15:03:23.368437+00	0		
707	24	224151	55920	0	2011-05-16 15:03:23.368437+00	0		
708	24	1035745	1035743	0	2011-05-16 15:03:23.368437+00	0		
710	24	745052	598052	0	2011-05-16 15:03:23.368437+00	0		
711	24	782823	86399	0	2011-05-16 15:03:23.368437+00	0		
712	24	701551	622549	0	2011-05-16 15:03:23.368437+00	0		
713	24	769226	662320	0	2011-05-16 15:03:23.368437+00	0		
714	24	623055	406723	0	2011-05-16 15:03:23.368437+00	0		
715	24	784445	277302	0	2011-05-16 15:03:23.368437+00	0		
716	24	469289	469288	0	2011-05-16 15:03:23.368437+00	0		
717	24	472763	56439	0	2011-05-16 15:03:23.368437+00	0		
718	24	889781	772340	0	2011-05-16 15:03:23.368437+00	0		
719	24	778121	623464	0	2011-05-16 15:03:23.368437+00	0		
720	24	478675	44102	0	2011-05-16 15:03:23.368437+00	0		
721	24	678313	602415	0	2011-05-16 15:03:23.368437+00	0		
722	24	394033	35763	0	2011-05-16 15:03:23.368437+00	0		
723	24	215508	301797	0	2011-05-16 15:03:23.368437+00	0		
724	24	111643	43610	0	2011-05-16 15:03:23.368437+00	0		
725	24	822636	271986	0	2011-05-16 15:03:23.368437+00	0		
726	24	365924	30138	0	2011-05-16 15:03:23.368437+00	0		
727	24	127822	31242	0	2011-05-16 15:03:23.368437+00	0		
728	24	1012683	627808	0	2011-05-16 15:03:23.368437+00	0		
729	24	1000973	1000975	0	2011-05-16 15:03:23.368437+00	0		
730	24	352223	27627	0	2011-05-16 15:03:23.368437+00	0		
731	24	997994	70045	0	2011-05-16 15:03:23.368437+00	0		
732	24	970327	105520	0	2011-05-16 15:03:23.368437+00	0		
733	24	1008937	219031	0	2011-05-16 15:03:23.368437+00	0		
737	24	1004281	67782	0	2011-05-16 15:03:23.368437+00	0		
738	24	1004272	67782	0	2011-05-16 15:03:23.368437+00	0		
739	24	993739	294416	0	2011-05-16 15:03:23.368437+00	0		
658	24	1038460	1038461	0	2015-03-25 02:42:41.321455+00	0		
659	24	287739	80637	0	2015-04-09 10:02:17.290969+00	0		
741	24	912061	205656	0	2011-05-16 15:03:23.368437+00	0		
742	24	912064	205656	0	2011-05-16 15:03:23.368437+00	0		
743	24	702647	37067	0	2011-05-16 15:03:23.368437+00	0		
744	24	702928	723812	0	2011-05-16 15:03:23.368437+00	0		
745	24	835615	817702	0	2011-05-16 15:03:23.368437+00	0		
746	24	370183	147931	0	2011-05-16 15:03:23.368437+00	0		
754	24	1136117	409363	0	2012-09-16 14:03:48.107002+00	0		
752	24	867611	176027	0	2011-05-16 15:03:23.368437+00	0		
753	24	585470	212817	0	2011-05-16 15:03:23.368437+00	0		
3670	24	1139824	75011	0	2012-11-22 06:22:34.530427+00	0		
755	24	163581	60932	0	2011-05-16 15:03:23.368437+00	0		
756	24	710147	711036	0	2011-05-16 15:03:23.368437+00	0		
757	24	782830	86399	0	2011-05-16 15:03:23.368437+00	0		
758	24	556914	531311	0	2011-05-16 15:03:23.368437+00	0		
759	24	518025	153324	0	2011-05-16 15:03:23.368437+00	0		
761	24	355286	112840	0	2011-05-16 15:03:23.368437+00	0		
681	24	227403	187221	0	2012-05-03 11:05:00.443581+00	0		
764	24	745051	598052	0	2011-05-16 15:03:23.368437+00	0		
765	24	906477	165573	0	2011-05-16 15:03:23.368437+00	0		
766	24	257957	38636	0	2011-05-16 15:03:23.368437+00	0		
768	24	998791	314708	0	2011-05-16 15:03:23.368437+00	0		
769	24	579863	36469	0	2011-05-16 15:03:23.368437+00	0		
770	24	469291	469288	0	2011-05-16 15:03:23.368437+00	0		
771	24	734248	623464	0	2011-05-16 15:03:23.368437+00	0		
773	24	678323	602415	0	2011-05-16 15:03:23.368437+00	0		
774	24	552545	452322	0	2011-05-16 15:03:23.368437+00	0		
775	24	765025	602415	0	2011-05-16 15:03:23.368437+00	0		
776	24	328090	301362	0	2011-05-16 15:03:23.368437+00	0		
777	24	989030	316902	0	2011-05-16 15:03:23.368437+00	0		
778	24	630762	624172	0	2011-05-16 15:03:23.368437+00	0		
780	24	230786	271986	0	2011-05-16 15:03:23.368437+00	0		
781	24	818016	33585	0	2011-05-16 15:03:23.368437+00	0		
782	24	581181	209998	0	2011-05-16 15:03:23.368437+00	0		
783	24	1015943	36683	0	2011-05-16 15:03:23.368437+00	0		
784	24	998224	190441	0	2011-05-16 15:03:23.368437+00	0		
785	24	998205	365386	0	2011-05-16 15:03:23.368437+00	0		
786	24	990879	349887	0	2011-05-16 15:03:23.368437+00	0		
787	24	958997	98299	0	2011-05-16 15:03:23.368437+00	0		
788	24	912060	206205	0	2011-05-16 15:03:23.368437+00	0		
789	24	476607	297631	0	2011-05-16 15:03:23.368437+00	0		
790	24	970326	195540	0	2011-05-16 15:03:23.368437+00	0		
791	24	998128	163866	0	2011-05-16 15:03:23.368437+00	0		
793	24	999088	271986	0	2011-05-16 15:03:23.368437+00	0		
2724	24	542199	550261	0	2011-11-17 13:02:47.698492+00	0		
796	24	998982	42030	0	2011-05-16 15:03:23.368437+00	0		
798	24	1002318	122331	0	2011-05-16 15:03:23.368437+00	0		
799	24	818128	37067	0	2011-05-16 15:03:23.368437+00	0		
800	24	723796	723812	0	2011-05-16 15:03:23.368437+00	0		
709	24	662724	146450	0	2014-04-13 10:00:25.594792+00	0		
816	24	98929	127739	0	2011-08-11 18:00:06.277106+00	0		
805	24	546878	55920	0	2011-05-16 15:03:23.368437+00	0		
807	24	201185	27627	0	2011-05-16 15:03:23.368437+00	0		
808	24	965913	964947	0	2011-05-16 15:03:23.368437+00	0		
809	24	277215	297566	0	2011-05-16 15:03:23.368437+00	0		
810	24	853662	822999	0	2011-05-16 15:03:23.368437+00	0		
811	24	552191	61558	0	2011-05-16 15:03:23.368437+00	0		
812	24	1034181	978875	0	2011-05-16 15:03:23.368437+00	0		
813	24	327336	314355	0	2011-05-16 15:03:23.368437+00	0		
814	24	502903	421446	0	2011-05-16 15:03:23.368437+00	0		
815	24	542701	546147	0	2011-05-16 15:03:23.368437+00	0		
734	24	832393	17561	0	2011-11-15 10:00:27.206333+00	0		
762	24	651785	526867	0	2012-01-10 02:03:23.428016+00	0		
792	24	475499	732141	0	2012-01-14 13:04:49.401884+00	0		
797	24	1006548	129846	0	2012-02-16 23:05:06.539278+00	0		
779	24	621311	24014	0	2012-09-17 18:07:54.464803+00	0		
747	24	1033264	195031	0	2012-04-24 01:00:06.889308+00	0		
3198	8	1003544	744335	0	2012-04-25 12:00:07.966316+00	0		
735	24	566014	19215	0	2012-05-03 16:05:47.420196+00	0		
750	24	581141	217405	0	2013-09-03 08:00:31.271542+00	0		
748	24	843193	689855	0	2012-12-17 20:25:07.385182+00	0		
694	24	305132	18656	0	2013-06-22 09:00:43.858336+00	0		
751	24	463671	54205	0	2013-10-29 07:00:46.902113+00	0		
795	24	572510	32032	0	2013-10-30 07:00:26.528363+00	0		
749	24	729160	729566	0	2013-12-21 03:00:41.55302+00	0		
637	24	782463	687671	0	2011-11-02 03:00:08.626063+00	0		
818	24	355283	166021	0	2011-05-16 15:03:23.368437+00	0		
820	24	387891	522078	0	2011-05-16 15:03:23.368437+00	0		
821	24	782818	86399	0	2011-05-16 15:03:23.368437+00	0		
822	24	1038210	1038136	0	2011-05-16 15:03:23.368437+00	0		
823	24	1038382	151309	0	2011-05-16 15:03:23.368437+00	0		
824	8	1039153	1039146	0	2011-05-16 15:03:23.368437+00	0		
825	24	770179	525130	0	2011-05-16 15:03:23.368437+00	0		
826	24	784450	277302	0	2011-05-16 15:03:23.368437+00	0		
827	24	1004739	624987	0	2011-05-16 15:03:23.368437+00	0		
828	24	472764	56439	0	2011-05-16 15:03:23.368437+00	0		
829	24	879237	875710	0	2011-05-16 15:03:23.368437+00	0		
830	24	177781	9480	0	2011-05-16 15:03:23.368437+00	0		
831	24	747161	279538	0	2011-05-16 15:03:23.368437+00	0		
834	24	625103	626140	0	2011-05-16 15:03:23.368437+00	0		
835	24	695098	293597	0	2011-05-16 15:03:23.368437+00	0		
836	24	803395	55005	0	2011-05-16 15:03:23.368437+00	0		
7502	24	1471736	1472237	0	2014-12-19 05:22:25.129568+00	0		
841	24	463384	196279	0	2011-05-16 15:03:23.368437+00	0		
842	24	245514	171111	0	2011-05-16 15:03:23.368437+00	0		
843	24	785507	194114	0	2011-05-16 15:03:23.368437+00	0		
844	24	343131	549978	0	2011-05-16 15:03:23.368437+00	0		
845	24	1025408	275249	0	2011-05-16 15:03:23.368437+00	0		
846	24	998133	275799	0	2011-05-16 15:03:23.368437+00	0		
847	24	1017806	1017798	0	2011-05-16 15:03:23.368437+00	0		
848	24	998223	190441	0	2011-05-16 15:03:23.368437+00	0		
849	24	998216	205997	0	2011-05-16 15:03:23.368437+00	0		
850	24	283806	176027	0	2011-05-16 15:03:23.368437+00	0		
851	24	476619	297631	0	2011-05-16 15:03:23.368437+00	0		
853	24	705036	37067	0	2011-05-16 15:03:23.368437+00	0		
854	24	292138	531176	0	2011-05-16 15:03:23.368437+00	0		
855	24	328850	311566	0	2011-05-16 15:03:23.368437+00	0		
856	24	211853	235564	0	2011-05-16 15:03:23.368437+00	0		
859	24	982180	855464	0	2011-05-16 15:03:23.368437+00	0		
860	24	1033522	945692	0	2011-05-16 15:03:23.368437+00	0		
861	24	83696	165573	0	2011-05-16 15:03:23.368437+00	0		
862	24	1034407	171387	0	2011-05-16 15:03:23.368437+00	0		
3837	24	119751	89673	0	2014-08-15 22:00:35.206952+00	0		
760	24	1035744	1035743	0	2015-03-25 02:42:43.433469+00	0		
767	24	387595	80637	0	2015-04-09 10:02:17.290969+00	0		
863	24	580800	36682	0	2011-05-16 15:03:23.368437+00	0		
864	24	1044127	898731	0	2011-05-16 15:03:23.368437+00	0		
865	24	884412	546147	0	2011-05-16 15:03:23.368437+00	0		
866	24	839762	839667	0	2011-05-16 15:03:23.368437+00	0		
3199	24	508522	493370	0	2012-04-13 05:54:22.428336+00	0		
868	24	640784	742370	0	2011-05-16 15:03:23.368437+00	0		
869	24	745049	435302	0	2011-05-16 15:03:23.368437+00	0		
870	24	678315	602415	0	2011-05-16 15:03:23.368437+00	0		
871	24	1038385	170730	0	2011-05-16 15:03:23.368437+00	0		
872	24	659229	645363	0	2011-05-16 15:03:23.368437+00	0		
873	24	947992	947993	0	2011-05-16 15:03:23.368437+00	0		
874	9	1034789	3116	0	2011-05-16 15:03:23.368437+00	0		
3361	24	1177908	965474	0	2012-07-18 19:23:04.894261+00	0		
804	24	219396	17573	0	2015-09-18 06:01:53.412651+00	0		
806	24	537852	40099	0	2015-09-18 19:03:29.271217+00	0		
2716	24	1107730	1107721	0	2011-11-04 22:35:39.588722+00	0		
878	24	1040030	259607	0	2011-05-16 15:03:23.368437+00	0		
879	24	839192	851918	0	2011-05-16 15:03:23.368437+00	0		
880	24	277427	208990	0	2011-05-16 15:03:23.368437+00	0		
3373	24	699709	526896	0	2012-07-22 15:30:15.911121+00	0		
3377	24	1179732	1179757	0	2012-07-24 00:21:36.121596+00	0		
884	24	997895	301935	0	2011-05-16 15:03:23.368437+00	0		
885	24	891748	594598	0	2011-05-16 15:03:23.368437+00	0		
886	24	941621	208499	0	2011-05-16 15:03:23.368437+00	0		
887	24	978665	246386	0	2011-05-16 15:03:23.368437+00	0		
888	24	1004823	801664	0	2011-05-16 15:03:23.368437+00	0		
889	24	1001077	152279	0	2011-05-16 15:03:23.368437+00	0		
890	24	960542	122510	0	2011-05-16 15:03:23.368437+00	0		
891	24	963605	122510	0	2011-05-16 15:03:23.368437+00	0		
892	24	994618	424194	0	2011-05-16 15:03:23.368437+00	0		
893	24	994619	81507	0	2011-05-16 15:03:23.368437+00	0		
894	24	994632	81507	0	2011-05-16 15:03:23.368437+00	0		
4449	24	977282	1255	0	2013-05-15 23:42:39.511802+00	0		
833	24	1024352	155359	0	2013-05-28 14:01:31.939499+00	0		
898	24	793651	683094	0	2011-05-16 15:03:23.368437+00	0		
902	24	623560	212572	0	2011-05-16 15:03:23.368437+00	0		
903	24	946931	284219	0	2011-05-16 15:03:23.368437+00	0		
904	24	204543	284219	0	2011-05-16 15:03:23.368437+00	0		
905	24	1004073	45078	0	2011-05-16 15:03:23.368437+00	0		
906	24	969434	93033	0	2011-05-16 15:03:23.368437+00	0		
907	24	432504	150556	0	2011-05-16 15:03:23.368437+00	0		
908	24	976771	150556	0	2011-05-16 15:03:23.368437+00	0		
909	24	948734	230619	0	2011-05-16 15:03:23.368437+00	0		
910	24	948736	230619	0	2011-05-16 15:03:23.368437+00	0		
911	24	1024354	109598	0	2011-05-16 15:03:23.368437+00	0		
912	24	995864	228909	0	2011-05-16 15:03:23.368437+00	0		
913	24	902423	245759	0	2011-05-16 15:03:23.368437+00	0		
914	24	570138	621328	0	2011-05-16 15:03:23.368437+00	0		
915	24	998799	170746	0	2011-05-16 15:03:23.368437+00	0		
916	24	768192	211386	0	2011-05-16 15:03:23.368437+00	0		
917	24	996051	208992	0	2011-05-16 15:03:23.368437+00	0		
918	24	996054	586659	0	2011-05-16 15:03:23.368437+00	0		
919	24	544480	586659	0	2011-05-16 15:03:23.368437+00	0		
920	24	366364	52882	0	2011-05-16 15:03:23.368437+00	0		
921	24	984715	56257	0	2011-05-16 15:03:23.368437+00	0		
922	24	633110	645010	0	2011-05-16 15:03:23.368437+00	0		
923	24	343589	239664	0	2011-05-16 15:03:23.368437+00	0		
924	24	996902	442688	0	2011-05-16 15:03:23.368437+00	0		
925	24	385258	442688	0	2011-05-16 15:03:23.368437+00	0		
926	24	997126	442688	0	2011-05-16 15:03:23.368437+00	0		
927	24	997128	372354	0	2011-05-16 15:03:23.368437+00	0		
928	24	996901	372354	0	2011-05-16 15:03:23.368437+00	0		
929	24	997129	35777	0	2011-05-16 15:03:23.368437+00	0		
930	24	1024360	330237	0	2011-05-16 15:03:23.368437+00	0		
931	24	834854	3682	0	2011-05-16 15:03:23.368437+00	0		
932	24	382436	3682	0	2011-05-16 15:03:23.368437+00	0		
933	24	1004265	271211	0	2011-05-16 15:03:23.368437+00	0		
934	24	1004267	271211	0	2011-05-16 15:03:23.368437+00	0		
935	24	1004269	271211	0	2011-05-16 15:03:23.368437+00	0		
936	24	1004270	792080	0	2011-05-16 15:03:23.368437+00	0		
937	24	279515	38877	0	2011-05-16 15:03:23.368437+00	0		
938	24	892474	532763	0	2011-05-16 15:03:23.368437+00	0		
939	24	818165	479036	0	2011-05-16 15:03:23.368437+00	0		
940	24	616467	750515	0	2011-05-16 15:03:23.368437+00	0		
941	24	862751	98172	0	2011-05-16 15:03:23.368437+00	0		
942	24	622847	98172	0	2011-05-16 15:03:23.368437+00	0		
943	24	938358	196997	0	2011-05-16 15:03:23.368437+00	0		
944	24	822208	192096	0	2011-05-16 15:03:23.368437+00	0		
945	24	314600	962162	0	2011-05-16 15:03:23.368437+00	0		
946	24	820329	203307	0	2011-05-16 15:03:23.368437+00	0		
948	24	348976	51968	0	2011-05-16 15:03:23.368437+00	0		
949	24	998803	862983	0	2011-05-16 15:03:23.368437+00	0		
950	24	998805	862983	0	2011-05-16 15:03:23.368437+00	0		
3210	24	1155180	1155172	0	2012-04-20 09:21:56.707323+00	0		
839	24	190945	54241	0	2012-10-13 02:03:49.737731+00	0		
947	24	144387	112082	0	2012-11-19 22:09:57.283376+00	0		
5539	24	518873	22300	0	2014-01-14 16:00:51.851462+00	0		
4348	24	356433	172640	0	2013-05-03 19:00:13.595228+00	0		
857	24	35679	18656	0	2013-06-22 09:00:43.858336+00	0		
899	24	319519	40858	0	2013-10-29 07:00:46.21772+00	0		
832	24	863775	866686	0	2013-11-15 21:00:55.719638+00	0		
951	24	313405	278625	0	2014-01-04 19:00:53.785428+00	0		
952	24	671269	278625	0	2014-01-04 19:00:53.785428+00	0		
5591	24	1319409	1124741	0	2014-01-27 16:00:24.198302+00	0		
953	24	1012660	639448	0	2011-05-16 15:03:23.368437+00	0		
954	24	958873	98299	0	2011-05-16 15:03:23.368437+00	0		
955	24	1006329	1006337	0	2011-05-16 15:03:23.368437+00	0		
956	24	989036	316903	0	2011-05-16 15:03:23.368437+00	0		
957	24	948752	464063	0	2011-05-16 15:03:23.368437+00	0		
958	24	623994	236615	0	2011-05-16 15:03:23.368437+00	0		
959	24	1024361	694158	0	2011-05-16 15:03:23.368437+00	0		
960	24	1004292	429183	0	2011-05-16 15:03:23.368437+00	0		
961	24	1004295	429183	0	2011-05-16 15:03:23.368437+00	0		
962	24	1004298	746050	0	2011-05-16 15:03:23.368437+00	0		
963	24	998513	194019	0	2011-05-16 15:03:23.368437+00	0		
964	24	659394	194019	0	2011-05-16 15:03:23.368437+00	0		
965	24	998597	658028	0	2011-05-16 15:03:23.368437+00	0		
966	24	950527	608385	0	2011-05-16 15:03:23.368437+00	0		
967	24	795777	833130	0	2011-05-16 15:03:23.368437+00	0		
968	24	947262	620595	0	2011-05-16 15:03:23.368437+00	0		
969	24	614815	278174	0	2011-05-16 15:03:23.368437+00	0		
970	24	834129	532509	0	2011-05-16 15:03:23.368437+00	0		
971	24	1002282	418714	0	2011-05-16 15:03:23.368437+00	0		
972	24	902396	115549	0	2011-05-16 15:03:23.368437+00	0		
973	24	1030244	591964	0	2011-05-16 15:03:23.368437+00	0		
974	24	1030245	591964	0	2011-05-16 15:03:23.368437+00	0		
975	24	1030254	290423	0	2011-05-16 15:03:23.368437+00	0		
976	24	203344	290423	0	2011-05-16 15:03:23.368437+00	0		
977	24	1030250	543242	0	2011-05-16 15:03:23.368437+00	0		
978	24	1030252	543242	0	2011-05-16 15:03:23.368437+00	0		
979	24	503902	543242	0	2011-05-16 15:03:23.368437+00	0		
980	24	294420	61558	0	2011-05-16 15:03:23.368437+00	0		
981	24	383118	239664	0	2011-05-16 15:03:23.368437+00	0		
982	24	859601	217981	0	2011-05-16 15:03:23.368437+00	0		
984	24	1004333	213268	0	2011-05-16 15:03:23.368437+00	0		
985	24	1004339	213268	0	2011-05-16 15:03:23.368437+00	0		
986	24	196587	203324	0	2011-05-16 15:03:23.368437+00	0		
987	24	615753	570798	0	2011-05-16 15:03:23.368437+00	0		
988	24	623565	570798	0	2011-05-16 15:03:23.368437+00	0		
989	24	1006059	275056	0	2011-05-16 15:03:23.368437+00	0		
990	24	1006057	275056	0	2011-05-16 15:03:23.368437+00	0		
991	24	1006051	275056	0	2011-05-16 15:03:23.368437+00	0		
992	24	1006050	863610	0	2011-05-16 15:03:23.368437+00	0		
993	24	1006049	124818	0	2011-05-16 15:03:23.368437+00	0		
994	24	1006048	505649	0	2011-05-16 15:03:23.368437+00	0		
995	24	997097	333138	0	2011-05-16 15:03:23.368437+00	0		
996	24	998253	212473	0	2011-05-16 15:03:23.368437+00	0		
997	24	998254	212829	0	2011-05-16 15:03:23.368437+00	0		
998	24	1004808	775069	0	2011-05-16 15:03:23.368437+00	0		
999	24	789188	775069	0	2011-05-16 15:03:23.368437+00	0		
1000	24	1004806	775069	0	2011-05-16 15:03:23.368437+00	0		
1001	24	353232	505710	0	2011-05-16 15:03:23.368437+00	0		
1002	24	353232	274006	0	2011-05-16 15:03:23.368437+00	0		
1003	24	999091	614291	0	2011-05-16 15:03:23.368437+00	0		
1004	24	387059	300984	0	2011-05-16 15:03:23.368437+00	0		
1005	24	999094	332098	0	2011-05-16 15:03:23.368437+00	0		
1006	24	826036	826031	0	2011-05-16 15:03:23.368437+00	0		
1007	24	993902	126018	0	2011-05-16 15:03:23.368437+00	0		
1008	24	993900	259533	0	2011-05-16 15:03:23.368437+00	0		
1009	24	692814	233515	0	2011-05-16 15:03:23.368437+00	0		
1010	24	762361	374092	0	2011-05-16 15:03:23.368437+00	0		
1011	24	701803	658784	0	2011-05-16 15:03:23.368437+00	0		
1012	24	298599	301006	0	2011-05-16 15:03:23.368437+00	0		
1013	24	988800	243756	0	2011-05-16 15:03:23.368437+00	0		
1014	24	971113	181126	0	2011-05-16 15:03:23.368437+00	0		
1015	24	971112	181126	0	2011-05-16 15:03:23.368437+00	0		
1016	24	663609	662775	0	2011-05-16 15:03:23.368437+00	0		
1017	24	133461	80694	0	2011-05-16 15:03:23.368437+00	0		
1018	24	924544	140500	0	2011-05-16 15:03:23.368437+00	0		
1019	24	685475	140489	0	2011-05-16 15:03:23.368437+00	0		
1020	24	740315	140489	0	2011-05-16 15:03:23.368437+00	0		
1021	24	1004836	521314	0	2011-05-16 15:03:23.368437+00	0		
1022	24	1004835	521314	0	2011-05-16 15:03:23.368437+00	0		
1023	24	982729	298975	0	2011-05-16 15:03:23.368437+00	0		
1024	24	376317	290453	0	2011-05-16 15:03:23.368437+00	0		
1025	24	846307	290453	0	2011-05-16 15:03:23.368437+00	0		
1026	24	1006343	39453	0	2011-05-16 15:03:23.368437+00	0		
1027	24	639714	140504	0	2011-05-16 15:03:23.368437+00	0		
1028	24	997095	149951	0	2011-05-16 15:03:23.368437+00	0		
1029	24	999517	573867	0	2011-05-16 15:03:23.368437+00	0		
1030	24	962316	380935	0	2011-05-16 15:03:23.368437+00	0		
1031	24	482902	460524	0	2011-05-16 15:03:23.368437+00	0		
1032	24	782654	36470	0	2011-05-16 15:03:23.368437+00	0		
1033	24	450657	30296	0	2011-05-16 15:03:23.368437+00	0		
1034	24	864617	810648	0	2011-05-16 15:03:23.368437+00	0		
1035	24	998261	340319	0	2011-05-16 15:03:23.368437+00	0		
1036	24	1004813	633540	0	2011-05-16 15:03:23.368437+00	0		
1038	24	963335	118386	0	2011-05-16 15:03:23.368437+00	0		
1039	24	334784	44470	0	2011-05-16 15:03:23.368437+00	0		
1085	24	163500	63506	0	2011-07-16 10:03:48.469435+00	0		
1042	24	841070	54580	0	2011-05-16 15:03:23.368437+00	0		
1043	24	565633	2717	0	2011-05-16 15:03:23.368437+00	0		
1044	24	605428	616176	0	2011-05-16 15:03:23.368437+00	0		
1045	24	148076	80694	0	2011-05-16 15:03:23.368437+00	0		
1046	24	959008	20050	0	2011-05-16 15:03:23.368437+00	0		
