341452	6300	1	348654	0	2011-05-16 16:31:52.155025+00	0		
341669	6300	2	348794	0	2011-05-16 16:31:52.155025+00	0		
483229	6300	7	59148	0	2011-05-16 16:31:52.155025+00	0		
472293	6300	14	45627	0	2011-05-16 16:31:52.155025+00	0		
368955	6300	22	368050	0	2011-05-16 16:31:52.155025+00	0		
166391	6300	23	549636	0	2011-05-16 16:31:52.155025+00	0		
48632	6300	24	251371	0	2011-05-16 16:31:52.155025+00	0		
137696	6300	28	420759	0	2011-05-16 16:31:52.155025+00	0		
467297	6300	29	37306	0	2011-05-16 16:31:52.155025+00	0		
137541	6300	30	420755	0	2011-05-16 16:31:52.155025+00	0		
137993	6300	33	420761	0	2011-05-16 16:31:52.155025+00	0		
138359	6300	34	420763	0	2011-05-16 16:31:52.155025+00	0		
243382	6300	36	290678	0	2011-05-16 16:31:52.155025+00	0		
548456	6302	755889	811947	0	2013-01-01 10:27:22.461194+00	0		
138690	6300	41	420766	0	2011-05-16 16:31:52.155025+00	0		
310170	6300	43	772416	0	2011-05-16 16:31:52.155025+00	0		
353724	6300	49	357218	0	2011-05-16 16:31:52.155025+00	0		
482274	6300	52	59837	0	2011-05-16 16:31:52.155025+00	0		
409582	6300	54	306484	0	2011-05-16 16:31:52.155025+00	0		
482308	6300	56	59826	0	2011-05-16 16:31:52.155025+00	0		
353759	6300	59	357242	0	2011-05-16 16:31:52.155025+00	0		
625083	6301	795138	934198	0	2011-07-13 00:26:22.384693+00	0		
497912	6300	62	85969	0	2011-05-16 16:31:52.155025+00	0		
497842	6300	65	86015	0	2011-05-16 16:31:52.155025+00	0		
499328	6300	66	86018	0	2011-05-16 16:31:52.155025+00	0		
498028	6300	68	85979	0	2011-05-16 16:31:52.155025+00	0		
497918	6300	69	85985	0	2011-05-16 16:31:52.155025+00	0		
240266	6300	70	290654	0	2011-05-16 16:31:52.155025+00	0		
499366	6300	71	85992	0	2011-05-16 16:31:52.155025+00	0		
499292	6300	72	85995	0	2011-05-16 16:31:52.155025+00	0		
497834	6300	73	86004	0	2011-05-16 16:31:52.155025+00	0		
499294	6300	74	86007	0	2011-05-16 16:31:52.155025+00	0		
370304	6300	75	354456	0	2011-05-16 16:31:52.155025+00	0		
869182	6300	1239800	1578718	0	2013-01-05 19:47:09.86518+00	0		
505731	6300	90	100746	0	2011-05-16 16:31:52.155025+00	0		
838954	6301	1198205	1485947	0	2012-09-16 06:07:08.731643+00	0		
508397	6300	95	100745	0	2011-05-16 16:31:52.155025+00	0		
362983	6300	97	363872	0	2011-05-16 16:31:52.155025+00	0		
90235	6300	99	580654	0	2011-05-16 16:31:52.155025+00	0		
454259	6300	110	235853	0	2011-05-16 16:31:52.155025+00	0		
416769	6300	111	134999	0	2011-05-16 16:31:52.155025+00	0		
348642	6300	112	336031	0	2011-05-16 16:31:52.155025+00	0		
348916	6300	120	353793	0	2011-05-16 16:31:52.155025+00	0		
460614	6300	121	25530	0	2011-05-16 16:31:52.155025+00	0		
460615	6300	122	25532	0	2011-05-16 16:31:52.155025+00	0		
460613	6300	124	25529	0	2011-05-16 16:31:52.155025+00	0		
232272	6300	126	493755	0	2011-05-16 16:31:52.155025+00	0		
77782	6300	128	409462	0	2011-05-16 16:31:52.155025+00	0		
405370	6300	134	277775	0	2011-05-16 16:31:52.155025+00	0		
104660	6300	136	173083	0	2011-05-16 16:31:52.155025+00	0		
370310	6300	142	369006	0	2011-05-16 16:31:52.155025+00	0		
460837	6300	145	28103	0	2011-05-16 16:31:52.155025+00	0		
460733	6300	146	28073	0	2011-05-16 16:31:52.155025+00	0		
113249	6300	147	224871	0	2011-05-16 16:31:52.155025+00	0		
910061	6300	1290326	1708841	0	2013-05-22 17:00:19.009001+00	0		
469568	6300	148	41209	0	2011-05-16 16:31:52.155025+00	0		
166962	6300	149	218386	0	2011-05-16 16:31:52.155025+00	0		
415524	6300	150	140878	0	2011-05-16 16:31:52.155025+00	0		
462787	6300	151	27977	0	2011-05-16 16:31:52.155025+00	0		
78864	6300	153	235500	0	2011-05-16 16:31:52.155025+00	0		
280888	6300	156	161970	0	2011-05-16 16:31:52.155025+00	0		
498803	6300	157	81729	0	2011-05-16 16:31:52.155025+00	0		
261607	6300	160	691721	0	2011-05-16 16:31:52.155025+00	0		
8600	6300	162	693366	0	2011-05-16 16:31:52.155025+00	0		
100617	6300	165	689509	0	2011-05-16 16:31:52.155025+00	0		
4198	6300	166	693302	0	2011-05-16 16:31:52.155025+00	0		
345143	6300	167	351109	0	2011-05-16 16:31:52.155025+00	0		
345142	6300	168	351109	0	2011-05-16 16:31:52.155025+00	0		
747754	6301	100971	1266530	0	2012-04-23 06:00:08.758967+00	0		
167036	6300	176	549641	0	2011-05-16 16:31:52.155025+00	0		
166703	6300	177	549639	0	2011-05-16 16:31:52.155025+00	0		
166805	6300	178	549640	0	2011-05-16 16:31:52.155025+00	0		
76346	6300	179	461063	0	2011-05-16 16:31:52.155025+00	0		
165882	6300	180	549628	0	2011-05-16 16:31:52.155025+00	0		
650094	6300	1089606	985914	0	2011-11-17 00:00:26.447689+00	0		
344623	6300	183	350757	0	2011-05-16 16:31:52.155025+00	0		
166035	6300	185	549629	0	2011-05-16 16:31:52.155025+00	0		
167654	6300	188	549645	0	2011-05-16 16:31:52.155025+00	0		
166195	6300	191	549630	0	2011-05-16 16:31:52.155025+00	0		
350974	6300	192	355291	0	2011-05-16 16:31:52.155025+00	0		
350666	6300	193	355066	0	2011-05-16 16:31:52.155025+00	0		
165381	6300	194	549625	0	2011-05-16 16:31:52.155025+00	0		
356828	6300	195	359504	0	2011-05-16 16:31:52.155025+00	0		
346117	6300	196	351784	0	2011-05-16 16:31:52.155025+00	0		
910104	6301	1290376	1709477	0	2013-05-22 21:00:18.382524+00	0		
848374	6300	1211825	1509391	0	2012-10-23 18:22:02.983158+00	0		
488549	6300	201	69645	0	2011-05-16 16:31:52.155025+00	0		
368452	6300	202	367698	0	2011-05-16 16:31:52.155025+00	0		
488550	6300	203	69646	0	2011-05-16 16:31:52.155025+00	0		
488546	6300	205	69643	0	2011-05-16 16:31:52.155025+00	0		
488567	6300	206	69659	0	2011-05-16 16:31:52.155025+00	0		
488543	6300	207	69640	0	2011-05-16 16:31:52.155025+00	0		
488540	6300	208	69637	0	2011-05-16 16:31:52.155025+00	0		
488545	6300	209	69641	0	2011-05-16 16:31:52.155025+00	0		
488536	6300	210	69634	0	2011-05-16 16:31:52.155025+00	0		
420335	6300	214	415861	0	2011-05-16 16:31:52.155025+00	0		
368371	6300	215	367647	0	2011-05-16 16:31:52.155025+00	0		
365388	6300	216	365580	0	2011-05-16 16:31:52.155025+00	0		
276323	6300	218	555515	0	2011-05-16 16:31:52.155025+00	0		
355630	6300	219	358589	0	2011-05-16 16:31:52.155025+00	0		
368372	6300	220	367648	0	2011-05-16 16:31:52.155025+00	0		
350477	6300	222	350227	0	2011-05-16 16:31:52.155025+00	0		
463860	6300	225	30525	0	2011-05-16 16:31:52.155025+00	0		
337611	6300	227	345382	0	2011-05-16 16:31:52.155025+00	0		
463861	6300	229	30524	0	2011-05-16 16:31:52.155025+00	0		
504938	6300	230	96179	0	2011-05-16 16:31:52.155025+00	0		
315206	6300	231	617790	0	2011-05-16 16:31:52.155025+00	0		
341668	6300	232	348794	0	2011-05-16 16:31:52.155025+00	0		
463857	6300	233	30528	0	2011-05-16 16:31:52.155025+00	0		
495051	6300	238	80481	0	2011-05-16 16:31:52.155025+00	0		
344236	6300	243	350486	0	2011-05-16 16:31:52.155025+00	0		
650112	6301	1089626	985960	0	2011-11-17 00:00:36.065265+00	0		
367911	6300	249	367349	0	2011-05-16 16:31:52.155025+00	0		
352721	6300	251	356517	0	2011-05-16 16:31:52.155025+00	0		
370342	6300	252	369030	0	2011-05-16 16:31:52.155025+00	0		
421637	6300	27	135206	0	2013-09-15 14:00:33.599273+00	0		
462985	6300	258	29441	0	2011-05-16 16:31:52.155025+00	0		
159954	6300	260	223249	0	2011-05-16 16:31:52.155025+00	0		
512918	6300	172	107967	0	2012-01-14 16:00:14.1143+00	0		
627503	6301	1059777	938920	0	2011-07-30 03:01:33.178482+00	0		
87481	6300	135	237453	0	2012-10-30 10:00:10.048299+00	0		
630170	6300	1043029	317268	0	2011-08-20 09:00:22.524816+00	0		
353760	6300	78	357242	0	2011-10-15 22:00:06.504453+00	0		
850629	6300	1215405	1518072	0	2012-11-02 21:06:04.477172+00	0		
854649	6300	1217470	1531720	0	2012-12-01 00:00:23.964568+00	0		
856919	6300	1223240	1539284	0	2012-12-07 18:00:31.273285+00	0		
851519	6313	1216865	1522020	0	2012-11-20 16:00:23.217471+00	0		
856380	6301	1217547	1536816	0	2012-11-21 16:06:02.456521+00	0		
857364	6300	1200667	1541485	0	2012-12-09 14:00:09.394276+00	0		
853703	6313	1219501	1527893	0	2012-11-27 15:00:08.518355+00	0		
625084	6301	795138	934199	0	2011-07-13 00:26:55.071022+00	0		
219532	6300	265	265878	0	2011-05-16 16:31:52.155025+00	0		
292182	6300	266	157864	0	2011-05-16 16:31:52.155025+00	0		
290198	6300	268	157865	0	2011-05-16 16:31:52.155025+00	0		
300958	6300	269	156561	0	2011-05-16 16:31:52.155025+00	0		
28974	6300	272	438716	0	2011-05-16 16:31:52.155025+00	0		
978824	6301	369512	2339022	0	2014-01-06 21:14:13.278804+00	0		
853704	6313	1219503	1527894	0	2013-11-10 18:00:59.060805+00	0		
345814	6300	467	127184	0	2011-08-16 00:01:50.414231+00	0		
465586	6300	291	33567	0	2011-05-16 16:31:52.155025+00	0		
471699	6300	299	44663	0	2011-05-16 16:31:52.155025+00	0		
471695	6300	303	44664	0	2011-05-16 16:31:52.155025+00	0		
476062	6300	307	50226	0	2011-05-16 16:31:52.155025+00	0		
471692	6300	309	44665	0	2011-05-16 16:31:52.155025+00	0		
359898	6300	312	359561	0	2011-05-16 16:31:52.155025+00	0		
174235	6300	317	447300	0	2011-05-16 16:31:52.155025+00	0		
171941	6300	318	626391	0	2011-05-16 16:31:52.155025+00	0		
172097	6300	318	626392	0	2011-05-16 16:31:52.155025+00	0		
386877	6300	323	363967	0	2011-05-16 16:31:52.155025+00	0		
1134450	6300	1539973	2827781	0	2014-12-28 01:00:17.002958+00	0		
479906	6300	329	54680	0	2011-05-16 16:31:52.155025+00	0		
369177	6300	332	368218	0	2011-05-16 16:31:52.155025+00	0		
1134204	6301	492644	2826874	0	2014-12-20 13:40:16.049012+00	0		
299833	6300	337	404212	0	2011-05-16 16:31:52.155025+00	0		
838955	6301	377618	1485949	0	2012-09-15 09:00:16.246782+00	0		
517262	6300	339	114729	0	2011-05-16 16:31:52.155025+00	0		
508249	6300	341	100051	0	2011-05-16 16:31:52.155025+00	0		
356012	6300	342	291778	0	2011-05-16 16:31:52.155025+00	0		
308952	6300	343	151211	0	2011-05-16 16:31:52.155025+00	0		
519533	6300	345	115778	0	2011-05-16 16:31:52.155025+00	0		
369883	6300	350	365816	0	2011-05-16 16:31:52.155025+00	0		
300320	6300	351	153802	0	2011-05-16 16:31:52.155025+00	0		
320944	6300	352	147401	0	2011-05-16 16:31:52.155025+00	0		
351590	6300	353	355724	0	2011-05-16 16:31:52.155025+00	0		
362493	6300	354	363514	0	2011-05-16 16:31:52.155025+00	0		
496399	6300	355	77652	0	2011-05-16 16:31:52.155025+00	0		
344545	6300	357	350708	0	2011-05-16 16:31:52.155025+00	0		
313177	6300	362	547461	0	2011-05-16 16:31:52.155025+00	0		
370390	6300	367	369065	0	2011-05-16 16:31:52.155025+00	0		
370391	6300	368	369065	0	2011-05-16 16:31:52.155025+00	0		
370393	6300	370	369065	0	2011-05-16 16:31:52.155025+00	0		
341540	6300	379	348702	0	2011-05-16 16:31:52.155025+00	0		
321810	6300	384	604817	0	2011-05-16 16:31:52.155025+00	0		
353625	6300	386	351412	0	2011-05-16 16:31:52.155025+00	0		
341542	6300	394	348703	0	2011-05-16 16:31:52.155025+00	0		
225867	6300	395	182434	0	2011-05-16 16:31:52.155025+00	0		
845302	6302	1207525	1502681	0	2012-10-12 15:01:22.44686+00	0		
225865	6300	397	182434	0	2011-05-16 16:31:52.155025+00	0		
244887	6300	398	701669	0	2011-05-16 16:31:52.155025+00	0		
367795	6300	399	365958	0	2011-05-16 16:31:52.155025+00	0		
421110	6300	400	134891	0	2011-05-16 16:31:52.155025+00	0		
446885	6300	401	553205	0	2011-05-16 16:31:52.155025+00	0		
515375	6300	405	111639	0	2011-05-16 16:31:52.155025+00	0		
102910	6300	410	298660	0	2011-05-16 16:31:52.155025+00	0		
52709	6300	411	250194	0	2011-05-16 16:31:52.155025+00	0		
346238	6300	413	351870	0	2011-05-16 16:31:52.155025+00	0		
417083	6300	414	136321	0	2011-05-16 16:31:52.155025+00	0		
355814	6300	415	358729	0	2011-05-16 16:31:52.155025+00	0		
362479	6300	416	363501	0	2011-05-16 16:31:52.155025+00	0		
349257	6300	420	354016	0	2011-05-16 16:31:52.155025+00	0		
285970	6300	421	205997	0	2011-05-16 16:31:52.155025+00	0		
362428	6300	423	359581	0	2011-05-16 16:31:52.155025+00	0		
353889	6300	426	357329	0	2011-05-16 16:31:52.155025+00	0		
370439	6300	427	369087	0	2011-05-16 16:31:52.155025+00	0		
360099	6300	435	361810	0	2011-05-16 16:31:52.155025+00	0		
361257	6300	437	362634	0	2011-05-16 16:31:52.155025+00	0		
360237	6300	440	361918	0	2011-05-16 16:31:52.155025+00	0		
353848	6300	441	357295	0	2011-05-16 16:31:52.155025+00	0		
360238	6300	446	361919	0	2011-05-16 16:31:52.155025+00	0		
23816	6300	451	337155	0	2011-05-16 16:31:52.155025+00	0		
161943	6300	456	218223	0	2011-05-16 16:31:52.155025+00	0		
651731	6300	1091940	989914	0	2011-11-24 09:00:07.920371+00	0		
161343	6300	464	223175	0	2011-05-16 16:31:52.155025+00	0		
337922	6300	469	533224	0	2011-05-16 16:31:52.155025+00	0		
170868	6300	472	224316	0	2011-05-16 16:31:52.155025+00	0		
364975	6300	477	365291	0	2011-05-16 16:31:52.155025+00	0		
351496	6300	478	355659	0	2011-05-16 16:31:52.155025+00	0		
355424	6300	480	358442	0	2011-05-16 16:31:52.155025+00	0		
9011	6300	480	530374	0	2011-05-16 16:31:52.155025+00	0		
135415	6300	483	209869	0	2011-05-16 16:31:52.155025+00	0		
492483	6300	484	74750	0	2011-05-16 16:31:52.155025+00	0		
92007	6300	485	233657	0	2011-05-16 16:31:52.155025+00	0		
91998	6300	487	233659	0	2011-05-16 16:31:52.155025+00	0		
95575	6300	488	233660	0	2011-05-16 16:31:52.155025+00	0		
337769	6300	492	345510	0	2011-05-16 16:31:52.155025+00	0		
337770	6300	493	345511	0	2011-05-16 16:31:52.155025+00	0		
369903	6300	495	368723	0	2011-05-16 16:31:52.155025+00	0		
285116	6300	496	160399	0	2011-05-16 16:31:52.155025+00	0		
354094	6300	500	357475	0	2011-05-16 16:31:52.155025+00	0		
370474	6300	501	367250	0	2011-05-16 16:31:52.155025+00	0		
370476	6300	502	369116	0	2011-05-16 16:31:52.155025+00	0		
512350	6300	503	103986	0	2011-05-16 16:31:52.155025+00	0		
512136	6300	504	103997	0	2011-05-16 16:31:52.155025+00	0		
512482	6300	505	103984	0	2011-05-16 16:31:52.155025+00	0		
512302	6300	506	103991	0	2011-05-16 16:31:52.155025+00	0		
275968	6300	506	617438	0	2011-05-16 16:31:52.155025+00	0		
512444	6300	507	103985	0	2011-05-16 16:31:52.155025+00	0		
276114	6300	508	617439	0	2011-05-16 16:31:52.155025+00	0		
512222	6300	510	103992	0	2011-05-16 16:31:52.155025+00	0		
365616	6300	511	365728	0	2011-05-16 16:31:52.155025+00	0		
345607	6300	512	351442	0	2011-05-16 16:31:52.155025+00	0		
368384	6300	513	367656	0	2011-05-16 16:31:52.155025+00	0		
342022	6300	391	349033	0	2014-09-14 11:00:51.303832+00	0		
386875	6300	321	363967	0	2014-10-14 16:00:53.086628+00	0		
1132950	6316	429037	2823990	0	2014-12-25 06:00:32.882195+00	0		
368863	6300	515	367988	0	2011-05-16 16:31:52.155025+00	0		
367887	6300	516	367334	0	2011-05-16 16:31:52.155025+00	0		
370483	6300	517	369123	0	2011-05-16 16:31:52.155025+00	0		
496792	6300	374	82108	0	2015-07-27 22:00:33.012542+00	0		
463856	6300	519	30529	0	2011-05-16 16:31:52.155025+00	0		
11294	6300	521	703856	0	2011-05-16 16:31:52.155025+00	0		
241579	6300	528	588776	0	2011-05-16 16:31:52.155025+00	0		
241418	6300	529	588774	0	2011-05-16 16:31:52.155025+00	0		
240627	6300	531	588767	0	2011-05-16 16:31:52.155025+00	0		
607245	6300	532	902323	0	2011-05-16 16:31:52.155025+00	0		
607248	6300	533	902336	0	2011-05-16 16:31:52.155025+00	0		
294382	6300	537	321166	0	2011-05-16 16:31:52.155025+00	0		
491198	6300	1149	69938	0	2011-07-07 15:00:50.946466+00	0		
511477	6300	210131	106363	0	2011-07-07 15:03:47.200762+00	0		
848375	6301	1039029	1509392	0	2012-10-23 18:22:41.841044+00	0		
465303	6300	295	33665	0	2012-10-19 07:05:18.792668+00	0		
850630	6301	1215406	1518073	0	2012-11-02 21:06:09.175959+00	0		
852256	6301	1217806	1524320	0	2012-11-09 01:59:52.539172+00	0		
855416	6300	935524	1533864	0	2012-12-02 22:00:26.897844+00	0		
856920	28955	1223240	1539286	0	2012-12-07 18:00:31.36471+00	0		
854650	6300	1220660	1531722	0	2012-11-20 23:07:36.372906+00	0		
855950	6305	1222088	1535687	0	2012-11-20 16:03:40.750212+00	0		
856381	6301	1217548	1536817	0	2012-11-21 16:06:24.516933+00	0		
857365	6300	1223812	1541490	0	2012-12-09 14:00:12.764148+00	0		
857658	6305	1224250	1542459	0	2012-11-26 15:46:33.779973+00	0		
419162	6300	538	322609	0	2011-05-16 16:31:52.155025+00	0		
341957	6300	541	348975	0	2011-05-16 16:31:52.155025+00	0		
369874	6300	542	368701	0	2011-05-16 16:31:52.155025+00	0		
487309	6300	547	67829	0	2011-05-16 16:31:52.155025+00	0		
151569	6300	548	220996	0	2011-05-16 16:31:52.155025+00	0		
370294	6300	549	368994	0	2011-05-16 16:31:52.155025+00	0		
365808	6300	553	365870	0	2011-05-16 16:31:52.155025+00	0		
55782	6300	556	530749	0	2011-05-16 16:31:52.155025+00	0		
470673	6300	558	42529	0	2011-05-16 16:31:52.155025+00	0		
367035	6300	560	366752	0	2011-05-16 16:31:52.155025+00	0		
158120	6300	561	222762	0	2011-05-16 16:31:52.155025+00	0		
349448	6300	562	354157	0	2011-05-16 16:31:52.155025+00	0		
369685	6300	563	368564	0	2011-05-16 16:31:52.155025+00	0		
370544	6300	569	369174	0	2011-05-16 16:31:52.155025+00	0		
180588	6300	574	201774	0	2011-05-16 16:31:52.155025+00	0		
354410	6300	578	357701	0	2011-05-16 16:31:52.155025+00	0		
357393	6300	579	359890	0	2011-05-16 16:31:52.155025+00	0		
224255	6300	580	180053	0	2011-05-16 16:31:52.155025+00	0		
370546	6300	581	346720	0	2011-05-16 16:31:52.155025+00	0		
271677	6300	582	167482	0	2011-05-16 16:31:52.155025+00	0		
344241	6300	583	350490	0	2011-05-16 16:31:52.155025+00	0		
347768	6300	584	352955	0	2011-05-16 16:31:52.155025+00	0		
344678	6300	585	350805	0	2011-05-16 16:31:52.155025+00	0		
354869	6300	586	358029	0	2011-05-16 16:31:52.155025+00	0		
345989	6300	588	349830	0	2011-05-16 16:31:52.155025+00	0		
486937	6300	589	66420	0	2011-05-16 16:31:52.155025+00	0		
495414	6300	590	79522	0	2011-05-16 16:31:52.155025+00	0		
354921	6300	591	358075	0	2011-05-16 16:31:52.155025+00	0		
446645	6300	592	128901	0	2011-05-16 16:31:52.155025+00	0		
343304	6300	593	349866	0	2011-05-16 16:31:52.155025+00	0		
341708	6300	595	348819	0	2011-05-16 16:31:52.155025+00	0		
475951	6300	596	50202	0	2011-05-16 16:31:52.155025+00	0		
514230	6300	597	110709	0	2011-05-16 16:31:52.155025+00	0		
503597	6300	598	90724	0	2011-05-16 16:31:52.155025+00	0		
475953	6300	587	50200	0	2014-02-22 17:00:17.382886+00	0		
358053	6300	602	360363	0	2011-05-16 16:31:52.155025+00	0		
79889	6300	603	655152	0	2011-05-16 16:31:52.155025+00	0		
445833	6300	604	128902	0	2011-05-16 16:31:52.155025+00	0		
517758	6300	605	119026	0	2011-05-16 16:31:52.155025+00	0		
342651	6300	606	63144	0	2011-05-16 16:31:52.155025+00	0		
513952	6300	607	81163	0	2011-05-16 16:31:52.155025+00	0		
134624	6300	608	206026	0	2011-05-16 16:31:52.155025+00	0		
36903	6300	609	251333	0	2011-05-16 16:31:52.155025+00	0		
500054	6300	612	89038	0	2011-05-16 16:31:52.155025+00	0		
130366	6300	620	211502	0	2011-05-16 16:31:52.155025+00	0		
483474	6300	621	63140	0	2011-05-16 16:31:52.155025+00	0		
153027	6300	622	216926	0	2011-05-16 16:31:52.155025+00	0		
501698	6300	623	89856	0	2011-05-16 16:31:52.155025+00	0		
351338	6300	626	355539	0	2011-05-16 16:31:52.155025+00	0		
340045	6300	628	347448	0	2011-05-16 16:31:52.155025+00	0		
471464	6300	629	45741	0	2011-05-16 16:31:52.155025+00	0		
500421	6300	630	87199	0	2011-05-16 16:31:52.155025+00	0		
499330	6300	631	86024	0	2011-05-16 16:31:52.155025+00	0		
89698	6300	632	236341	0	2011-05-16 16:31:52.155025+00	0		
341417	6300	633	348633	0	2011-05-16 16:31:52.155025+00	0		
337419	6300	634	345273	0	2011-05-16 16:31:52.155025+00	0		
348291	6300	636	353344	0	2011-05-16 16:31:52.155025+00	0		
352869	6300	637	356627	0	2011-05-16 16:31:52.155025+00	0		
356331	6300	638	359131	0	2011-05-16 16:31:52.155025+00	0		
484573	6300	643	63283	0	2011-05-16 16:31:52.155025+00	0		
490099	6300	645	71743	0	2011-05-16 16:31:52.155025+00	0		
465005	6300	646	36357	0	2011-05-16 16:31:52.155025+00	0		
470676	6300	647	42532	0	2011-05-16 16:31:52.155025+00	0		
838956	6301	1197748	1485951	0	2012-09-15 09:01:10.291376+00	0		
359269	6300	649	361215	0	2011-05-16 16:31:52.155025+00	0		
394276	6300	651	141263	0	2011-05-16 16:31:52.155025+00	0		
274466	6300	652	291067	0	2011-05-16 16:31:52.155025+00	0		
112143	6300	653	289398	0	2011-05-16 16:31:52.155025+00	0		
416071	6300	654	438080	0	2011-05-16 16:31:52.155025+00	0		
416988	6300	655	438086	0	2011-05-16 16:31:52.155025+00	0		
416221	6300	656	438081	0	2011-05-16 16:31:52.155025+00	0		
1117687	6300	1526593	2767215	0	2014-11-17 22:25:52.373378+00	0		
913312	6300	1229109	1560741	0	2013-05-24 16:11:34.388503+00	0		
439911	6300	665	126763	0	2011-05-16 16:31:52.155025+00	0		
513598	6300	670	109105	0	2011-05-16 16:31:52.155025+00	0		
132881	6300	672	289599	0	2011-05-16 16:31:52.155025+00	0		
357377	6300	674	359881	0	2011-05-16 16:31:52.155025+00	0		
252252	6300	675	429319	0	2011-05-16 16:31:52.155025+00	0		
502394	6300	677	91186	0	2011-05-16 16:31:52.155025+00	0		
495261	6300	678	80127	0	2011-05-16 16:31:52.155025+00	0		
362977	6300	679	363866	0	2011-05-16 16:31:52.155025+00	0		
370593	6300	680	363866	0	2011-05-16 16:31:52.155025+00	0		
365904	6300	682	365952	0	2011-05-16 16:31:52.155025+00	0		
365905	6300	683	365952	0	2011-05-16 16:31:52.155025+00	0		
437227	6300	684	445326	0	2011-05-16 16:31:52.155025+00	0		
370597	6300	686	353209	0	2011-05-16 16:31:52.155025+00	0		
206976	6300	688	542948	0	2011-05-16 16:31:52.155025+00	0		
463973	6300	690	31790	0	2011-05-16 16:31:52.155025+00	0		
346276	6300	691	351898	0	2011-05-16 16:31:52.155025+00	0		
463971	6300	692	31783	0	2011-05-16 16:31:52.155025+00	0		
168404	6300	693	518355	0	2011-05-16 16:31:52.155025+00	0		
70444	6300	694	243438	0	2011-05-16 16:31:52.155025+00	0		
515281	6300	695	83947	0	2011-05-16 16:31:52.155025+00	0		
99223	6300	697	227819	0	2011-05-16 16:31:52.155025+00	0		
100971	6300	698	227824	0	2011-05-16 16:31:52.155025+00	0		
483982	6300	660	72104	0	2014-07-18 22:00:48.534855+00	0		
99222	6300	699	227820	0	2011-05-16 16:31:52.155025+00	0		
370627	6300	700	369228	0	2011-05-16 16:31:52.155025+00	0		
370598	6300	701	369206	0	2011-05-16 16:31:52.155025+00	0		
370526	6300	702	369161	0	2011-05-16 16:31:52.155025+00	0		
370401	6300	704	369071	0	2011-05-16 16:31:52.155025+00	0		
278776	6300	707	607615	0	2011-05-16 16:31:52.155025+00	0		
369718	6300	710	368591	0	2011-05-16 16:31:52.155025+00	0		
395582	6300	711	426301	0	2011-05-16 16:31:52.155025+00	0		
470588	6300	714	43782	0	2011-05-16 16:31:52.155025+00	0		
370635	6300	715	366055	0	2011-05-16 16:31:52.155025+00	0		
173965	6300	721	656329	0	2011-05-16 16:31:52.155025+00	0		
99666	6300	725	689503	0	2011-05-16 16:31:52.155025+00	0		
220340	6300	727	184947	0	2011-05-16 16:31:52.155025+00	0		
219674	6300	728	184949	0	2011-05-16 16:31:52.155025+00	0		
391811	6300	729	559604	0	2011-05-16 16:31:52.155025+00	0		
475677	6300	730	50496	0	2011-05-16 16:31:52.155025+00	0		
517413	6300	732	111856	0	2011-05-16 16:31:52.155025+00	0		
363623	6300	733	364337	0	2011-05-16 16:31:52.155025+00	0		
517412	6300	734	111858	0	2011-05-16 16:31:52.155025+00	0		
352959	6300	736	356691	0	2011-05-16 16:31:52.155025+00	0		
98812	6300	737	560841	0	2011-05-16 16:31:52.155025+00	0		
97913	6300	738	560834	0	2011-05-16 16:31:52.155025+00	0		
462364	6300	740	26585	0	2011-05-16 16:31:52.155025+00	0		
469526	6300	749	41160	0	2011-05-16 16:31:52.155025+00	0		
369824	6300	750	368659	0	2011-05-16 16:31:52.155025+00	0		
369770	6300	751	368623	0	2011-05-16 16:31:52.155025+00	0		
369817	6300	752	368656	0	2011-05-16 16:31:52.155025+00	0		
358555	6300	754	360733	0	2011-05-16 16:31:52.155025+00	0		
294400	6300	755	429779	0	2011-05-16 16:31:52.155025+00	0		
369772	6300	756	368624	0	2011-05-16 16:31:52.155025+00	0		
448192	6300	758	739383	0	2011-05-16 16:31:52.155025+00	0		
144256	6300	759	214840	0	2011-05-16 16:31:52.155025+00	0		
469528	6300	764	41162	0	2011-05-16 16:31:52.155025+00	0		
469529	6300	765	41163	0	2011-05-16 16:31:52.155025+00	0		
529505	6300	727894	780178	0	2011-08-06 09:00:07.450502+00	0		
865422	6301	27566	1566415	0	2013-01-05 22:00:24.110821+00	0		
649186	6300	1088437	984005	0	2012-04-08 18:00:19.294812+00	0		
308099	6300	539	155428	0	2013-01-17 21:28:52.020844+00	0		
128613	6300	766	207146	0	2011-05-16 16:31:52.155025+00	0		
128611	6300	767	207148	0	2011-05-16 16:31:52.155025+00	0		
101692	6300	768	570653	0	2011-05-16 16:31:52.155025+00	0		
195358	6300	769	524878	0	2011-05-16 16:31:52.155025+00	0		
32912	6300	774	541027	0	2011-05-16 16:31:52.155025+00	0		
274515	6300	775	562360	0	2011-05-16 16:31:52.155025+00	0		
99097	6300	777	413344	0	2011-05-16 16:31:52.155025+00	0		
193517	6300	779	549857	0	2011-05-16 16:31:52.155025+00	0		
3431	6300	781	761067	0	2011-05-16 16:31:52.155025+00	0		
115977	6300	787	478590	0	2011-05-16 16:31:52.155025+00	0		
7221	6300	789	560055	0	2011-05-16 16:31:52.155025+00	0		
493202	6300	791	81997	0	2011-05-16 16:31:52.155025+00	0		
467832	6300	794	38519	0	2011-05-16 16:31:52.155025+00	0		
467829	6300	795	38518	0	2011-05-16 16:31:52.155025+00	0		
69069	6300	796	243720	0	2011-05-16 16:31:52.155025+00	0		
494913	6300	797	78790	0	2011-05-16 16:31:52.155025+00	0		
362960	6300	799	363850	0	2011-05-16 16:31:52.155025+00	0		
357861	6300	805	360229	0	2011-05-16 16:31:52.155025+00	0		
370670	6300	817	369257	0	2011-05-16 16:31:52.155025+00	0		
223900	6300	826	656984	0	2011-05-16 16:31:52.155025+00	0		
283756	6300	829	466195	0	2011-05-16 16:31:52.155025+00	0		
503724	6300	831	100550	0	2011-05-16 16:31:52.155025+00	0		
387580	6300	833	322245	0	2011-05-16 16:31:52.155025+00	0		
363760	6300	838	331826	0	2011-05-16 16:31:52.155025+00	0		
108171	6300	843	221813	0	2011-05-16 16:31:52.155025+00	0		
232587	6300	845	552029	0	2011-05-16 16:31:52.155025+00	0		
365743	6300	846	365831	0	2011-05-16 16:31:52.155025+00	0		
351820	6300	851	355890	0	2011-05-16 16:31:52.155025+00	0		
165463	6300	855	207265	0	2011-05-16 16:31:52.155025+00	0		
277825	6300	868	407612	0	2011-05-16 16:31:52.155025+00	0		
1115681	6301	1525071	2755169	0	2014-11-20 11:00:25.787794+00	0		
520671	6300	870	119505	0	2011-05-16 16:31:52.155025+00	0		
520650	6300	872	119434	0	2011-05-16 16:31:52.155025+00	0		
226438	6300	873	182073	0	2011-05-16 16:31:52.155025+00	0		
472000	6300	875	45724	0	2011-05-16 16:31:52.155025+00	0		
461129	6300	877	27101	0	2011-05-16 16:31:52.155025+00	0		
369774	6300	878	368626	0	2011-05-16 16:31:52.155025+00	0		
978825	6313	1372856	2339027	0	2014-01-13 22:00:19.965949+00	0		
520707	6300	879	119431	0	2011-05-16 16:31:52.155025+00	0		
219520	6300	884	182077	0	2011-05-16 16:31:52.155025+00	0		
369777	6300	897	368629	0	2011-05-16 16:31:52.155025+00	0		
358506	6300	919	360701	0	2011-05-16 16:31:52.155025+00	0		
910105	6300	1287210	1709496	0	2013-05-22 21:00:18.663992+00	0		
370705	6300	923	369281	0	2011-05-16 16:31:52.155025+00	0		
184474	6300	925	731544	0	2011-05-16 16:31:52.155025+00	0		
359801	6300	928	361597	0	2011-05-16 16:31:52.155025+00	0		
321737	6300	933	144464	0	2011-05-16 16:31:52.155025+00	0		
370708	6300	934	369283	0	2011-05-16 16:31:52.155025+00	0		
244920	6300	936	175442	0	2011-05-16 16:31:52.155025+00	0		
541515	6300	950	816310	0	2011-05-16 16:31:52.155025+00	0		
497542	6300	955	83696	0	2011-05-16 16:31:52.155025+00	0		
560025	6300	956	827398	0	2011-05-16 16:31:52.155025+00	0		
228676	6300	969	78787	0	2011-05-16 16:31:52.155025+00	0		
487612	6300	970	68825	0	2011-05-16 16:31:52.155025+00	0		
494446	6300	809	78785	0	2011-07-24 10:03:58.693991+00	0		
487615	6300	974	68828	0	2011-05-16 16:31:52.155025+00	0		
147068	6302	454351	486021	0	2013-01-01 10:27:23.692425+00	0		
156974	6300	977	202404	0	2011-05-16 16:31:52.155025+00	0		
156978	6300	978	202397	0	2011-05-16 16:31:52.155025+00	0		
304767	6300	989	642707	0	2011-05-16 16:31:52.155025+00	0		
281816	6300	991	158368	0	2011-05-16 16:31:52.155025+00	0		
1111	6300	993	548110	0	2011-05-16 16:31:52.155025+00	0		
304933	6300	994	642709	0	2011-05-16 16:31:52.155025+00	0		
304490	6300	995	642700	0	2011-05-16 16:31:52.155025+00	0		
238	6300	998	548102	0	2011-05-16 16:31:52.155025+00	0		
247938	6300	1010	325606	0	2011-05-16 16:31:52.155025+00	0		
206261	6300	1012	191399	0	2011-05-16 16:31:52.155025+00	0		
108184	6300	1016	223757	0	2011-05-16 16:31:52.155025+00	0		
349624	6300	1017	354279	0	2011-05-16 16:31:52.155025+00	0		
337413	6300	1018	345271	0	2011-05-16 16:31:52.155025+00	0		
359003	6300	1019	361040	0	2011-05-16 16:31:52.155025+00	0		
370737	6300	1021	369304	0	2011-05-16 16:31:52.155025+00	0		
370739	6300	1024	369305	0	2011-05-16 16:31:52.155025+00	0		
363290	6300	1025	364093	0	2011-05-16 16:31:52.155025+00	0		
95303	6300	1027	517591	0	2011-05-16 16:31:52.155025+00	0		
337457	6300	1028	345294	0	2011-05-16 16:31:52.155025+00	0		
370740	6300	1029	369306	0	2011-05-16 16:31:52.155025+00	0		
268238	6300	1030	166691	0	2011-05-16 16:31:52.155025+00	0		
134451	6300	1032	212151	0	2011-05-16 16:31:52.155025+00	0		
502443	6300	1037	87581	0	2011-05-16 16:31:52.155025+00	0		
93271	6300	1042	298603	0	2011-05-16 16:31:52.155025+00	0		
103692	6300	1043	298669	0	2011-05-16 16:31:52.155025+00	0		
102294	6300	1044	298649	0	2011-05-16 16:31:52.155025+00	0		
110154	6300	1045	409786	0	2011-05-16 16:31:52.155025+00	0		
94308	6300	1046	298608	0	2011-05-16 16:31:52.155025+00	0		
93446	6300	1047	298604	0	2011-05-16 16:31:52.155025+00	0		
103063	6300	1048	298662	0	2011-05-16 16:31:52.155025+00	0		
367159	6300	1051	366836	0	2011-05-16 16:31:52.155025+00	0		
649187	6300	1088439	984006	0	2011-10-31 14:02:06.078775+00	0		
334248	6300	1056	142195	0	2011-05-16 16:31:52.155025+00	0		
115306	6300	1058	549151	0	2011-05-16 16:31:52.155025+00	0		
447160	6300	1059	157569	0	2011-05-16 16:31:52.155025+00	0		
461747	6300	1062	27105	0	2011-05-16 16:31:52.155025+00	0		
436479	6300	1063	127788	0	2011-05-16 16:31:52.155025+00	0		
476689	6300	1065	49325	0	2011-05-16 16:31:52.155025+00	0		
311964	6300	1066	151279	0	2011-05-16 16:31:52.155025+00	0		
464347	6300	1069	40477	0	2011-05-16 16:31:52.155025+00	0		
463029	6300	1072	29437	0	2011-05-16 16:31:52.155025+00	0		
369882	6300	1074	368205	0	2011-05-16 16:31:52.155025+00	0		
369161	6300	1075	368205	0	2011-05-16 16:31:52.155025+00	0		
369324	6300	1076	368305	0	2011-05-16 16:31:52.155025+00	0		
360746	6300	1082	362283	0	2011-05-16 16:31:52.155025+00	0		
123890	6300	1085	670166	0	2011-05-16 16:31:52.155025+00	0		
348105	6300	1086	272040	0	2011-05-16 16:31:52.155025+00	0		
503699	6300	1088	98122	0	2011-05-16 16:31:52.155025+00	0		
473592	6300	1089	48234	0	2011-05-16 16:31:52.155025+00	0		
473593	6300	1090	48234	0	2011-05-16 16:31:52.155025+00	0		
349335	6300	1091	272048	0	2011-05-16 16:31:52.155025+00	0		
461969	6300	1093	27437	0	2011-05-16 16:31:52.155025+00	0		
365769	6300	1095	365840	0	2011-05-16 16:31:52.155025+00	0		
365770	6300	1096	365840	0	2011-05-16 16:31:52.155025+00	0		
461902	6300	1097	27436	0	2011-05-16 16:31:52.155025+00	0		
461903	6300	1098	27436	0	2011-05-16 16:31:52.155025+00	0		
73400	6300	1099	241795	0	2011-05-16 16:31:52.155025+00	0		
652803	6301	1094086	993004	0	2011-11-17 00:27:11.275354+00	0		
347620	6300	1101	352834	0	2011-05-16 16:31:52.155025+00	0		
461954	6300	1103	27134	0	2011-05-16 16:31:52.155025+00	0		
368143	6300	1104	367488	0	2011-05-16 16:31:52.155025+00	0		
838957	6301	1198655	1485964	0	2012-09-15 09:17:34.293223+00	0		
463113	6300	1108	29129	0	2011-05-16 16:31:52.155025+00	0		
502286	6300	1109	94593	0	2011-05-16 16:31:52.155025+00	0		
55339	6300	807	625435	0	2011-07-24 10:04:00.282252+00	0		
517416	6300	1052	111837	0	2011-08-08 06:00:12.719416+00	0		
651732	6301	704926	989915	0	2011-11-24 09:00:08.084653+00	0		
848376	6300	1211827	1509395	0	2012-10-23 18:30:30.90341+00	0		
850631	6301	1215410	1518077	0	2012-11-02 21:13:35.757757+00	0		
39710	6300	1210668	253953	0	2013-07-29 10:00:43.848081+00	0		
852257	6301	2196	1524323	0	2012-11-09 02:19:48.477504+00	0		
364620	6300	1110	365043	0	2011-05-16 16:31:52.155025+00	0		
364694	6300	1111	365043	0	2011-05-16 16:31:52.155025+00	0		
151327	6300	1112	665762	0	2011-05-16 16:31:52.155025+00	0		
461966	6300	1115	27988	0	2011-05-16 16:31:52.155025+00	0		
460991	6300	1116	27987	0	2011-05-16 16:31:52.155025+00	0		
363399	6300	1117	364180	0	2011-05-16 16:31:52.155025+00	0		
504070	6300	1119	94007	0	2011-05-16 16:31:52.155025+00	0		
507910	6300	1121	108912	0	2011-05-16 16:31:52.155025+00	0		
346548	6300	1125	310970	0	2011-05-16 16:31:52.155025+00	0		
322480	6300	1130	146112	0	2011-05-16 16:31:52.155025+00	0		
322630	6300	1132	146123	0	2011-05-16 16:31:52.155025+00	0		
322132	6300	1134	146296	0	2011-05-16 16:31:52.155025+00	0		
322781	6300	1135	146151	0	2011-05-16 16:31:52.155025+00	0		
321727	6300	1137	146295	0	2011-05-16 16:31:52.155025+00	0		
323541	6300	1138	146290	0	2011-05-16 16:31:52.155025+00	0		
498291	6300	1139	81136	0	2011-05-16 16:31:52.155025+00	0		
323390	6300	1140	146293	0	2011-05-16 16:31:52.155025+00	0		
369743	6300	1141	368614	0	2011-05-16 16:31:52.155025+00	0		
285251	6300	1142	754778	0	2011-05-16 16:31:52.155025+00	0		
346933	6300	1144	350293	0	2011-05-16 16:31:52.155025+00	0		
370774	6300	1145	369322	0	2011-05-16 16:31:52.155025+00	0		
111774	6300	1151	221548	0	2011-07-27 05:01:02.874373+00	0		
491197	6300	1150	69942	0	2011-05-16 16:31:52.155025+00	0		
71294	6300	1157	333282	0	2011-05-16 16:31:52.155025+00	0		
71449	6300	1159	333283	0	2011-05-16 16:31:52.155025+00	0		
71607	6300	1160	333284	0	2011-05-16 16:31:52.155025+00	0		
348673	6300	1165	173981	0	2011-05-16 16:31:52.155025+00	0		
95110	6300	1166	324040	0	2011-05-16 16:31:52.155025+00	0		
370791	6300	1168	369329	0	2011-05-16 16:31:52.155025+00	0		
406698	6300	1177	142418	0	2011-05-16 16:31:52.155025+00	0		
280013	6300	1180	572042	0	2011-05-16 16:31:52.155025+00	0		
136611	6300	1181	212856	0	2011-05-16 16:31:52.155025+00	0		
76476	6300	1182	298406	0	2011-05-16 16:31:52.155025+00	0		
56148	6300	1188	783660	0	2011-05-16 16:31:52.155025+00	0		
658638	6301	300352	1054855	0	2011-12-27 16:00:15.155859+00	0		
667178	6301	321807	1067072	0	2011-12-29 15:23:09.529385+00	0		
665078	6301	885048	1059091	0	2012-01-04 02:00:08.892854+00	0		
352470	6300	1337	356341	0	2012-01-25 06:00:09.245439+00	0		
285909	6300	1200	159026	0	2011-05-16 16:31:52.155025+00	0		
490305	6300	1205	72589	0	2011-05-16 16:31:52.155025+00	0		
484635	6300	1207	64000	0	2011-05-16 16:31:52.155025+00	0		
452846	6300	1209	756266	0	2011-05-16 16:31:52.155025+00	0		
504880	6300	1096642	95406	0	2013-01-30 01:01:02.72417+00	0		
649188	6301	1088439	984008	0	2011-10-31 14:02:00.997323+00	0		
344093	6300	1215	349036	0	2011-05-16 16:31:52.155025+00	0		
199953	6300	1216	690842	0	2011-05-16 16:31:52.155025+00	0		
655203	6301	64713	999828	0	2011-12-13 08:00:12.306624+00	0		
651733	6302	1092108	989916	0	2011-11-24 09:00:08.094089+00	0		
386354	6300	1221	379990	0	2011-05-16 16:31:52.155025+00	0		
910067	6305	1119160	1708852	0	2013-05-22 18:00:14.870366+00	0		
217792	6300	1224	187634	0	2011-05-16 16:31:52.155025+00	0		
273981	6300	1226	168504	0	2011-05-16 16:31:52.155025+00	0		
502473	6300	1228	92985	0	2011-05-16 16:31:52.155025+00	0		
652804	6300	1094089	992994	0	2011-11-17 00:44:41.385963+00	0		
41129	6300	1233	684151	0	2011-05-16 16:31:52.155025+00	0		
370811	6300	1235	369341	0	2011-05-16 16:31:52.155025+00	0		
218590	6300	1236	187636	0	2011-05-16 16:31:52.155025+00	0		
365055	6300	1237	365351	0	2011-05-16 16:31:52.155025+00	0		
838958	6300	1198655	1485966	0	2012-09-15 09:17:47.126953+00	0		
89743	6300	1243	475144	0	2011-05-16 16:31:52.155025+00	0		
132897	6300	1249	333840	0	2011-05-16 16:31:52.155025+00	0		
471541	6300	1250	43422	0	2011-05-16 16:31:52.155025+00	0		
343797	6300	1417	350216	0	2012-10-19 18:10:12.104277+00	0		
155253	6300	1252	280168	0	2011-05-16 16:31:52.155025+00	0		
300858	6300	1253	466359	0	2011-05-16 16:31:52.155025+00	0		
462672	6300	1255	27978	0	2011-05-16 16:31:52.155025+00	0		
460260	6300	1257	28071	0	2011-05-16 16:31:52.155025+00	0		
462262	6300	1258	28072	0	2011-05-16 16:31:52.155025+00	0		
16106	6300	1259	423150	0	2011-05-16 16:31:52.155025+00	0		
300539	6300	1260	466357	0	2011-05-16 16:31:52.155025+00	0		
132392	6300	1261	274911	0	2011-05-16 16:31:52.155025+00	0		
271567	6300	1262	497325	0	2011-05-16 16:31:52.155025+00	0		
468063	6300	1264	38953	0	2011-05-16 16:31:52.155025+00	0		
59578	6300	1265	566995	0	2011-05-16 16:31:52.155025+00	0		
78219	6300	1266	235573	0	2011-05-16 16:31:52.155025+00	0		
123505	6300	1267	409876	0	2011-05-16 16:31:52.155025+00	0		
502569	6300	1316	91920	0	2011-05-16 16:31:52.155025+00	0		
576672	6300	1317	853393	0	2011-05-16 16:31:52.155025+00	0		
370826	6300	1319	347691	0	2011-05-16 16:31:52.155025+00	0		
253045	6300	1320	344319	0	2011-05-16 16:31:52.155025+00	0		
494078	6300	1328	80063	0	2011-05-16 16:31:52.155025+00	0		
352471	6300	1336	356341	0	2011-05-16 16:31:52.155025+00	0		
355222	6300	1342	358298	0	2011-05-16 16:31:52.155025+00	0		
473319	6300	1344	47146	0	2011-05-16 16:31:52.155025+00	0		
355574	6300	1346	358547	0	2011-05-16 16:31:52.155025+00	0		
362134	6300	1354	363268	0	2011-05-16 16:31:52.155025+00	0		
346823	6300	1357	352295	0	2011-05-16 16:31:52.155025+00	0		
76775	6300	1359	269065	0	2011-05-16 16:31:52.155025+00	0		
370849	6300	1361	363268	0	2011-05-16 16:31:52.155025+00	0		
354146	6300	1368	357503	0	2011-05-16 16:31:52.155025+00	0		
345765	6300	1371	351552	0	2011-05-16 16:31:52.155025+00	0		
354839	6300	1375	358001	0	2011-05-16 16:31:52.155025+00	0		
350674	6300	1378	355073	0	2011-05-16 16:31:52.155025+00	0		
504884	6300	1381	95406	0	2011-05-16 16:31:52.155025+00	0		
505103	6300	1387	95413	0	2011-05-16 16:31:52.155025+00	0		
505024	6300	1390	95410	0	2011-05-16 16:31:52.155025+00	0		
501029	6300	1394	95415	0	2011-05-16 16:31:52.155025+00	0		
504881	6300	1384	95406	0	2013-11-25 19:01:02.923441+00	0		
124995	6300	1404	570806	0	2011-05-16 16:31:52.155025+00	0		
370851	6300	1405	350173	0	2011-05-16 16:31:52.155025+00	0		
528465	6300	1409	780598	0	2011-05-16 16:31:52.155025+00	0		
342567	6300	1411	349386	0	2011-05-16 16:31:52.155025+00	0		
124651	6300	1416	570801	0	2011-05-16 16:31:52.155025+00	0		
468104	6300	1152	40666	0	2011-08-06 00:00:03.430297+00	0		
136181	6300	1155	319545	0	2011-08-14 16:02:04.033876+00	0		
659861	32441	199660	900578	0	2011-12-14 02:16:59.428839+00	0		
661179	32441	189685	1025557	0	2011-12-14 14:36:06.206095+00	0		
662320	32441	560351	729651	0	2011-12-14 20:46:05.869773+00	0		
669802	6301	1110413	1084006	0	2012-01-08 07:35:46.886175+00	0		
663398	32441	453593	44330	0	2011-12-16 04:22:41.934275+00	0		
670859	6301	781587	1099458	0	2012-01-13 05:57:08.027838+00	0		
291536	6300	1239	772216	0	2012-01-13 11:00:13.959317+00	0		
656970	6300	453142	1019995	0	2011-12-20 22:00:12.61564+00	0		
462170	6300	610600	28040	0	2012-03-08 17:00:17.253805+00	0		
848377	6300	1211828	1509396	0	2012-10-28 22:05:28.989185+00	0		
668683	6300	1073771	1074683	0	2012-01-18 07:00:05.802114+00	0		
671784	6301	1113113	1103222	0	2012-01-29 09:00:10.225061+00	0		
853705	6301	1219505	1527895	0	2012-11-13 14:09:44.32157+00	0		
852258	6300	2196	1524324	0	2012-11-09 02:22:20.553263+00	0		
850632	6301	988770	1518078	0	2012-11-16 22:00:14.949576+00	0		
855951	6301	1222089	1535689	0	2012-12-04 17:00:10.386116+00	0		
856921	6316	1223240	1539287	0	2012-12-07 18:00:31.377386+00	0		
854651	6301	1220660	1531723	0	2012-11-20 23:07:36.420476+00	0		
856382	6301	1217550	1536818	0	2012-11-21 16:07:32.494129+00	0		
514125	6300	1129	106732	0	2012-11-30 05:10:23.613741+00	0		
855417	6301	58396	1533869	0	2012-12-02 22:00:29.05081+00	0		
581770	6300	1425	868741	0	2011-05-16 16:31:52.155025+00	0		
910068	32441	1119160	1056199	0	2013-05-22 18:00:15.045072+00	0		
343805	6300	1430	350224	0	2011-05-16 16:31:52.155025+00	0		
363641	6300	1432	364349	0	2011-05-16 16:31:52.155025+00	0		
363639	6300	1433	364348	0	2011-05-16 16:31:52.155025+00	0		
978827	6300	1370145	2339036	0	2014-01-13 22:00:22.185124+00	0		
355896	6300	1435	358789	0	2011-05-16 16:31:52.155025+00	0		
300483	6300	1437	153176	0	2011-05-16 16:31:52.155025+00	0		
192902	6300	1438	666304	0	2011-05-16 16:31:52.155025+00	0		
354466	6300	1440	357746	0	2011-05-16 16:31:52.155025+00	0		
345201	6300	1441	351149	0	2011-05-16 16:31:52.155025+00	0		
347892	6300	1443	353048	0	2011-05-16 16:31:52.155025+00	0		
364624	6300	1445	365047	0	2011-05-16 16:31:52.155025+00	0		
488765	6300	1456	68816	0	2011-05-16 16:31:52.155025+00	0		
601669	6300	1463	888811	0	2011-05-16 16:31:52.155025+00	0		
124030	6300	1466	570797	0	2011-05-16 16:31:52.155025+00	0		
341547	6300	1468	348706	0	2011-05-16 16:31:52.155025+00	0		
747756	6302	1144205	1266536	0	2012-04-09 05:41:03.691241+00	0		
162184	6300	1480	557960	0	2011-05-16 16:31:52.155025+00	0		
357394	6300	1481	359891	0	2011-05-16 16:31:52.155025+00	0		
480786	6300	1482	11821	0	2011-05-16 16:31:52.155025+00	0		
344464	6300	1485	350648	0	2011-05-16 16:31:52.155025+00	0		
480938	6300	1486	11822	0	2011-05-16 16:31:52.155025+00	0		
480937	6300	1487	11822	0	2011-05-16 16:31:52.155025+00	0		
66199	6300	1490	244573	0	2011-05-16 16:31:52.155025+00	0		
348533	6300	1491	353522	0	2011-05-16 16:31:52.155025+00	0		
604276	6300	1492	892784	0	2011-05-16 16:31:52.155025+00	0		
611498	6300	1494	901432	0	2011-05-16 16:31:52.155025+00	0		
345165	6300	1495	351123	0	2011-05-16 16:31:52.155025+00	0		
512763	6300	1497	107671	0	2011-05-16 16:31:52.155025+00	0		
203633	6300	1498	433304	0	2011-05-16 16:31:52.155025+00	0		
320526	6300	1500	147498	0	2011-05-16 16:31:52.155025+00	0		
370525	6300	1501	369160	0	2011-05-16 16:31:52.155025+00	0		
364869	6300	1502	365224	0	2011-05-16 16:31:52.155025+00	0		
348537	6300	1504	353525	0	2011-05-16 16:31:52.155025+00	0		
348497	6300	1505	353490	0	2011-05-16 16:31:52.155025+00	0		
350627	6300	1506	355028	0	2011-05-16 16:31:52.155025+00	0		
364517	6300	1507	364971	0	2011-05-16 16:31:52.155025+00	0		
345051	6300	1508	351052	0	2011-05-16 16:31:52.155025+00	0		
348399	6300	1509	353429	0	2011-05-16 16:31:52.155025+00	0		
326412	6300	1511	147463	0	2011-05-16 16:31:52.155025+00	0		
312591	6300	1512	150483	0	2011-05-16 16:31:52.155025+00	0		
308518	6300	1513	434376	0	2011-05-16 16:31:52.155025+00	0		
368470	6300	1514	367712	0	2011-05-16 16:31:52.155025+00	0		
311573	6300	1515	434404	0	2011-05-16 16:31:52.155025+00	0		
97220	6300	1518	464515	0	2011-05-16 16:31:52.155025+00	0		
538393	6300	1521	793668	0	2011-05-16 16:31:52.155025+00	0		
204499	6300	1522	339140	0	2011-05-16 16:31:52.155025+00	0		
370900	6300	1523	369403	0	2011-05-16 16:31:52.155025+00	0		
369535	6300	1524	368454	0	2011-05-16 16:31:52.155025+00	0		
365991	6300	1525	366009	0	2011-05-16 16:31:52.155025+00	0		
154838	6300	1526	531748	0	2011-05-16 16:31:52.155025+00	0		
174528	6300	1527	285346	0	2011-05-16 16:31:52.155025+00	0		
354193	6300	1528	357543	0	2011-05-16 16:31:52.155025+00	0		
354888	6300	1529	358047	0	2011-05-16 16:31:52.155025+00	0		
428949	6300	1530	536965	0	2011-05-16 16:31:52.155025+00	0		
351968	6300	1484	350648	0	2014-12-10 02:00:16.799642+00	0		
585192	6300	1531	874003	0	2011-05-16 16:31:52.155025+00	0		
362172	6300	1533	357543	0	2011-05-16 16:31:52.155025+00	0		
354890	6300	1534	358049	0	2011-05-16 16:31:52.155025+00	0		
370929	6300	1535	369416	0	2011-05-16 16:31:52.155025+00	0		
463448	6300	1537	32563	0	2011-05-16 16:31:52.155025+00	0		
368363	6300	1538	367640	0	2011-05-16 16:31:52.155025+00	0		
368361	6300	1540	367638	0	2011-05-16 16:31:52.155025+00	0		
368362	6300	1541	367639	0	2011-05-16 16:31:52.155025+00	0		
368366	6300	1542	367642	0	2011-05-16 16:31:52.155025+00	0		
368364	6300	1543	367641	0	2011-05-16 16:31:52.155025+00	0		
369934	6300	1549	368740	0	2011-05-16 16:31:52.155025+00	0		
92490	6302	314606	330825	0	2013-01-01 10:27:27.089743+00	0		
290825	6300	1566	157243	0	2011-05-16 16:31:52.155025+00	0		
865424	6301	1234717	1566422	0	2013-01-05 22:00:24.978378+00	0		
471253	6300	1572	43131	0	2011-05-16 16:31:52.155025+00	0		
853706	6313	1133522	1527897	0	2013-02-13 04:00:14.087972+00	0		
474078	6300	1574	46844	0	2011-05-16 16:31:52.155025+00	0		
473688	6300	1576	49514	0	2011-05-16 16:31:52.155025+00	0		
479495	6300	1578	54371	0	2011-05-16 16:31:52.155025+00	0		
337412	6300	1580	345270	0	2011-05-16 16:31:52.155025+00	0		
492071	6300	1493	72072	0	2013-02-20 13:01:04.989797+00	0		
341861	6300	1583	348927	0	2011-05-16 16:31:52.155025+00	0		
369666	6300	1584	368552	0	2011-05-16 16:31:52.155025+00	0		
323180	6300	1586	682930	0	2011-05-16 16:31:52.155025+00	0		
582350	6300	1592	861340	0	2011-05-16 16:31:52.155025+00	0		
508199	6300	1594	99962	0	2011-05-16 16:31:52.155025+00	0		
343307	6300	1596	349876	0	2011-05-16 16:31:52.155025+00	0		
358751	6300	1597	360871	0	2011-05-16 16:31:52.155025+00	0		
17751	6300	1598	257743	0	2011-05-16 16:31:52.155025+00	0		
28640	6300	1602	254434	0	2011-05-16 16:31:52.155025+00	0		
11111	6300	1603	601864	0	2011-05-16 16:31:52.155025+00	0		
365654	6300	1623	363545	0	2011-05-16 16:31:52.155025+00	0		
204310	6300	1624	193403	0	2011-05-16 16:31:52.155025+00	0		
357211	6300	1625	359774	0	2011-05-16 16:31:52.155025+00	0		
356909	6300	1627	359555	0	2011-05-16 16:31:52.155025+00	0		
362529	6300	1630	363545	0	2011-05-16 16:31:52.155025+00	0		
341403	6300	1633	348624	0	2011-05-16 16:31:52.155025+00	0		
848390	6301	899965	1509418	0	2012-11-06 20:00:12.189459+00	0		
361741	6300	1634	362990	0	2011-05-16 16:31:52.155025+00	0		
749931	6301	1145769	1270064	0	2012-04-12 22:03:03.529095+00	0		
467811	6300	1636	38547	0	2011-05-16 16:31:52.155025+00	0		
130406	6300	1637	432363	0	2011-05-16 16:31:52.155025+00	0		
347002	6300	1638	352412	0	2011-05-16 16:31:52.155025+00	0		
168040	6300	1639	223863	0	2011-05-16 16:31:52.155025+00	0		
342760	6300	1640	349504	0	2011-05-16 16:31:52.155025+00	0		
225258	6300	1641	320422	0	2011-05-16 16:31:52.155025+00	0		
347303	6300	1642	352607	0	2011-05-16 16:31:52.155025+00	0		
12882	6300	1644	258607	0	2011-05-16 16:31:52.155025+00	0		
364395	6300	1645	364884	0	2011-05-16 16:31:52.155025+00	0		
341445	6300	1646	348649	0	2011-05-16 16:31:52.155025+00	0		
332689	6300	1648	143086	0	2011-05-16 16:31:52.155025+00	0		
342555	6300	1649	349374	0	2011-05-16 16:31:52.155025+00	0		
180268	6300	1651	200896	0	2011-05-16 16:31:52.155025+00	0		
285948	6300	1655	286481	0	2011-05-16 16:31:52.155025+00	0		
129187	6300	1658	212969	0	2011-05-16 16:31:52.155025+00	0		
463340	6300	1659	28819	0	2011-05-16 16:31:52.155025+00	0		
129183	6300	1660	212967	0	2011-05-16 16:31:52.155025+00	0		
464310	6300	1661	34534	0	2011-05-16 16:31:52.155025+00	0		
464311	6300	1662	34534	0	2011-05-16 16:31:52.155025+00	0		
274067	6300	1664	592788	0	2011-05-16 16:31:52.155025+00	0		
129190	6300	1667	212970	0	2011-05-16 16:31:52.155025+00	0		
129194	6300	1668	212973	0	2011-05-16 16:31:52.155025+00	0		
267610	6300	1475	166016	0	2011-08-16 00:01:03.266498+00	0		
368965	6300	1552	368057	0	2011-07-26 12:00:15.459275+00	0		
649189	6300	1087229	984010	0	2011-11-13 15:00:06.798002+00	0		
651734	6301	826156	989922	0	2011-11-24 09:00:08.780276+00	0		
848378	6300	1211830	1509399	0	2012-11-06 19:00:22.851557+00	0		
850633	6301	1215414	1518079	0	2012-11-02 21:19:04.319188+00	0		
910065	6301	585660	1708846	0	2013-05-22 17:00:20.287818+00	0		
854652	6301	1220666	1531724	0	2012-12-01 00:00:24.285469+00	0		
855952	6301	1222090	1535692	0	2012-12-04 17:00:10.504336+00	0		
348535	6300	1488	353523	0	2013-12-14 15:02:03.498159+00	0		
981169	6301	1375741	1576199	0	2014-01-14 22:08:28.138314+00	0		
855419	6301	1219118	1533873	0	2012-11-18 21:57:26.806306+00	0		
129193	6300	1669	212972	0	2011-05-16 16:31:52.155025+00	0		
119548	6300	1671	212803	0	2011-05-16 16:31:52.155025+00	0		
470457	6300	1674	60918	0	2011-05-16 16:31:52.155025+00	0		
342814	6300	1675	349544	0	2011-05-16 16:31:52.155025+00	0		
363029	6300	1676	349544	0	2011-05-16 16:31:52.155025+00	0		
342247	6300	1679	349182	0	2011-05-16 16:31:52.155025+00	0		
278370	6300	1681	772044	0	2011-05-16 16:31:52.155025+00	0		
130648	6300	1685	212785	0	2011-05-16 16:31:52.155025+00	0		
130651	6300	1685	212786	0	2011-05-16 16:31:52.155025+00	0		
363030	6300	1686	363910	0	2011-05-16 16:31:52.155025+00	0		
484660	6300	1689	60912	0	2011-05-16 16:31:52.155025+00	0		
484576	6300	1690	60914	0	2011-05-16 16:31:52.155025+00	0		
522305	6300	1693	777834	0	2011-05-16 16:31:52.155025+00	0		
364237	6300	1694	364770	0	2011-05-16 16:31:52.155025+00	0		
496383	6300	1696	82090	0	2011-05-16 16:31:52.155025+00	0		
476685	6300	1701	49331	0	2011-05-16 16:31:52.155025+00	0		
444044	6300	1702	653909	0	2011-05-16 16:31:52.155025+00	0		
341839	6300	1703	348912	0	2011-05-16 16:31:52.155025+00	0		
90021	6300	1704	314319	0	2011-05-16 16:31:52.155025+00	0		
346098	6300	1705	351766	0	2011-05-16 16:31:52.155025+00	0		
476684	6300	1706	49334	0	2011-05-16 16:31:52.155025+00	0		
344375	6300	1707	350598	0	2011-05-16 16:31:52.155025+00	0		
86131	6300	1708	489010	0	2011-05-16 16:31:52.155025+00	0		
337398	6300	1710	345259	0	2011-05-16 16:31:52.155025+00	0		
342620	6300	1713	349418	0	2011-05-16 16:31:52.155025+00	0		
206284	6300	1715	403231	0	2011-05-16 16:31:52.155025+00	0		
337400	6300	1716	345260	0	2011-05-16 16:31:52.155025+00	0		
611210	6300	1717	906607	0	2011-05-16 16:31:52.155025+00	0		
108766	6300	1719	413442	0	2011-05-16 16:31:52.155025+00	0		
461265	6300	1722	26659	0	2011-05-16 16:31:52.155025+00	0		
38350	6300	1724	250370	0	2011-05-16 16:31:52.155025+00	0		
343285	6300	1725	349860	0	2011-05-16 16:31:52.155025+00	0		
515215	6300	1726	109753	0	2011-05-16 16:31:52.155025+00	0		
515216	6300	1727	109752	0	2011-05-16 16:31:52.155025+00	0		
515218	6300	1733	109749	0	2011-05-16 16:31:52.155025+00	0		
515220	6300	1736	71093	0	2011-05-16 16:31:52.155025+00	0		
515217	6300	1738	109750	0	2011-05-16 16:31:52.155025+00	0		
479622	6300	1741	55667	0	2011-05-16 16:31:52.155025+00	0		
289324	6300	1846	161818	0	2011-07-16 10:03:02.72357+00	0		
515214	6300	1745	109754	0	2011-05-16 16:31:52.155025+00	0		
515213	6300	1746	109755	0	2011-05-16 16:31:52.155025+00	0		
515718	6300	1750	109793	0	2011-05-16 16:31:52.155025+00	0		
515607	6300	1754	109779	0	2011-05-16 16:31:52.155025+00	0		
515606	6300	1755	109781	0	2011-05-16 16:31:52.155025+00	0		
472946	6300	1756	46525	0	2011-05-16 16:31:52.155025+00	0		
515608	6300	1761	109775	0	2011-05-16 16:31:52.155025+00	0		
346012	6300	1763	351710	0	2011-05-16 16:31:52.155025+00	0		
221428	6300	1771	451595	0	2011-05-16 16:31:52.155025+00	0		
243219	6300	1776	281199	0	2011-05-16 16:31:52.155025+00	0		
243548	6300	1777	281201	0	2011-05-16 16:31:52.155025+00	0		
243896	6300	1778	281203	0	2011-05-16 16:31:52.155025+00	0		
359040	6300	1782	128343	0	2011-05-16 16:31:52.155025+00	0		
359039	6300	1783	128343	0	2011-05-16 16:31:52.155025+00	0		
343556	6300	1895	350044	0	2013-03-09 10:02:09.613288+00	0		
299357	6300	1787	621129	0	2011-05-16 16:31:52.155025+00	0		
294357	6300	1790	160150	0	2011-05-16 16:31:52.155025+00	0		
294356	6300	1791	160150	0	2011-05-16 16:31:52.155025+00	0		
435393	6300	1793	128341	0	2011-05-16 16:31:52.155025+00	0		
838960	6300	1198656	1485974	0	2012-09-15 09:25:51.722807+00	0		
79287	6300	1797	901413	0	2011-05-16 16:31:52.155025+00	0		
363350	6300	1798	364143	0	2011-05-16 16:31:52.155025+00	0		
363349	6300	1799	364142	0	2011-05-16 16:31:52.155025+00	0		
651735	6300	1092113	989923	0	2011-11-24 09:00:08.813315+00	0		
548563	6300	1807	816967	0	2011-05-16 16:31:52.155025+00	0		
466852	6300	1809	36992	0	2011-05-16 16:31:52.155025+00	0		
487125	6300	1811	74259	0	2011-05-16 16:31:52.155025+00	0		
369635	6300	1812	345316	0	2011-05-16 16:31:52.155025+00	0		
180323	6300	1813	458700	0	2011-05-16 16:31:52.155025+00	0		
342835	6300	1814	349559	0	2011-05-16 16:31:52.155025+00	0		
366518	6300	1815	366391	0	2011-05-16 16:31:52.155025+00	0		
342838	6300	1816	349562	0	2011-05-16 16:31:52.155025+00	0		
342836	6300	1817	349560	0	2011-05-16 16:31:52.155025+00	0		
342637	6300	1818	349432	0	2011-05-16 16:31:52.155025+00	0		
342837	6300	1819	349561	0	2011-05-16 16:31:52.155025+00	0		
343460	6300	1820	349964	0	2011-05-16 16:31:52.155025+00	0		
342935	6300	1822	349627	0	2011-05-16 16:31:52.155025+00	0		
62560	6300	1824	573632	0	2011-05-16 16:31:52.155025+00	0		
81388	6300	1826	655177	0	2011-05-16 16:31:52.155025+00	0		
341775	6300	1827	348858	0	2011-05-16 16:31:52.155025+00	0		
462312	6300	1828	28820	0	2011-05-16 16:31:52.155025+00	0		
48080	6300	1831	252224	0	2011-05-16 16:31:52.155025+00	0		
189611	6300	1837	191161	0	2011-05-16 16:31:52.155025+00	0		
517243	6300	1838	110616	0	2011-05-16 16:31:52.155025+00	0		
1117688	6313	1400453	2767222	0	2014-11-17 22:30:52.918184+00	0		
75731	6300	1843	541920	0	2011-05-16 16:31:52.155025+00	0		
1115682	6302	1525072	2748562	0	2014-11-20 11:00:33.824651+00	0		
1115683	6301	1525073	2755171	0	2014-11-20 11:00:36.85309+00	0		
507968	6300	1849	100337	0	2011-05-16 16:31:52.155025+00	0		
253609	6300	1850	691560	0	2011-05-16 16:31:52.155025+00	0		
271209	6300	1856	165417	0	2011-05-16 16:31:52.155025+00	0		
488644	6300	1857	69542	0	2011-05-16 16:31:52.155025+00	0		
488639	6300	1858	69545	0	2011-05-16 16:31:52.155025+00	0		
503317	6300	1859	92051	0	2011-05-16 16:31:52.155025+00	0		
503241	6300	1860	92047	0	2011-05-16 16:31:52.155025+00	0		
372077	6300	1864	336287	0	2011-05-16 16:31:52.155025+00	0		
372251	6300	1865	336289	0	2011-05-16 16:31:52.155025+00	0		
345189	6300	1868	351138	0	2011-05-16 16:31:52.155025+00	0		
353940	6300	1869	357369	0	2011-05-16 16:31:52.155025+00	0		
368026	6300	1773	367420	0	2012-08-22 13:03:43.167898+00	0		
369464	6300	1872	368405	0	2011-05-16 16:31:52.155025+00	0		
352955	6300	1873	356687	0	2011-05-16 16:31:52.155025+00	0		
355336	6300	1875	358373	0	2011-05-16 16:31:52.155025+00	0		
365828	6300	1876	365889	0	2011-05-16 16:31:52.155025+00	0		
354253	6300	1877	357595	0	2011-05-16 16:31:52.155025+00	0		
341489	6300	1878	348679	0	2011-05-16 16:31:52.155025+00	0		
368469	6300	1879	367711	0	2011-05-16 16:31:52.155025+00	0		
352516	6300	1880	356375	0	2011-05-16 16:31:52.155025+00	0		
365542	6300	1881	365683	0	2011-05-16 16:31:52.155025+00	0		
502036	6300	1883	90280	0	2011-05-16 16:31:52.155025+00	0		
356717	6300	1884	359411	0	2011-05-16 16:31:52.155025+00	0		
122621	6300	1888	446797	0	2011-05-16 16:31:52.155025+00	0		
320727	6300	1889	552776	0	2011-05-16 16:31:52.155025+00	0		
395929	6300	1891	363282	0	2011-05-16 16:31:52.155025+00	0		
910106	6300	1287257	1709497	0	2013-05-22 21:00:18.695451+00	0		
69532	6300	1893	238559	0	2011-05-16 16:31:52.155025+00	0		
30381	6300	1894	438731	0	2011-05-16 16:31:52.155025+00	0		
380797	6300	35303	355732	0	2011-11-03 09:00:08.695623+00	0		
321139	6300	1747	422257	0	2011-06-21 12:00:43.746219+00	0		
468108	6300	1899	40682	0	2011-07-31 21:00:07.01677+00	0		
665079	6300	1104602	1059108	0	2012-01-04 02:00:12.961127+00	0		
649190	6300	1087253	984014	0	2011-11-13 15:00:06.887602+00	0		
845307	6313	1207537	1502694	0	2012-10-23 22:01:29.100312+00	0		
515714	6300	1766	109808	0	2012-10-19 18:08:38.128959+00	0		
28995	6300	1775	505985	0	2012-10-19 18:08:39.78028+00	0		
848379	6300	1211831	1509400	0	2012-10-23 18:38:11.488406+00	0		
853707	6313	1219508	1527901	0	2012-11-27 15:00:10.460404+00	0		
852260	6301	1217809	1524327	0	2012-11-09 02:24:58.573907+00	0		
912670	6305	1292441	1726446	0	2013-05-29 06:00:11.251936+00	0		
910066	6300	826097	1708848	0	2013-06-05 07:00:09.498441+00	0		
850635	6301	1215419	1518084	0	2012-11-16 22:00:18.039784+00	0		
460704	6300	1898	29093	0	2011-05-16 16:31:52.155025+00	0		
514568	6300	262617	102886	0	2012-02-03 17:06:24.210729+00	0		
498905	6300	1901	88209	0	2011-05-16 16:31:52.155025+00	0		
439269	6300	1906	292515	0	2011-05-16 16:31:52.155025+00	0		
374768	6300	1907	336311	0	2011-05-16 16:31:52.155025+00	0		
376268	6300	1908	336320	0	2011-05-16 16:31:52.155025+00	0		
376755	6300	1909	336323	0	2011-05-16 16:31:52.155025+00	0		
373938	6300	1910	336304	0	2011-05-16 16:31:52.155025+00	0		
374270	6300	1911	336307	0	2011-05-16 16:31:52.155025+00	0		
378057	6300	1912	336332	0	2011-05-16 16:31:52.155025+00	0		
378380	6300	1913	336334	0	2011-05-16 16:31:52.155025+00	0		
370088	6300	1917	336263	0	2011-05-16 16:31:52.155025+00	0		
488637	6300	1918	69576	0	2011-05-16 16:31:52.155025+00	0		
369233	6300	1919	368252	0	2011-05-16 16:31:52.155025+00	0		
8564	6300	1920	550261	0	2011-05-16 16:31:52.155025+00	0		
252005	6300	1920	633654	0	2011-05-16 16:31:52.155025+00	0		
182167	6300	1921	200390	0	2011-05-16 16:31:52.155025+00	0		
188941	6300	1923	197512	0	2011-05-16 16:31:52.155025+00	0		
275303	6300	1924	575754	0	2011-05-16 16:31:52.155025+00	0		
517326	6300	1925	112326	0	2011-05-16 16:31:52.155025+00	0		
430200	6300	1928	697388	0	2011-05-16 16:31:52.155025+00	0		
340882	6300	1929	348180	0	2011-05-16 16:31:52.155025+00	0		
340883	6300	1930	348181	0	2011-05-16 16:31:52.155025+00	0		
479350	6300	1931	54708	0	2011-05-16 16:31:52.155025+00	0		
338465	6300	1933	346091	0	2011-05-16 16:31:52.155025+00	0		
363154	6300	1935	363994	0	2011-05-16 16:31:52.155025+00	0		
91395	6300	1936	324019	0	2011-05-16 16:31:52.155025+00	0		
361855	6300	1938	363073	0	2011-05-16 16:31:52.155025+00	0		
359781	6300	1939	361592	0	2011-05-16 16:31:52.155025+00	0		
154151	6300	1943	531728	0	2011-05-16 16:31:52.155025+00	0		
167092	6300	1949	218406	0	2011-05-16 16:31:52.155025+00	0		
350502	6300	1952	354937	0	2011-05-16 16:31:52.155025+00	0		
443115	6300	169856	92808	0	2014-11-20 11:00:40.912801+00	0		
357070	6300	1957	359667	0	2011-05-16 16:31:52.155025+00	0		
355149	6300	1958	358247	0	2011-05-16 16:31:52.155025+00	0		
487781	6300	1963	72565	0	2011-05-16 16:31:52.155025+00	0		
349559	6300	1965	354223	0	2011-05-16 16:31:52.155025+00	0		
364552	6300	1967	365004	0	2011-05-16 16:31:52.155025+00	0		
176067	6300	1971	753235	0	2011-05-16 16:31:52.155025+00	0		
479862	6300	1972	55902	0	2011-05-16 16:31:52.155025+00	0		
479863	6300	1974	55904	0	2011-05-16 16:31:52.155025+00	0		
59436	6302	687853	734755	0	2013-01-01 10:27:28.537517+00	0		
371111	6300	1981	369549	0	2011-05-16 16:31:52.155025+00	0		
371115	6300	1982	369552	0	2011-05-16 16:31:52.155025+00	0		
371127	6300	1985	369562	0	2011-05-16 16:31:52.155025+00	0		
178896	6300	1986	224886	0	2011-05-16 16:31:52.155025+00	0		
178893	6300	1987	224925	0	2011-05-16 16:31:52.155025+00	0		
367703	6300	1988	367201	0	2011-05-16 16:31:52.155025+00	0		
113248	6300	1991	224927	0	2011-05-16 16:31:52.155025+00	0		
369032	6300	1994	365105	0	2011-05-16 16:31:52.155025+00	0		
367096	6300	1997	365297	0	2011-05-16 16:31:52.155025+00	0		
352186	6300	1999	356142	0	2011-05-16 16:31:52.155025+00	0		
448584	6300	2002	332585	0	2011-05-16 16:31:52.155025+00	0		
370797	6300	2003	369332	0	2011-05-16 16:31:52.155025+00	0		
254814	6300	2004	344340	0	2011-05-16 16:31:52.155025+00	0		
29473	6300	2006	91187	0	2011-05-16 16:31:52.155025+00	0		
449739	6300	2008	332591	0	2011-05-16 16:31:52.155025+00	0		
450266	6300	2009	332595	0	2011-05-16 16:31:52.155025+00	0		
450924	6300	2010	332598	0	2011-05-16 16:31:52.155025+00	0		
179827	6300	2011	207692	0	2011-05-16 16:31:52.155025+00	0		
460851	6300	2013	26309	0	2011-05-16 16:31:52.155025+00	0		
503226	6300	2014	92319	0	2011-05-16 16:31:52.155025+00	0		
452910	6300	2015	332608	0	2011-05-16 16:31:52.155025+00	0		
364706	6300	2066	353570	0	2012-06-29 19:00:13.07655+00	0		
30076	6300	2019	467364	0	2011-05-16 16:31:52.155025+00	0		
910069	6300	1289964	1708854	0	2013-05-15 17:45:54.349203+00	0		
307341	6300	2021	400299	0	2011-05-16 16:31:52.155025+00	0		
349561	6300	613571	354223	0	2013-08-02 16:00:28.35473+00	0		
461092	6300	2022	28477	0	2011-05-16 16:31:52.155025+00	0		
452436	6300	2024	332605	0	2011-05-16 16:31:52.155025+00	0		
371148	6300	2026	369576	0	2011-05-16 16:31:52.155025+00	0		
371149	6300	2027	369577	0	2011-05-16 16:31:52.155025+00	0		
461485	6300	2028	26302	0	2011-05-16 16:31:52.155025+00	0		
371150	6300	2029	369578	0	2011-05-16 16:31:52.155025+00	0		
371152	6300	2031	369579	0	2011-05-16 16:31:52.155025+00	0		
371153	6300	2032	369579	0	2011-05-16 16:31:52.155025+00	0		
318074	6300	2033	148093	0	2011-05-16 16:31:52.155025+00	0		
356822	6300	2043	352327	0	2011-05-16 16:31:52.155025+00	0		
339193	6300	2048	346720	0	2011-05-16 16:31:52.155025+00	0		
364563	6300	2050	365010	0	2011-05-16 16:31:52.155025+00	0		
492706	6300	2051	72616	0	2011-05-16 16:31:52.155025+00	0		
235395	6300	2054	270661	0	2011-05-16 16:31:52.155025+00	0		
267700	6300	2055	630307	0	2011-05-16 16:31:52.155025+00	0		
488241	6300	2056	68208	0	2011-05-16 16:31:52.155025+00	0		
356866	6300	2057	359521	0	2011-05-16 16:31:52.155025+00	0		
453215	6300	2059	327733	0	2011-05-16 16:31:52.155025+00	0		
350138	6300	2060	354654	0	2011-05-16 16:31:52.155025+00	0		
4844	6300	2061	480984	0	2011-05-16 16:31:52.155025+00	0		
1360	6300	2062	480989	0	2011-05-16 16:31:52.155025+00	0		
838961	6301	534300	1485977	0	2012-09-15 09:29:20.919417+00	0		
373	6300	2067	480992	0	2011-05-16 16:31:52.155025+00	0		
