5512	167218	1676150	2937	0	2015-10-22 13:04:17.068522+00	130		
4845	167161	658361	3534	0	2015-08-15 20:30:07.824171+00	8		
13	167013	1242602	5	0	2014-05-14 17:18:53.502445+00	13		
5300	167400	1243013	3769	1	2015-10-19 20:42:05.707908+00	64		
4901	167153	1624184	3575	0	2015-08-27 23:59:47.709916+00	1		
4902	167154	1637501	3575	0	2015-08-27 23:59:47.709916+00	2		
4903	167155	1651181	3575	0	2015-08-27 23:59:47.709916+00	3		
4846	167162	851662	3534	0	2015-08-15 21:18:22.732928+00	9		
4940	167156	780554	3613	0	2015-09-15 04:40:06.410451+00	3		
4947	167163	1417396	3612	0	2015-09-15 19:14:41.27721+00	3		
4847	167163	1194912	3534	0	2015-08-15 22:24:06.656017+00	10		
4945	167154	1204658	3611	0	2015-09-15 17:41:11.151615+00	1		
4836	167172	997456	3534	0	2015-08-15 17:33:52.462897+00	19		
4905	167164	1383794	3611	0	2015-08-28 16:17:54.339968+00	3		
1	166977	1267353	5	0	2014-05-14 17:06:54.643299+00	1		
4941	167159	794966	3613	0	2015-09-15 05:22:38.235315+00	5		
4838	167176	1646518	3534	0	2015-08-15 18:39:01.034819+00	23		
4839	167153	263645	3534	0	2015-08-15 18:51:59.951553+00	1		
4906	167155	1043958	2295	0	2015-08-28 17:13:01.240026+00	2		
4943	167161	829018	3613	0	2015-09-15 13:24:48.322581+00	7		
5014	167163	832999	3613	0	2015-09-20 11:53:28.549924+00	8		
2894	167218	1475333	843	0	2014-09-12 11:25:32.587848+00	2		
4280	167218	265425	1997	0	2015-04-01 11:34:24.867962+00	0		
2009	167218	1433087	843	0	2014-06-13 11:51:02.961061+00	3		
2008	167218	1433082	843	0	2014-06-13 11:49:31.471504+00	4		
3133	167218	767730	843	0	2014-11-08 18:25:10.149655+00	5		
2004	167218	1154471	843	0	2014-06-13 11:25:56.912549+00	6		
2003	167218	1058612	843	0	2014-06-13 11:23:03.468609+00	7		
2011	167218	1157030	843	0	2014-06-13 23:19:17.258215+00	8		
2012	167218	1157032	843	0	2014-06-13 23:38:08.796946+00	9		
6	166988	746180	5	0	2014-05-14 17:14:08.450501+00	2		
2013	167218	1055781	843	0	2014-06-13 23:52:40.5376+00	10		
2014	167218	1157034	843	0	2014-06-14 00:06:13.200967+00	11		
2015	167218	280711	843	0	2014-06-14 11:58:30.082409+00	12		
2016	167218	661356	843	0	2014-06-14 12:10:55.672642+00	13		
4120	167218	1581443	843	0	2015-03-20 16:46:29.036118+00	14		
2005	167218	1157036	843	0	2014-06-13 11:26:31.125043+00	15		
2006	167218	1157031	843	0	2014-06-13 11:27:08.509765+00	16		
2383	167218	1453022	843	0	2014-07-18 11:34:08.658219+00	17		
2379	167218	1452276	843	0	2014-07-16 09:47:26.229722+00	18		
3821	167218	1475802	843	0	2015-02-11 06:21:34.948827+00	19		
2017	167218	1056238	843	0	2014-06-14 14:24:09.069989+00	21		
2018	167218	1157037	843	0	2014-06-14 14:32:22.392801+00	22		
2019	167218	280709	843	0	2014-06-14 15:16:53.193228+00	23		
224	167218	1242826	78	0	2014-05-14 21:20:55.048618+00	1		
4491	167218	1608152	843	0	2015-05-19 15:02:35.085183+00	24		
4355	167218	1598152	843	0	2015-04-25 10:16:38.333681+00	25		
4160	167218	1583247	843	0	2015-03-24 01:30:18.208668+00	26		
3784	167218	1150240	99	0	2015-02-05 14:12:24.498013+00	3		
3833	167218	1566792	99	0	2015-02-17 19:32:16.713958+00	4		
339	167218	1271742	99	0	2014-05-14 23:22:05.363207+00	5		
4121	167218	1581485	99	0	2015-03-20 18:11:09.031922+00	6		
4910	167218	1522046	99	0	2015-08-31 13:49:47.410273+00	7		
225	167218	1250112	78	0	2014-05-14 21:20:55.048618+00	2		
5156	167218	1603343	3740	0	2015-10-08 02:10:33.388596+00	4		
4904	167157	1369117	3609	0	2015-08-28 12:56:36.646405+00	2		
4949	167164	106577	3645	0	2015-09-15 21:22:31.88156+00	1		
5513	167218	1676323	80	0	2015-10-22 23:33:03.307505+00	14		
3658	167218	683344	85	0	2015-01-16 02:35:10.61641+00	29		
3659	167218	683345	85	0	2015-01-16 02:35:10.61641+00	79		
3660	167218	683352	85	0	2015-01-16 02:35:10.61641+00	86		
4948	167218	1659249	80	0	2015-09-15 20:34:49.320195+00	43		
4912	167218	841948	2054	0	2015-09-02 18:03:39.575072+00	1		
5520	167218	1670977	3791	1	2015-10-23 10:06:23.877873+00	1		
223	167218	1250102	78	0	2014-05-14 21:20:55.048618+00	3		
2964	167153	1515497	2256	0	2014-10-20 10:37:43.938201+00	1		
687	167038	419659	190	0	2014-05-15 17:02:12.915883+00	36		
671	167484	1311280	190	0	2014-05-15 17:02:12.915883+00	75		
4864	167034	1583122	3278	0	2015-08-17 12:01:34.484988+00	23		
4911	167166	1653459	3491	0	2015-09-02 16:44:13.55289+00	4		
4909	167218	1651825	843	0	2015-08-29 15:23:51.871439+00	20		
683	167164	469755	190	0	2014-05-15 17:02:12.915883+00	12		
4553	167154	1482076	3278	0	2015-06-01 00:44:15.513527+00	2		
4574	167156	1619084	3278	0	2015-06-13 22:49:39.117043+00	4		
684	167642	469814	190	0	2014-05-15 17:02:12.915883+00	6		
4573	167157	1617130	3278	0	2015-06-09 12:16:50.986799+00	5		
685	167401	470172	190	0	2014-05-15 17:02:12.915883+00	25		
5053	261090	1244513	244	0	2015-09-20 16:39:52.117315+00	54		
4442	167298	982161	3208	0	2015-05-09 13:08:00.518197+00	39		
4444	166977	1350314	3208	0	2015-05-09 13:08:00.518197+00	15		
4874	167218	1647832	82	0	2015-08-18 15:29:26.155746+00	36		
4875	167218	1648572	1718	0	2015-08-20 17:11:41.135453+00	17		
3174	167218	1166197	1718	0	2014-11-21 21:09:05.194028+00	36		
2710	167218	574791	1718	0	2014-08-19 23:32:27.022586+00	24		
3178	167218	1528305	1718	0	2014-11-22 11:04:55.891402+00	26		
3179	167218	52067	1718	0	2014-11-22 13:37:30.330999+00	32		
2481	167218	303540	1718	0	2014-08-07 22:46:40.970993+00	12		
2408	167218	540534	1718	0	2014-07-21 19:13:14.852398+00	5		
3238	167218	434146	1718	0	2014-11-26 12:20:00.235326+00	23		
3182	167218	364115	1718	0	2014-11-22 14:40:43.049959+00	25		
3186	167218	145303	1718	0	2014-11-23 13:44:33.025721+00	15		
2583	167218	640210	1718	0	2014-08-10 18:00:40.405651+00	8		
3173	167218	206196	1718	0	2014-11-21 20:37:47.752103+00	33		
2380	167218	924458	1718	0	2014-07-16 19:21:56.612161+00	27		
2384	167218	351618	1718	0	2014-07-20 18:15:05.223632+00	34		
2385	167218	568894	1718	0	2014-07-20 18:15:05.223632+00	31		
2386	167218	52066	1718	0	2014-07-20 18:15:05.223632+00	10		
226	167218	1213014	78	0	2014-05-14 21:22:13.537467+00	4		
228	167218	1363629	78	0	2014-05-14 21:22:13.537467+00	6		
4863	167218	383109	3537	0	2015-08-16 12:22:57.72158+00	1		
4955	167154	904970	3565	0	2015-09-17 13:30:16.201582+00	2		
4956	167156	1659859	3565	0	2015-09-17 16:20:26.883888+00	4		
4959	167160	1659926	3565	0	2015-09-17 20:15:34.586129+00	8		
4296	167163	1590518	3029	0	2015-04-07 12:10:41.459873+00	8		
4243	167164	1586979	3029	0	2015-03-31 11:58:42.624309+00	9		
4960	167161	1659953	3565	0	2015-09-17 21:22:41.742515+00	9		
2763	167218	1415385	2054	0	2014-08-26 16:30:57.959532+00	2		
639	167218	1172320	180	0	2014-05-15 15:24:07.177267+00	1		
4840	167154	338777	3534	0	2015-08-15 18:58:21.606032+00	2		
4837	167155	191550	3534	0	2015-08-15 17:38:57.538565+00	3		
4848	167164	937931	3534	0	2015-08-15 22:26:47.825029+00	11		
640	167218	670750	180	0	2014-05-15 15:24:07.177267+00	2		
5	166987	1265752	5	0	2014-05-14 17:14:08.450501+00	3		
641	167218	1172326	180	0	2014-05-15 15:24:07.177267+00	3		
642	167218	1114236	180	0	2014-05-15 15:24:07.177267+00	4		
5514	167153	1658079	3790	1	2015-10-22 23:44:45.797993+00	1		
4946	167154	772871	3613	0	2015-09-15 17:45:35.252375+00	1		
4942	167160	829891	3613	0	2015-09-15 05:30:59.553466+00	6		
4907	167159	1043947	2295	0	2015-08-28 17:26:21.757173+00	3		
4944	167164	739635	3613	0	2015-09-15 13:40:19.405934+00	9		
4	166986	1421090	5	0	2014-05-14 17:13:06.572589+00	4		
3167	167218	1527916	1718	0	2014-11-21 13:07:51.342382+00	28		
3	166985	260219	5	0	2014-05-14 17:13:06.572589+00	5		
3187	167218	1529091	1718	0	2014-11-23 19:17:05.245017+00	3		
3189	167218	1529266	1718	0	2014-11-24 09:48:05.935521+00	20		
2951	167218	1513408	1718	0	2014-10-14 20:22:15.776627+00	21		
4436	167008	507439	3208	0	2015-05-09 13:08:00.518197+00	18		
4438	167167	1189212	3208	0	2015-05-09 13:08:00.518197+00	9		
4439	167168	53103	3208	0	2015-05-09 13:08:00.518197+00	10		
4440	167164	446280	3208	0	2015-05-09 13:08:00.518197+00	7		
4450	167470	1459224	3208	0	2015-05-09 13:08:00.518197+00	35		
4451	167174	1350301	3208	0	2015-05-09 13:08:00.518197+00	13		
4452	167012	1158979	3208	0	2015-05-09 13:08:00.518197+00	20		
4453	167296	141441	3208	0	2015-05-09 13:08:00.518197+00	37		
4454	167163	1175152	3208	0	2015-05-09 13:08:00.518197+00	6		
4455	167036	935584	3208	0	2015-05-09 13:08:00.518197+00	22		
4456	167176	733000	3208	0	2015-05-09 13:08:00.518197+00	14		
4457	167040	930042	3208	0	2015-05-09 13:08:00.518197+00	27		
7	167007	1334365	5	0	2014-05-14 17:18:53.502445+00	6		
4459	167037	1229546	3208	0	2015-05-09 13:08:00.518197+00	23		
4460	167039	1594358	3208	0	2015-05-09 13:08:00.518197+00	26		
4461	167154	919102	3208	0	2015-05-09 13:08:00.518197+00	2		
4462	167467	1518195	3208	0	2015-05-10 09:37:25.900777+00	30		
2382	167302	962538	1796	0	2014-07-17 19:24:51.273238+00	0		
4463	167180	935440	3208	0	2015-05-10 11:53:26.04947+00	17		
4441	167038	803332	3208	0	2015-05-09 13:08:00.518197+00	25		
4465	167010	927227	3208	0	2015-05-10 13:39:36.891192+00	19		
4813	167156	1638391	3208	0	2015-07-26 13:49:18.435537+00	4		
5095	167289	1662255	3208	0	2015-09-23 22:43:54.295237+00	32		
4215	167178	864363	3029	0	2015-03-30 13:39:59.808876+00	13		
4221	166988	731066	3029	0	2015-03-30 13:45:02.475614+00	14		
4211	166985	1582990	3029	0	2015-03-30 13:16:18.801899+00	15		
4219	167007	1428566	3029	0	2015-03-30 13:43:42.924471+00	16		
4234	167397	499155	3029	0	2015-03-30 14:35:24.096856+00	17		
4149	167014	553037	3029	0	2015-03-23 11:25:47.135457+00	18		
4217	167039	731075	3029	0	2015-03-30 13:42:31.664254+00	19		
4238	167126	644902	3029	0	2015-03-30 16:01:08.531979+00	20		
4213	167127	1357953	3029	0	2015-03-30 13:35:21.77503+00	21		
4223	167131	238754	3029	0	2015-03-30 13:46:34.310145+00	22		
4225	167468	1026891	3029	0	2015-03-30 13:47:40.414482+00	25		
4232	167299	710813	3029	0	2015-03-30 14:23:51.486761+00	26		
4893	167155	1649692	3029	0	2015-08-25 21:40:51.354062+00	3		
8	167008	469132	5	0	2014-05-14 17:18:53.502445+00	7		
5157	167218	1649729	3740	0	2015-10-08 02:11:41.082745+00	13		
4276	167398	1587335	3029	0	2015-04-01 07:43:37.797786+00	24		
4961	167398	1587335	3029	0	2015-09-17 21:51:45.5025+00	23		
4865	167172	1228711	3278	0	2015-08-17 12:11:41.526584+00	17		
5301	167467	1243082	3769	1	2015-10-19 20:42:14.155726+00	65		
5305	167469	1243733	3769	1	2015-10-19 20:44:41.26035+00	71		
4957	167158	1659863	3565	0	2015-09-17 16:41:17.582528+00	6		
4953	167167	1659785	3565	0	2015-09-17 00:15:54.612249+00	15		
3674	167218	683794	85	0	2015-01-16 06:17:32.839834+00	99		
3675	167218	683812	85	0	2015-01-16 06:17:32.839834+00	72		
9	167009	1265772	5	0	2014-05-14 17:18:53.502445+00	9		
10	167010	295337	5	0	2014-05-14 17:18:53.502445+00	10		
11	167011	1332940	5	0	2014-05-14 17:18:53.502445+00	11		
12	167012	1255159	5	0	2014-05-14 17:18:53.502445+00	12		
14	167014	1333840	5	0	2014-05-14 17:18:53.502445+00	14		
5158	167218	508864	3740	0	2015-10-08 02:12:21.558962+00	2		
492	167036	1412189	1	0	2014-05-15 08:18:57.541853+00	46		
5515	167154	1663491	3790	1	2015-10-22 23:45:10.212635+00	2		
4913	167180	1515559	3534	0	2015-09-03 21:52:04.058284+00	28		
4841	167156	338799	3534	0	2015-08-15 19:02:18.640968+00	4		
4849	167165	1195094	3534	0	2015-08-15 22:49:05.094977+00	12		
5302	167288	1243085	3769	1	2015-10-19 20:42:56.393707+00	66		
5517	167156	1676337	3790	1	2015-10-22 23:45:31.956596+00	4		
4915	167218	1654626	3596	0	2015-09-05 11:44:57.861543+00	1		
5096	167176	425884	143	0	2015-09-24 00:01:19.707247+00	23		
2971	167154	1518459	2256	0	2014-10-27 10:44:37.455979+00	2		
4919	167218	1654917	2037	0	2015-09-05 23:59:28.995249+00	2		
5097	167218	1534630	1735	0	2015-09-25 07:16:28.398928+00	5		
548	167487	1412222	1	0	2014-05-15 08:30:09.190327+00	102		
549	167488	1412388	1	0	2014-05-15 08:30:09.190327+00	103		
550	167489	1412389	1	0	2014-05-15 08:30:09.190327+00	104		
551	167490	1412423	1	0	2014-05-15 08:30:09.190327+00	105		
4916	167170	1654690	3278	0	2015-09-05 13:54:56.929084+00	15		
4866	167014	838340	3278	0	2015-08-17 12:12:37.16847+00	22		
5098	167218	196486	3697	0	2015-09-25 10:57:14.717701+00	3		
5039	261101	824806	244	0	2015-09-20 16:36:29.636288+00	68		
5040	261102	822879	244	0	2015-09-20 16:36:29.636288+00	84		
5041	261103	1429434	244	0	2015-09-20 16:36:29.636288+00	69		
4443	167473	10270	3208	0	2015-05-09 13:08:00.518197+00	38		
4445	167127	754956	3208	0	2015-05-09 13:08:00.518197+00	28		
4446	167155	943859	3208	0	2015-05-09 13:08:00.518197+00	3		
4447	167173	1182272	3208	0	2015-05-09 13:08:00.518197+00	12		
4449	167402	936037	3208	0	2015-05-09 13:08:00.518197+00	24		
4430	167153	647942	3208	0	2015-05-09 13:08:00.518197+00	1		
552	167491	1412422	1	0	2014-05-15 08:30:09.190327+00	106		
4431	167291	1281744	3208	0	2015-05-09 13:08:00.518197+00	36		
4432	167157	1284773	3208	0	2015-05-09 13:08:00.518197+00	5		
553	167492	1412425	1	0	2014-05-15 08:30:09.190327+00	107		
4433	167165	1182270	3208	0	2015-05-09 13:08:00.518197+00	8		
4434	167469	938367	3208	0	2015-05-09 13:08:00.518197+00	34		
4435	167131	1281479	3208	0	2015-05-09 13:08:00.518197+00	29		
4295	167173	859294	3029	0	2015-04-07 11:06:06.264301+00	10		
4375	167174	1600067	3029	0	2015-04-30 14:10:09.323737+00	11		
4236	167177	1170299	3029	0	2015-03-30 14:42:00.083819+00	12		
4908	167153	1043950	2295	0	2015-08-28 17:33:00.902136+00	1		
4914	167169	1654030	3491	0	2015-09-03 22:40:59.342415+00	7		
4917	258666	1654834	3278	0	2015-09-05 19:56:39.879679+00	11		
4918	167218	1654910	88	0	2015-09-05 23:32:18.94145+00	23		
4950	167153	1659563	3565	0	2015-09-16 20:16:59.610161+00	1		
4954	167155	1659642	3565	0	2015-09-17 00:35:24.385844+00	3		
4952	167159	1314794	3565	0	2015-09-17 00:15:39.213919+00	7		
4970	167218	685681	80	0	2015-09-19 10:44:42.686535+00	25		
4842	167157	338796	3534	0	2015-08-15 19:04:02.261599+00	5		
4850	167166	883196	3534	0	2015-08-15 22:52:19.574046+00	13		
450	167156	1412228	1	0	2014-05-15 08:13:08.656944+00	4		
5516	167155	1676333	3790	1	2015-10-22 23:45:21.648612+00	3		
5303	167289	1243403	3769	1	2015-10-19 20:43:04.523806+00	67		
451	167157	1412391	1	0	2014-05-15 08:13:08.656944+00	5		
452	167158	1412404	1	0	2014-05-15 08:13:08.656944+00	6		
482	167401	1412409	1	0	2014-05-15 08:16:03.431905+00	36		
5159	167218	792744	3740	0	2015-10-08 02:13:06.700739+00	25		
483	167009	1412408	1	0	2014-05-15 08:16:03.431905+00	37		
484	167010	1412406	1	0	2014-05-15 08:16:03.431905+00	38		
4963	167165	1660240	3565	0	2015-09-18 13:59:27.820464+00	13		
4964	167166	1659567	3565	0	2015-09-18 17:39:49.000193+00	14		
554	167493	1412424	1	0	2014-05-15 08:30:09.190327+00	108		
527	167474	1412167	1	0	2014-05-15 08:26:55.174452+00	81		
5054	167160	1661203	3668	0	2015-09-20 20:44:48.162972+00	7		
5008	167467	1168538	3668	0	2015-09-19 15:58:46.024705+00	34		
4967	167218	135403	3132	0	2015-09-18 18:59:58.140001+00	7		
5009	167288	1244550	3668	0	2015-09-19 15:58:46.024705+00	35		
5010	167291	772758	3668	0	2015-09-19 15:58:46.024705+00	40		
5011	167457	1161293	3668	0	2015-09-19 15:58:46.024705+00	41		
5012	167296	1660691	3668	0	2015-09-19 15:58:46.024705+00	42		
5013	167471	1660694	3668	0	2015-09-19 15:58:46.024705+00	43		
4867	167176	879582	3278	0	2015-08-17 12:12:52.184474+00	20		
4962	167162	1660084	3565	0	2015-09-18 08:03:29.42196+00	10		
4951	167163	1214542	3565	0	2015-09-17 00:14:00.409923+00	11		
4958	167164	1659888	3565	0	2015-09-17 18:31:03.971299+00	12		
4965	167218	1660356	219	0	2015-09-18 18:37:03.344406+00	6		
2029	167218	821008	219	0	2014-06-15 16:47:26.936501+00	22		
2030	167218	240831	219	0	2014-06-15 16:47:26.936501+00	15		
2031	167218	645149	219	0	2014-06-15 16:47:26.936501+00	21		
2032	167218	365063	219	0	2014-06-15 16:47:26.936501+00	19		
2033	167218	206725	219	0	2014-06-15 16:47:26.936501+00	10		
2034	167218	356797	219	0	2014-06-15 16:47:26.936501+00	16		
4969	167218	645148	219	0	2015-09-18 21:39:04.144239+00	20		
4921	258926	1610614	244	0	2015-09-07 08:38:49.599553+00	62		
940	167981	1157644	244	0	2014-05-16 14:39:32.21923+00	87		
5018	261081	1429797	244	0	2015-09-20 16:21:43.229608+00	34		
4920	258925	1655376	244	0	2015-09-07 08:38:49.599553+00	32		
1761	173038	1424754	244	0	2014-05-25 22:57:36.08355+00	20		
3176	200265	1430450	244	0	2014-11-22 08:10:43.262678+00	41		
922	167963	1148962	244	0	2014-05-16 14:28:08.472362+00	30		
5025	261088	823349	244	0	2015-09-20 16:21:43.229608+00	47		
5026	261089	1426102	244	0	2015-09-20 16:21:43.229608+00	51		
5028	261086	1242860	244	0	2015-09-20 16:36:29.636288+00	42		
3788	167218	1311702	2029	0	2015-02-07 08:26:28.517441+00	4		
3756	167218	231792	2029	0	2015-01-31 03:32:09.424573+00	5		
3837	167218	583865	2029	0	2015-02-18 17:36:17.635587+00	6		
4880	167218	1311705	2029	0	2015-08-21 21:16:04.339339+00	7		
2696	167218	1222890	2029	0	2014-08-19 00:26:11.759879+00	8		
2706	167218	1465083	2029	0	2014-08-19 15:54:29.636028+00	9		
2693	167218	1311263	2029	0	2014-08-18 23:51:24.32627+00	10		
2717	167160	1311478	2030	0	2014-08-20 18:58:50.855601+00	1		
2708	167162	725751	2030	0	2014-08-19 16:27:43.658078+00	2		
3811	167179	347945	2030	0	2015-02-08 16:43:27.767122+00	3		
3787	167180	1311702	2030	0	2015-02-07 08:26:28.517441+00	4		
3755	166988	231792	2030	0	2015-01-31 03:29:51.025988+00	5		
3838	167011	583865	2030	0	2015-02-18 17:36:17.635587+00	6		
4879	167012	1311705	2030	0	2015-08-21 21:16:04.339339+00	7		
2695	167039	1222890	2030	0	2014-08-19 00:26:11.759879+00	8		
2694	167040	1311263	2030	0	2014-08-19 00:01:20.26843+00	9		
2707	167129	1465083	2030	0	2014-08-19 15:54:29.636028+00	10		
4851	167167	290352	3534	0	2015-08-15 22:53:59.946512+00	14		
4843	167159	283290	3534	0	2015-08-15 19:05:27.370597+00	6		
4922	167171	1656057	3278	0	2015-09-08 18:21:01.498181+00	16		
4881	167161	1649358	3491	0	2015-08-22 16:11:56.442739+00	3		
5518	167157	1676340	3790	1	2015-10-22 23:45:46.2503+00	5		
1036	167218	902989	230	0	2014-05-16 16:57:05.664252+00	37		
1082	167218	1149108	230	0	2014-05-16 17:15:03.928443+00	35		
1180	167218	580378	230	0	2014-05-16 18:04:11.19757+00	28		
1374	167218	403860	230	0	2014-05-18 19:39:44.939599+00	11		
4884	167155	1650111	3278	0	2015-08-24 15:06:58.919783+00	3		
4868	167158	1623420	3278	0	2015-08-17 12:13:29.011975+00	6		
4883	167159	1649765	3278	0	2015-08-23 18:51:25.314189+00	7		
1181	167218	676676	230	0	2014-05-16 18:04:11.19757+00	27		
1338	167218	1055689	230	0	2014-05-18 18:52:44.478808+00	24		
1364	167218	759671	230	0	2014-05-18 19:05:24.548759+00	18		
1339	167218	207163	230	0	2014-05-18 18:52:45.107917+00	26		
1365	167218	760905	230	0	2014-05-18 19:05:29.205078+00	17		
507	167404	1412421	1	0	2014-05-15 08:23:17.84472+00	61		
487	167397	1412374	1	0	2014-05-15 08:18:57.541853+00	41		
798	167218	232657	230	0	2014-05-16 02:00:58.311033+00	40		
4882	167160	1649684	3278	0	2015-08-23 14:10:36.12661+00	8		
4886	167161	1650269	3278	0	2015-08-25 00:28:50.185767+00	9		
488	167013	1412110	1	0	2014-05-15 08:18:57.541853+00	42		
4892	167162	1650506	3278	0	2015-08-25 18:09:45.670038+00	10		
489	167014	1412108	1	0	2014-05-15 08:18:57.541853+00	43		
4894	167298	1650346	190	0	2015-08-26 09:56:18.111693+00	58		
797	167218	105718	230	0	2014-05-16 02:00:58.311033+00	41		
1170	167218	641909	230	0	2014-05-16 17:36:39.197507+00	33		
1375	167218	614440	230	0	2014-05-18 19:39:50.913891+00	13		
1186	167218	801131	230	0	2014-05-16 18:08:52.04648+00	16		
796	167218	1391280	230	0	2014-05-16 02:00:58.311033+00	15		
799	167218	302243	230	0	2014-05-16 02:00:58.311033+00	25		
800	167218	1281329	230	0	2014-05-16 02:00:58.311033+00	43		
801	167218	1404579	230	0	2014-05-16 02:00:58.311033+00	44		
802	167218	679620	230	0	2014-05-16 02:00:58.311033+00	42		
803	167218	723093	230	0	2014-05-16 02:00:58.311033+00	38		
804	167218	304066	230	0	2014-05-16 02:00:58.311033+00	39		
490	167034	1378115	1	0	2014-05-15 08:18:57.541853+00	44		
1171	167218	661233	230	0	2014-05-16 17:36:43.795598+00	30		
448	167154	1412218	1	0	2014-05-15 08:13:08.656944+00	2		
1376	167218	832124	230	0	2014-05-18 19:40:03.204904+00	12		
5304	167468	1243422	3769	1	2015-10-19 20:44:19.49326+00	70		
5160	167218	1667629	3740	0	2015-10-08 02:14:20.707983+00	19		
696	167037	249137	190	0	2014-05-15 17:09:47.777943+00	34		
1279	167126	1429013	190	0	2014-05-17 18:25:14.579978+00	39		
5307	167291	1244173	3769	1	2015-10-19 20:47:02.993869+00	73		
4966	167218	1660359	2870	0	2015-09-18 18:41:20.938132+00	2		
4968	167218	1169644	3132	0	2015-09-18 19:06:19.312747+00	6		
702	167296	996742	190	0	2014-05-15 17:09:47.777943+00	54		
2716	167218	1311478	2029	0	2014-08-20 18:58:50.855601+00	2		
3810	167218	347945	2029	0	2015-02-08 16:43:27.767122+00	3		
4971	167218	271580	219	0	2015-09-19 10:52:13.004616+00	9		
4247	167153	1587090	3029	0	2015-03-31 15:53:39.331142+00	1		
4241	167154	1586937	3029	0	2015-03-31 10:08:12.817759+00	2		
4279	167156	265425	3029	0	2015-04-01 11:34:24.867962+00	4		
4230	167157	1112498	3029	0	2015-03-30 14:18:16.852511+00	5		
4889	167218	1020873	3566	0	2015-08-25 13:01:37.140079+00	1		
4887	167218	1029828	3566	0	2015-08-25 12:36:31.599738+00	3		
4228	167160	635181	3029	0	2015-03-30 14:16:45.679429+00	6		
4245	167161	891737	3029	0	2015-03-31 14:44:46.959672+00	7		
4227	167218	897128	3029	0	2015-03-30 13:54:34.872083+00	1		
3672	167218	683776	85	0	2015-01-16 06:17:32.839834+00	89		
3673	167218	683785	85	0	2015-01-16 06:17:32.839834+00	44		
3612	167218	104978	85	0	2015-01-15 22:13:40.595734+00	50		
3613	167218	13925	85	0	2015-01-15 22:13:40.595734+00	14		
3628	167218	1170033	85	0	2015-01-16 02:17:03.772718+00	91		
4885	167157	1650261	3565	0	2015-08-25 00:00:45.393792+00	5		
3355	167468	1537388	190	0	2014-12-15 09:38:02.469847+00	50		
660	166987	130317	190	0	2014-05-15 16:54:46.239395+00	22		
670	167167	1282354	190	0	2014-05-15 17:02:12.915883+00	15		
673	167638	1337903	190	0	2014-05-15 17:02:12.915883+00	9		
674	167639	971690	190	0	2014-05-15 17:02:12.915883+00	3		
675	167640	669255	190	0	2014-05-15 17:02:12.915883+00	5		
2327	167008	1451007	190	0	2014-07-13 16:09:30.000757+00	24		
1248	167400	1428894	190	0	2014-05-17 11:17:51.993223+00	45		
1245	167288	1428850	190	0	2014-05-17 09:49:01.15537+00	47		
688	167456	413768	190	0	2014-05-15 17:02:12.915883+00	65		
689	167301	414381	190	0	2014-05-15 17:02:12.915883+00	67		
690	167478	414672	190	0	2014-05-15 17:02:12.915883+00	66		
691	167402	415333	190	0	2014-05-15 17:02:12.915883+00	35		
3661	167218	683675	85	0	2015-01-16 02:35:10.61641+00	25		
3662	167218	683681	85	0	2015-01-16 02:35:10.61641+00	32		
5186	167153	1672622	3772	0	2015-10-15 18:22:17.169539+00	1		
5190	167155	357335	3769	0	2015-10-15 19:01:28.550711+00	5		
5193	167156	676321	3768	0	2015-10-15 19:26:47.242282+00	5		
5200	167158	1672674	3772	0	2015-10-15 20:28:01.622842+00	6		
5202	167159	1672699	3772	0	2015-10-15 20:51:12.079433+00	7		
5161	167218	1667624	3740	0	2015-10-08 02:14:51.024632+00	17		
5205	167160	1672710	3772	0	2015-10-15 21:22:27.912923+00	8		
5207	167170	1672746	3772	0	2015-10-15 22:54:41.91382+00	17		
5172	167218	1671281	2397	0	2015-10-12 21:14:18.559671+00	4		
5173	167218	1671527	78	0	2015-10-13 12:22:36.653272+00	9		
5519	167158	1676344	3790	1	2015-10-22 23:45:59.640708+00	6		
5174	167218	1671712	3762	0	2015-10-13 20:38:41.915764+00	2		
5208	167161	1672751	3772	0	2015-10-15 23:14:44.020255+00	9		
5176	167218	1671775	2294	0	2015-10-13 22:19:07.859787+00	11		
3663	167218	683682	85	0	2015-01-16 02:35:10.61641+00	64		
3664	167218	683684	85	0	2015-01-16 02:35:10.61641+00	60		
4852	167168	1504800	3534	0	2015-08-15 22:56:31.763322+00	15		
5211	167168	1209575	3769	0	2015-10-16 16:37:54.685075+00	18		
4844	167160	176587	3534	0	2015-08-15 19:15:32.720753+00	7		
3665	167218	683685	85	0	2015-01-16 02:35:10.61641+00	85		
3666	167218	683694	85	0	2015-01-16 02:35:10.61641+00	110		
945	167176	814192	49	0	2014-05-16 15:20:09.756406+00	18		
3667	167218	683710	85	0	2015-01-16 02:35:10.61641+00	12		
5177	264272	1671843	3763	0	2015-10-14 00:13:05.771386+00	1		
1172	167218	699161	230	0	2014-05-16 17:36:47.889357+00	32		
1342	167218	239614	230	0	2014-05-18 18:56:32.03313+00	23		
1359	167218	599038	230	0	2014-05-18 19:02:11.324434+00	19		
1377	167218	584189	230	0	2014-05-18 19:40:11.231942+00	2		
1159	167218	1427969	230	0	2014-05-16 17:30:09.788285+00	34		
1173	167218	699127	230	0	2014-05-16 17:36:52.364596+00	31		
1343	167218	378899	230	0	2014-05-18 18:57:34.491032+00	20		
4890	167218	478153	3566	0	2015-08-25 13:04:04.753044+00	2		
4888	167218	1604415	3566	0	2015-08-25 12:38:36.533938+00	4		
3668	167218	683715	85	0	2015-01-16 02:35:10.61641+00	56		
5213	167166	1673153	3772	0	2015-10-16 17:43:38.250251+00	14		
5216	167173	1673197	3772	0	2015-10-16 18:10:37.993618+00	19		
3669	167218	683748	85	0	2015-01-16 02:35:10.61641+00	109		
1174	167218	302523	230	0	2014-05-16 17:38:24.283112+00	29		
1344	167218	338787	230	0	2014-05-18 18:57:39.87971+00	21		
1059	167218	723092	230	0	2014-05-16 17:13:51.409188+00	36		
1345	167218	463583	230	0	2014-05-18 18:57:44.44466+00	22		
1380	167218	264094	230	0	2014-05-18 19:44:19.191326+00	10		
1381	167218	682056	230	0	2014-05-18 19:44:25.335406+00	8		
1382	167218	354391	230	0	2014-05-18 19:44:30.68014+00	7		
1769	167218	1242886	52	0	2014-05-26 11:58:00.509637+00	2		
1383	167218	804875	230	0	2014-05-18 19:44:36.200295+00	6		
1384	167218	699066	230	0	2014-05-18 19:44:41.035466+00	5		
200	167157	1404047	76	0	2014-05-14 21:14:02.280311+00	5		
1385	167218	679940	230	0	2014-05-18 19:44:45.7993+00	4		
1386	167218	595452	230	0	2014-05-18 19:44:50.662574+00	3		
1387	167218	454484	230	0	2014-05-18 19:44:55.665732+00	1		
201	167158	1404028	76	0	2014-05-14 21:14:02.280311+00	6		
202	167159	1403764	76	0	2014-05-14 21:14:02.280311+00	7		
5221	167177	1673237	3772	0	2015-10-16 19:16:06.959016+00	24		
1388	167218	415328	230	0	2014-05-18 19:44:59.156196+00	9		
5228	166987	1673270	3772	0	2015-10-16 20:06:26.964076+00	28		
3670	167218	683773	85	0	2015-01-16 02:35:10.61641+00	108		
2905	167218	374858	85	0	2014-09-16 22:08:24.919417+00	54		
3599	167218	444391	85	0	2015-01-15 22:06:54.126754+00	13		
3629	167218	1046291	85	0	2015-01-16 02:17:03.772718+00	36		
3630	167218	1047102	85	0	2015-01-16 02:17:03.772718+00	10		
3626	167218	986585	85	0	2015-01-16 02:17:03.772718+00	2		
3614	167218	15697	85	0	2015-01-15 22:13:40.595734+00	76		
3615	167218	27508	85	0	2015-01-15 22:13:40.595734+00	73		
3652	167218	683325	85	0	2015-01-16 02:35:10.61641+00	111		
3653	167218	683328	85	0	2015-01-16 02:35:10.61641+00	92		
5229	166986	1673277	3772	0	2015-10-16 21:20:37.303265+00	29		
3654	167218	683332	85	0	2015-01-16 02:35:10.61641+00	53		
5231	167009	1673354	3774	0	2015-10-16 22:20:59.202943+00	1		
3655	167218	683333	85	0	2015-01-16 02:35:10.61641+00	96		
3656	167218	683336	85	0	2015-01-16 02:35:10.61641+00	114		
5232	167007	1673363	3772	0	2015-10-16 22:47:06.626372+00	31		
5233	167009	1673370	3772	0	2015-10-16 23:03:30.704646+00	32		
3657	167218	683339	85	0	2015-01-16 02:35:10.61641+00	58		
5181	167218	1226564	3771	0	2015-10-15 15:36:39.760863+00	1		
203	167160	1403579	76	0	2014-05-14 21:14:02.280311+00	8		
4869	167174	443837	3278	0	2015-08-17 12:14:06.572297+00	19		
658	167473	234824	190	0	2014-05-15 16:54:46.239395+00	57		
659	167479	262908	190	0	2014-05-15 16:54:46.239395+00	68		
661	167403	181754	190	0	2014-05-15 16:54:46.239395+00	44		
666	167472	873720	190	0	2014-05-15 16:54:46.239395+00	55		
204	167161	367765	76	0	2014-05-14 21:14:02.280311+00	9		
205	167162	1394762	76	0	2014-05-14 21:14:02.280311+00	10		
206	167163	367759	76	0	2014-05-14 21:16:14.87662+00	11		
667	167300	845216	190	0	2014-05-15 16:54:46.239395+00	60		
2456	167129	1459303	190	0	2014-08-05 06:56:46.275941+00	41		
2449	167397	1458757	190	0	2014-08-03 16:09:48.881901+00	28		
668	167485	847337	190	0	2014-05-15 16:54:46.239395+00	76		
669	167289	847341	190	0	2014-05-15 16:54:46.239395+00	48		
662	167302	830953	190	0	2014-05-15 16:54:46.239395+00	69		
663	167304	1038032	190	0	2014-05-15 16:54:46.239395+00	72		
664	167178	998584	190	0	2014-05-15 16:54:46.239395+00	20		
5178	167218	122978	2937	0	2015-10-14 20:14:43.520045+00	81		
4334	167218	68326	2937	0	2015-04-18 20:25:09.991967+00	105		
3929	167218	1474187	2937	0	2015-02-26 13:42:26.928071+00	159		
3983	167218	813988	2937	0	2015-02-27 04:16:28.078192+00	157		
3913	167218	1308252	2937	0	2015-02-25 18:48:23.419515+00	155		
3921	167218	1415904	2937	0	2015-02-26 13:21:05.797732+00	149		
3890	167218	1502039	2937	0	2015-02-25 17:18:58.981313+00	138		
3940	167218	138748	2937	0	2015-02-26 16:29:44.513618+00	86		
3916	167218	1451988	2937	0	2015-02-25 18:48:23.419515+00	97		
5206	167218	1672716	2937	0	2015-10-15 21:45:03.184251+00	46		
3926	167218	1528708	2937	0	2015-02-26 13:36:02.066245+00	144		
5171	167156	1670491	3575	0	2015-10-11 09:50:54.790533+00	4		
5235	167218	1039798	3022	0	2015-10-18 19:46:04.550854+00	2		
5234	167218	1645264	3022	0	2015-10-17 16:10:16.387765+00	3		
5236	167218	1618770	82	0	2015-10-18 21:13:15.846838+00	79		
5237	167010	1674689	3772	1	2015-10-19 15:14:32.054399+00	33		
5180	166987	477496	3769	0	2015-10-14 23:26:35.628662+00	33		
5162	167218	1603349	3740	0	2015-10-08 02:15:39.824126+00	3		
4853	167169	270235	3534	0	2015-08-15 22:59:54.364479+00	16		
4924	167218	1657267	3616	0	2015-09-11 11:18:16.023859+00	1		
5187	167154	482756	3768	0	2015-10-15 18:29:26.062164+00	3		
555	167494	1412427	1	0	2014-05-15 08:30:09.190327+00	109		
3601	167218	539749	85	0	2015-01-15 22:06:54.126754+00	26		
3365	167218	444512	82	0	2014-12-20 02:33:18.840243+00	10		
5209	167167	1672762	3772	0	2015-10-15 23:18:30.481182+00	15		
5306	167470	1243735	3769	1	2015-10-19 20:46:40.602529+00	72		
5191	167155	676315	3768	0	2015-10-15 19:03:10.50745+00	4		
5175	167218	1671727	3762	0	2015-10-13 20:39:08.011954+00	1		
5194	167156	508118	3769	0	2015-10-15 19:28:27.680971+00	6		
5201	167165	1672684	3772	0	2015-10-15 20:33:52.965712+00	13		
5212	167168	1673150	3772	0	2015-10-16 16:43:39.698627+00	16		
5214	167174	1673186	3772	0	2015-10-16 17:50:18.96883+00	20		
4405	239626	1244988	2041	0	2015-05-07 05:29:01.489684+00	31		
5217	166988	1673203	3772	0	2015-10-16 18:16:32.222217+00	27		
5309	167296	1244349	3769	1	2015-10-19 20:49:40.385661+00	75		
4891	167218	813971	3566	0	2015-08-25 13:05:55.193152+00	5		
5222	167178	1673245	3772	0	2015-10-16 19:33:57.809816+00	25		
5230	166985	1673322	3772	0	2015-10-16 21:24:38.851736+00	30		
68	167161	1198349	2041	0	2014-05-14 17:46:24.301379+00	9		
83	167163	736445	2041	0	2014-05-14 18:03:46.632819+00	11		
4895	167218	1427057	3570	0	2015-08-26 17:19:46.922736+00	1		
4870	167012	924207	3278	0	2015-08-17 12:14:20.837979+00	21		
4925	259236	1353294	2041	0	2015-09-11 14:34:17.268118+00	35		
4175	234360	1583886	2041	0	2015-03-25 13:48:26.116457+00	55		
3564	211315	1550077	2041	0	2015-01-13 15:25:03.21334+00	47		
4064	232127	1577323	2041	0	2015-03-11 12:16:14.286263+00	52		
3241	201429	1530226	2041	0	2014-11-26 18:08:07.225914+00	48		
2957	195043	1475538	2041	0	2014-10-18 16:00:09.404976+00	41		
2958	195044	1475531	2041	0	2014-10-18 16:01:36.83654+00	42		
556	167495	1412428	1	0	2014-05-15 08:30:09.190327+00	110		
5056	167154	357784	3676	0	2015-09-21 11:28:13.03711+00	4		
2963	195090	1515256	2041	0	2014-10-19 15:37:07.594343+00	46		
2962	195087	1515241	2041	0	2014-10-19 15:01:29.329625+00	38		
1901	174623	1410893	2041	0	2014-06-02 15:23:57.420624+00	36		
3101	197516	1521821	2041	0	2014-11-04 15:46:57.883625+00	43		
3258	201438	1530236	2041	0	2014-11-26 18:34:33.273168+00	51		
4900	167174	1649576	190	0	2015-08-27 08:36:15.081585+00	18		
557	167496	1412426	1	0	2014-05-15 08:30:09.190327+00	111		
5203	167218	1672697	2294	0	2015-10-15 20:54:46.86118+00	12		
4285	167218	1043062	2294	0	2015-04-02 13:51:39.276676+00	32		
4206	167218	266187	2294	0	2015-03-30 11:07:17.516198+00	33		
4207	167218	9168	2294	0	2015-03-30 11:18:57.510243+00	33		
4773	167218	1626582	2294	0	2015-06-29 12:00:47.237944+00	34		
4286	167218	1277102	2294	0	2015-04-02 13:52:28.38149+00	35		
558	167497	1412387	1	0	2014-05-15 08:30:09.190327+00	112		
559	167498	1412344	1	0	2014-05-15 08:30:09.190327+00	113		
560	167499	1412341	1	0	2014-05-15 08:30:09.190327+00	114		
84	167164	1198714	2041	0	2014-05-14 18:03:46.632819+00	12		
561	167500	1412333	1	0	2014-05-15 08:30:09.190327+00	115		
85	167165	1198802	2041	0	2014-05-14 18:03:46.632819+00	13		
4897	167218	1641302	3571	0	2015-08-27 00:45:27.298713+00	2		
4899	167218	1650886	3571	0	2015-08-27 01:01:00.272398+00	3		
643	167218	1114659	180	0	2014-05-15 15:24:07.177267+00	5		
644	167218	1114666	180	0	2014-05-15 15:24:07.177267+00	6		
645	167218	1115879	180	0	2014-05-15 15:24:07.177267+00	7		
86	167166	251779	2041	0	2014-05-14 18:03:46.632819+00	14		
87	167167	1198804	2041	0	2014-05-14 18:03:46.632819+00	15		
88	167168	284332	2041	0	2014-05-14 18:03:46.632819+00	16		
89	167169	1199179	2041	0	2014-05-14 18:03:46.632819+00	17		
60	167153	1190932	2041	0	2014-05-14 17:46:24.301379+00	1		
61	167154	1020289	2041	0	2014-05-14 17:46:24.301379+00	2		
62	167155	1190939	2041	0	2014-05-14 17:46:24.301379+00	3		
63	167156	1191052	2041	0	2014-05-14 17:46:24.301379+00	4		
64	167157	239832	2041	0	2014-05-14 17:46:24.301379+00	5		
65	167158	1193000	2041	0	2014-05-14 17:46:24.301379+00	6		
66	167159	1193004	2041	0	2014-05-14 17:46:24.301379+00	7		
67	167160	122367	2041	0	2014-05-14 17:46:24.301379+00	8		
90	167170	795958	2041	0	2014-05-14 18:03:46.632819+00	18		
4923	167153	1656977	3609	0	2015-09-10 19:40:16.01505+00	1		
717	167218	629519	82	0	2014-05-15 20:16:13.851224+00	110		
786	167218	455673	82	0	2014-05-16 00:11:50.719229+00	108		
968	167218	1198332	82	0	2014-05-16 16:49:46.172077+00	98		
5238	167011	1674695	3772	1	2015-10-19 15:40:01.853318+00	34		
91	167171	1199181	2041	0	2014-05-14 18:03:46.632819+00	19		
69	167162	1198352	2041	0	2014-05-14 17:46:24.301379+00	10		
92	167172	1199501	2041	0	2014-05-14 18:03:46.632819+00	20		
93	167173	80004	2041	0	2014-05-14 18:08:03.002541+00	21		
94	167174	1199851	2041	0	2014-05-14 18:08:03.002541+00	22		
95	167175	1199854	2041	0	2014-05-14 18:08:03.002541+00	23		
96	167176	1201653	2041	0	2014-05-14 18:08:03.002541+00	24		
97	166977	485807	2041	0	2014-05-14 18:08:03.002541+00	25		
98	167177	1201657	2041	0	2014-05-14 18:08:03.002541+00	26		
99	167178	1201823	2041	0	2014-05-14 18:08:03.002541+00	27		
100	167179	1201833	2041	0	2014-05-14 18:08:03.002541+00	28		
101	167180	1202527	2041	0	2014-05-14 18:08:03.002541+00	29		
102	166988	1202529	2041	0	2014-05-14 18:08:03.002541+00	30		
4926	167218	1363035	731	0	2015-09-11 18:23:56.887146+00	18		
1887	167218	1316836	731	0	2014-06-02 09:32:58.864171+00	4		
1888	167218	1316867	731	0	2014-06-02 09:32:58.864171+00	5		
1889	167218	1317189	731	0	2014-06-02 09:32:58.864171+00	6		
1890	167218	1317202	731	0	2014-06-02 09:32:58.864171+00	7		
1891	167218	1317230	731	0	2014-06-02 09:32:58.864171+00	8		
1892	167218	1317271	731	0	2014-06-02 09:32:58.864171+00	9		
5184	167153	982561	3769	0	2015-10-15 17:59:24.307909+00	3		
4854	167170	1041339	3534	0	2015-08-15 23:02:09.129618+00	17		
5188	167154	57958	3769	0	2015-10-15 18:29:31.389795+00	4		
5192	167155	1672638	3772	0	2015-10-15 19:16:03.017265+00	3		
5195	167156	1672645	3772	0	2015-10-15 19:37:19.194308+00	4		
2127	178475	1253340	1271	0	2014-06-24 16:19:46.137363+00	1		
2128	178483	1253343	1271	0	2014-06-24 16:51:54.706348+00	6		
5163	167218	1666239	3740	0	2015-10-08 02:16:16.32+00	15		
2346	167179	1451929	76	0	2014-07-15 13:50:48.430312+00	28		
5204	167171	1672705	3772	0	2015-10-15 21:04:27.423685+00	18		
382	167172	679839	98	0	2014-05-14 23:45:47.4856+00	22		
1410	167218	332863	82	0	2014-05-18 20:12:08.626104+00	13		
1893	167218	904691	731	0	2014-06-02 09:32:58.864171+00	10		
1894	167218	1320302	731	0	2014-06-02 09:32:58.864171+00	11		
383	167173	679860	98	0	2014-05-14 23:45:47.4856+00	23		
1895	167218	1320315	731	0	2014-06-02 09:32:58.864171+00	12		
1896	167218	1320328	731	0	2014-06-02 09:32:58.864171+00	13		
1897	167218	1320380	731	0	2014-06-02 09:32:58.864171+00	14		
1898	167218	1320390	731	0	2014-06-02 09:32:58.864171+00	15		
1899	167218	1320730	731	0	2014-06-02 09:32:58.864171+00	16		
1900	167218	1320766	731	0	2014-06-02 09:32:58.864171+00	17		
2762	167218	394327	731	0	2014-08-25 16:36:14.078355+00	19		
4896	167218	1240858	3570	0	2015-08-26 17:20:58.191433+00	2		
2347	167218	1451941	731	0	2014-07-15 14:05:15.500255+00	20		
4898	167218	169691	3571	0	2015-08-27 00:48:00.416475+00	1		
2451	167218	1459193	731	0	2014-08-04 14:22:32.062157+00	21		
2463	167218	1460033	731	0	2014-08-06 18:56:51.435199+00	22		
2465	167218	1460127	731	0	2014-08-06 20:44:22.696209+00	23		
2483	167218	1460781	731	0	2014-08-08 10:49:34.296996+00	24		
2502	167218	1461190	731	0	2014-08-09 15:29:49.239591+00	25		
2584	167218	1461601	731	0	2014-08-10 18:07:14.943045+00	26		
2618	167218	1462496	731	0	2014-08-12 16:34:30.674963+00	27		
4772	167218	1249836	731	0	2015-06-29 03:34:10.945604+00	28		
5210	167167	896845	3769	0	2015-10-15 23:20:32.128123+00	17		
333	167218	1363041	88	0	2014-05-14 23:16:28.956614+00	1		
334	167218	1129883	88	0	2014-05-14 23:16:28.956614+00	7		
4871	167173	1137918	3278	0	2015-08-17 12:14:34.866965+00	18		
5104	167218	769459	3697	0	2015-09-25 11:21:21.18287+00	2		
4016	167218	1574503	84	0	2015-03-05 14:13:00.888183+00	6		
5215	167175	1673190	3772	0	2015-10-16 17:55:29.982233+00	21		
5218	167162	1673210	3772	0	2015-10-16 18:23:35.179471+00	10		
5099	167218	321835	3697	0	2015-09-25 11:21:21.18287+00	7		
5223	167178	687894	3768	0	2015-10-16 19:34:38.040579+00	28		
5100	167218	309693	3697	0	2015-09-25 11:21:21.18287+00	4		
5101	167218	309650	3697	0	2015-09-25 11:21:21.18287+00	8		
5102	167218	321833	3697	0	2015-09-25 11:21:21.18287+00	5		
5103	167218	358277	3697	0	2015-09-25 11:21:21.18287+00	6		
5105	167218	309687	3697	0	2015-09-25 11:21:21.18287+00	15		
5106	167218	121853	3697	0	2015-09-25 11:21:21.18287+00	1		
5107	167218	121852	3697	0	2015-09-25 11:21:21.18287+00	9		
5108	167218	1065400	3697	0	2015-09-25 11:21:21.18287+00	10		
5109	167218	350722	3697	0	2015-09-25 11:21:21.18287+00	12		
5110	167218	309680	3697	0	2015-09-25 11:21:21.18287+00	14		
5111	167218	155375	3697	0	2015-09-25 11:21:21.18287+00	11		
5335	167218	82207	3783	0	2015-10-20 00:40:03.513698+00	1		
5337	167218	1520163	3784	1	2015-10-20 05:56:24.518809+00	1		
5239	167012	1674706	3772	1	2015-10-19 16:06:39.532285+00	35		
2129	178484	1253349	1271	0	2014-06-24 16:53:11.996698+00	5		
5243	167218	1674731	3772	1	2015-10-19 16:51:12.827866+00	1		
5308	167457	1244339	3769	1	2015-10-19 20:49:20.523459+00	74		
5339	167486	1675260	3769	1	2015-10-20 16:29:16.906243+00	103		
5336	167476	873165	3769	0	2015-10-20 02:30:27.245661+00	85		
385	167010	287689	98	0	2014-05-14 23:45:47.4856+00	40		
386	167011	234931	98	0	2014-05-14 23:45:47.4856+00	41		
5328	167304	1674891	3769	1	2015-10-19 21:59:15.234581+00	94		
5329	167481	1674898	3769	1	2015-10-19 22:09:43.155027+00	95		
5331	167460	1674917	3769	1	2015-10-19 22:58:39.369121+00	99		
5332	167484	1674921	3769	1	2015-10-19 23:08:43.394922+00	100		
5333	167485	1674926	3769	1	2015-10-19 23:26:15.14315+00	101		
5338	167482	1675221	3769	1	2015-10-20 15:35:24.199361+00	96		
5340	167487	1675271	3769	1	2015-10-20 16:42:16.032426+00	104		
5255	167165	546442	3769	1	2015-10-19 18:17:48.675963+00	15		
5259	167171	546147	3769	1	2015-10-19 18:21:18.651001+00	21		
4930	167162	1348661	3611	0	2015-09-14 02:50:11.654061+00	2		
5185	167153	67525	3768	0	2015-10-15 18:05:32.616028+00	2		
4855	167171	937959	3534	0	2015-08-15 23:08:23.604225+00	18		
562	167501	1412334	1	0	2014-05-15 08:30:09.190327+00	116		
563	167502	1412335	1	0	2014-05-15 08:30:09.190327+00	117		
564	167503	1412336	1	0	2014-05-15 08:30:09.190327+00	118		
565	167504	1412337	1	0	2014-05-15 08:30:09.190327+00	119		
566	167505	1412338	1	0	2014-05-15 08:30:09.190327+00	120		
5189	167154	1672628	3772	0	2015-10-15 18:36:04.346921+00	2		
5310	167471	1244733	3769	1	2015-10-19 20:50:25.715158+00	76		
5219	167176	1673218	3772	0	2015-10-16 18:34:55.931666+00	22		
4383	167153	1601053	3175	0	2015-05-03 06:17:04.611046+00	1		
4384	167154	1601056	3175	0	2015-05-03 06:17:04.611046+00	2		
2331	167218	1073051	1718	0	2014-07-14 12:35:47.838338+00	19		
4928	167218	1657664	1718	0	2015-09-12 11:58:27.253572+00	30		
4385	167155	1249107	3175	0	2015-05-03 06:29:05.753759+00	3		
4932	167218	653818	3132	0	2015-09-14 13:23:13.809644+00	1		
4937	167218	1658914	2791	0	2015-09-14 22:18:55.926703+00	1		
4935	167218	1368303	3132	0	2015-09-14 18:48:11.127091+00	3		
4931	167218	1548266	3132	0	2015-09-14 10:52:25.749574+00	8		
4938	167474	1658271	143	0	2015-09-14 23:35:59.73991+00	42		
423	167157	909590	143	0	2014-05-15 03:45:01.148679+00	5		
430	167040	826129	143	0	2014-05-15 03:51:06.850574+00	36		
437	167128	526363	143	0	2014-05-15 04:15:29.399246+00	37		
2297	167218	1319553	1636	0	2014-07-11 14:27:10.911676+00	1		
567	167506	1412340	1	0	2014-05-15 08:34:23.201187+00	121		
526	167300	1412364	1	0	2014-05-15 08:23:17.84472+00	80		
531	167456	1412169	1	0	2014-05-15 08:26:55.174452+00	85		
501	167128	1412204	1	0	2014-05-15 08:18:57.541853+00	55		
502	167129	1412203	1	0	2014-05-15 08:18:57.541853+00	56		
503	167130	1412202	1	0	2014-05-15 08:18:57.541853+00	57		
409	167167	639503	143	0	2014-05-15 03:25:28.570881+00	17		
424	167165	559108	143	0	2014-05-15 03:45:52.778435+00	12		
4294	167218	859294	1997	0	2015-04-07 11:06:06.264301+00	0		
431	167457	1196876	143	0	2014-05-15 03:51:48.474443+00	41		
4929	167218	725085	1735	0	2015-09-13 19:41:53.683894+00	6		
5115	167218	1663043	3699	0	2015-09-25 21:31:49.664398+00	1		
5164	167218	1667634	3740	0	2015-10-08 02:16:46.264568+00	20		
5116	167218	1663045	3699	0	2015-09-25 21:31:49.664398+00	2		
5117	167218	1663048	3699	0	2015-09-25 21:31:49.664398+00	3		
5114	167168	1663084	3278	0	2015-09-25 20:24:26.34786+00	12		
4872	167169	113126	3278	0	2015-08-17 12:17:48.067835+00	13		
2298	167218	467566	1636	0	2014-07-11 14:27:10.911676+00	2		
5196	167218	1672650	90	0	2015-10-15 19:40:42.533613+00	3		
5120	167218	1663368	3700	0	2015-09-26 16:13:08.085826+00	1		
4927	167218	825608	90	0	2015-09-11 23:02:27.97839+00	6		
2299	167218	467568	1636	0	2014-07-11 14:27:10.911676+00	3		
2300	167218	467583	1636	0	2014-07-11 14:27:10.911676+00	4		
2301	167218	467588	1636	0	2014-07-11 14:27:10.911676+00	5		
5122	261799	1285419	2041	0	2015-09-26 23:32:43.757333+00	33		
325	167218	1227778	88	0	2014-05-14 23:15:20.446648+00	13		
326	167218	1332731	88	0	2014-05-14 23:15:20.446648+00	15		
322	167218	1227790	88	0	2014-05-14 23:13:01.350031+00	20		
323	167218	1230394	88	0	2014-05-14 23:13:06.11332+00	19		
324	167218	1263000	88	0	2014-05-14 23:13:10.703667+00	18		
2130	178485	1253347	1271	0	2014-06-24 16:55:35.182607+00	8		
335	167218	1278205	88	0	2014-05-14 23:18:38.560216+00	5		
336	167218	1278216	88	0	2014-05-14 23:18:38.560216+00	4		
337	167218	1211326	88	0	2014-05-14 23:18:38.560216+00	3		
3835	167218	1567300	88	0	2015-02-18 09:22:08.305522+00	6		
3832	167218	1566983	88	0	2015-02-17 19:25:25.822401+00	16		
2169	167218	321846	1412	0	2014-07-03 15:02:42.240319+00	5		
3834	167218	1567018	88	0	2015-02-17 21:15:27.112828+00	2		
2172	167218	926701	1412	0	2014-07-03 15:44:00.558614+00	8		
5123	261800	1610164	2041	0	2015-09-26 23:59:39.671659+00	56		
2164	167218	596124	1412	0	2014-07-03 13:57:58.773519+00	3		
5119	261762	1648596	2041	0	2015-09-26 13:12:52.765947+00	57		
5330	167483	1674904	3769	1	2015-10-19 22:27:56.286525+00	97		
2155	167218	932937	85	0	2014-06-29 07:40:29.69609+00	9		
2157	167218	1095071	85	0	2014-06-29 20:59:14.648433+00	102		
3632	167218	1061951	85	0	2015-01-16 02:17:03.772718+00	7		
2153	167218	1408810	85	0	2014-06-29 06:23:53.77292+00	95		
2154	167218	503178	85	0	2014-06-29 07:36:36.128218+00	55		
2156	167218	1360790	85	0	2014-06-29 20:16:46.27858+00	107		
3651	167218	653642	85	0	2015-01-16 02:35:10.61641+00	75		
3624	167218	1444874	85	0	2015-01-16 02:17:03.772718+00	121		
3625	167218	1466771	85	0	2015-01-16 02:17:03.772718+00	118		
3676	167218	683813	85	0	2015-01-16 06:17:32.839834+00	61		
3680	167218	683821	85	0	2015-01-16 06:17:32.839834+00	33		
3681	167218	679316	85	0	2015-01-16 06:17:32.839834+00	100		
3682	167218	685589	85	0	2015-01-16 06:17:32.839834+00	82		
3683	167218	682038	85	0	2015-01-16 06:17:32.839834+00	94		
3692	167218	683232	85	0	2015-01-16 06:17:32.839834+00	70		
3693	167218	683233	85	0	2015-01-16 06:17:32.839834+00	49		
3694	167218	683236	85	0	2015-01-16 06:17:32.839834+00	101		
3695	167218	683240	85	0	2015-01-16 06:17:32.839834+00	74		
3696	167218	683246	85	0	2015-01-16 06:17:32.839834+00	84		
3646	167218	670671	85	0	2015-01-16 02:35:10.61641+00	46		
3640	167218	480219	85	0	2015-01-16 02:17:03.772718+00	67		
3641	167218	661797	85	0	2015-01-16 02:17:03.772718+00	21		
3610	167218	117684	85	0	2015-01-15 22:13:40.595734+00	115		
3611	167218	125878	85	0	2015-01-15 22:13:40.595734+00	23		
5118	167218	1663142	2684	0	2015-09-25 23:48:42.382321+00	3		
5121	261798	1648743	2041	0	2015-09-26 23:12:52.455531+00	59		
5113	167218	309697	3697	0	2015-09-25 11:26:34.133455+00	13		
5029	261091	1156948	244	0	2015-09-20 16:36:29.636288+00	57		
5030	261092	1046871	244	0	2015-09-20 16:36:29.636288+00	58		
1756	173033	1245544	244	0	2014-05-25 22:57:36.08355+00	12		
5031	261093	824802	244	0	2015-09-20 16:36:29.636288+00	64		
933	167974	1149218	244	0	2014-05-16 14:39:32.21923+00	94		
934	167975	1151978	244	0	2014-05-16 14:39:32.21923+00	93		
935	167976	1151987	244	0	2014-05-16 14:39:32.21923+00	92		
936	167977	1156944	244	0	2014-05-16 14:39:32.21923+00	91		
3177	200263	889457	244	0	2014-11-22 08:28:23.749007+00	82		
1517	171204	1430885	244	0	2014-05-21 14:03:35.728113+00	45		
5015	261078	1157638	244	0	2015-09-20 16:21:43.229608+00	25		
5016	261079	1424642	244	0	2015-09-20 16:21:43.229608+00	26		
4936	167218	1466451	3636	0	2015-09-14 19:02:51.20127+00	1		
4933	167218	798098	3132	0	2015-09-14 13:26:56.34748+00	2		
4856	167173	846576	3534	0	2015-08-15 23:17:35.148478+00	20		
5197	167157	1672655	3772	0	2015-10-15 19:49:20.483235+00	5		
5220	166977	1673222	3772	0	2015-10-16 18:43:16.14019+00	23		
504	167131	1412199	1	0	2014-05-15 08:18:57.541853+00	58		
508	167400	1412420	1	0	2014-05-15 08:23:17.84472+00	62		
2131	178486	1253345	1271	0	2014-06-24 16:58:14.217007+00	7		
5066	167161	358980	3676	0	2015-09-21 11:33:18.742254+00	12		
5225	167179	1673253	3772	0	2015-10-16 19:40:25.343664+00	26		
532	167478	1412179	1	0	2014-05-15 08:26:55.174452+00	86		
533	167301	1412177	1	0	2014-05-15 08:26:55.174452+00	87		
534	167479	1412176	1	0	2014-05-15 08:26:55.174452+00	88		
535	167302	1412175	1	0	2014-05-15 08:26:55.174452+00	89		
536	167480	1412185	1	0	2014-05-15 08:26:55.174452+00	90		
537	167303	1412190	1	0	2014-05-15 08:26:55.174452+00	91		
538	167304	1412212	1	0	2014-05-15 08:26:55.174452+00	92		
5165	167218	1667627	3740	0	2015-10-08 02:17:19.381172+00	18		
2170	167218	46989	1412	0	2014-07-03 15:12:52.323376+00	7		
418	167011	940318	143	0	2014-05-15 03:41:23.19409+00	29		
2302	167218	467585	1636	0	2014-07-11 14:27:10.911676+00	6		
2165	167218	1051610	1412	0	2014-07-03 14:00:13.865349+00	9		
419	167036	525178	143	0	2014-05-15 03:42:01.091984+00	33		
420	167129	1160924	143	0	2014-05-15 03:42:39.166775+00	38		
435	167012	999359	143	0	2014-05-15 04:13:57.178064+00	30		
441	167162	218211	143	0	2014-05-15 04:19:17.520673+00	10		
443	167399	747609	143	0	2014-05-15 04:21:00.724794+00	35		
5311	167472	1244740	3769	1	2015-10-19 20:50:52.165855+00	77		
5315	167299	1244989	3769	1	2015-10-19 20:52:47.912926+00	81		
5341	167488	1675275	3769	1	2015-10-20 16:54:15.194769+00	105		
5017	261080	1245550	244	0	2015-09-20 16:21:43.229608+00	29		
428	167175	488332	143	0	2014-05-15 03:49:53.290654+00	22		
429	166987	923371	143	0	2014-05-15 03:50:24.38144+00	26		
436	167130	839415	143	0	2014-05-15 04:14:44.046551+00	39		
442	167161	613459	143	0	2014-05-15 04:20:12.045651+00	9		
3826	167483	161033	143	0	2015-02-15 20:29:01.834019+00	48		
4110	167034	577124	143	0	2015-03-18 22:01:25.850966+00	32		
5057	167153	438452	3676	0	2015-09-21 11:28:13.03711+00	1		
5058	167153	226840	3676	0	2015-09-21 11:28:13.03711+00	2		
5055	167154	246180	3676	0	2015-09-21 11:28:13.03711+00	3		
5059	167155	357785	3676	0	2015-09-21 11:33:18.742254+00	5		
5060	167156	447006	3676	0	2015-09-21 11:33:18.742254+00	6		
5061	167157	316613	3676	0	2015-09-21 11:33:18.742254+00	7		
2166	167218	877512	1412	0	2014-07-03 14:09:42.831065+00	6		
5062	167158	441572	3676	0	2015-09-21 11:33:18.742254+00	8		
5063	167159	353817	3676	0	2015-09-21 11:33:18.742254+00	9		
2132	178487	1253342	1271	0	2014-06-24 17:01:24.260747+00	4		
5064	167159	357790	3676	0	2015-09-21 11:33:18.742254+00	10		
5065	167160	416157	3676	0	2015-09-21 11:33:18.742254+00	11		
2960	167479	1514582	143	0	2014-10-19 04:36:02.514525+00	44		
5067	167162	359405	3676	0	2015-09-21 11:33:18.742254+00	13		
5068	167163	359417	3676	0	2015-09-21 11:36:28.393927+00	14		
5069	167164	359426	3676	0	2015-09-21 11:36:28.393927+00	15		
5070	167165	360208	3676	0	2015-09-21 11:36:28.393927+00	16		
5071	167166	359435	3676	0	2015-09-21 11:36:28.393927+00	17		
5072	167167	358888	3676	0	2015-09-21 11:36:28.393927+00	18		
5073	167168	425696	3676	0	2015-09-21 11:36:28.393927+00	19		
5074	167169	425684	3676	0	2015-09-21 11:36:28.393927+00	20		
5075	167170	359646	3676	0	2015-09-21 11:36:28.393927+00	21		
5076	261203	359437	3676	0	2015-09-21 11:36:28.393927+00	22		
5077	167172	441643	3676	0	2015-09-21 11:36:28.393927+00	23		
3473	167171	1546730	143	0	2015-01-06 05:34:59.746428+00	19		
3464	167154	455508	143	0	2015-01-03 21:36:39.108915+00	3		
3465	167480	770964	143	0	2015-01-03 23:26:03.330411+00	46		
3494	167163	1082347	143	0	2015-01-07 12:12:09.102228+00	11		
4873	167169	203244	3278	0	2015-08-17 12:18:14.175698+00	14		
539	167481	1412209	1	0	2014-05-15 08:26:55.174452+00	93		
5248	167158	229022	3769	1	2015-10-19 17:38:53.360551+00	8		
5257	167169	1147303	3769	1	2015-10-19 18:20:02.744982+00	19		
5295	167130	1242393	3769	1	2015-10-19 20:37:09.267962+00	59		
931	167972	824567	244	0	2014-05-16 14:36:25.691388+00	10		
1411	170149	1429795	244	0	2014-05-19 05:46:54.989062+00	33		
1757	173034	1425503	244	0	2014-05-25 22:57:36.08355+00	16		
1758	173035	1148966	244	0	2014-05-25 22:57:36.08355+00	17		
1760	173037	1151942	244	0	2014-05-25 22:57:36.08355+00	19		
937	167978	1156943	244	0	2014-05-16 14:39:32.21923+00	90		
914	167955	1428453	244	0	2014-05-16 14:28:08.472362+00	52		
911	167952	1426056	244	0	2014-05-16 13:59:29.141607+00	71		
1768	173087	1432940	244	0	2014-05-26 03:44:15.611965+00	50		
915	167956	829430	244	0	2014-05-16 14:28:08.472362+00	49		
916	167957	643015	244	0	2014-05-16 14:28:08.472362+00	13		
917	167958	824571	244	0	2014-05-16 14:28:08.472362+00	14		
912	167953	824556	244	0	2014-05-16 14:00:37.216011+00	4		
938	167979	1170442	244	0	2014-05-16 14:39:32.21923+00	89		
929	167970	824550	244	0	2014-05-16 14:36:25.691388+00	6		
930	167971	824565	244	0	2014-05-16 14:36:25.691388+00	5		
921	167962	1149013	244	0	2014-05-16 14:28:08.472362+00	27		
947	167985	849458	244	0	2014-05-16 15:42:22.498021+00	2		
924	167965	1151874	244	0	2014-05-16 14:36:25.691388+00	9		
1326	169441	1429128	244	0	2014-05-18 13:42:13.817961+00	73		
925	167966	1151858	244	0	2014-05-16 14:36:25.691388+00	8		
926	167967	1149200	244	0	2014-05-16 14:36:25.691388+00	7		
5241	167291	698229	3768	1	2015-10-19 16:10:29.205747+00	72		
4857	167174	860539	3534	0	2015-08-15 23:21:38.79753+00	21		
3978	167218	8295	2937	0	2015-02-27 03:09:17.46042+00	132		
4934	167218	1658675	3038	0	2015-09-14 13:32:07.274504+00	2		
5078	167218	1160512	3679	0	2015-09-21 21:29:17.202954+00	1		
5198	167163	1672662	3772	0	2015-10-15 19:56:40.505876+00	11		
5166	167218	1666687	3740	0	2015-10-08 02:17:46.961287+00	14		
2171	167218	342269	1412	0	2014-07-03 15:18:27.970777+00	4		
540	167482	1412211	1	0	2014-05-15 08:26:55.174452+00	94		
541	167483	1412206	1	0	2014-05-15 08:26:55.174452+00	95		
5312	167297	1244883	3769	1	2015-10-19 20:51:39.6556+00	78		
5344	167218	1675303	3769	1	2015-10-20 18:13:41.188576+00	1		
542	167305	1412252	1	0	2014-05-15 08:26:55.174452+00	96		
543	167460	1412240	1	0	2014-05-15 08:26:55.174452+00	97		
438	167172	927807	143	0	2014-05-15 04:16:14.262626+00	20		
444	167155	639703	143	0	2014-05-15 04:22:03.74023+00	4		
425	167165	1376439	143	0	2014-05-15 03:46:49.078988+00	13		
410	167008	628929	143	0	2014-05-15 03:26:06.60253+00	28		
432	166985	923619	143	0	2014-05-15 04:10:01.7826+00	27		
439	167460	715464	143	0	2014-05-15 04:17:21.221385+00	50		
440	167038	489668	143	0	2014-05-15 04:18:09.825925+00	34		
411	167456	1384107	143	0	2014-05-15 03:26:58.294151+00	43		
544	167484	1412249	1	0	2014-05-15 08:26:55.174452+00	98		
426	167165	639520	143	0	2014-05-15 03:47:43.883723+00	14		
433	167173	1087848	143	0	2014-05-15 04:12:20.647014+00	21		
412	167153	858381	143	0	2014-05-15 03:27:36.494592+00	2		
427	167167	999573	143	0	2014-05-15 03:48:40.102235+00	16		
434	167459	232092	143	0	2014-05-15 04:13:13.687808+00	40		
413	166977	829706	143	0	2014-05-15 03:28:50.954472+00	24		
414	167014	1232194	143	0	2014-05-15 03:29:25.495343+00	31		
415	167170	782557	143	0	2014-05-15 03:30:33.425778+00	18		
416	167304	594461	143	0	2014-05-15 03:39:57.004349+00	47		
2687	167127	1464438	2026	0	2014-08-17 23:58:54.986523+00	0		
417	167305	248734	143	0	2014-05-15 03:40:39.649986+00	49		
4939	167159	917789	143	0	2015-09-15 02:45:11.47894+00	8		
4297	167218	1590518	1997	0	2015-04-07 12:10:41.459873+00	0		
545	167485	1412238	1	0	2014-05-15 08:26:55.174452+00	99		
546	167306	1412237	1	0	2014-05-15 08:26:55.174452+00	100		
547	167486	1412223	1	0	2014-05-15 08:30:09.190327+00	101		
485	167011	1412384	1	0	2014-05-15 08:16:03.431905+00	39		
486	167012	1412386	1	0	2014-05-15 08:16:03.431905+00	40		
5342	167489	1675285	3769	1	2015-10-20 17:11:19.54089+00	106		
5343	167490	1675291	3769	1	2015-10-20 17:33:37.389518+00	107		
5249	167159	546929	3769	1	2015-10-19 17:40:10.892929+00	9		
5258	167170	869987	3769	1	2015-10-19 18:20:38.20528+00	20		
5296	167131	480511	3769	1	2015-10-19 20:38:01.733501+00	60		
5346	167218	1675338	3769	1	2015-10-20 18:54:16.41484+00	3		
5091	167218	1662063	2937	0	2015-09-23 00:47:26.678697+00	94		
491	167035	1412186	1	0	2014-05-15 08:18:57.541853+00	45		
3869	167218	1507021	2937	0	2015-02-24 18:19:53.73603+00	95		
3999	167218	27611	2937	0	2015-02-27 18:37:45.761684+00	88		
4001	167218	1571466	2937	0	2015-02-27 19:27:10.389927+00	148		
4004	167218	1351738	2937	0	2015-02-27 20:13:19.08945+00	109		
4005	167218	747183	2937	0	2015-02-27 20:21:42.529574+00	151		
3987	167218	1571335	2937	0	2015-02-27 13:56:46.601354+00	94		
3945	167218	1455845	2937	0	2015-02-26 18:29:06.020139+00	106		
5080	167290	1518461	1057	0	2015-09-22 15:26:38.302153+00	52		
2102	167176	1369754	1057	0	2014-06-19 05:21:25.053145+00	24		
2103	167397	1408724	1057	0	2014-06-19 05:21:25.053145+00	40		
2104	167013	1408725	1057	0	2014-06-19 05:21:25.053145+00	41		
2105	167014	1408727	1057	0	2014-06-19 05:21:25.053145+00	42		
2106	167034	1408730	1057	0	2014-06-19 05:21:25.053145+00	43		
2081	167218	1298752	1057	0	2014-06-19 05:21:25.053145+00	1		
2064	167173	1094616	1057	0	2014-06-19 05:21:25.053145+00	21		
2065	167174	1094621	1057	0	2014-06-19 05:21:25.053145+00	22		
2063	167175	428479	1057	0	2014-06-19 05:21:25.053145+00	23		
2066	166977	1094786	1057	0	2014-06-19 05:21:25.053145+00	25		
2067	167177	1094789	1057	0	2014-06-19 05:21:25.053145+00	26		
2068	167178	1094791	1057	0	2014-06-19 05:21:25.053145+00	27		
2059	167179	966955	1057	0	2014-06-19 05:21:25.053145+00	28		
2069	167180	1094842	1057	0	2014-06-19 05:21:25.053145+00	29		
2078	166988	69485	1057	0	2014-06-19 05:21:25.053145+00	30		
2070	166986	1094844	1057	0	2014-06-19 05:21:25.053145+00	31		
2072	166985	1094846	1057	0	2014-06-19 05:21:25.053145+00	32		
2077	167007	270249	1057	0	2014-06-19 05:21:25.053145+00	33		
2074	167008	1094851	1057	0	2014-06-19 05:21:25.053145+00	34		
2073	167401	1094848	1057	0	2014-06-19 05:21:25.053145+00	35		
3950	167218	950491	2937	0	2015-02-26 19:13:49.954888+00	99		
3866	167218	1474822	2937	0	2015-02-24 18:14:34.756333+00	113		
4156	167218	279741	2937	0	2015-03-23 22:07:45.745339+00	104		
3900	167218	1516087	2937	0	2015-02-25 17:33:58.152247+00	137		
3901	167218	1517444	2937	0	2015-02-25 17:33:58.152247+00	160		
467	167173	1412112	1	0	2014-05-15 08:16:03.431905+00	21		
4003	167218	1571481	2937	0	2015-02-27 19:51:33.824182+00	74		
3930	167218	1570856	2937	0	2015-02-26 13:55:28.741796+00	47		
3996	167218	1571432	2937	0	2015-02-27 18:11:56.386137+00	79		
468	167174	1412187	1	0	2014-05-15 08:16:03.431905+00	22		
455	167161	1412346	1	0	2014-05-15 08:13:08.656944+00	9		
456	167162	1412383	1	0	2014-05-15 08:13:08.656944+00	10		
568	167507	1412378	1	0	2014-05-15 08:34:23.201187+00	122		
569	167508	1412379	1	0	2014-05-15 08:34:23.201187+00	123		
5242	167486	1674718	3772	1	2015-10-19 16:15:44.967389+00	36		
2075	167009	1094853	1057	0	2014-06-19 05:21:25.053145+00	36		
5090	167218	1661533	3687	0	2015-09-22 22:13:21.543894+00	1		
5079	167218	1661597	1719	0	2015-09-21 23:13:00.59192+00	13		
3931	167218	1456094	2937	0	2015-02-26 14:02:47.198611+00	16		
4000	167218	1571454	2937	0	2015-02-27 18:59:31.273734+00	28		
4002	167218	1571475	2937	0	2015-02-27 19:42:36.872477+00	41		
4007	167218	1571502	2937	0	2015-02-27 20:44:02.61059+00	34		
4312	167218	1325561	2937	0	2015-04-16 19:48:36.61044+00	39		
3977	167218	1513220	2937	0	2015-02-27 03:05:44.158836+00	30		
4858	167175	846588	3534	0	2015-08-15 23:27:56.825501+00	22		
3871	167218	1506337	2937	0	2015-02-24 18:19:53.73603+00	127		
4150	167218	553037	1997	0	2015-03-23 11:34:07.630646+00	0		
447	167153	1412219	1	0	2014-05-15 08:13:08.656944+00	1		
453	167159	1412403	1	0	2014-05-15 08:13:08.656944+00	7		
454	167160	1412343	1	0	2014-05-15 08:13:08.656944+00	8		
470	167176	1412196	1	0	2014-05-15 08:16:03.431905+00	24		
2133	178488	1253334	1271	0	2014-06-24 17:06:49.411902+00	2		
471	166977	1412214	1	0	2014-05-15 08:16:03.431905+00	25		
472	167177	1412213	1	0	2014-05-15 08:16:03.431905+00	26		
473	167178	1412208	1	0	2014-05-15 08:16:03.431905+00	27		
474	167179	1412241	1	0	2014-05-15 08:16:03.431905+00	28		
2167	167218	277875	1412	0	2014-07-03 14:19:18.362819+00	1		
475	167180	1412231	1	0	2014-05-15 08:16:03.431905+00	29		
466	167172	1378094	1	0	2014-05-15 08:13:08.656944+00	20		
939	167980	1157646	244	0	2014-05-16 14:39:32.21923+00	88		
3872	167218	558941	2937	0	2015-02-24 18:19:53.73603+00	128		
476	166988	1412234	1	0	2014-05-15 08:16:03.431905+00	30		
477	166987	1412217	1	0	2014-05-15 08:16:03.431905+00	31		
478	166986	1412225	1	0	2014-05-15 08:16:03.431905+00	32		
479	166985	1412224	1	0	2014-05-15 08:16:03.431905+00	33		
480	167007	1412411	1	0	2014-05-15 08:16:03.431905+00	34		
5199	167164	1672667	3772	0	2015-10-15 20:01:27.980425+00	12		
5224	166977	1673234	3769	0	2015-10-16 19:36:49.360504+00	27		
5227	166988	1238543	3769	0	2015-10-16 19:53:15.558827+00	32		
5167	167218	1666252	3740	0	2015-10-08 02:18:34.253275+00	16		
3870	167218	1523423	2937	0	2015-02-24 18:19:53.73603+00	125		
3908	167218	1525126	2937	0	2015-02-25 18:00:09.220568+00	143		
3947	167218	122983	2937	0	2015-02-26 18:42:48.023494+00	140		
481	167008	1412410	1	0	2014-05-15 08:16:03.431905+00	35		
1759	173036	1044098	244	0	2014-05-25 22:57:36.08355+00	18		
932	167973	824566	244	0	2014-05-16 14:39:32.21923+00	11		
1518	171205	1430890	244	0	2014-05-21 14:22:35.719144+00	46		
928	167969	824552	244	0	2014-05-16 14:36:25.691388+00	1		
923	167964	824594	244	0	2014-05-16 14:28:08.472362+00	31		
2134	178489	1253330	1271	0	2014-06-24 17:09:29.563217+00	3		
4353	238148	825152	244	0	2015-04-24 18:04:51.715052+00	78		
913	167951	648636	244	0	2014-05-16 14:01:01.000705+00	28		
4520	242914	1610510	244	0	2015-05-24 19:47:49.928146+00	59		
918	167959	824573	244	0	2014-05-16 14:28:08.472362+00	15		
4768	246884	1625862	244	0	2015-06-28 03:27:19.267778+00	74		
1413	170185	1429898	244	0	2014-05-19 13:50:16.92551+00	35		
1516	171203	973584	244	0	2014-05-21 13:47:42.464096+00	43		
2168	167218	1021219	1412	0	2014-07-03 14:50:55.202512+00	2		
1762	173039	1424648	244	0	2014-05-25 22:57:36.08355+00	22		
1763	173040	824588	244	0	2014-05-25 22:57:36.08355+00	23		
1755	173032	1432855	244	0	2014-05-25 22:51:02.584595+00	48		
920	167961	1149006	244	0	2014-05-16 14:28:08.472362+00	24		
5019	261082	1429787	244	0	2015-09-20 16:21:43.229608+00	36		
5020	261083	1046861	244	0	2015-09-20 16:21:43.229608+00	37		
5021	261084	1060593	244	0	2015-09-20 16:21:43.229608+00	38		
5032	261094	822883	244	0	2015-09-20 16:36:29.636288+00	53		
5033	261095	825172	244	0	2015-09-20 16:36:29.636288+00	55		
