17431	6303	4	219916	0	2011-05-16 16:31:52.155025+00	0		
33654	6303	11	162378	0	2011-05-16 16:31:52.155025+00	0		
12289	6303	13	279630	0	2011-05-16 16:31:52.155025+00	0		
40203	6303	50	277352	0	2011-05-16 16:31:52.155025+00	0		
22539	6303	60	225580	0	2011-05-16 16:31:52.155025+00	0		
4718	6303	103	263762	0	2011-05-16 16:31:52.155025+00	0		
50398	6303	116	108725	0	2011-05-16 16:31:52.155025+00	0		
1495	6303	119	491804	0	2011-05-16 16:31:52.155025+00	0		
29980	6303	121	437223	0	2011-05-16 16:31:52.155025+00	0		
6884	6303	190	292692	0	2011-05-16 16:31:52.155025+00	0		
42767	6303	335	135079	0	2011-05-16 16:31:52.155025+00	0		
2856	6303	421	563446	0	2011-05-16 16:31:52.155025+00	0		
859	6303	422	516701	0	2011-05-16 16:31:52.155025+00	0		
30891	6303	425	565382	0	2011-05-16 16:31:52.155025+00	0		
8435	6303	443	243163	0	2011-05-16 16:31:52.155025+00	0		
50153	6303	454	100659	0	2011-05-16 16:31:52.155025+00	0		
5533	6303	485	253293	0	2011-05-16 16:31:52.155025+00	0		
49400	6303	544	89860	0	2011-05-16 16:31:52.155025+00	0		
17539	6303	576	220119	0	2011-05-16 16:31:52.155025+00	0		
8863	6303	821	435811	0	2011-05-16 16:31:52.155025+00	0		
29380	6303	1070	174938	0	2011-05-16 16:31:52.155025+00	0		
41750	6303	1122	136230	0	2011-05-16 16:31:52.155025+00	0		
17438	6303	794291	542510	0	2011-10-30 17:00:16.523093+00	0		
56841	6303	1255	850480	0	2011-05-16 16:31:52.155025+00	0		
54153	6303	1263	816225	0	2011-05-16 16:31:52.155025+00	0		
50956	6303	1271	119461	0	2011-05-16 16:31:52.155025+00	0		
42028	6303	1281	137043	0	2011-05-16 16:31:52.155025+00	0		
29353	6303	1284	174920	0	2011-05-16 16:31:52.155025+00	0		
48570	6303	1290	75448	0	2011-05-16 16:31:52.155025+00	0		
28790	6303	1299	175891	0	2011-05-16 16:31:52.155025+00	0		
18594	6303	1305	222444	0	2011-05-16 16:31:52.155025+00	0		
39687	6303	1392	585834	0	2011-05-16 16:31:52.155025+00	0		
18432	6303	1415	216666	0	2011-05-16 16:31:52.155025+00	0		
31506	6303	1434	604331	0	2011-05-16 16:31:52.155025+00	0		
45943	6303	1436	4787	0	2011-05-16 16:31:52.155025+00	0		
21731	6303	1487	453192	0	2011-05-16 16:31:52.155025+00	0		
21774	6303	1490	542806	0	2011-05-16 16:31:52.155025+00	0		
26500	6303	1515	403438	0	2011-05-16 16:31:52.155025+00	0		
42194	6303	1609	134348	0	2011-05-16 16:31:52.155025+00	0		
19959	6303	1624	542700	0	2011-05-16 16:31:52.155025+00	0		
45656	6303	1625	278287	0	2011-05-16 16:31:52.155025+00	0		
48684	6303	1626	71273	0	2011-05-16 16:31:52.155025+00	0		
4617	6303	1634	431250	0	2011-05-16 16:31:52.155025+00	0		
38099	6303	1639	276931	0	2011-05-16 16:31:52.155025+00	0		
23445	6303	1645	576946	0	2011-05-16 16:31:52.155025+00	0		
29958	6303	1660	437222	0	2011-05-16 16:31:52.155025+00	0		
16163	6303	1681	212063	0	2011-05-16 16:31:52.155025+00	0		
49492	6303	1734	91706	0	2011-05-16 16:31:52.155025+00	0		
29139	6303	1795	592332	0	2011-05-16 16:31:52.155025+00	0		
42740	6303	1856	129181	0	2011-05-16 16:31:52.155025+00	0		
42739	6303	1857	129183	0	2011-05-16 16:31:52.155025+00	0		
2958	6303	2003	445916	0	2011-05-16 16:31:52.155025+00	0		
18193	6303	2007	587974	0	2011-05-16 16:31:52.155025+00	0		
17980	6303	2026	587961	0	2011-05-16 16:31:52.155025+00	0		
33304	6303	2067	166137	0	2011-05-16 16:31:52.155025+00	0		
16506	6303	2136	218240	0	2011-05-16 16:31:52.155025+00	0		
46599	6303	2255	124389	0	2011-05-16 16:31:52.155025+00	0		
46996	6303	2275	35620	0	2011-05-16 16:31:52.155025+00	0		
11449	6303	2292	625765	0	2011-05-16 16:31:52.155025+00	0		
27114	6303	2373	180101	0	2011-05-16 16:31:52.155025+00	0		
24387	6303	2455	46330	0	2011-05-16 16:31:52.155025+00	0		
42059	6303	2512	547792	0	2011-05-16 16:31:52.155025+00	0		
31778	6303	2609	568780	0	2011-05-16 16:31:52.155025+00	0		
43066	6303	2624	135074	0	2011-05-16 16:31:52.155025+00	0		
1746	6303	2663	481109	0	2011-05-16 16:31:52.155025+00	0		
50062	6303	2693	102177	0	2011-05-16 16:31:52.155025+00	0		
49543	6303	2700	93076	0	2011-05-16 16:31:52.155025+00	0		
36368	6303	2702	153587	0	2011-05-16 16:31:52.155025+00	0		
50915	6303	2717	122423	0	2011-05-16 16:31:52.155025+00	0		
220957	6307	1251019	1696182	0	2015-01-17 10:11:06.906125+00	0		
50330	6303	2901	103988	0	2011-05-16 16:31:52.155025+00	0		
42506	6303	2987	547817	0	2011-05-16 16:31:52.155025+00	0		
48503	6303	3008	70093	0	2011-05-16 16:31:52.155025+00	0		
33301	6303	3019	162702	0	2011-05-16 16:31:52.155025+00	0		
24989	6303	3116	187165	0	2011-05-16 16:31:52.155025+00	0		
41145	6303	3138	139394	0	2011-05-16 16:31:52.155025+00	0		
16192	6303	3175	289621	0	2011-05-16 16:31:52.155025+00	0		
8173	6303	3191	244136	0	2011-05-16 16:31:52.155025+00	0		
40403	6303	3206	589616	0	2011-05-16 16:31:52.155025+00	0		
50123	6303	3209	440233	0	2011-05-16 16:31:52.155025+00	0		
8692	6303	3229	590651	0	2011-05-16 16:31:52.155025+00	0		
21599	6303	3285	200465	0	2011-05-16 16:31:52.155025+00	0		
48307	6303	3291	64078	0	2011-05-16 16:31:52.155025+00	0		
30908	6303	3296	437283	0	2011-05-16 16:31:52.155025+00	0		
29377	6303	3383	174932	0	2011-05-16 16:31:52.155025+00	0		
15459	6303	3385	402491	0	2011-05-16 16:31:52.155025+00	0		
12292	6303	3387	557483	0	2011-05-16 16:31:52.155025+00	0		
14266	6303	3414	595069	0	2011-05-16 16:31:52.155025+00	0		
7137	6303	3459	570296	0	2011-05-16 16:31:52.155025+00	0		
42831	6303	3462	132339	0	2011-05-16 16:31:52.155025+00	0		
45899	6303	3463	103982	0	2011-05-16 16:31:52.155025+00	0		
4664	6303	3475	577032	0	2011-05-16 16:31:52.155025+00	0		
16213	6303	3495	208280	0	2011-05-16 16:31:52.155025+00	0		
22945	6303	3542	535430	0	2011-05-16 16:31:52.155025+00	0		
50124	6303	3552	99269	0	2011-05-16 16:31:52.155025+00	0		
364394	49051	19688	2823992	0	2014-12-25 06:00:37.085827+00	0		
9612	6303	3608	606031	0	2011-05-16 16:31:52.155025+00	0		
13646	6303	3624	436116	0	2011-05-16 16:31:52.155025+00	0		
7300	6303	3644	293453	0	2011-05-16 16:31:52.155025+00	0		
4392	6303	3658	427110	0	2011-05-16 16:31:52.155025+00	0		
48089	6303	3668	60638	0	2011-05-16 16:31:52.155025+00	0		
31567	6303	3706	429429	0	2011-05-16 16:31:52.155025+00	0		
43782	6303	3708	297242	0	2011-05-16 16:31:52.155025+00	0		
26320	6303	3709	183038	0	2011-05-16 16:31:52.155025+00	0		
57864	6303	3728	872198	0	2011-05-16 16:31:52.155025+00	0		
38320	6303	3757	146104	0	2011-05-16 16:31:52.155025+00	0		
26679	6303	3778	535750	0	2011-05-16 16:31:52.155025+00	0		
26476	6303	3834	182470	0	2011-05-16 16:31:52.155025+00	0		
37967	6303	3841	147567	0	2011-05-16 16:31:52.155025+00	0		
28221	6303	3856	179302	0	2011-05-16 16:31:52.155025+00	0		
46944	6303	2684	36408	0	2011-06-27 08:00:09.565648+00	0		
47434	6303	1648	42718	0	2011-11-09 17:00:06.977569+00	0		
41748	6303	3178	136226	0	2015-10-17 17:00:30.302773+00	0		
10500	6303	1439	237048	0	2013-02-08 19:00:26.213798+00	0		
5032	6303	436	463976	0	2012-02-10 22:09:32.007518+00	0		
41568	6303	2037	453157	0	2012-02-15 08:00:06.924576+00	0		
19891	6303	30	641133	0	2013-09-23 07:00:38.865222+00	0		
46058	6303	2269	8713	0	2012-04-30 20:09:17.75237+00	0		
48830	6303	2056	81828	0	2012-09-03 10:00:08.184206+00	0		
4614	6303	93	263756	0	2012-09-16 14:05:38.081982+00	0		
9330	6303	3600	240774	0	2013-03-21 09:00:16.523255+00	0		
12648	6303	450	699562	0	2013-03-28 21:00:57.116546+00	0		
8553	6303	267	242465	0	2013-09-27 00:00:19.767965+00	0		
42195	6303	1608	134364	0	2014-02-22 07:00:47.02282+00	0		
659	6303	21	438438	0	2014-02-25 16:00:35.570726+00	0		
17875	6303	3883	333988	0	2011-05-16 16:31:52.155025+00	0		
19023	6303	3923	531785	0	2011-05-16 16:31:52.155025+00	0		
30719	6303	4095	170492	0	2011-05-16 16:31:52.155025+00	0		
14769	6303	4107	705349	0	2011-05-16 16:31:52.155025+00	0		
45944	6303	4167	4785	0	2011-05-16 16:31:52.155025+00	0		
13575	6303	4170	226941	0	2011-05-16 16:31:52.155025+00	0		
49252	6303	4187	90559	0	2011-05-16 16:31:52.155025+00	0		
48517	6303	4195	70100	0	2011-05-16 16:31:52.155025+00	0		
22027	6303	4196	299558	0	2011-05-16 16:31:52.155025+00	0		
11101	6303	4243	478350	0	2011-05-16 16:31:52.155025+00	0		
49802	6303	4258	98209	0	2011-05-16 16:31:52.155025+00	0		
33456	6303	4285	421916	0	2011-05-16 16:31:52.155025+00	0		
34312	6303	4325	157425	0	2011-05-16 16:31:52.155025+00	0		
32534	6303	4516	568819	0	2011-05-16 16:31:52.155025+00	0		
50179	6303	4534	103523	0	2011-05-16 16:31:52.155025+00	0		
48871	6303	4588	77520	0	2011-05-16 16:31:52.155025+00	0		
30006	6303	4592	290752	0	2011-05-16 16:31:52.155025+00	0		
44804	6303	4604	125151	0	2011-05-16 16:31:52.155025+00	0		
32839	6303	4686	437431	0	2011-05-16 16:31:52.155025+00	0		
19761	6303	4904	406734	0	2011-05-16 16:31:52.155025+00	0		
51529	6303	5034	779796	0	2011-05-16 16:31:52.155025+00	0		
46266	6303	5222	15843	0	2011-05-16 16:31:52.155025+00	0		
5520	6303	5327	438924	0	2011-05-16 16:31:52.155025+00	0		
20102	6303	5331	420998	0	2011-05-16 16:31:52.155025+00	0		
19370	6303	5377	207885	0	2011-05-16 16:31:52.155025+00	0		
1182	6303	5378	170869	0	2011-05-16 16:31:52.155025+00	0		
18804	6303	5390	478917	0	2011-05-16 16:31:52.155025+00	0		
12197	6303	5391	402211	0	2011-05-16 16:31:52.155025+00	0		
11444	6303	5427	284606	0	2011-05-16 16:31:52.155025+00	0		
29976	6303	5430	309967	0	2011-05-16 16:31:52.155025+00	0		
26307	6303	5434	558496	0	2011-05-16 16:31:52.155025+00	0		
24560	6303	5438	196044	0	2011-05-16 16:31:52.155025+00	0		
50608	6303	5442	112055	0	2011-05-16 16:31:52.155025+00	0		
30288	6303	5449	593958	0	2011-05-16 16:31:52.155025+00	0		
8264	6303	5465	405760	0	2011-05-16 16:31:52.155025+00	0		
48975	6303	5476	76533	0	2011-05-16 16:31:52.155025+00	0		
50493	6303	5497	109497	0	2011-05-16 16:31:52.155025+00	0		
6451	6303	5524	498960	0	2011-05-16 16:31:52.155025+00	0		
14165	6303	5566	551037	0	2011-05-16 16:31:52.155025+00	0		
49968	6303	5574	100310	0	2011-05-16 16:31:52.155025+00	0		
12343	6303	5644	580833	0	2011-05-16 16:31:52.155025+00	0		
47040	6303	5664	37744	0	2011-05-16 16:31:52.155025+00	0		
40591	6303	5704	292082	0	2011-05-16 16:31:52.155025+00	0		
48476	6303	5766	70079	0	2011-05-16 16:31:52.155025+00	0		
16077	6303	5807	298988	0	2011-05-16 16:31:52.155025+00	0		
46953	6303	5821	36680	0	2011-05-16 16:31:52.155025+00	0		
29708	6303	5824	483363	0	2011-05-16 16:31:52.155025+00	0		
11602	6303	5861	625773	0	2011-05-16 16:31:52.155025+00	0		
48967	6303	5868	76291	0	2011-05-16 16:31:52.155025+00	0		
34213	6303	5871	300511	0	2011-05-16 16:31:52.155025+00	0		
6667	6303	5873	446207	0	2011-05-16 16:31:52.155025+00	0		
50343	6303	5878	103983	0	2011-05-16 16:31:52.155025+00	0		
12108	6303	5880	231477	0	2011-05-16 16:31:52.155025+00	0		
29694	6303	5888	652390	0	2011-05-16 16:31:52.155025+00	0		
10822	6303	5902	236493	0	2011-05-16 16:31:52.155025+00	0		
416	6303	5973	654154	0	2011-05-16 16:31:52.155025+00	0		
32155	6303	5978	451993	0	2011-05-16 16:31:52.155025+00	0		
27024	6303	6182	500622	0	2012-06-02 23:08:10.678594+00	0		
50150	6303	6006	100662	0	2011-05-16 16:31:52.155025+00	0		
34703	6303	6019	157557	0	2011-05-16 16:31:52.155025+00	0		
51942	6303	6021	795250	0	2011-05-16 16:31:52.155025+00	0		
44391	6303	6030	559817	0	2011-05-16 16:31:52.155025+00	0		
50492	6303	6040	109494	0	2011-05-16 16:31:52.155025+00	0		
6897	6303	6044	649869	0	2011-05-16 16:31:52.155025+00	0		
45654	6303	6045	121843	0	2011-05-16 16:31:52.155025+00	0		
50484	6303	6055	109447	0	2011-05-16 16:31:52.155025+00	0		
48926	6303	6056	76784	0	2011-05-16 16:31:52.155025+00	0		
26046	6303	6058	613641	0	2011-05-16 16:31:52.155025+00	0		
25593	6303	6084	620485	0	2011-05-16 16:31:52.155025+00	0		
25556	6303	6086	620482	0	2011-05-16 16:31:52.155025+00	0		
36534	6303	6092	559268	0	2011-05-16 16:31:52.155025+00	0		
8149	6303	6107	530834	0	2011-05-16 16:31:52.155025+00	0		
20604	6303	6360	554661	0	2011-05-16 16:31:52.155025+00	0		
19283	6303	6361	554582	0	2011-05-16 16:31:52.155025+00	0		
32514	6303	6434	452014	0	2011-05-16 16:31:52.155025+00	0		
14232	6303	6446	439561	0	2011-05-16 16:31:52.155025+00	0		
23568	6303	6468	199154	0	2011-05-16 16:31:52.155025+00	0		
36326	6303	6469	415202	0	2011-05-16 16:31:52.155025+00	0		
209832	6309	646943	1592461	0	2013-01-24 19:17:48.053774+00	0		
51912	6303	6493	802517	0	2011-05-16 16:31:52.155025+00	0		
4759	6303	6518	734544	0	2011-05-16 16:31:52.155025+00	0		
58378	6303	6566	871672	0	2011-05-16 16:31:52.155025+00	0		
60135	6303	6640	901459	0	2011-05-16 16:31:52.155025+00	0		
52459	6303	6702	794927	0	2011-05-16 16:31:52.155025+00	0		
10264	6303	6710	609211	0	2011-05-16 16:31:52.155025+00	0		
10503	6303	6834	237079	0	2011-05-16 16:31:52.155025+00	0		
20614	6303	6837	219460	0	2011-05-16 16:31:52.155025+00	0		
24889	6303	6838	186056	0	2011-05-16 16:31:52.155025+00	0		
27116	6303	6839	180098	0	2011-05-16 16:31:52.155025+00	0		
22812	6303	6841	201848	0	2011-05-16 16:31:52.155025+00	0		
50814	6303	6843	116370	0	2011-05-16 16:31:52.155025+00	0		
26366	6303	6846	182774	0	2011-05-16 16:31:52.155025+00	0		
43266	6303	6853	621633	0	2011-05-16 16:31:52.155025+00	0		
5607	6303	6854	252523	0	2011-05-16 16:31:52.155025+00	0		
24923	6303	6861	186051	0	2011-05-16 16:31:52.155025+00	0		
19683	6303	6862	223666	0	2011-05-16 16:31:52.155025+00	0		
23975	6303	6071	330560	0	2015-02-18 10:04:08.974294+00	0		
11417	6303	6866	625764	0	2011-05-16 16:31:52.155025+00	0		
39148	6303	6872	463002	0	2011-05-16 16:31:52.155025+00	0		
26974	6303	6873	180093	0	2011-05-16 16:31:52.155025+00	0		
21974	117677	4070	3132743	0	2015-06-04 23:29:41.782004+00	0		
41230	6303	5501	139219	0	2015-10-01 01:03:11.223732+00	0		
46569	6303	5431	26012	0	2015-10-04 21:02:40.46956+00	0		
47559	6303	4918	46399	0	2015-10-19 20:02:22.315499+00	0		
24924	6303	6874	186050	0	2011-05-16 16:31:52.155025+00	0		
24920	6303	6877	186054	0	2011-05-16 16:31:52.155025+00	0		
32863	6303	6878	589086	0	2011-05-16 16:31:52.155025+00	0		
31013	6303	6974	455810	0	2011-05-16 16:31:52.155025+00	0		
10348	6303	7133	450528	0	2011-05-16 16:31:52.155025+00	0		
39276	6303	7154	266978	0	2011-05-16 16:31:52.155025+00	0		
47200	6303	7160	39205	0	2011-05-16 16:31:52.155025+00	0		
47306	6303	7208	40793	0	2011-05-16 16:31:52.155025+00	0		
24749	6303	7311	339483	0	2011-05-16 16:31:52.155025+00	0		
36260	6303	7449	764812	0	2011-05-16 16:31:52.155025+00	0		
15924	6303	7489	517988	0	2011-05-16 16:31:52.155025+00	0		
16110	6303	7523	446961	0	2011-05-16 16:31:52.155025+00	0		
36299	6303	7561	614354	0	2011-05-16 16:31:52.155025+00	0		
27815	6303	7573	176195	0	2011-05-16 16:31:52.155025+00	0		
12024	6303	7633	333523	0	2011-05-16 16:31:52.155025+00	0		
27659	6303	4874	179617	0	2011-11-08 19:01:04.10879+00	0		
7265	6303	5817	550645	0	2012-01-10 21:02:44.071339+00	0		
47475	6303	5560	45203	0	2012-05-09 12:05:56.330708+00	0		
49848	6303	5988	98897	0	2012-06-27 16:00:10.011478+00	0		
7035	6303	7325	293420	0	2013-01-18 08:10:51.357261+00	0		
154168	6304	665167	1138054	0	2013-05-15 18:00:34.959728+00	0		
4503	6303	4666	523470	0	2013-08-26 19:00:42.343879+00	0		
44008	6303	4877	127789	0	2014-02-06 21:01:10.926033+00	0		
39013	6303	7636	142826	0	2011-05-16 16:31:52.155025+00	0		
48880	6303	7651	74744	0	2011-05-16 16:31:52.155025+00	0		
54211	6303	7948	831410	0	2011-05-16 16:31:52.155025+00	0		
126	6303	8256	520264	0	2011-05-16 16:31:52.155025+00	0		
34253	6303	8261	271361	0	2011-05-16 16:31:52.155025+00	0		
32019	6303	8262	727448	0	2011-05-16 16:31:52.155025+00	0		
50847	6303	8264	115078	0	2011-05-16 16:31:52.155025+00	0		
619	6303	8265	520293	0	2011-05-16 16:31:52.155025+00	0		
1134	6303	8267	520250	0	2011-05-16 16:31:52.155025+00	0		
60467	6303	8425	898256	0	2011-05-16 16:31:52.155025+00	0		
25912	6303	8486	182105	0	2011-05-16 16:31:52.155025+00	0		
16442	6303	8505	609648	0	2011-05-16 16:31:52.155025+00	0		
19876	6303	8507	670740	0	2011-05-16 16:31:52.155025+00	0		
23908	6303	8520	440323	0	2011-05-16 16:31:52.155025+00	0		
2434	6303	8532	605519	0	2011-05-16 16:31:52.155025+00	0		
2480	6303	8538	605523	0	2011-05-16 16:31:52.155025+00	0		
2461	6303	8541	605520	0	2011-05-16 16:31:52.155025+00	0		
3688	6303	8607	573361	0	2011-05-16 16:31:52.155025+00	0		
9589	6303	8638	439240	0	2011-05-16 16:31:52.155025+00	0		
8704	6303	8642	409421	0	2011-05-16 16:31:52.155025+00	0		
17115	6303	8644	410154	0	2011-05-16 16:31:52.155025+00	0		
8516	6303	8648	409407	0	2011-05-16 16:31:52.155025+00	0		
18886	6303	8649	222841	0	2011-05-16 16:31:52.155025+00	0		
16924	6303	8650	410148	0	2011-05-16 16:31:52.155025+00	0		
16632	6303	8655	752661	0	2011-05-16 16:31:52.155025+00	0		
27115	6303	8735	180100	0	2011-05-16 16:31:52.155025+00	0		
50643	6303	8736	120192	0	2011-05-16 16:31:52.155025+00	0		
25831	6303	8739	182692	0	2011-05-16 16:31:52.155025+00	0		
46164	6303	8760	10485	0	2011-05-16 16:31:52.155025+00	0		
46169	6303	8762	10484	0	2011-05-16 16:31:52.155025+00	0		
203975	6309	836551	1527845	0	2012-11-13 13:09:58.855196+00	0		
364395	49051	19688	2823993	0	2014-12-25 06:00:39.181363+00	0		
48661	6303	8890	77452	0	2011-05-16 16:31:52.155025+00	0		
4857	6303	8935	649571	0	2011-05-16 16:31:52.155025+00	0		
35543	6303	8941	153550	0	2011-05-16 16:31:52.155025+00	0		
19832	6303	8966	670739	0	2011-05-16 16:31:52.155025+00	0		
48454	6303	8984	69023	0	2011-05-16 16:31:52.155025+00	0		
47773	6303	8985	52569	0	2011-05-16 16:31:52.155025+00	0		
48453	6303	8999	69019	0	2011-05-16 16:31:52.155025+00	0		
48452	6303	9000	69014	0	2011-05-16 16:31:52.155025+00	0		
48451	6303	9001	69012	0	2011-05-16 16:31:52.155025+00	0		
4780	6303	9011	649568	0	2011-05-16 16:31:52.155025+00	0		
5567	6303	9022	693833	0	2011-05-16 16:31:52.155025+00	0		
5947	6303	9105	247617	0	2011-05-16 16:31:52.155025+00	0		
20511	6303	9180	319903	0	2011-05-16 16:31:52.155025+00	0		
52505	6303	9183	795657	0	2011-05-16 16:31:52.155025+00	0		
20615	6303	9184	319908	0	2011-05-16 16:31:52.155025+00	0		
25833	6303	9199	182689	0	2011-05-16 16:31:52.155025+00	0		
31654	6303	9203	168002	0	2011-05-16 16:31:52.155025+00	0		
26973	6303	9204	180094	0	2011-05-16 16:31:52.155025+00	0		
24922	6303	9212	186052	0	2011-05-16 16:31:52.155025+00	0		
51789	6303	9221	782674	0	2011-05-16 16:31:52.155025+00	0		
26972	6303	9223	180095	0	2011-05-16 16:31:52.155025+00	0		
23614	6303	9224	192835	0	2011-05-16 16:31:52.155025+00	0		
20582	6303	9226	319906	0	2011-05-16 16:31:52.155025+00	0		
23615	6303	9229	192833	0	2011-05-16 16:31:52.155025+00	0		
45928	6303	9230	4684	0	2011-05-16 16:31:52.155025+00	0		
48254	6303	9231	62328	0	2011-05-16 16:31:52.155025+00	0		
10426	6303	9235	237260	0	2011-05-16 16:31:52.155025+00	0		
51725	6303	9262	783076	0	2011-05-16 16:31:52.155025+00	0		
55391	6303	9323	839561	0	2011-05-16 16:31:52.155025+00	0		
44117	6303	9376	129453	0	2011-05-16 16:31:52.155025+00	0		
16477	6303	9428	458308	0	2011-05-16 16:31:52.155025+00	0		
16535	6303	9429	458310	0	2011-05-16 16:31:52.155025+00	0		
55957	6303	9432	847002	0	2011-05-16 16:31:52.155025+00	0		
18580	6303	9441	410307	0	2011-05-16 16:31:52.155025+00	0		
44399	6303	9443	126283	0	2011-05-16 16:31:52.155025+00	0		
9689	6303	9444	405888	0	2011-05-16 16:31:52.155025+00	0		
33377	6303	9451	163307	0	2011-05-16 16:31:52.155025+00	0		
55953	6303	9452	847001	0	2011-05-16 16:31:52.155025+00	0		
40320	6303	9480	277456	0	2011-05-16 16:31:52.155025+00	0		
45274	6303	9481	467041	0	2011-05-16 16:31:52.155025+00	0		
5656	6303	9502	622271	0	2011-05-16 16:31:52.155025+00	0		
24299	6303	9512	198356	0	2011-05-16 16:31:52.155025+00	0		
24045	6303	9514	198360	0	2011-05-16 16:31:52.155025+00	0		
46988	6303	9519	36834	0	2011-05-16 16:31:52.155025+00	0		
27260	6303	9528	185622	0	2011-05-16 16:31:52.155025+00	0		
46493	6303	9543	23422	0	2011-05-16 16:31:52.155025+00	0		
46495	6303	9544	23435	0	2011-05-16 16:31:52.155025+00	0		
46489	6303	9545	23415	0	2011-05-16 16:31:52.155025+00	0		
46494	6303	9546	23430	0	2011-05-16 16:31:52.155025+00	0		
32464	6303	9551	633823	0	2011-05-16 16:31:52.155025+00	0		
46986	6303	9568	36836	0	2011-05-16 16:31:52.155025+00	0		
46967	6303	9570	36828	0	2011-05-16 16:31:52.155025+00	0		
38566	6303	9578	466589	0	2011-05-16 16:31:52.155025+00	0		
15460	6303	9595	439650	0	2011-05-16 16:31:52.155025+00	0		
6937	6303	9601	757046	0	2011-05-16 16:31:52.155025+00	0		
15945	6303	6870	2886572	0	2015-01-12 21:02:01.217519+00	0		
20217	6303	9627	574731	0	2011-05-16 16:31:52.155025+00	0		
218061	49051	1196641	1669217	0	2013-04-12 14:41:10.149791+00	0		
11326	6303	9686	239263	0	2011-05-16 16:31:52.155025+00	0		
11710	6303	9690	602782	0	2011-05-16 16:31:52.155025+00	0		
33171	6303	9691	163316	0	2011-05-16 16:31:52.155025+00	0		
5932	6303	9318	247623	0	2015-07-07 19:03:03.471192+00	0		
20490	6303	8982	343525	0	2015-09-02 16:04:31.908678+00	0		
32506	6303	9692	163302	0	2011-05-16 16:31:52.155025+00	0		
46488	6303	9693	23412	0	2011-05-16 16:31:52.155025+00	0		
15561	6303	9706	439657	0	2011-05-16 16:31:52.155025+00	0		
16146	6303	9710	217731	0	2011-05-16 16:31:52.155025+00	0		
41694	6303	9716	627876	0	2011-05-16 16:31:52.155025+00	0		
50083	6303	10054	99207	0	2011-05-16 16:31:52.155025+00	0		
49916	6303	10066	99208	0	2011-05-16 16:31:52.155025+00	0		
21632	6303	10092	496430	0	2011-05-16 16:31:52.155025+00	0		
21712	6303	10121	496434	0	2011-05-16 16:31:52.155025+00	0		
3046	6303	10244	773693	0	2011-05-16 16:31:52.155025+00	0		
21549	6303	10255	496425	0	2011-05-16 16:31:52.155025+00	0		
39154	6303	10292	608057	0	2011-05-16 16:31:52.155025+00	0		
13865	6303	10622	260137	0	2011-05-16 16:31:52.155025+00	0		
28377	6303	10628	176875	0	2011-05-16 16:31:52.155025+00	0		
13296	6303	10633	531265	0	2011-05-16 16:31:52.155025+00	0		
3170	6303	10667	756649	0	2011-05-16 16:31:52.155025+00	0		
11316	6303	10669	398329	0	2011-05-16 16:31:52.155025+00	0		
47997	6303	10678	57127	0	2011-05-16 16:31:52.155025+00	0		
38809	6303	10679	144830	0	2011-05-16 16:31:52.155025+00	0		
11149	6303	10680	557348	0	2011-05-16 16:31:52.155025+00	0		
46165	6303	8763	760354	0	2012-05-13 18:42:55.708924+00	0		
41336	6303	10697	135844	0	2011-05-16 16:31:52.155025+00	0		
38585	6303	10698	143763	0	2011-05-16 16:31:52.155025+00	0		
28374	6303	10700	176859	0	2011-05-16 16:31:52.155025+00	0		
49853	6303	10714	98411	0	2011-05-16 16:31:52.155025+00	0		
31602	6303	10774	165878	0	2011-05-16 16:31:52.155025+00	0		
53153	6303	10832	813176	0	2011-05-16 16:31:52.155025+00	0		
47588	6303	10835	46720	0	2011-05-16 16:31:52.155025+00	0		
35115	6303	10919	159159	0	2011-05-16 16:31:52.155025+00	0		
15361	6303	11077	215384	0	2011-05-16 16:31:52.155025+00	0		
68149	28614	690068	984154	0	2011-11-13 19:00:12.03832+00	0		
111292	28614	116879	1059172	0	2012-01-04 04:00:09.937362+00	0		
49395	6303	11078	90123	0	2011-05-16 16:31:52.155025+00	0		
60683	6303	11084	908800	0	2011-05-16 16:31:52.155025+00	0		
361284	117677	1462033	2767241	0	2014-11-17 22:39:45.413143+00	0		
32979	6303	11200	429552	0	2011-05-16 16:31:52.155025+00	0		
8005	6303	11241	471159	0	2011-05-16 16:31:52.155025+00	0		
32935	6303	11252	429548	0	2011-05-16 16:31:52.155025+00	0		
34415	6303	11256	456092	0	2011-05-16 16:31:52.155025+00	0		
16211	6303	11257	208283	0	2011-05-16 16:31:52.155025+00	0		
22422	6303	11294	606840	0	2011-05-16 16:31:52.155025+00	0		
16190	6303	11298	208286	0	2011-05-16 16:31:52.155025+00	0		
18841	6303	11304	472053	0	2011-05-16 16:31:52.155025+00	0		
34156	6303	11316	469617	0	2011-05-16 16:31:52.155025+00	0		
15796	6303	11334	208274	0	2011-05-16 16:31:52.155025+00	0		
3091	6303	11401	401398	0	2011-05-16 16:31:52.155025+00	0		
56603	6303	11413	846086	0	2011-05-16 16:31:52.155025+00	0		
49139	6303	11427	85448	0	2011-05-16 16:31:52.155025+00	0		
20976	6303	11428	343568	0	2011-05-16 16:31:52.155025+00	0		
43652	6303	11441	129082	0	2011-05-16 16:31:52.155025+00	0		
50759	6303	11515	526535	0	2011-05-16 16:31:52.155025+00	0		
53229	6303	11519	821846	0	2011-05-16 16:31:52.155025+00	0		
19510	6303	11527	551410	0	2011-05-16 16:31:52.155025+00	0		
15816	6303	13179	436268	0	2012-11-18 12:08:37.377935+00	0		
20681	6303	11764	681012	0	2011-05-16 16:31:52.155025+00	0		
1487	6303	11916	318254	0	2011-05-16 16:31:52.155025+00	0		
1413	6303	11920	318242	0	2011-05-16 16:31:52.155025+00	0		
222829	6303	218602	1704280	0	2013-05-15 21:01:12.793313+00	0		
27804	6303	11999	596389	0	2011-05-16 16:31:52.155025+00	0		
32813	6303	12050	589083	0	2011-05-16 16:31:52.155025+00	0		
30694	6303	12122	779484	0	2011-05-16 16:31:52.155025+00	0		
32198	6303	12235	290982	0	2011-05-16 16:31:52.155025+00	0		
29529	6303	12411	525290	0	2011-05-16 16:31:52.155025+00	0		
53657	6303	12416	820581	0	2011-05-16 16:31:52.155025+00	0		
30640	6303	12424	568707	0	2011-05-16 16:31:52.155025+00	0		
26176	6303	12442	136683	0	2011-05-16 16:31:52.155025+00	0		
12533	6303	12446	230924	0	2011-05-16 16:31:52.155025+00	0		
9708	6303	12456	242241	0	2011-05-16 16:31:52.155025+00	0		
15512	6303	12552	436247	0	2011-05-16 16:31:52.155025+00	0		
15544	6303	12654	436250	0	2011-05-16 16:31:52.155025+00	0		
15483	6303	12670	436246	0	2011-05-16 16:31:52.155025+00	0		
19085	6303	12671	208437	0	2011-05-16 16:31:52.155025+00	0		
44220	6303	12698	605211	0	2011-05-16 16:31:52.155025+00	0		
36500	6303	12738	532996	0	2011-05-16 16:31:52.155025+00	0		
20612	6303	12742	202481	0	2011-05-16 16:31:52.155025+00	0		
30548	6303	12750	532560	0	2011-05-16 16:31:52.155025+00	0		
25265	6303	12796	603902	0	2011-05-16 16:31:52.155025+00	0		
37509	6303	12995	597228	0	2011-05-16 16:31:52.155025+00	0		
58606	6303	13175	889808	0	2011-05-16 16:31:52.155025+00	0		
209833	49051	1234157	1592488	0	2013-02-07 21:00:07.17264+00	0		
45353	6303	13232	123245	0	2011-05-16 16:31:52.155025+00	0		
1148	6303	13299	643784	0	2011-05-16 16:31:52.155025+00	0		
713	6303	13300	638904	0	2011-05-16 16:31:52.155025+00	0		
3194	6303	13319	397451	0	2011-05-16 16:31:52.155025+00	0		
26841	6303	13323	180069	0	2011-05-16 16:31:52.155025+00	0		
26843	6303	13343	180066	0	2011-05-16 16:31:52.155025+00	0		
8089	6303	13348	573665	0	2011-05-16 16:31:52.155025+00	0		
23616	6303	13365	192830	0	2011-05-16 16:31:52.155025+00	0		
34800	6303	13500	663141	0	2011-05-16 16:31:52.155025+00	0		
48044	6303	13567	57653	0	2011-05-16 16:31:52.155025+00	0		
27818	6303	13597	437095	0	2011-05-16 16:31:52.155025+00	0		
27835	6303	13598	437096	0	2011-05-16 16:31:52.155025+00	0		
21257	6303	13642	432973	0	2011-05-16 16:31:52.155025+00	0		
23765	6303	13695	606943	0	2011-05-16 16:31:52.155025+00	0		
23800	6303	13696	606944	0	2011-05-16 16:31:52.155025+00	0		
27803	6303	13702	437094	0	2011-05-16 16:31:52.155025+00	0		
23714	6303	13705	606940	0	2011-05-16 16:31:52.155025+00	0		
16083	6303	13817	446959	0	2011-05-16 16:31:52.155025+00	0		
25957	6303	13819	561870	0	2011-05-16 16:31:52.155025+00	0		
25942	6303	13821	561869	0	2011-05-16 16:31:52.155025+00	0		
14509	6303	14076	561042	0	2011-05-16 16:31:52.155025+00	0		
50550	6303	14084	110726	0	2011-05-16 16:31:52.155025+00	0		
6577	6303	14089	464114	0	2011-05-16 16:31:52.155025+00	0		
22454	6303	11206	606843	0	2014-09-09 20:01:16.394768+00	0		
38237	6303	14116	497806	0	2011-05-16 16:31:52.155025+00	0		
29876	6303	14119	173678	0	2011-05-16 16:31:52.155025+00	0		
60206	6303	14127	894389	0	2011-05-16 16:31:52.155025+00	0		
54247	6303	14143	823584	0	2011-05-16 16:31:52.155025+00	0		
33206	6303	14189	525627	0	2011-05-16 16:31:52.155025+00	0		
1889	6303	14283	533756	0	2011-05-16 16:31:52.155025+00	0		
10990	6303	14431	402116	0	2011-05-16 16:31:52.155025+00	0		
54922	6303	14473	826064	0	2011-05-16 16:31:52.155025+00	0		
33543	6303	14732	286403	0	2011-05-16 16:31:52.155025+00	0		
19214	6303	14740	606618	0	2011-05-16 16:31:52.155025+00	0		
2870	6303	14744	253398	0	2011-05-16 16:31:52.155025+00	0		
19291	6303	14756	606621	0	2011-05-16 16:31:52.155025+00	0		
19384	6303	14781	606625	0	2011-05-16 16:31:52.155025+00	0		
21918	6303	14784	285426	0	2011-05-16 16:31:52.155025+00	0		
21745	6303	14785	285417	0	2011-05-16 16:31:52.155025+00	0		
21768	6303	14786	285419	0	2011-05-16 16:31:52.155025+00	0		
19149	6303	14805	606617	0	2011-05-16 16:31:52.155025+00	0		
19254	6303	14807	606620	0	2011-05-16 16:31:52.155025+00	0		
23164	6303	14916	425066	0	2011-05-16 16:31:52.155025+00	0		
60371	6303	14926	896748	0	2011-05-16 16:31:52.155025+00	0		
60370	6303	14927	896757	0	2011-05-16 16:31:52.155025+00	0		
22769	6303	15027	196440	0	2011-05-16 16:31:52.155025+00	0		
26250	6303	15038	180690	0	2011-05-16 16:31:52.155025+00	0		
8736	6303	15104	446381	0	2011-05-16 16:31:52.155025+00	0		
12564	6303	15149	550962	0	2011-05-16 16:31:52.155025+00	0		
16096	6303	15160	446960	0	2011-05-16 16:31:52.155025+00	0		
1875	6303	15197	774125	0	2011-05-16 16:31:52.155025+00	0		
38382	6303	15199	525978	0	2011-05-16 16:31:52.155025+00	0		
38383	6303	15200	525976	0	2011-05-16 16:31:52.155025+00	0		
38407	6303	15201	525977	0	2011-05-16 16:31:52.155025+00	0		
38366	6303	15204	525974	0	2011-05-16 16:31:52.155025+00	0		
48470	6303	15206	65487	0	2011-05-16 16:31:52.155025+00	0		
4879	6303	15215	250180	0	2011-05-16 16:31:52.155025+00	0		
6291	6303	15218	245750	0	2011-05-16 16:31:52.155025+00	0		
50954	6303	15310	119464	0	2011-05-16 16:31:52.155025+00	0		
194023	28614	69047	1435723	0	2012-07-30 13:02:36.331217+00	0		
34084	6303	15348	459548	0	2011-05-16 16:31:52.155025+00	0		
16061	6303	15362	446958	0	2011-05-16 16:31:52.155025+00	0		
645	6303	15586	341736	0	2011-05-16 16:31:52.155025+00	0		
30592	6303	15598	455777	0	2011-05-16 16:31:52.155025+00	0		
15826	6303	15627	211289	0	2011-05-16 16:31:52.155025+00	0		
52216	6303	15655	797327	0	2011-05-16 16:31:52.155025+00	0		
34934	6303	15663	437605	0	2011-05-16 16:31:52.155025+00	0		
49434	6303	15674	94510	0	2011-05-16 16:31:52.155025+00	0		
17299	6303	15752	447047	0	2011-05-16 16:31:52.155025+00	0		
43488	6303	15771	128527	0	2011-05-16 16:31:52.155025+00	0		
41613	6303	15781	297049	0	2011-05-16 16:31:52.155025+00	0		
54169	6303	15798	816528	0	2011-05-16 16:31:52.155025+00	0		
55993	6303	15815	848406	0	2011-05-16 16:31:52.155025+00	0		
9316	6303	15865	235636	0	2011-05-16 16:31:52.155025+00	0		
9315	6303	15866	235637	0	2011-05-16 16:31:52.155025+00	0		
40814	6303	11755	544303	0	2013-12-08 15:00:20.966287+00	0		
2142	6303	176252	750783	0	2012-09-01 00:01:11.395768+00	0		
60184	6303	15871	901215	0	2011-05-16 16:31:52.155025+00	0		
38583	6303	15875	143767	0	2011-05-16 16:31:52.155025+00	0		
22248	6303	15877	343640	0	2011-05-16 16:31:52.155025+00	0		
43755	6303	15879	126492	0	2011-05-16 16:31:52.155025+00	0		
23499	6303	15897	522037	0	2011-05-16 16:31:52.155025+00	0		
8030	6303	15900	339929	0	2011-05-16 16:31:52.155025+00	0		
7107	6303	15902	293429	0	2011-05-16 16:31:52.155025+00	0		
23424	6303	15908	522034	0	2011-05-16 16:31:52.155025+00	0		
29203	6303	15920	610529	0	2011-05-16 16:31:52.155025+00	0		
33806	6303	15934	157851	0	2011-05-16 16:31:52.155025+00	0		
24154	6303	15950	554864	0	2011-05-16 16:31:52.155025+00	0		
30750	6303	15971	613995	0	2011-05-16 16:31:52.155025+00	0		
27695	6303	15973	546634	0	2011-05-16 16:31:52.155025+00	0		
24040	6303	15974	554857	0	2011-05-16 16:31:52.155025+00	0		
41899	6303	15980	627883	0	2011-05-16 16:31:52.155025+00	0		
31502	6303	15981	466004	0	2011-05-16 16:31:52.155025+00	0		
27424	6303	16000	546618	0	2011-05-16 16:31:52.155025+00	0		
43833	6303	16007	608358	0	2011-05-16 16:31:52.155025+00	0		
6629	6303	16022	520737	0	2011-05-16 16:31:52.155025+00	0		
24606	6303	16025	290322	0	2011-05-16 16:31:52.155025+00	0		
23924	6303	16026	535509	0	2011-05-16 16:31:52.155025+00	0		
49645	6303	16027	94345	0	2011-05-16 16:31:52.155025+00	0		
19122	6303	16028	285198	0	2011-05-16 16:31:52.155025+00	0		
33121	6303	16031	344574	0	2011-05-16 16:31:52.155025+00	0		
41599	6303	16032	627873	0	2011-05-16 16:31:52.155025+00	0		
38674	6303	16045	501494	0	2011-05-16 16:31:52.155025+00	0		
31913	6303	16055	290942	0	2011-05-16 16:31:52.155025+00	0		
11411	6303	16057	454047	0	2011-05-16 16:31:52.155025+00	0		
5007	6303	16059	249567	0	2011-05-16 16:31:52.155025+00	0		
31391	6303	16060	429417	0	2011-05-16 16:31:52.155025+00	0		
50399	6303	16072	111793	0	2011-05-16 16:31:52.155025+00	0		
11491	6303	16159	234021	0	2011-05-16 16:31:52.155025+00	0		
11493	6303	16160	234023	0	2011-05-16 16:31:52.155025+00	0		
38159	6303	16196	286831	0	2011-05-16 16:31:52.155025+00	0		
51001	6303	16300	120361	0	2011-05-16 16:31:52.155025+00	0		
46858	6303	17561	32715	0	2011-11-15 10:00:27.206333+00	0		
16148	6303	16507	439741	0	2011-05-16 16:31:52.155025+00	0		
27740	6303	16632	437098	0	2011-05-16 16:31:52.155025+00	0		
23674	6303	16636	192328	0	2011-05-16 16:31:52.155025+00	0		
41582	6303	16643	547757	0	2011-05-16 16:31:52.155025+00	0		
23856	6303	16649	575074	0	2011-05-16 16:31:52.155025+00	0		
23876	6303	16650	575075	0	2011-05-16 16:31:52.155025+00	0		
50037	6303	16656	102103	0	2011-05-16 16:31:52.155025+00	0		
41313	6303	16658	144774	0	2011-05-16 16:31:52.155025+00	0		
203976	6309	1012197	1527856	0	2012-11-13 13:29:42.692062+00	0		
194024	6303	16922	1435758	0	2012-07-17 16:09:10.23872+00	0		
45513	6303	16667	605302	0	2011-05-16 16:31:52.155025+00	0		
42264	6303	16848	501908	0	2011-05-16 16:31:52.155025+00	0		
2800	6303	16892	520434	0	2011-05-16 16:31:52.155025+00	0		
28367	6303	16907	617160	0	2011-05-16 16:31:52.155025+00	0		
2412	6303	16917	618699	0	2011-05-16 16:31:52.155025+00	0		
29692	6303	16932	657360	0	2011-05-16 16:31:52.155025+00	0		
50552	6303	16944	110784	0	2011-05-16 16:31:52.155025+00	0		
315814	6309	1332012	2339024	0	2014-01-06 21:18:49.68317+00	0		
4788	6303	16954	263765	0	2011-05-16 16:31:52.155025+00	0		
17934	6303	16970	331890	0	2011-05-16 16:31:52.155025+00	0		
32608	6303	17004	628703	0	2011-05-16 16:31:52.155025+00	0		
48776	6303	17014	76634	0	2011-05-16 16:31:52.155025+00	0		
4477	6303	16041	252168	0	2014-10-22 19:00:19.074095+00	0		
370175	117677	1264815	2916211	0	2015-01-31 08:43:34.298651+00	0		
16395	6303	17037	564425	0	2011-05-16 16:31:52.155025+00	0		
44432	6303	17044	297331	0	2011-05-16 16:31:52.155025+00	0		
25095	6303	17092	447813	0	2011-05-16 16:31:52.155025+00	0		
36219	6303	17094	335573	0	2011-05-16 16:31:52.155025+00	0		
7542	6303	17098	674798	0	2011-05-16 16:31:52.155025+00	0		
3289	6303	17113	520456	0	2011-05-16 16:31:52.155025+00	0		
19327	6303	17129	606623	0	2011-05-16 16:31:52.155025+00	0		
11113	6303	17184	264315	0	2011-05-16 16:31:52.155025+00	0		
35385	6303	17195	158312	0	2011-05-16 16:31:52.155025+00	0		
30630	6303	17196	399809	0	2011-05-16 16:31:52.155025+00	0		
46055	6303	16980	8716	0	2015-08-09 11:02:05.439266+00	0		
6122	6303	17211	615388	0	2011-05-16 16:31:52.155025+00	0		
4274	6303	17249	577008	0	2011-05-16 16:31:52.155025+00	0		
46289	6303	17328	18051	0	2011-05-16 16:31:52.155025+00	0		
882	6303	17367	453157	0	2011-05-16 16:31:52.155025+00	0		
38565	6303	17374	404456	0	2011-05-16 16:31:52.155025+00	0		
28068	6303	17376	525190	0	2011-05-16 16:31:52.155025+00	0		
30048	6303	17427	445345	0	2011-05-16 16:31:52.155025+00	0		
6514	6303	17479	111753	0	2011-05-16 16:31:52.155025+00	0		
26554	6303	17511	182175	0	2011-05-16 16:31:52.155025+00	0		
34169	6303	17535	159848	0	2011-05-16 16:31:52.155025+00	0		
603	6303	17569	438476	0	2011-05-16 16:31:52.155025+00	0		
23514	6303	17583	320169	0	2011-05-16 16:31:52.155025+00	0		
182655	6309	874107	1286728	0	2013-01-24 21:12:17.87502+00	0		
2176	6303	17611	405192	0	2011-05-16 16:31:52.155025+00	0		
2212	6303	17612	405194	0	2011-05-16 16:31:52.155025+00	0		
48459	6303	17620	70847	0	2011-05-16 16:31:52.155025+00	0		
47756	6303	17622	55806	0	2011-05-16 16:31:52.155025+00	0		
47906	6303	17629	55816	0	2011-05-16 16:31:52.155025+00	0		
41242	6303	17637	139167	0	2011-05-16 16:31:52.155025+00	0		
16436	6303	17652	524330	0	2011-05-16 16:31:52.155025+00	0		
17958	6303	17661	436442	0	2011-05-16 16:31:52.155025+00	0		
32905	6303	17664	589088	0	2011-05-16 16:31:52.155025+00	0		
19467	6303	17666	503718	0	2011-05-16 16:31:52.155025+00	0		
46921	6303	17928	36015	0	2015-04-22 09:03:16.215724+00	0		
27367	6303	17688	145028	0	2011-05-16 16:31:52.155025+00	0		
5689	6303	17690	553657	0	2011-05-16 16:31:52.155025+00	0		
19256	6303	17723	645768	0	2011-05-16 16:31:52.155025+00	0		
8059	6303	17726	243870	0	2011-05-16 16:31:52.155025+00	0		
18992	6303	17727	670624	0	2011-05-16 16:31:52.155025+00	0		
47008	6303	17730	36551	0	2011-05-16 16:31:52.155025+00	0		
18136	6303	17739	499878	0	2011-05-16 16:31:52.155025+00	0		
21090	6303	17748	343576	0	2011-05-16 16:31:52.155025+00	0		
46093	6303	17751	10891	0	2011-05-16 16:31:52.155025+00	0		
25440	6303	17764	528510	0	2011-05-16 16:31:52.155025+00	0		
48080	6303	17767	57878	0	2011-05-16 16:31:52.155025+00	0		
30382	6303	17770	532550	0	2011-05-16 16:31:52.155025+00	0		
33075	6303	17780	286373	0	2011-05-16 16:31:52.155025+00	0		
44681	6303	17814	547983	0	2011-05-16 16:31:52.155025+00	0		
43273	6303	17817	131113	0	2011-05-16 16:31:52.155025+00	0		
48489	6303	17572	80535	0	2011-08-20 22:00:07.33223+00	0		
47579	6303	17130	46217	0	2012-05-02 19:05:46.401378+00	0		
31501	6303	16009	429424	0	2012-06-17 00:05:42.672697+00	0		
195504	6309	727044	1457984	0	2012-08-23 12:00:11.495902+00	0		
36770	6303	16949	150600	0	2012-11-17 12:09:00.291613+00	0		
195152	6309	1084612	1457619	0	2012-08-23 11:00:14.679201+00	0		
25396	6303	17400	186296	0	2013-10-10 08:00:46.964798+00	0		
13152	6303	17067	226854	0	2014-04-03 22:00:18.014915+00	0		
22531	6303	16578	629745	0	2014-04-04 21:00:19.684015+00	0		
5352	6303	17243	328501	0	2014-04-05 22:00:15.018228+00	0		
13385	6303	17865	436107	0	2011-05-16 16:31:52.155025+00	0		
14871	6303	17908	694886	0	2011-05-16 16:31:52.155025+00	0		
53491	6303	17916	812303	0	2011-05-16 16:31:52.155025+00	0		
3367	6303	17932	488447	0	2011-05-16 16:31:52.155025+00	0		
9061	6303	17938	644628	0	2011-05-16 16:31:52.155025+00	0		
22486	6303	17949	535386	0	2011-05-16 16:31:52.155025+00	0		
50522	6303	18024	110720	0	2011-05-16 16:31:52.155025+00	0		
15649	6303	18037	303518	0	2011-05-16 16:31:52.155025+00	0		
49119	6303	18038	79278	0	2011-05-16 16:31:52.155025+00	0		
112293	6303	179553	1069913	0	2013-05-15 21:01:13.081672+00	0		
26673	6303	18102	182440	0	2011-05-16 16:31:52.155025+00	0		
47591	6303	18107	46728	0	2011-05-16 16:31:52.155025+00	0		
46180	6303	18124	10890	0	2011-05-16 16:31:52.155025+00	0		
9246	6303	18158	485373	0	2011-05-16 16:31:52.155025+00	0		
48579	6303	18161	76353	0	2011-05-16 16:31:52.155025+00	0		
20651	6303	18187	202277	0	2011-05-16 16:31:52.155025+00	0		
38813	6303	18193	445122	0	2011-05-16 16:31:52.155025+00	0		
33201	6303	18194	437458	0	2011-05-16 16:31:52.155025+00	0		
35689	6303	18198	153583	0	2011-05-16 16:31:52.155025+00	0		
41822	6303	18207	547778	0	2011-05-16 16:31:52.155025+00	0		
27238	6303	18219	476337	0	2011-05-16 16:31:52.155025+00	0		
41131	6303	18243	139583	0	2011-05-16 16:31:52.155025+00	0		
39587	6303	18261	149260	0	2011-05-16 16:31:52.155025+00	0		
16257	6303	18272	212656	0	2011-05-16 16:31:52.155025+00	0		
34430	6303	18288	459581	0	2011-05-16 16:31:52.155025+00	0		
47924	6303	18292	55901	0	2011-05-16 16:31:52.155025+00	0		
48621	6303	18334	73464	0	2011-05-16 16:31:52.155025+00	0		
47797	6303	18342	51764	0	2011-05-16 16:31:52.155025+00	0		
47013	6303	18362	35655	0	2011-05-16 16:31:52.155025+00	0		
46084	6303	18363	9863	0	2011-05-16 16:31:52.155025+00	0		
32484	6303	18365	702058	0	2011-05-16 16:31:52.155025+00	0		
34766	6303	18370	157410	0	2011-05-16 16:31:52.155025+00	0		
16179	6303	18373	208277	0	2011-05-16 16:31:52.155025+00	0		
47576	6303	18387	46223	0	2011-05-16 16:31:52.155025+00	0		
59128	6303	18444	887421	0	2011-05-16 16:31:52.155025+00	0		
68313	6303	1107576	986601	0	2011-11-18 11:00:08.831733+00	0		
63099	6309	917310	934200	0	2011-07-13 00:40:57.972026+00	0		
6719	6303	18505	734726	0	2011-05-16 16:31:52.155025+00	0		
25813	6303	18512	188276	0	2011-05-16 16:31:52.155025+00	0		
10409	6303	18555	128102	0	2011-05-16 16:31:52.155025+00	0		
31404	6303	18566	295403	0	2011-05-16 16:31:52.155025+00	0		
42258	6303	18573	134217	0	2011-05-16 16:31:52.155025+00	0		
46248	6303	18584	14122	0	2011-05-16 16:31:52.155025+00	0		
50104	6303	18589	98519	0	2011-05-16 16:31:52.155025+00	0		
46171	6303	18123	10889	0	2011-09-12 10:47:57.500107+00	0		
38181	6303	18668	39547	0	2011-10-03 22:01:34.75441+00	0		
7285	6303	18604	751434	0	2011-05-16 16:31:52.155025+00	0		
45940	6303	18605	4790	0	2011-05-16 16:31:52.155025+00	0		
43440	6303	17264	99086	0	2014-10-26 15:00:20.340887+00	0		
49791	6303	18607	98569	0	2011-05-16 16:31:52.155025+00	0		
46139	6303	18629	9397	0	2011-05-16 16:31:52.155025+00	0		
14773	6303	18636	210104	0	2011-05-16 16:31:52.155025+00	0		
46021	6303	18647	7299	0	2011-05-16 16:31:52.155025+00	0		
218062	49051	646439	1669218	0	2013-04-12 14:41:21.106094+00	0		
23706	6303	18659	334504	0	2011-05-16 16:31:52.155025+00	0		
48266	6303	18661	63418	0	2011-05-16 16:31:52.155025+00	0		
33228	6303	18665	163347	0	2011-05-16 16:31:52.155025+00	0		
7715	6303	18667	405733	0	2011-05-16 16:31:52.155025+00	0		
32475	6303	18669	441013	0	2011-05-16 16:31:52.155025+00	0		
13641	6303	18677	229076	0	2011-05-16 16:31:52.155025+00	0		
27268	6303	18684	334824	0	2011-05-16 16:31:52.155025+00	0		
31276	6303	18716	455824	0	2011-05-16 16:31:52.155025+00	0		
47563	6303	17255	46410	0	2015-08-09 23:02:59.30194+00	0		
42142	6303	17717	547797	0	2015-08-11 03:02:26.42877+00	0		
23701	6303	17573	193032	0	2015-09-18 06:01:53.412651+00	0		
8758	6303	17560	405800	0	2015-10-22 16:03:15.371297+00	0		
7532	6303	18717	246062	0	2011-05-16 16:31:52.155025+00	0		
3734	6303	18725	119471	0	2011-05-16 16:31:52.155025+00	0		
17602	6303	18734	458377	0	2011-05-16 16:31:52.155025+00	0		
48572	6303	18738	80930	0	2011-05-16 16:31:52.155025+00	0		
18935	6303	18740	613114	0	2011-05-16 16:31:52.155025+00	0		
28631	6303	18753	592281	0	2011-05-16 16:31:52.155025+00	0		
9684	6303	18758	240632	0	2011-05-16 16:31:52.155025+00	0		
46057	6303	18759	8714	0	2011-05-16 16:31:52.155025+00	0		
44981	6303	18762	422795	0	2011-05-16 16:31:52.155025+00	0		
50061	6303	18769	101529	0	2011-05-16 16:31:52.155025+00	0		
22008	6303	18778	304043	0	2011-05-16 16:31:52.155025+00	0		
45942	6303	18790	4788	0	2011-05-16 16:31:52.155025+00	0		
28942	6303	18808	543337	0	2011-05-16 16:31:52.155025+00	0		
36062	6303	18811	755091	0	2011-05-16 16:31:52.155025+00	0		
48629	6303	18849	73488	0	2011-05-16 16:31:52.155025+00	0		
2904	6303	1163364	775893	0	2014-01-25 16:00:13.726004+00	0		
32981	6303	19002	9401	0	2011-05-16 16:31:52.155025+00	0		
18298	6303	19007	587979	0	2011-05-16 16:31:52.155025+00	0		
13576	6303	19009	226936	0	2011-05-16 16:31:52.155025+00	0		
7966	6303	19012	557129	0	2011-05-16 16:31:52.155025+00	0		
13021	6303	19048	557531	0	2011-05-16 16:31:52.155025+00	0		
46250	6303	19091	14750	0	2011-05-16 16:31:52.155025+00	0		
208	6303	19122	302235	0	2011-05-16 16:31:52.155025+00	0		
9841	6303	19124	244555	0	2011-05-16 16:31:52.155025+00	0		
23454	6303	19144	192531	0	2011-05-16 16:31:52.155025+00	0		
52421	6303	19159	785666	0	2011-05-16 16:31:52.155025+00	0		
55167	6303	19237	829730	0	2011-05-16 16:31:52.155025+00	0		
173820	28614	293168	1266532	0	2012-04-09 05:30:36.444856+00	0		
43299	6303	19269	400803	0	2011-05-16 16:31:52.155025+00	0		
23550	6303	19279	192523	0	2011-05-16 16:31:52.155025+00	0		
2762	6303	18350	422791	0	2012-12-26 13:19:35.288427+00	0		
28074	6303	19283	681750	0	2011-05-16 16:31:52.155025+00	0		
13040	6303	19289	436086	0	2011-05-16 16:31:52.155025+00	0		
32032	6303	19292	558865	0	2011-05-16 16:31:52.155025+00	0		
28366	6303	19294	610481	0	2011-05-16 16:31:52.155025+00	0		
315815	6309	667589	2339026	0	2014-01-06 21:19:25.552061+00	0		
14194	6303	19328	436160	0	2011-05-16 16:31:52.155025+00	0		
1653	6303	19334	714056	0	2011-05-16 16:31:52.155025+00	0		
34254	6303	19344	340191	0	2011-05-16 16:31:52.155025+00	0		
8488	6303	19346	619131	0	2011-05-16 16:31:52.155025+00	0		
34319	6303	19353	614223	0	2011-05-16 16:31:52.155025+00	0		
48017	6303	18602	295483	0	2011-06-27 03:11:59.313678+00	0		
46979	6303	17931	36409	0	2011-06-27 08:00:09.845048+00	0		
48690	6303	18787	75458	0	2011-07-01 05:02:40.391325+00	0		
48844	6303	18447	78624	0	2011-10-13 15:04:12.517443+00	0		
50482	6303	18662	110092	0	2013-11-05 20:00:13.457227+00	0		
30590	6303	19034	429345	0	2011-11-28 15:02:29.902844+00	0		
45786	6303	19310	101187	0	2011-11-28 17:00:07.488607+00	0		
46061	6303	18763	8710	0	2012-04-30 20:09:17.26304+00	0		
111293	6309	985232	1059245	0	2012-01-04 07:00:08.821274+00	0		
7071	6303	17857	137047	0	2013-09-04 09:00:29.978034+00	0		
46060	6303	18760	8711	0	2012-04-30 20:09:18.851636+00	0		
45715	6303	19322	408622	0	2013-11-15 06:00:16.248754+00	0		
1930	6303	19215	244585	0	2012-05-03 16:05:47.420196+00	0		
37207	6303	1124741	151277	0	2012-06-12 14:00:10.18244+00	0		
22564	6303	18085	191002	0	2013-05-22 17:00:24.383789+00	0		
3399	6303	18293	714272	0	2014-04-02 12:01:06.321129+00	0		
324894	6309	1355494	2416123	0	2014-03-11 12:11:46.829779+00	0		
57212	6303	19362	857129	0	2011-05-16 16:31:52.155025+00	0		
27419	6303	19368	440663	0	2011-05-16 16:31:52.155025+00	0		
22075	6303	19390	206532	0	2011-05-16 16:31:52.155025+00	0		
41189	6303	19391	139260	0	2011-05-16 16:31:52.155025+00	0		
37381	6303	19393	282112	0	2011-05-16 16:31:52.155025+00	0		
48896	6303	19396	90525	0	2011-05-16 16:31:52.155025+00	0		
46160	6303	19401	10491	0	2011-05-16 16:31:52.155025+00	0		
32657	6303	19408	167770	0	2011-05-16 16:31:52.155025+00	0		
1940	6303	19427	530418	0	2011-05-16 16:31:52.155025+00	0		
28767	6303	19430	229012	0	2011-05-16 16:31:52.155025+00	0		
50096	6303	19433	101556	0	2011-05-16 16:31:52.155025+00	0		
35906	6303	19443	738152	0	2011-05-16 16:31:52.155025+00	0		
43742	6303	19467	126724	0	2011-05-16 16:31:52.155025+00	0		
6179	6303	19468	250855	0	2011-05-16 16:31:52.155025+00	0		
31492	6303	19478	168550	0	2011-05-16 16:31:52.155025+00	0		
17600	6303	19491	417370	0	2011-05-16 16:31:52.155025+00	0		
40455	6303	19492	287375	0	2011-05-16 16:31:52.155025+00	0		
7482	6303	19495	337924	0	2011-05-16 16:31:52.155025+00	0		
44332	6303	19523	125786	0	2011-05-16 16:31:52.155025+00	0		
34385	6303	19539	407764	0	2011-05-16 16:31:52.155025+00	0		
38097	6303	19550	144684	0	2011-05-16 16:31:52.155025+00	0		
8004	6303	19551	457712	0	2011-05-16 16:31:52.155025+00	0		
45891	6303	19553	2051	0	2011-05-16 16:31:52.155025+00	0		
189	6303	19571	415987	0	2011-05-16 16:31:52.155025+00	0		
30593	6303	19596	504557	0	2011-05-16 16:31:52.155025+00	0		
26345	6303	19608	717095	0	2011-05-16 16:31:52.155025+00	0		
30892	6303	19611	607446	0	2011-05-16 16:31:52.155025+00	0		
15644	6303	19637	214421	0	2011-05-16 16:31:52.155025+00	0		
39606	6303	19683	146324	0	2011-05-16 16:31:52.155025+00	0		
40682	6303	19687	332106	0	2011-05-16 16:31:52.155025+00	0		
46971	6303	19691	36644	0	2011-05-16 16:31:52.155025+00	0		
47301	6303	19692	40758	0	2011-05-16 16:31:52.155025+00	0		
25503	6303	19693	646622	0	2011-05-16 16:31:52.155025+00	0		
20644	6303	19698	571213	0	2011-05-16 16:31:52.155025+00	0		
46218	6303	19699	14134	0	2011-05-16 16:31:52.155025+00	0		
40962	6303	19703	142312	0	2011-05-16 16:31:52.155025+00	0		
24117	6303	19318	160249	0	2015-01-09 06:01:13.403242+00	0		
49244	6303	19715	86109	0	2011-05-16 16:31:52.155025+00	0		
44950	6303	19474	678367	0	2012-01-19 10:00:07.679709+00	0		
50105	6303	19741	98514	0	2011-05-16 16:31:52.155025+00	0		
46225	6303	19746	14127	0	2011-05-16 16:31:52.155025+00	0		
44675	6303	19752	125163	0	2011-05-16 16:31:52.155025+00	0		
11881	6303	19761	436020	0	2011-05-16 16:31:52.155025+00	0		
13727	6303	19773	551016	0	2011-05-16 16:31:52.155025+00	0		
31264	6303	19814	168778	0	2011-05-16 16:31:52.155025+00	0		
4574	6303	19829	251233	0	2011-05-16 16:31:52.155025+00	0		
30530	6303	19867	171264	0	2011-05-16 16:31:52.155025+00	0		
21042	6303	19936	554690	0	2011-05-16 16:31:52.155025+00	0		
51002	6303	20003	120363	0	2011-05-16 16:31:52.155025+00	0		
51009	6303	20005	120372	0	2011-05-16 16:31:52.155025+00	0		
51010	6303	20007	120373	0	2011-05-16 16:31:52.155025+00	0		
19566	6303	19373	338854	0	2015-05-25 03:03:02.222711+00	0		
33772	6303	19484	572072	0	2015-09-27 18:01:37.705776+00	0		
42877	6303	19763	614773	0	2015-10-09 05:02:13.033748+00	0		
18324	6303	20052	303723	0	2011-05-16 16:31:52.155025+00	0		
40423	6303	20086	589617	0	2011-05-16 16:31:52.155025+00	0		
28355	6303	20094	180213	0	2011-05-16 16:31:52.155025+00	0		
32120	6303	20159	589048	0	2011-05-16 16:31:52.155025+00	0		
20097	6303	20230	224179	0	2011-05-16 16:31:52.155025+00	0		
49674	6303	20264	98876	0	2011-05-16 16:31:52.155025+00	0		
42949	6303	20268	132341	0	2011-05-16 16:31:52.155025+00	0		
1120	6303	20300	75439	0	2011-05-16 16:31:52.155025+00	0		
22137	6303	20302	299563	0	2011-05-16 16:31:52.155025+00	0		
27113	6303	20307	180103	0	2011-05-16 16:31:52.155025+00	0		
46269	6303	20321	15846	0	2011-05-16 16:31:52.155025+00	0		
33833	6303	20328	286445	0	2011-05-16 16:31:52.155025+00	0		
29678	6303	20330	290733	0	2011-05-16 16:31:52.155025+00	0		
50898	6303	20334	120751	0	2011-05-16 16:31:52.155025+00	0		
56584	6303	20355	854091	0	2011-05-16 16:31:52.155025+00	0		
34019	6303	20364	604491	0	2011-05-16 16:31:52.155025+00	0		
50565	6303	20366	111763	0	2011-05-16 16:31:52.155025+00	0		
3817	6303	20388	332627	0	2011-05-16 16:31:52.155025+00	0		
35531	6303	20409	154464	0	2011-05-16 16:31:52.155025+00	0		
28351	6303	20417	421970	0	2011-05-16 16:31:52.155025+00	0		
22508	6303	20420	191185	0	2011-05-16 16:31:52.155025+00	0		
47084	6303	20424	36016	0	2011-05-16 16:31:52.155025+00	0		
223152	49051	1269059	1708910	0	2013-05-15 18:24:23.971145+00	0		
10530	6303	20431	329126	0	2011-05-16 16:31:52.155025+00	0		
46011	6303	20433	7298	0	2011-05-16 16:31:52.155025+00	0		
173821	6303	112357	1266562	0	2012-04-09 08:08:01.368042+00	0		
209834	6309	779373	1128716	0	2013-01-24 21:22:25.097802+00	0		
46223	6303	20448	14129	0	2011-05-16 16:31:52.155025+00	0		
40612	6303	20453	283001	0	2011-05-16 16:31:52.155025+00	0		
42386	6303	20436	1098211	0	2013-05-26 11:01:11.222912+00	0		
36100	6303	20475	331398	0	2011-05-16 16:31:52.155025+00	0		
35777	6303	20477	331380	0	2011-05-16 16:31:52.155025+00	0		
22506	6303	20481	711042	0	2011-05-16 16:31:52.155025+00	0		
22129	6303	20482	711007	0	2011-05-16 16:31:52.155025+00	0		
42952	6303	20485	132337	0	2011-05-16 16:31:52.155025+00	0		
36068	6303	20487	331396	0	2011-05-16 16:31:52.155025+00	0		
12580	6303	20678	557498	0	2011-05-16 16:31:52.155025+00	0		
46929	6303	20885	35928	0	2011-05-16 16:31:52.155025+00	0		
22264	6303	20912	183053	0	2011-05-16 16:31:52.155025+00	0		
11746	6303	20954	432024	0	2011-05-16 16:31:52.155025+00	0		
24250	6303	20973	186992	0	2011-05-16 16:31:52.155025+00	0		
58520	6303	20977	896678	0	2011-05-16 16:31:52.155025+00	0		
41142	6303	20987	139585	0	2011-05-16 16:31:52.155025+00	0		
16768	6303	21109	219117	0	2011-05-16 16:31:52.155025+00	0		
44662	6303	21184	125168	0	2011-05-16 16:31:52.155025+00	0		
49279	6303	21265	88263	0	2011-05-16 16:31:52.155025+00	0		
10932	6303	21277	235743	0	2011-05-16 16:31:52.155025+00	0		
8926	6303	21278	545306	0	2011-05-16 16:31:52.155025+00	0		
40907	6303	21285	445339	0	2011-05-16 16:31:52.155025+00	0		
37784	6303	21290	345022	0	2011-05-16 16:31:52.155025+00	0		
27998	6303	21324	652214	0	2011-05-16 16:31:52.155025+00	0		
42427	6303	21325	480655	0	2011-05-16 16:31:52.155025+00	0		
4153	6303	19370	256557	0	2012-03-05 08:01:28.424334+00	0		
4806	6303	19688	431258	0	2013-05-29 22:00:27.033761+00	0		
68338	6309	977871	986985	0	2011-11-19 08:00:07.905528+00	0		
42494	6303	20423	137052	0	2011-11-08 13:02:45.475715+00	0		
42434	6303	19574	744642	0	2012-03-29 02:00:11.043338+00	0		
41606	6303	21116	137628	0	2012-08-03 21:01:14.530943+00	0		
174712	6309	101420	1273053	0	2012-04-28 22:00:07.242383+00	0		
47479	6303	20361	45064	0	2012-04-30 20:09:16.690135+00	0		
34067	6303	20996	161427	0	2012-06-04 15:05:09.200156+00	0		
13128	6303	21019	746585	0	2012-12-11 20:17:53.667699+00	0		
210591	6309	1232279	1600645	0	2013-02-02 01:17:33.348438+00	0		
26837	6303	20202	180075	0	2013-06-01 20:02:04.200388+00	0		
24507	6303	19525	119487	0	2013-10-27 10:00:54.276906+00	0		
49433	6303	20489	93498	0	2014-02-22 13:03:11.659656+00	0		
3270	6303	21326	563465	0	2011-05-16 16:31:52.155025+00	0		
26166	6303	21347	428895	0	2011-05-16 16:31:52.155025+00	0		
25274	6303	21725	185136	0	2011-07-30 19:00:45.92703+00	0		
4389	6303	21395	298006	0	2011-05-16 16:31:52.155025+00	0		
22695	6303	21396	571306	0	2011-05-16 16:31:52.155025+00	0		
16521	6303	21404	640772	0	2011-05-16 16:31:52.155025+00	0		
32022	6303	21463	464694	0	2011-05-16 16:31:52.155025+00	0		
48957	6303	21464	77242	0	2011-05-16 16:31:52.155025+00	0		
15790	6303	21474	767383	0	2011-05-16 16:31:52.155025+00	0		
49829	6303	21508	97887	0	2011-05-16 16:31:52.155025+00	0		
32581	6303	21515	271229	0	2011-05-16 16:31:52.155025+00	0		
29160	6303	21547	525273	0	2011-05-16 16:31:52.155025+00	0		
5435	6303	21565	625359	0	2011-05-16 16:31:52.155025+00	0		
48247	6303	21621	72045	0	2011-05-16 16:31:52.155025+00	0		
63166	6309	53993	934626	0	2011-07-13 19:51:09.443856+00	0		
27464	6303	21961	339479	0	2011-08-02 22:02:15.50176+00	0		
30136	6303	21627	173499	0	2011-05-16 16:31:52.155025+00	0		
42804	6303	21701	129065	0	2011-05-16 16:31:52.155025+00	0		
367003	6309	1477961	2874943	0	2015-01-12 02:01:22.41832+00	0		
26145	6303	21707	182929	0	2011-05-16 16:31:52.155025+00	0		
32280	6303	21709	589057	0	2011-05-16 16:31:52.155025+00	0		
24808	6303	21710	444182	0	2011-05-16 16:31:52.155025+00	0		
32221	6303	21716	589055	0	2011-05-16 16:31:52.155025+00	0		
43134	6303	21717	130555	0	2011-05-16 16:31:52.155025+00	0		
46551	6303	21187	25945	0	2014-05-30 23:00:50.300426+00	0		
41812	6303	20435	137048	0	2014-06-10 18:01:08.787518+00	0		
41152	6303	21676	139416	0	2014-09-12 19:00:14.324711+00	0		
6614	6303	21726	570272	0	2011-05-16 16:31:52.155025+00	0		
29378	6303	21727	174933	0	2011-05-16 16:31:52.155025+00	0		
6774	6303	21728	570280	0	2011-05-16 16:31:52.155025+00	0		
6650	6303	21730	570274	0	2011-05-16 16:31:52.155025+00	0		
28607	6303	21740	238538	0	2011-05-16 16:31:52.155025+00	0		
361285	6309	1462050	2767242	0	2014-11-17 22:39:58.647189+00	0		
48581	6303	21780	80928	0	2011-05-16 16:31:52.155025+00	0		
6886	6303	21868	284249	0	2011-05-16 16:31:52.155025+00	0		
24500	6303	21883	599775	0	2011-05-16 16:31:52.155025+00	0		
8546	6303	21888	553837	0	2011-05-16 16:31:52.155025+00	0		
32594	6303	21903	702059	0	2011-05-16 16:31:52.155025+00	0		
52405	6303	21931	804350	0	2011-05-16 16:31:52.155025+00	0		
23993	6303	21981	191117	0	2011-05-16 16:31:52.155025+00	0		
56673	6303	22050	853533	0	2011-05-16 16:31:52.155025+00	0		
40207	6303	22073	267320	0	2011-05-16 16:31:52.155025+00	0		
47059	6303	22086	36405	0	2011-05-16 16:31:52.155025+00	0		
51909	6303	22091	464336	0	2011-05-16 16:31:52.155025+00	0		
16299	6303	21341	333863	0	2015-07-21 16:02:26.204922+00	0		
35709	6303	1121113	331377	0	2015-09-29 21:03:32.681558+00	0		
49412	6303	19722	91591	0	2015-10-18 02:02:03.315269+00	0		
56676	6303	22093	854245	0	2011-05-16 16:31:52.155025+00	0		
17486	6303	22097	486001	0	2011-05-16 16:31:52.155025+00	0		
18717	6303	22099	705724	0	2011-05-16 16:31:52.155025+00	0		
29376	6303	22124	174931	0	2011-05-16 16:31:52.155025+00	0		
29351	6303	22174	174918	0	2011-05-16 16:31:52.155025+00	0		
2550	6303	22175	550346	0	2011-05-16 16:31:52.155025+00	0		
2387	6303	22176	550343	0	2011-05-16 16:31:52.155025+00	0		
10464	6303	22182	489009	0	2011-05-16 16:31:52.155025+00	0		
2768	6303	22811	40752	0	2012-03-10 21:00:09.186769+00	0		
50476	6303	22189	107478	0	2011-05-16 16:31:52.155025+00	0		
17182	6303	22191	762660	0	2011-05-16 16:31:52.155025+00	0		
25223	6303	22199	190396	0	2011-05-16 16:31:52.155025+00	0		
24791	6303	22204	546443	0	2011-05-16 16:31:52.155025+00	0		
16180	6303	22233	208276	0	2011-05-16 16:31:52.155025+00	0		
7856	6303	22300	239906	0	2011-05-16 16:31:52.155025+00	0		
18487	6303	22310	703658	0	2011-05-16 16:31:52.155025+00	0		
32835	6303	22311	164577	0	2011-05-16 16:31:52.155025+00	0		
48608	6303	22315	72027	0	2011-05-16 16:31:52.155025+00	0		
32837	6303	22318	164589	0	2011-05-16 16:31:52.155025+00	0		
21405	6303	22319	102639	0	2011-05-16 16:31:52.155025+00	0		
54215	6303	22331	273990	0	2011-05-16 16:31:52.155025+00	0		
44355	6303	22340	10333	0	2011-05-16 16:31:52.155025+00	0		
43368	6303	22343	327482	0	2011-05-16 16:31:52.155025+00	0		
36015	6303	22352	276762	0	2011-05-16 16:31:52.155025+00	0		
7438	6303	22423	734773	0	2011-05-16 16:31:52.155025+00	0		
5322	6303	22428	541078	0	2011-05-16 16:31:52.155025+00	0		
38613	6303	22466	515915	0	2011-05-16 16:31:52.155025+00	0		
49136	6303	21512	84004	0	2015-01-09 00:01:43.003287+00	0		
13484	6303	22533	660699	0	2011-05-16 16:31:52.155025+00	0		
18276	6303	22554	285119	0	2011-05-16 16:31:52.155025+00	0		
46313	6303	22557	20988	0	2011-05-16 16:31:52.155025+00	0		
23571	6303	22560	421266	0	2011-05-16 16:31:52.155025+00	0		
54704	6303	22588	824515	0	2011-05-16 16:31:52.155025+00	0		
23342	6303	22615	421245	0	2011-05-16 16:31:52.155025+00	0		
11035	6303	22622	235053	0	2011-05-16 16:31:52.155025+00	0		
46546	6303	241462	153608	0	2013-05-15 21:01:22.638449+00	0		
20841	6303	22652	538851	0	2011-05-16 16:31:52.155025+00	0		
59492	6303	22660	899056	0	2011-05-16 16:31:52.155025+00	0		
46115	6303	22696	10332	0	2011-05-16 16:31:52.155025+00	0		
32281	6303	22702	39689	0	2011-05-16 16:31:52.155025+00	0		
44163	6303	22717	155999	0	2011-05-16 16:31:52.155025+00	0		
12787	6303	22724	233548	0	2011-05-16 16:31:52.155025+00	0		
50315	6303	22744	106136	0	2011-05-16 16:31:52.155025+00	0		
47297	6303	22747	40751	0	2011-05-16 16:31:52.155025+00	0		
31572	6303	22749	479841	0	2011-05-16 16:31:52.155025+00	0		
29624	6303	22754	652381	0	2011-05-16 16:31:52.155025+00	0		
5698	6303	22755	109444	0	2011-05-16 16:31:52.155025+00	0		
51487	6303	22758	779179	0	2011-05-16 16:31:52.155025+00	0		
24633	6303	22763	681414	0	2011-05-16 16:31:52.155025+00	0		
51753	6303	22766	777660	0	2011-05-16 16:31:52.155025+00	0		
5446	6303	22767	547807	0	2011-05-16 16:31:52.155025+00	0		
18779	6303	22773	562700	0	2011-05-16 16:31:52.155025+00	0		
42110	6303	22802	135091	0	2011-05-16 16:31:52.155025+00	0		
49112	6303	22432	79237	0	2012-09-06 19:11:45.062619+00	0		
218063	49051	990688	1669219	0	2013-04-12 14:41:37.213521+00	0		
49516	6303	22813	98040	0	2011-05-16 16:31:52.155025+00	0		
49632	6303	22814	97981	0	2011-05-16 16:31:52.155025+00	0		
49503	6303	22815	98039	0	2011-05-16 16:31:52.155025+00	0		
2937	6303	22816	563448	0	2011-05-16 16:31:52.155025+00	0		
44883	6303	22817	124330	0	2011-05-16 16:31:52.155025+00	0		
24381	6303	22818	192428	0	2011-05-16 16:31:52.155025+00	0		
52256	6303	22819	801824	0	2011-05-16 16:31:52.155025+00	0		
52177	6303	22824	802528	0	2011-05-16 16:31:52.155025+00	0		
6145	6303	21361	498880	0	2011-06-21 18:06:06.330985+00	0		
48544	6303	22184	70982	0	2013-08-18 12:01:08.495771+00	0		
5593	6303	21599	412864	0	2011-07-01 10:00:07.173895+00	0		
41130	6303	22325	139582	0	2013-08-26 19:00:37.833624+00	0		
48474	6303	21797	70849	0	2012-01-09 15:00:09.166041+00	0		
23551	6303	22753	192522	0	2012-02-02 21:02:36.091102+00	0		
46059	6303	22820	8712	0	2012-04-30 20:09:18.051992+00	0		
51381	6303	21934	224030	0	2012-04-30 20:09:20.303881+00	0		
8112	6303	21999	105455	0	2012-05-01 12:41:50.149667+00	0		
18367	6303	22627	221746	0	2012-05-08 16:04:53.098912+00	0		
45652	6303	21569	122033	0	2012-06-09 17:08:10.101368+00	0		
49956	6303	21638	98989	0	2013-03-17 23:00:43.121514+00	0		
11832	6303	21706	577518	0	2012-12-26 13:20:30.305966+00	0		
31604	6303	22789	167958	0	2013-01-19 18:17:23.084386+00	0		
1232	6303	22827	618594	0	2011-05-16 16:31:52.155025+00	0		
31703	6303	22829	167661	0	2011-05-16 16:31:52.155025+00	0		
57964	6303	22830	872574	0	2011-05-16 16:31:52.155025+00	0		
9464	6303	22838	245191	0	2011-05-16 16:31:52.155025+00	0		
22935	6303	22833	102638	0	2011-08-01 21:02:11.895843+00	0		
44750	6303	22944	569677	0	2011-05-16 16:31:52.155025+00	0		
42391	6303	23026	501917	0	2011-05-16 16:31:52.155025+00	0		
17560	6303	23031	203796	0	2011-05-16 16:31:52.155025+00	0		
