1636	176999	16348172	1665	0	2014-07-13 01:14:06.44717+00	1		
3994	176999	18170947	3568	0	2015-08-26 13:26:15.299481+00	1		
3069	177000	16973226	1975	0	2014-10-19 14:50:42.830393+00	4		
2382	186304	3892450	260	0	2014-08-19 07:53:50.846388+00	101		
1637	177000	16386773	1665	0	2014-07-13 01:14:06.44717+00	2		
1638	177001	16386785	1665	0	2014-07-13 01:14:06.44717+00	3		
1639	177003	16386786	1665	0	2014-07-13 01:14:06.44717+00	4		
1640	177007	16386798	1665	0	2014-07-13 01:14:06.44717+00	5		
1641	177006	16386813	1665	0	2014-07-13 01:14:06.44717+00	6		
1642	177005	16386814	1665	0	2014-07-13 01:14:06.44717+00	7		
4062	184064	18330714	2454	0	2015-10-06 21:23:13.323422+00	29		
3072	177000	16973297	1975	0	2014-10-19 14:59:46.480665+00	5		
4064	176999	12342435	3735	0	2015-10-07 08:01:07.738874+00	1		
4065	177000	185727	3735	0	2015-10-07 08:01:07.738874+00	2		
4066	177001	375011	3735	0	2015-10-07 08:01:07.738874+00	3		
4067	177003	232777	3735	0	2015-10-07 08:01:07.738874+00	4		
4070	177005	247078	3735	0	2015-10-07 08:01:07.738874+00	7		
4071	177004	1859573	3735	0	2015-10-07 08:01:07.738874+00	8		
4072	177002	367056	3735	0	2015-10-07 08:01:07.738874+00	9		
3073	177000	16973300	1975	0	2014-10-19 15:02:13.09732+00	6		
4074	181266	278817	3735	0	2015-10-07 09:42:17.842945+00	11		
4075	181267	12121118	3735	0	2015-10-07 09:42:17.842945+00	12		
4077	181269	339585	3735	0	2015-10-07 09:42:17.842945+00	14		
4078	181270	245841	3735	0	2015-10-07 09:42:17.842945+00	15		
4079	181271	1849663	3735	0	2015-10-07 09:42:17.842945+00	16		
4080	181272	272368	3735	0	2015-10-07 09:42:17.842945+00	17		
4081	182021	267672	3735	0	2015-10-07 09:42:17.842945+00	18		
4082	182022	194340	3735	0	2015-10-07 09:42:17.842945+00	19		
4083	182023	1087386	3735	0	2015-10-07 09:42:17.842945+00	20		
4084	182024	232772	3735	0	2015-10-07 09:42:17.842945+00	21		
4085	182025	394616	3735	0	2015-10-07 09:42:17.842945+00	22		
4086	182026	10680600	3735	0	2015-10-07 09:42:17.842945+00	23		
4087	182064	4448713	3735	0	2015-10-07 09:42:17.842945+00	24		
4088	182065	253788	3735	0	2015-10-07 09:42:17.842945+00	25		
4089	182066	12506342	3735	0	2015-10-07 09:42:17.842945+00	26		
4090	184064	16863372	3735	0	2015-10-07 09:42:17.842945+00	27		
4091	184057	364733	3735	0	2015-10-07 09:42:17.842945+00	28		
4092	184072	2738476	3735	0	2015-10-07 09:42:17.842945+00	29		
4093	184071	370575	3735	0	2015-10-07 09:42:17.842945+00	30		
4094	184067	253790	3735	0	2015-10-07 09:42:17.842945+00	31		
4095	184061	11277220	3735	0	2015-10-07 09:42:17.842945+00	32		
4096	184059	2607243	3735	0	2015-10-07 09:42:17.842945+00	33		
4097	184066	182318	3735	0	2015-10-07 09:42:17.842945+00	34		
4098	184065	216680	3735	0	2015-10-07 09:42:17.842945+00	35		
4099	184058	3465617	3735	0	2015-10-07 09:42:17.842945+00	36		
4100	184069	3428996	3735	0	2015-10-07 09:42:17.842945+00	37		
4101	184070	388756	3735	0	2015-10-07 09:42:17.842945+00	38		
4102	184063	9629375	3735	0	2015-10-07 09:42:17.842945+00	39		
4103	184068	6609956	3735	0	2015-10-07 09:42:17.842945+00	40		
4104	184062	245845	3735	0	2015-10-07 09:42:17.842945+00	41		
4105	184060	3971658	3735	0	2015-10-07 09:42:17.842945+00	42		
4106	184056	161306	3735	0	2015-10-07 09:42:17.842945+00	43		
4107	184105	235686	3735	0	2015-10-07 09:42:17.842945+00	44		
4108	184098	8508184	3735	0	2015-10-07 09:42:17.842945+00	45		
4109	184109	569051	3735	0	2015-10-07 09:42:17.842945+00	46		
4111	184074	284290	3735	0	2015-10-07 09:42:17.842945+00	48		
4112	184073	1208281	3735	0	2015-10-07 09:42:17.842945+00	49		
4113	184106	511555	3735	0	2015-10-07 09:42:17.842945+00	50		
3378	176999	17122595	2454	0	2014-12-01 18:29:40.233348+00	1		
3379	177000	17122839	2454	0	2014-12-01 19:51:43.602792+00	2		
3380	177001	17122911	2454	0	2014-12-01 20:02:47.477552+00	3		
3382	203531	17123402	2454	0	2014-12-01 22:15:59.600511+00	4		
3381	177003	17123383	2454	0	2014-12-01 21:59:51.582718+00	5		
3383	177007	17123442	2454	0	2014-12-01 22:31:03.05062+00	6		
3384	203535	17123450	2454	0	2014-12-01 22:36:21.832806+00	7		
3385	177006	17123453	2454	0	2014-12-01 22:44:50.026223+00	8		
4110	184110	894332	3735	0	2015-10-07 09:42:17.842945+00	47		
4069	177006	894329	3735	0	2015-10-07 08:01:07.738874+00	6		
3386	177005	17123524	2454	0	2014-12-01 22:54:35.84345+00	9		
4068	177007	1560152	3735	0	2015-10-07 08:01:07.738874+00	5		
4076	181268	2929296	3735	0	2015-10-07 09:42:17.842945+00	13		
4073	181265	5092485	3735	0	2015-10-07 08:01:07.738874+00	10		
1643	177004	16348202	1665	0	2014-07-13 01:14:06.44717+00	8		
3387	177004	17123548	2454	0	2014-12-01 23:08:11.472999+00	10		
3388	177002	17123581	2454	0	2014-12-01 23:16:56.712461+00	11		
3389	181265	17123755	2454	0	2014-12-01 23:22:54.597696+00	12		
3390	181266	17123757	2454	0	2014-12-01 23:27:10.083709+00	13		
3391	181267	17123824	2454	0	2014-12-01 23:49:27.297297+00	14		
3392	181268	17123832	2454	0	2014-12-01 23:56:17.031083+00	15		
3393	181269	17123833	2454	0	2014-12-02 00:03:07.990126+00	16		
3394	181270	17123903	2454	0	2014-12-02 00:10:02.438431+00	17		
3395	181271	17123920	2454	0	2014-12-02 00:15:41.408766+00	18		
3426	181272	17169003	2454	0	2014-12-14 13:35:32.558322+00	19		
3705	182021	17352851	2454	0	2015-01-26 15:17:55.926299+00	20		
3706	182022	17352862	2454	0	2015-01-26 15:21:21.65181+00	21		
3728	182023	17468017	2454	0	2015-02-23 16:50:52.443121+00	22		
3729	182024	17468018	2454	0	2015-02-23 16:54:00.091853+00	23		
4017	182025	18231051	2454	0	2015-09-13 01:13:57.343495+00	24		
3978	182065	18050304	2454	0	2015-07-24 07:16:19.538454+00	27		
3074	177000	16973301	1975	0	2014-10-19 15:04:56.287246+00	7		
4063	182066	18331187	2454	0	2015-10-06 21:37:36.227036+00	28		
4018	182026	18231052	2454	0	2015-09-13 01:15:35.857222+00	25		
1644	177002	16386844	1665	0	2014-07-13 01:14:06.44717+00	9		
1645	181265	16348203	1665	0	2014-07-13 01:14:06.44717+00	10		
1646	181266	16386863	1665	0	2014-07-13 01:14:06.44717+00	11		
1647	181267	16386864	1665	0	2014-07-13 01:14:06.44717+00	12		
1648	181268	16386865	1665	0	2014-07-13 01:14:06.44717+00	13		
1649	181269	16386868	1665	0	2014-07-13 01:14:06.44717+00	14		
1650	181270	15783625	1665	0	2014-07-13 01:14:06.44717+00	15		
1651	181271	16386918	1665	0	2014-07-13 01:14:06.44717+00	16		
1652	181272	16386919	1665	0	2014-07-13 01:14:06.44717+00	17		
4019	182064	18231053	2454	0	2015-09-13 01:16:48.966811+00	26		
2037	177001	16475116	1975	0	2014-08-07 21:06:50.858181+00	8		
2032	177001	16475054	1975	0	2014-08-07 20:52:26.283808+00	9		
2035	177001	16475099	1975	0	2014-08-07 21:01:28.237486+00	10		
1951	177001	16427587	1975	0	2014-08-07 15:55:08.87576+00	11		
2036	177001	16475108	1975	0	2014-08-07 21:04:27.60676+00	12		
2038	177001	16475132	1975	0	2014-08-07 21:08:39.324182+00	13		
4047	168617	18271488	260	0	2015-09-24 04:51:27.258925+00	2192		
2034	177001	16475073	1975	0	2014-08-07 20:59:14.792839+00	14		
3267	174305	4518407	2327	0	2014-11-14 03:54:57.048171+00	43		
3239	177654	4693395	2327	0	2014-11-14 03:49:31.544959+00	45		
3281	172297	3761632	2327	0	2014-11-14 03:54:57.048171+00	53		
3330	201651	17078504	2327	0	2014-11-21 05:33:44.097185+00	40		
3259	170843	4567907	2327	0	2014-11-14 03:54:57.048171+00	5		
3232	172245	3761633	2327	0	2014-11-14 03:43:44.298202+00	6		
3268	174303	4518406	2327	0	2014-11-14 03:54:57.048171+00	8		
3272	174308	4518404	2327	0	2014-11-14 03:54:57.048171+00	10		
3247	172221	1645853	2327	0	2014-11-14 03:49:31.544959+00	12		
3245	174307	4518405	2327	0	2014-11-14 03:49:31.544959+00	13		
3241	174309	4807353	2327	0	2014-11-14 03:49:31.544959+00	14		
3282	172296	8750379	2327	0	2014-11-14 03:54:57.048171+00	15		
3279	172281	2589256	2327	0	2014-11-14 03:54:57.048171+00	17		
3257	174306	3892486	2327	0	2014-11-14 03:54:57.048171+00	18		
3244	172222	4549548	2327	0	2014-11-14 03:49:31.544959+00	20		
3266	174733	4569508	2327	0	2014-11-14 03:54:57.048171+00	21		
3237	171695	5897385	2327	0	2014-11-14 03:49:31.544959+00	24		
3233	174302	4518403	2327	0	2014-11-14 03:45:32.854766+00	28		
3265	174792	7001101	2327	0	2014-11-14 03:54:57.048171+00	31		
3252	174524	5913859	2327	0	2014-11-14 03:49:31.544959+00	36		
3373	200275	17082737	2327	0	2014-11-22 10:44:27.153992+00	39		
3234	260872	5897180	2327	0	2014-11-14 03:49:31.544959+00	42		
3235	260873	5897052	2327	0	2014-11-14 03:49:31.544959+00	41		
3236	260874	5897368	2327	0	2014-11-14 03:49:31.544959+00	11		
3238	260875	4673930	2327	0	2014-11-14 03:49:31.544959+00	16		
3240	260876	2023428	2327	0	2014-11-14 03:49:31.544959+00	50		
3242	260877	5898533	2327	0	2014-11-14 03:49:31.544959+00	7		
3243	201652	6996957	2327	0	2014-11-14 03:49:31.544959+00	37		
3246	260878	4626865	2327	0	2014-11-14 03:49:31.544959+00	32		
3248	260879	1645829	2327	0	2014-11-14 03:49:31.544959+00	26		
3249	260880	1645810	2327	0	2014-11-14 03:49:31.544959+00	29		
3250	260881	1645835	2327	0	2014-11-14 03:49:31.544959+00	22		
3251	174523	4702525	2327	0	2014-11-14 03:49:31.544959+00	38		
3253	200266	1645830	2327	0	2014-11-14 03:49:31.544959+00	34		
3254	260882	6168653	2327	0	2014-11-14 03:49:31.544959+00	33		
3255	260883	4569620	2327	0	2014-11-14 03:49:31.544959+00	9		
3256	260884	4569622	2327	0	2014-11-14 03:54:57.048171+00	4		
3258	201653	4626864	2327	0	2014-11-14 03:54:57.048171+00	25		
3260	260885	4569576	2327	0	2014-11-14 03:54:57.048171+00	1		
3261	260886	4569624	2327	0	2014-11-14 03:54:57.048171+00	19		
3262	260887	4569105	2327	0	2014-11-14 03:54:57.048171+00	46		
3263	260888	6996956	2327	0	2014-11-14 03:54:57.048171+00	44		
3264	205066	4693637	2327	0	2014-11-14 03:54:57.048171+00	30		
3269	260889	4626866	2327	0	2014-11-14 03:54:57.048171+00	27		
3270	260890	14411801	2327	0	2014-11-14 03:54:57.048171+00	2		
3271	260891	13554430	2327	0	2014-11-14 03:54:57.048171+00	51		
3273	260892	4693775	2327	0	2014-11-14 03:54:57.048171+00	49		
3274	260893	4807573	2327	0	2014-11-14 03:54:57.048171+00	23		
3276	260894	4569024	2327	0	2014-11-14 03:54:57.048171+00	48		
3277	260895	4594521	2327	0	2014-11-14 03:54:57.048171+00	47		
3278	260896	3235929	2327	0	2014-11-14 03:54:57.048171+00	3		
3280	260897	4626867	2327	0	2014-11-14 03:54:57.048171+00	35		
3275	176296	14425015	2327	0	2014-11-14 03:54:57.048171+00	1		
4037	260871	13554431	2327	0	2015-09-19 00:30:38.90894+00	52		
462	171467	4569637	260	0	2014-05-22 00:00:21.594665+00	113		
447	170889	4568999	260	0	2014-05-21 06:53:47.427644+00	161		
2033	177001	16475070	1975	0	2014-08-07 20:56:18.224812+00	15		
3080	177003	16973467	1975	0	2014-10-19 15:35:01.529279+00	16		
3078	177003	16973449	1975	0	2014-10-19 15:32:37.134903+00	17		
3077	177003	16973447	1975	0	2014-10-19 15:29:25.595655+00	18		
3079	177003	16973456	1975	0	2014-10-19 15:34:50.121248+00	19		
3076	177003	16973446	1975	0	2014-10-19 15:26:52.194909+00	20		
1959	177007	16427571	1975	0	2014-08-07 16:07:46.210825+00	21		
2042	177007	16475234	1975	0	2014-08-07 21:28:04.893789+00	22		
2044	177007	16475236	1975	0	2014-08-07 21:31:38.876344+00	23		
2041	177007	16475233	1975	0	2014-08-07 21:26:15.862337+00	24		
2040	177007	16475207	1975	0	2014-08-07 21:23:26.350376+00	25		
2043	177007	16475235	1975	0	2014-08-07 21:29:56.124697+00	26		
2045	177006	16475292	1975	0	2014-08-07 21:40:49.47419+00	27		
2049	177006	16475360	1975	0	2014-08-07 21:50:01.759933+00	28		
1956	177006	16427595	1975	0	2014-08-07 16:07:46.210825+00	29		
2046	177006	16475324	1975	0	2014-08-07 21:42:36.872388+00	30		
2047	177006	16475341	1975	0	2014-08-07 21:44:42.227101+00	31		
2048	177006	16475359	1975	0	2014-08-07 21:48:18.430605+00	32		
2050	177006	16475361	1975	0	2014-08-07 21:51:51.822265+00	33		
2053	177005	16475465	1975	0	2014-08-07 22:32:06.702591+00	34		
2054	177005	16475466	1975	0	2014-08-07 22:34:07.833399+00	35		
2057	177005	16475469	1975	0	2014-08-07 22:39:46.255+00	36		
2055	177005	16475467	1975	0	2014-08-07 22:35:37.119216+00	37		
2051	177005	16475463	1975	0	2014-08-07 22:28:03.944425+00	38		
1984	177005	16427602	1975	0	2014-08-07 16:07:46.210825+00	39		
2052	177005	16475464	1975	0	2014-08-07 22:30:05.869251+00	40		
2056	177005	16475468	1975	0	2014-08-07 22:37:47.238344+00	41		
2061	177004	16475602	1975	0	2014-08-07 22:54:50.692837+00	42		
2062	177004	16475603	1975	0	2014-08-07 22:56:48.026669+00	43		
1980	177004	16427598	1975	0	2014-08-07 16:07:46.210825+00	44		
2059	177004	16475600	1975	0	2014-08-07 22:51:31.818137+00	45		
2058	177004	16475572	1975	0	2014-08-07 22:49:54.027734+00	46		
2060	177004	16475601	1975	0	2014-08-07 22:53:09.154058+00	47		
2071	177002	16475690	1975	0	2014-08-07 23:09:59.695153+00	48		
1955	177002	16427592	1975	0	2014-08-07 16:07:46.210825+00	49		
2067	177002	16475604	1975	0	2014-08-07 23:02:44.729069+00	50		
2068	177002	16475639	1975	0	2014-08-07 23:05:29.820633+00	51		
2069	177002	16475640	1975	0	2014-08-07 23:07:35.019198+00	52		
1978	181265	16427593	1975	0	2014-08-07 16:07:46.210825+00	53		
2096	181265	16476896	1975	0	2014-08-08 09:08:57.538774+00	54		
2097	181265	16476951	1975	0	2014-08-08 09:11:22.775629+00	55		
2098	181265	16476952	1975	0	2014-08-08 09:13:16.913322+00	56		
2102	181265	16476968	1975	0	2014-08-08 09:22:15.60135+00	57		
2100	181265	16476955	1975	0	2014-08-08 09:18:03.203286+00	58		
2101	181265	16476967	1975	0	2014-08-08 09:19:54.635054+00	59		
2099	181265	16476954	1975	0	2014-08-08 09:16:14.811145+00	60		
2104	181266	16476996	1975	0	2014-08-08 09:32:40.535821+00	61		
2106	181266	16477008	1975	0	2014-08-08 09:36:31.994989+00	62		
2108	181266	16477009	1975	0	2014-08-08 09:40:02.668232+00	63		
1970	181266	16427582	1975	0	2014-08-07 16:07:46.210825+00	64		
2105	181266	16476997	1975	0	2014-08-08 09:34:30.464624+00	65		
2103	181266	16476990	1975	0	2014-08-08 09:30:24.010972+00	66		
2109	181267	16477010	1975	0	2014-08-08 09:55:24.262879+00	67		
1985	181267	16427604	1975	0	2014-08-07 16:07:46.210825+00	68		
2110	181267	16477011	1975	0	2014-08-08 09:57:57.182692+00	69		
1990	181268	16427603	1975	0	2014-08-07 16:07:46.210825+00	70		
2111	181268	16477037	1975	0	2014-08-08 10:10:22.511642+00	71		
2112	181269	16477065	1975	0	2014-08-08 10:24:13.893219+00	72		
2114	181269	16477067	1975	0	2014-08-08 10:27:35.995592+00	73		
1973	181269	16427585	1975	0	2014-08-07 16:07:46.210825+00	74		
2113	181269	16477066	1975	0	2014-08-08 10:25:52.653198+00	75		
2117	181270	16477200	1975	0	2014-08-08 10:46:09.172381+00	76		
2116	181270	16477196	1975	0	2014-08-08 10:43:25.516769+00	77		
1966	181270	16427578	1975	0	2014-08-07 16:07:46.210825+00	78		
2115	181270	16477184	1975	0	2014-08-08 10:38:20.862093+00	79		
2118	181271	16477208	1975	0	2014-08-08 10:58:40.934264+00	80		
2119	181271	16477209	1975	0	2014-08-08 11:00:50.632385+00	81		
1967	181271	16427579	1975	0	2014-08-07 16:07:46.210825+00	82		
2120	181272	16477213	1975	0	2014-08-08 11:07:45.011866+00	83		
1964	181272	16427576	1975	0	2014-08-07 16:07:46.210825+00	84		
2121	182021	16478691	1975	0	2014-08-08 21:25:46.276479+00	85		
2122	182021	16478692	1975	0	2014-08-08 21:28:06.650111+00	86		
3075	177000	16973302	1975	0	2014-10-19 15:05:08.768401+00	1		
1982	182021	16427600	1975	0	2014-08-07 16:07:46.210825+00	87		
2123	182022	16478693	1975	0	2014-08-08 21:32:01.772211+00	88		
1965	182022	16427577	1975	0	2014-08-07 16:07:46.210825+00	89		
2125	182022	16478751	1975	0	2014-08-08 21:35:32.732883+00	90		
2124	182022	16478750	1975	0	2014-08-08 21:33:51.395373+00	91		
2127	182023	16478753	1975	0	2014-08-08 21:41:53.002423+00	92		
2126	182023	16478752	1975	0	2014-08-08 21:40:14.187903+00	93		
1983	182023	16427601	1975	0	2014-08-07 16:07:46.210825+00	94		
2129	182024	16478755	1975	0	2014-08-08 21:47:34.492176+00	95		
1981	182024	16427599	1975	0	2014-08-07 16:07:46.210825+00	96		
2128	182024	16478754	1975	0	2014-08-08 21:45:44.852614+00	97		
1952	182025	16427570	1975	0	2014-08-07 16:07:46.210825+00	98		
2131	182025	16478782	1975	0	2014-08-08 21:54:15.533111+00	99		
2130	182025	16478781	1975	0	2014-08-08 21:52:21.14728+00	100		
1968	182026	16427580	1975	0	2014-08-07 16:07:46.210825+00	101		
2133	182026	16478784	1975	0	2014-08-08 21:59:38.605526+00	102		
2132	182026	16478783	1975	0	2014-08-08 21:57:47.052009+00	103		
1975	182064	16427588	1975	0	2014-08-07 16:07:46.210825+00	104		
2137	182064	16478823	1975	0	2014-08-08 22:22:21.760208+00	105		
2135	182064	16478821	1975	0	2014-08-08 22:18:46.766637+00	106		
2136	182064	16478822	1975	0	2014-08-08 22:20:31.269105+00	107		
2134	182064	16478820	1975	0	2014-08-08 22:17:15.991988+00	108		
2143	182065	16484646	1975	0	2014-08-10 20:13:59.482872+00	109		
1953	182065	16427597	1975	0	2014-08-07 16:07:46.210825+00	110		
2142	182065	16484645	1975	0	2014-08-10 20:10:51.792974+00	111		
2144	182066	16484670	1975	0	2014-08-10 20:21:34.193851+00	112		
1987	182066	16427607	1975	0	2014-08-07 16:07:46.210825+00	113		
2145	182066	16484685	1975	0	2014-08-10 20:23:05.17998+00	114		
2147	184064	16484706	1975	0	2014-08-10 20:31:58.793291+00	115		
1971	184064	16427583	1975	0	2014-08-07 16:07:46.210825+00	116		
2146	184064	16484705	1975	0	2014-08-10 20:29:25.581792+00	117		
2149	184057	16484708	1975	0	2014-08-10 20:37:57.891712+00	118		
2148	184057	16484707	1975	0	2014-08-10 20:35:51.117602+00	119		
1957	184057	16427596	1975	0	2014-08-07 16:07:46.210825+00	120		
2150	184072	16484784	1975	0	2014-08-10 20:46:32.938043+00	121		
1989	184072	16427609	1975	0	2014-08-07 16:07:46.210825+00	122		
2151	184071	16484785	1975	0	2014-08-10 20:50:43.395964+00	123		
2154	184071	16484788	1975	0	2014-08-10 20:56:56.526401+00	124		
2152	184071	16484786	1975	0	2014-08-10 20:53:21.53037+00	125		
2153	184071	16484787	1975	0	2014-08-10 20:55:07.369589+00	126		
1988	184071	16427608	1975	0	2014-08-07 16:07:46.210825+00	127		
1976	184067	16427589	1975	0	2014-08-07 16:07:46.210825+00	128		
2156	184067	16484790	1975	0	2014-08-10 21:06:18.676162+00	129		
2157	184067	16484811	1975	0	2014-08-10 21:11:06.467387+00	130		
2155	184067	16484789	1975	0	2014-08-10 21:02:42.457815+00	131		
2159	184061	16484845	1975	0	2014-08-10 21:27:08.990037+00	132		
1962	184061	16427574	1975	0	2014-08-07 16:07:46.210825+00	133		
2158	184061	16484844	1975	0	2014-08-10 21:24:57.665052+00	134		
1960	184059	16427572	1975	0	2014-08-07 16:07:46.210825+00	135		
2161	184059	16484866	1975	0	2014-08-10 21:32:35.782255+00	136		
2160	184059	16484865	1975	0	2014-08-10 21:30:58.026672+00	137		
2162	184066	16484867	1975	0	2014-08-10 21:36:44.330927+00	138		
2163	184066	16484868	1975	0	2014-08-10 21:38:35.632239+00	139		
1974	184066	16427586	1975	0	2014-08-07 16:07:46.210825+00	140		
1972	184065	16427584	1975	0	2014-08-07 16:07:46.210825+00	141		
2165	184065	16484886	1975	0	2014-08-10 21:45:32.211425+00	142		
2164	184065	16484872	1975	0	2014-08-10 21:43:38.612041+00	143		
2166	184058	16484887	1975	0	2014-08-10 21:49:43.797625+00	144		
1958	184058	16427606	1975	0	2014-08-07 16:07:46.210825+00	145		
2167	184058	16484888	1975	0	2014-08-10 21:51:51.346836+00	146		
2170	184069	16484901	1975	0	2014-08-10 21:59:50.014957+00	147		
2168	184069	16484899	1975	0	2014-08-10 21:56:03.433614+00	148		
2169	184069	16484900	1975	0	2014-08-10 21:58:02.765496+00	149		
1979	184069	16427594	1975	0	2014-08-07 16:07:46.210825+00	150		
2171	184070	16484948	1975	0	2014-08-10 22:04:30.915204+00	151		
2173	184070	16484970	1975	0	2014-08-10 22:08:02.192678+00	152		
1986	184070	16427605	1975	0	2014-08-07 16:07:46.210825+00	153		
2172	184070	16484955	1975	0	2014-08-10 22:06:29.696573+00	154		
1969	184063	16427581	1975	0	2014-08-07 16:07:46.210825+00	155		
2174	184063	16485039	1975	0	2014-08-10 22:58:00.125384+00	156		
2175	184063	16485041	1975	0	2014-08-10 22:59:53.180203+00	157		
2176	184063	16485043	1975	0	2014-08-10 23:02:02.168923+00	158		
1977	184068	16427591	1975	0	2014-08-07 16:07:46.210825+00	159		
2177	184068	16485044	1975	0	2014-08-10 23:05:46.27871+00	160		
2178	184068	16485045	1975	0	2014-08-10 23:07:23.722673+00	161		
2180	184062	16485069	1975	0	2014-08-10 23:12:50.131242+00	162		
1963	184062	16427575	1975	0	2014-08-07 16:07:46.210825+00	163		
2179	184062	16485067	1975	0	2014-08-10 23:10:57.765219+00	164		
2181	184060	16485070	1975	0	2014-08-10 23:16:09.308229+00	165		
1961	184060	16427573	1975	0	2014-08-07 16:07:46.210825+00	166		
2183	184056	16485085	1975	0	2014-08-10 23:21:08.531296+00	167		
2182	184056	16485081	1975	0	2014-08-10 23:19:17.079004+00	168		
1954	184056	16427590	1975	0	2014-08-07 16:07:46.210825+00	169		
2184	184105	16488275	1975	0	2014-08-11 19:22:14.809995+00	170		
2185	184105	16488280	1975	0	2014-08-11 19:23:55.42943+00	171		
2023	184105	16438057	1975	0	2014-08-07 16:29:34.763653+00	172		
2016	184098	16438064	1975	0	2014-08-07 16:29:34.763653+00	173		
2186	184098	16488283	1975	0	2014-08-11 19:27:23.849116+00	174		
2027	184109	16438053	1975	0	2014-08-07 16:29:34.763653+00	175		
2187	184109	16488287	1975	0	2014-08-11 19:32:38.55911+00	176		
2188	184109	16488437	1975	0	2014-08-11 19:35:38.4182+00	177		
2189	184110	16488477	1975	0	2014-08-11 19:40:53.874222+00	178		
2028	184110	16438052	1975	0	2014-08-07 16:29:34.763653+00	179		
2190	184074	16488503	1975	0	2014-08-11 19:44:49.552835+00	180		
1992	184074	16438088	1975	0	2014-08-07 16:29:34.763653+00	181		
2191	184074	16488504	1975	0	2014-08-11 19:46:50.298188+00	182		
2194	184073	16488535	1975	0	2014-08-11 19:55:07.278051+00	183		
1991	184073	16438089	1975	0	2014-08-07 16:29:34.763653+00	184		
2196	184073	16488538	1975	0	2014-08-11 19:58:43.101386+00	185		
2197	184073	16488539	1975	0	2014-08-11 20:00:19.567813+00	186		
2192	184073	16488533	1975	0	2014-08-11 19:51:44.729836+00	187		
2193	184073	16488534	1975	0	2014-08-11 19:53:32.637417+00	188		
2195	184073	16488536	1975	0	2014-08-11 19:56:53.037377+00	189		
2031	184073	16438049	1975	0	2014-08-07 16:29:34.763653+00	190		
2198	184106	16488582	1975	0	2014-08-11 20:10:38.951909+00	191		
2199	184106	16488593	1975	0	2014-08-11 20:12:25.279244+00	192		
2024	184106	16438056	1975	0	2014-08-07 16:29:34.763653+00	193		
2200	184084	16488603	1975	0	2014-08-11 20:16:54.814743+00	194		
2002	184084	16438078	1975	0	2014-08-07 16:29:34.763653+00	195		
2201	184091	16488622	1975	0	2014-08-11 20:20:27.758618+00	196		
2009	184091	16438071	1975	0	2014-08-07 16:29:34.763653+00	197		
2202	184081	16488623	1975	0	2014-08-11 20:23:14.748047+00	198		
2203	184081	16488651	1975	0	2014-08-11 20:25:04.628673+00	199		
1999	184081	16438081	1975	0	2014-08-07 16:29:34.763653+00	200		
2204	184096	16488707	1975	0	2014-08-11 20:33:10.185133+00	201		
2205	184096	16488717	1975	0	2014-08-11 20:38:41.845661+00	202		
2014	184096	16438066	1975	0	2014-08-07 16:29:34.763653+00	203		
2207	184101	16488772	1975	0	2014-08-11 20:47:10.690191+00	204		
2206	184101	16488771	1975	0	2014-08-11 20:45:17.607729+00	205		
2019	184101	16438061	1975	0	2014-08-07 16:29:34.763653+00	206		
2208	184086	16488792	1975	0	2014-08-11 20:52:11.40633+00	207		
2212	184086	16488836	1975	0	2014-08-11 20:58:42.217161+00	208		
2211	184086	16488810	1975	0	2014-08-11 20:57:04.65144+00	209		
2210	184086	16488796	1975	0	2014-08-11 20:55:24.027937+00	210		
2209	184086	16488794	1975	0	2014-08-11 20:53:42.008587+00	211		
2004	184086	16438076	1975	0	2014-08-07 16:29:34.763653+00	212		
2214	184108	16488896	1975	0	2014-08-11 21:10:26.427443+00	213		
2026	184108	16438054	1975	0	2014-08-07 16:29:34.763653+00	214		
2213	184108	16488888	1975	0	2014-08-11 21:06:52.417117+00	215		
2215	184085	16488916	1975	0	2014-08-11 21:16:10.463936+00	216		
2003	184085	16438077	1975	0	2014-08-07 16:29:34.763653+00	217		
2217	184085	16488940	1975	0	2014-08-11 21:21:04.218947+00	218		
2216	184085	16488939	1975	0	2014-08-11 21:18:35.531603+00	219		
2218	184094	16488941	1975	0	2014-08-11 21:26:26.686861+00	220		
2012	184094	16438068	1975	0	2014-08-07 16:29:34.763653+00	221		
2219	184094	16488942	1975	0	2014-08-11 21:29:01.067786+00	222		
2222	184087	16488952	1975	0	2014-08-11 21:38:03.817723+00	223		
2221	184087	16488948	1975	0	2014-08-11 21:36:00.798519+00	224		
2220	184087	16488943	1975	0	2014-08-11 21:34:16.804043+00	225		
2005	184087	16438075	1975	0	2014-08-07 16:29:34.763653+00	226		
2223	184112	16488968	1975	0	2014-08-11 21:42:40.155455+00	227		
2224	184112	16488976	1975	0	2014-08-11 21:44:45.071324+00	228		
2030	184112	16438050	1975	0	2014-08-07 16:29:34.763653+00	229		
2226	184088	16488998	1975	0	2014-08-11 21:49:34.177658+00	230		
2006	184088	16438074	1975	0	2014-08-07 16:29:34.763653+00	231		
2235	184099	16492751	1975	0	2014-08-12 20:49:51.605822+00	232		
2017	184099	16438063	1975	0	2014-08-07 16:29:34.763653+00	233		
1993	184075	16438087	1975	0	2014-08-07 16:29:34.763653+00	234		
2236	184075	16492790	1975	0	2014-08-12 20:54:04.642945+00	235		
2237	184082	16492825	1975	0	2014-08-12 21:06:07.904498+00	236		
2000	184082	16438080	1975	0	2014-08-07 16:29:34.763653+00	237		
1995	184077	16438085	1975	0	2014-08-07 16:29:34.763653+00	238		
2238	184077	16492834	1975	0	2014-08-12 21:09:08.601062+00	239		
2239	184077	16492850	1975	0	2014-08-12 21:11:12.71009+00	240		
2240	184090	16492851	1975	0	2014-08-12 21:14:26.037359+00	241		
2008	184090	16438072	1975	0	2014-08-07 16:29:34.763653+00	242		
2241	184090	16492852	1975	0	2014-08-12 21:16:11.047929+00	243		
2243	184107	16492858	1975	0	2014-08-12 21:21:25.172786+00	244		
2242	184107	16492857	1975	0	2014-08-12 21:19:43.779591+00	245		
2025	184107	16438055	1975	0	2014-08-07 16:29:34.763653+00	246		
2018	184100	16438062	1975	0	2014-08-07 16:29:34.763653+00	247		
2244	184100	16492860	1975	0	2014-08-12 21:24:26.889725+00	248		
2245	184100	16492861	1975	0	2014-08-12 21:26:26.019871+00	249		
2247	184093	16492863	1975	0	2014-08-12 21:31:27.714593+00	250		
2246	184093	16492862	1975	0	2014-08-12 21:29:52.008175+00	251		
2011	184093	16438069	1975	0	2014-08-07 16:29:34.763653+00	252		
2001	184083	16438079	1975	0	2014-08-07 16:29:34.763653+00	253		
2248	184083	16492874	1975	0	2014-08-12 21:34:26.809599+00	254		
2249	184079	16492875	1975	0	2014-08-12 21:37:29.124966+00	255		
2250	184079	16492894	1975	0	2014-08-12 21:39:03.093205+00	256		
1997	184079	16438083	1975	0	2014-08-07 16:29:34.763653+00	257		
3081	195091	16973500	1975	0	2014-10-19 15:51:14.498344+00	258		
3083	195091	16973502	1975	0	2014-10-19 15:51:52.907925+00	259		
3082	195091	16973501	1975	0	2014-10-19 15:51:36.792912+00	260		
2252	184103	16492911	1975	0	2014-08-12 21:44:35.7375+00	261		
2021	184103	16438059	1975	0	2014-08-07 16:29:34.763653+00	262		
2251	184103	16492899	1975	0	2014-08-12 21:43:00.291259+00	263		
2253	184095	16492979	1975	0	2014-08-12 22:22:52.640834+00	264		
2013	184095	16438067	1975	0	2014-08-07 16:29:34.763653+00	265		
2029	184111	16438051	1975	0	2014-08-07 16:29:34.763653+00	266		
2261	184111	16496245	1975	0	2014-08-13 21:19:39.621498+00	267		
1996	184078	16438084	1975	0	2014-08-07 16:29:34.763653+00	268		
2262	184078	16496247	1975	0	2014-08-13 21:23:43.389356+00	269		
2263	184076	16496248	1975	0	2014-08-13 21:26:50.083905+00	270		
1994	184076	16438086	1975	0	2014-08-07 16:29:34.763653+00	271		
2264	184104	16496250	1975	0	2014-08-13 21:32:12.397143+00	272		
2022	184104	16438058	1975	0	2014-08-07 16:29:34.763653+00	273		
2015	184097	16438065	1975	0	2014-08-07 16:29:34.763653+00	274		
2266	184097	16496272	1975	0	2014-08-13 21:56:13.413244+00	275		
2265	184097	16496261	1975	0	2014-08-13 21:50:54.111078+00	276		
2268	184102	16496291	1975	0	2014-08-13 22:01:56.56575+00	277		
2267	184102	16496283	1975	0	2014-08-13 22:00:18.940695+00	278		
2020	184102	16438060	1975	0	2014-08-07 16:29:34.763653+00	279		
2269	184092	16496310	1975	0	2014-08-13 22:05:35.873252+00	280		
2010	184092	16438070	1975	0	2014-08-07 16:29:34.763653+00	281		
2271	184080	16496313	1975	0	2014-08-13 22:10:27.814387+00	282		
2270	184080	16496312	1975	0	2014-08-13 22:08:58.87471+00	283		
1998	184080	16438082	1975	0	2014-08-07 16:29:34.763653+00	284		
2007	184089	16438073	1975	0	2014-08-07 16:29:34.763653+00	285		
2039	184089	16475175	1975	0	2014-08-07 21:17:14.258867+00	286		
3086	195098	16973683	1975	0	2014-10-19 17:10:41.198886+00	287		
3084	195098	16973681	1975	0	2014-10-19 17:10:08.530078+00	288		
3085	195098	16973682	1975	0	2014-10-19 17:10:25.447468+00	289		
3087	195110	16973844	1975	0	2014-10-19 17:51:31.671393+00	290		
3089	195110	16973851	1975	0	2014-10-19 17:52:01.023592+00	291		
3088	195110	16973850	1975	0	2014-10-19 17:51:45.839168+00	292		
3090	195112	16973933	1975	0	2014-10-19 18:06:33.938937+00	293		
3316	195112	17072610	1975	0	2014-11-19 16:34:18.653141+00	294		
3091	195113	16973959	1975	0	2014-10-19 18:24:15.781245+00	295		
3092	195113	16973960	1975	0	2014-10-19 18:24:37.075386+00	296		
3093	195114	16973967	1975	0	2014-10-19 18:34:16.616885+00	297		
3094	195114	16973968	1975	0	2014-10-19 18:34:48.42377+00	298		
3095	195115	16973981	1975	0	2014-10-19 18:51:20.365379+00	299		
3097	195115	16973983	1975	0	2014-10-19 18:51:48.851882+00	300		
3096	195115	16973982	1975	0	2014-10-19 18:51:34.414317+00	301		
3099	195122	16974051	1975	0	2014-10-19 19:19:14.536812+00	302		
3312	195122	17072606	1975	0	2014-11-19 16:22:18.462169+00	303		
3098	195122	16974050	1975	0	2014-10-19 19:19:02.27227+00	304		
3100	195123	16974104	1975	0	2014-10-19 19:48:20.86681+00	305		
3101	195123	16974105	1975	0	2014-10-19 19:48:41.466132+00	306		
3102	195135	16974366	1975	0	2014-10-19 21:43:39.672207+00	307		
3103	195135	16974371	1975	0	2014-10-19 21:43:51.979348+00	308		
3326	195135	17072620	1975	0	2014-11-19 17:00:10.047601+00	309		
3106	195140	16974501	1975	0	2014-10-19 21:58:36.176284+00	311		
3105	195140	16974500	1975	0	2014-10-19 21:58:24.331397+00	312		
3311	195140	17072605	1975	0	2014-11-19 16:19:20.454139+00	313		
3109	195141	16974799	1975	0	2014-10-19 22:22:43.110498+00	314		
3108	195141	16974798	1975	0	2014-10-19 22:22:29.331711+00	315		
3107	195141	16974797	1975	0	2014-10-19 22:22:13.547917+00	316		
3111	195173	16975886	1975	0	2014-10-20 13:20:17.878684+00	317		
3310	195173	17072604	1975	0	2014-11-19 16:16:43.305829+00	318		
3110	195173	16975885	1975	0	2014-10-20 13:20:05.31003+00	319		
3113	195174	16975890	1975	0	2014-10-20 13:32:40.235507+00	320		
3112	195174	16975889	1975	0	2014-10-20 13:32:28.728182+00	321		
3114	195174	16975891	1975	0	2014-10-20 13:32:52.461582+00	322		
3120	195183	16976012	1975	0	2014-10-20 14:26:33.914758+00	323		
3115	195183	16975939	1975	0	2014-10-20 13:51:53.063297+00	324		
3116	195183	16975940	1975	0	2014-10-20 13:52:06.65119+00	325		
3118	195183	16975997	1975	0	2014-10-20 14:08:42.993534+00	326		
3119	195183	16975998	1975	0	2014-10-20 14:08:52.993253+00	327		
3121	195183	16976013	1975	0	2014-10-20 14:26:46.574655+00	328		
3117	195183	16975950	1975	0	2014-10-20 13:52:18.868981+00	329		
3123	195197	16976342	1975	0	2014-10-20 15:35:27.765188+00	330		
3122	195197	16976341	1975	0	2014-10-20 15:35:08.827929+00	331		
3124	195198	16976488	1975	0	2014-10-20 15:56:31.037024+00	332		
3317	195198	17072611	1975	0	2014-11-19 16:36:57.817056+00	333		
3125	195198	16976519	1975	0	2014-10-20 15:56:47.60177+00	334		
3128	195200	16976670	1975	0	2014-10-20 16:22:23.486787+00	335		
3126	195200	16976668	1975	0	2014-10-20 16:21:54.58805+00	336		
3127	195200	16976669	1975	0	2014-10-20 16:22:10.91417+00	337		
3129	195202	16976813	1975	0	2014-10-20 17:20:38.893345+00	338		
3130	195202	16976814	1975	0	2014-10-20 17:20:55.96067+00	339		
3131	195203	16976941	1975	0	2014-10-20 17:56:53.331898+00	340		
3133	195203	16976943	1975	0	2014-10-20 17:57:25.20085+00	341		
3132	195203	16976942	1975	0	2014-10-20 17:57:07.978623+00	342		
3134	195211	16977087	1975	0	2014-10-20 19:07:39.175337+00	343		
3135	195211	16977088	1975	0	2014-10-20 19:07:54.064857+00	344		
3136	195212	16977116	1975	0	2014-10-20 19:36:42.830153+00	345		
3137	195212	16977117	1975	0	2014-10-20 19:36:55.447632+00	346		
3321	195212	17072615	1975	0	2014-11-19 16:46:50.111165+00	347		
3139	195214	16977138	1975	0	2014-10-20 20:01:11.790438+00	348		
3138	195214	16977137	1975	0	2014-10-20 20:00:53.553286+00	349		
3140	195215	16977156	1975	0	2014-10-20 20:11:00.189686+00	350		
3141	195215	16977157	1975	0	2014-10-20 20:11:14.45339+00	351		
3324	195215	17072618	1975	0	2014-11-19 16:54:52.919941+00	352		
3143	192120	16977175	1975	0	2014-10-20 20:21:46.136124+00	353		
3308	192120	17072602	1975	0	2014-11-19 16:08:11.419107+00	354		
3142	192120	16977174	1975	0	2014-10-20 20:21:31.818112+00	355		
3155	195272	16979132	1975	0	2014-10-21 09:58:00.838883+00	369		
3323	195273	17072617	1975	0	2014-11-19 16:52:04.438876+00	370		
3157	195273	16979212	1975	0	2014-10-21 10:18:25.936373+00	371		
3159	195276	16979307	1975	0	2014-10-21 10:33:16.355251+00	372		
3158	195276	16979306	1975	0	2014-10-21 10:33:04.008109+00	373		
3160	195276	16979308	1975	0	2014-10-21 10:33:32.360588+00	374		
3162	195278	16979382	1975	0	2014-10-21 10:54:12.250443+00	375		
3161	195278	16979381	1975	0	2014-10-21 10:54:00.16552+00	376		
3309	195278	17072603	1975	0	2014-11-19 16:12:03.050819+00	377		
3163	195281	16979404	1975	0	2014-10-21 11:00:11.524988+00	378		
3327	195281	17072621	1975	0	2014-11-19 17:03:22.074285+00	379		
3314	195282	17072608	1975	0	2014-11-19 16:28:13.343101+00	380		
3164	195282	16979462	1975	0	2014-10-21 11:14:48.443313+00	381		
3165	195282	16979463	1975	0	2014-10-21 11:15:03.125674+00	382		
3322	195283	17072616	1975	0	2014-11-19 16:49:36.369405+00	383		
3166	195283	16979634	1975	0	2014-10-21 11:33:45.538865+00	384		
3167	195283	16979635	1975	0	2014-10-21 11:33:59.55766+00	385		
3168	195449	16984593	1975	0	2014-10-22 21:29:57.498724+00	386		
3320	195449	17072614	1975	0	2014-11-19 16:44:12.194518+00	387		
3169	195449	16984594	1975	0	2014-10-22 21:30:13.039728+00	388		
3319	195451	17072613	1975	0	2014-11-19 16:41:52.310305+00	389		
3170	195451	16984601	1975	0	2014-10-22 21:40:25.5179+00	390		
3172	195453	16984607	1975	0	2014-10-22 21:58:52.244556+00	391		
3171	195453	16984606	1975	0	2014-10-22 21:58:40.408668+00	392		
3315	195453	17072609	1975	0	2014-11-19 16:31:20.112236+00	393		
3173	195456	16984704	1975	0	2014-10-22 22:32:15.704514+00	394		
3174	195456	16984705	1975	0	2014-10-22 22:32:39.242594+00	395		
3995	177000	18170948	3568	0	2015-08-26 13:28:28.444762+00	2		
3993	177001	18170869	3568	0	2015-08-26 12:45:21.398264+00	3		
4016	177003	18226252	3568	0	2015-09-11 19:06:03.710829+00	4		
4050	177007	18279700	3568	0	2015-09-26 20:38:44.460173+00	5		
4051	177006	18279712	3568	0	2015-09-26 20:41:56.237983+00	6		
4061	177005	18287625	3568	0	2015-09-29 14:21:50.651952+00	7		
4055	231948	18285982	1975	0	2015-09-28 21:45:24.701942+00	408		
3144	195227	16977245	1975	0	2014-10-20 20:53:11.298766+00	356		
3146	195227	16977247	1975	0	2014-10-20 20:53:44.035142+00	357		
3145	195227	16977246	1975	0	2014-10-20 20:53:29.975848+00	358		
3147	195228	16977292	1975	0	2014-10-20 21:15:12.972845+00	359		
3148	195228	16977293	1975	0	2014-10-20 21:15:28.767309+00	360		
3151	195230	16977492	1975	0	2014-10-20 22:07:01.103818+00	361		
3150	195230	16977491	1975	0	2014-10-20 22:06:44.996992+00	362		
3149	195230	16977490	1975	0	2014-10-20 22:06:30.48408+00	363		
3152	195264	16979044	1975	0	2014-10-21 09:29:11.90255+00	364		
3318	195264	17072612	1975	0	2014-11-19 16:39:23.259186+00	365		
3153	195264	16979046	1975	0	2014-10-21 09:29:24.423802+00	366		
3156	195272	16979142	1975	0	2014-10-21 09:58:12.808567+00	367		
3154	195272	16979131	1975	0	2014-10-21 09:57:46.587479+00	368		
3425	205123	17164314	260	0	2014-12-13 05:34:05.030939+00	159		
527	172254	6517991	260	0	2014-05-23 04:58:58.995861+00	160		
3071	177000	16973296	1975	0	2014-10-19 14:57:15.573445+00	2		
472	171693	2589879	260	0	2014-05-22 14:09:10.220559+00	99		
477	171698	2589869	260	0	2014-05-22 14:14:31.796131+00	100		
1868	182748	3235910	260	0	2014-07-28 04:45:10.719696+00	162		
482	171703	2589870	260	0	2014-05-22 14:32:36.723023+00	163		
896	174791	15921383	260	0	2014-06-04 04:52:21.728452+00	164		
484	171705	6673541	260	0	2014-05-22 14:42:02.298424+00	165		
2299	185503	11084114	260	0	2014-08-14 12:38:54.573559+00	166		
889	174784	6168483	260	0	2014-06-04 04:38:12.707402+00	168		
2371	186206	4693351	260	0	2014-08-18 13:58:25.115007+00	169		
2391	186314	6652684	260	0	2014-08-19 08:09:45.809604+00	170		
494	172216	1645759	260	0	2014-05-23 03:38:18.876917+00	171		
446	170888	4568998	260	0	2014-05-21 06:53:03.437441+00	172		
474	171695	5897385	260	0	2014-05-22 14:10:27.134024+00	173		
792	174339	6871259	260	0	2014-06-01 05:52:44.518821+00	174		
560	172292	1871014	260	0	2014-05-23 07:06:13.239034+00	175		
1104	176778	6616091	260	0	2014-06-15 07:02:35.766003+00	176		
3334	201653	17078615	260	0	2014-11-21 06:30:06.469578+00	177		
3303	199028	3195840	260	0	2014-11-14 05:11:55.370978+00	178		
505	172227	4693850	260	0	2014-05-23 03:58:16.506149+00	179		
2408	186346	7870878	260	0	2014-08-19 10:39:07.950201+00	180		
2374	186209	3195809	260	0	2014-08-18 14:08:00.334068+00	181		
489	171712	2589854	260	0	2014-05-22 15:49:53.244044+00	182		
2469	186460	1645761	260	0	2014-08-20 05:24:05.550668+00	183		
1551	180536	16366161	260	0	2014-07-07 15:13:32.894969+00	184		
488	171711	6673557	260	0	2014-05-22 15:49:32.661152+00	185		
1105	176779	6613875	260	0	2014-06-15 07:07:20.368493+00	186		
2410	186348	7894697	260	0	2014-08-19 10:56:51.857543+00	187		
3365	200270	17082582	260	0	2014-11-22 09:40:46.918183+00	188		
868	174720	1645690	260	0	2014-06-03 14:38:47.982136+00	199		
3289	198999	6625842	260	0	2014-11-14 04:17:29.408537+00	200		
1536	180496	4569626	260	0	2014-07-07 02:34:04.810057+00	201		
1160	176960	1645832	260	0	2014-06-16 13:44:48.224437+00	202		
2414	186352	16091733	260	0	2014-08-19 11:11:37.424238+00	203		
2412	186350	9158454	260	0	2014-08-19 11:04:04.856569+00	204		
807	174354	4569629	260	0	2014-06-01 06:49:49.95364+00	205		
3656	210087	4569028	260	0	2015-01-07 08:00:36.40272+00	206		
2411	186349	15746390	260	0	2014-08-19 11:02:55.272989+00	207		
788	174311	6655296	260	0	2014-06-01 03:16:25.886862+00	208		
1189	177227	1645714	260	0	2014-06-17 03:19:55.384806+00	209		
1920	183467	4693505	260	0	2014-08-03 21:07:23.270805+00	210		
3357	200168	17079557	260	0	2014-11-21 14:03:50.149057+00	211		
3340	200052	17078664	260	0	2014-11-21 06:52:57.18762+00	212		
2496	186628	6625641	260	0	2014-08-21 02:27:11.91079+00	213		
810	174357	5899340	260	0	2014-06-01 06:53:57.91608+00	214		
3104	195135	16974372	1975	0	2014-10-19 21:44:05.702098+00	310		
3200	196696	6651762	260	0	2014-10-30 08:59:03.781231+00	114		
355	169126	2589277	260	0	2014-05-17 21:51:14.849774+00	115		
444	170886	4567922	260	0	2014-05-21 06:51:37.368948+00	116		
893	174788	3669541	260	0	2014-06-04 04:49:19.827819+00	117		
3304	199031	1645818	260	0	2014-11-14 05:14:04.176389+00	118		
500	172222	4549548	260	0	2014-05-23 03:47:19.865248+00	119		
2383	186305	1463943	260	0	2014-08-19 07:56:39.260471+00	120		
934	175138	6673591	260	0	2014-06-06 03:38:23.897689+00	121		
2385	186308	1463944	260	0	2014-08-19 08:01:13.606203+00	122		
1506	180020	4594624	260	0	2014-07-03 05:33:19.278538+00	123		
872	174724	4549401	260	0	2014-06-03 14:40:56.569282+00	124		
2397	186320	1645758	260	0	2014-08-19 08:19:28.038324+00	125		
495	172217	1645671	260	0	2014-05-23 03:38:47.15724+00	126		
491	171717	6651778	260	0	2014-05-22 17:40:08.102904+00	127		
894	174789	3669564	260	0	2014-06-04 04:49:43.093819+00	128		
1537	180497	4569628	260	0	2014-07-07 02:41:19.276692+00	129		
1798	182090	15921386	260	0	2014-07-21 06:36:48.814166+00	130		
471	171692	2589880	260	0	2014-05-22 14:08:55.29116+00	131		
895	174790	3669579	260	0	2014-06-04 04:50:31.568923+00	132		
2415	186353	4569638	260	0	2014-08-19 11:12:46.002973+00	133		
932	175136	2589877	260	0	2014-06-06 03:33:34.399457+00	134		
524	172248	1645562	260	0	2014-05-23 04:50:30.013275+00	135		
2948	188747	1645815	260	0	2014-09-07 07:22:02.04001+00	136		
3627	210055	2589873	260	0	2015-01-07 05:32:29.173512+00	137		
502	172224	3182073	260	0	2014-05-23 03:50:24.878632+00	138		
938	175144	2589876	260	0	2014-06-06 03:48:34.53565+00	139		
1445	179332	11750821	260	0	2014-06-28 12:53:28.298759+00	140		
795	174342	3669397	260	0	2014-06-01 06:31:07.657405+00	141		
645	172923	7032895	260	0	2014-05-25 08:56:07.822206+00	142		
2416	186354	4569636	260	0	2014-08-19 11:13:43.581779+00	143		
3348	200057	1645809	260	0	2014-11-21 07:24:17.501849+00	144		
487	171708	2589852	260	0	2014-05-22 15:28:02.864517+00	145		
864	174716	4569499	260	0	2014-06-03 14:37:24.297134+00	146		
1466	179610	1645820	260	0	2014-06-30 07:36:02.091362+00	147		
3541	168510	5693639	260	0	2015-01-04 09:05:49.127161+00	148		
480	171701	2589855	260	0	2014-05-22 14:28:34.59955+00	149		
827	174503	4594435	260	0	2014-06-02 04:09:19.298804+00	150		
771	174293	14420174	260	0	2014-06-01 01:06:11.339012+00	151		
439	170840	1645813	260	0	2014-05-21 06:41:20.041655+00	152		
809	174356	1645817	260	0	2014-06-01 06:51:37.521528+00	153		
881	174733	4569508	260	0	2014-06-03 14:54:30.522135+00	154		
353	169108	6168481	260	0	2014-05-17 21:45:53.551571+00	155		
3643	210073	6168546	260	0	2015-01-07 07:06:57.021164+00	156		
2407	186345	3235899	260	0	2014-08-19 10:27:12.760986+00	157		
479	171700	6168482	260	0	2014-05-22 14:27:27.12615+00	158		
3423	205066	17162345	260	0	2014-12-12 15:24:46.458827+00	215		
2504	186636	6625649	260	0	2014-08-21 03:08:35.721511+00	329		
437	170812	7035110	260	0	2014-05-21 06:37:45.237746+00	330		
3569	209242	4693501	260	0	2015-01-05 03:03:26.350882+00	331		
2358	186168	15905623	260	0	2014-08-18 08:19:04.340868+00	332		
1396	178887	6627800	260	0	2014-06-26 07:12:03.07547+00	333		
1365	178301	7940905	260	0	2014-06-24 04:44:03.85112+00	389		
441	170842	4567891	260	0	2014-05-21 06:42:14.30067+00	390		
649	172927	6616537	260	0	2014-05-25 09:02:03.430913+00	500		
3206	196825	13520833	260	0	2014-10-31 09:52:21.96689+00	501		
687	173099	7360012	260	0	2014-05-26 06:27:04.554884+00	502		
1101	176775	6616090	260	0	2014-06-15 06:58:24.318804+00	503		
552	172284	6517994	260	0	2014-05-23 06:35:44.273354+00	504		
2538	186679	6663295	260	0	2014-08-21 06:35:40.397814+00	505		
3207	196826	5389584	260	0	2014-10-31 10:17:23.0973+00	506		
1427	179270	3092512	260	0	2014-06-28 01:47:12.063052+00	507		
3652	210083	4569027	260	0	2015-01-07 07:56:19.850615+00	508		
870	174722	4569503	260	0	2014-06-03 14:39:47.084099+00	509		
779	174301	4569564	260	0	2014-06-01 02:53:39.587228+00	510		
3028	190394	7030067	260	0	2014-09-16 15:36:55.30273+00	511		
3673	210276	15921196	260	0	2015-01-08 00:50:31.212597+00	569		
640	172918	6616533	260	0	2014-05-25 08:52:38.839068+00	570		
2083	184220	7940948	260	0	2014-08-08 01:08:01.039933+00	636		
3070	177000	16973250	1975	0	2014-10-19 14:54:19.474081+00	3		
1162	176964	11901424	260	0	2014-06-16 14:42:33.592735+00	56		
1346	177749	5899386	260	0	2014-06-20 06:12:28.590701+00	57		
1355	177919	4594505	260	0	2014-06-22 01:26:29.067459+00	58		
2404	186329	6672143	260	0	2014-08-19 08:38:16.652232+00	59		
865	174717	4569500	260	0	2014-06-03 14:37:54.6231+00	60		
1531	180491	4569619	260	0	2014-07-07 02:09:12.332834+00	61		
352	169107	2589297	260	0	2014-05-17 21:45:31.879357+00	70		
781	174303	4518406	260	0	2014-06-01 03:01:22.417451+00	71		
452	170926	4463835	260	0	2014-05-21 06:59:13.214953+00	72		
362	169154	2589281	260	0	2014-05-17 22:27:11.034919+00	73		
2386	186309	2667110	260	0	2014-08-19 08:02:53.496158+00	74		
785	174308	4518404	260	0	2014-06-01 03:05:22.180238+00	75		
790	174337	6672093	260	0	2014-06-01 05:34:34.183896+00	76		
2388	186311	4594439	260	0	2014-08-19 08:05:34.081876+00	77		
3290	199000	7894702	260	0	2014-11-14 04:24:32.908975+00	78		
3291	199001	4569639	260	0	2014-11-14 04:26:01.194137+00	79		
3292	199002	7894698	260	0	2014-11-14 04:28:37.085386+00	80		
1450	179337	11750822	260	0	2014-06-28 13:10:26.663492+00	81		
499	172221	1645853	260	0	2014-05-23 03:45:13.410598+00	82		
784	174307	4518405	260	0	2014-06-01 03:04:44.798554+00	83		
3192	196662	7032894	260	0	2014-10-30 06:10:23.861221+00	84		
866	174718	4569501	260	0	2014-06-03 14:38:17.936479+00	85		
2387	186310	6714718	260	0	2014-08-19 08:04:07.117611+00	86		
2420	186402	15722699	260	0	2014-08-20 00:06:23.628449+00	87		
3300	199025	5898326	260	0	2014-11-14 05:06:39.533317+00	88		
936	175140	2589856	260	0	2014-06-06 03:39:54.98657+00	89		
450	170892	4567880	260	0	2014-05-21 06:56:55.915567+00	90		
438	170813	4463838	260	0	2014-05-21 06:40:55.04502+00	91		
475	171696	1645811	260	0	2014-05-22 14:11:57.349348+00	92		
786	174309	4807353	260	0	2014-06-01 03:08:31.503014+00	93		
789	174312	5899387	260	0	2014-06-01 03:18:16.119974+00	94		
478	171699	6673644	260	0	2014-05-22 14:16:45.849983+00	95		
564	172296	8750379	260	0	2014-05-23 07:23:20.630911+00	96		
935	175139	2589875	260	0	2014-06-06 03:39:00.233374+00	97		
549	172281	2589256	260	0	2014-05-23 06:29:29.460629+00	98		
2438	186427	2060265	260	0	2014-08-20 03:26:44.275511+00	637		
3634	210065	14808029	260	0	2015-01-07 06:34:04.815619+00	638		
1352	177860	6616516	260	0	2014-06-21 13:28:39.810516+00	639		
3021	190257	6662978	260	0	2014-09-15 18:47:20.259861+00	640		
2392	186315	4569393	260	0	2014-08-19 08:10:57.527057+00	641		
3670	210273	4626834	260	0	2015-01-08 00:39:23.365951+00	642		
3671	210274	9166789	260	0	2015-01-08 00:43:04.604195+00	643		
2066	184183	4594357	260	0	2014-08-07 23:02:31.183166+00	644		
694	173106	4693539	260	0	2014-05-26 06:49:46.962721+00	645		
1025	175508	6625504	260	0	2014-06-08 11:58:42.37196+00	646		
2139	184619	16482637	260	0	2014-08-10 07:11:07.092416+00	647		
652	172930	6616536	260	0	2014-05-25 09:04:34.706598+00	648		
1559	180552	4693522	260	0	2014-07-07 16:17:34.524696+00	649		
3342	200054	17078668	260	0	2014-11-21 06:56:32.333282+00	650		
3610	210008	4633549	260	0	2015-01-07 03:29:41.038054+00	651		
1545	180529	6616081	260	0	2014-07-07 12:00:45.736701+00	652		
2536	186677	6663293	260	0	2014-08-21 06:31:38.906469+00	653		
553	172285	4048697	260	0	2014-05-23 06:36:43.569166+00	654		
1203	177241	4569556	260	0	2014-06-17 03:51:37.443331+00	655		
2078	184205	5691876	260	0	2014-08-07 23:39:57.37487+00	656		
2510	186642	4674019	260	0	2014-08-21 03:39:42.005379+00	657		
2524	186658	14411976	260	0	2014-08-21 05:25:02.22308+00	658		
584	172318	4852503	260	0	2014-05-23 08:33:42.530756+00	659		
2509	186641	9166768	260	0	2014-08-21 03:37:00.332775+00	660		
3591	209939	11897962	260	0	2015-01-07 01:38:09.75684+00	661		
839	174526	7035111	260	0	2014-06-02 05:34:21.429615+00	662		
3666	210269	15891463	260	0	2015-01-08 00:28:05.079128+00	663		
774	174296	4693696	260	0	2014-06-01 02:20:45.878787+00	664		
2378	186260	16511039	260	0	2014-08-18 20:38:02.120224+00	665		
2540	186696	15891270	260	0	2014-08-21 07:15:26.677004+00	666		
693	173105	4693537	260	0	2014-05-26 06:43:52.06106+00	667		
787	174310	11084208	260	0	2014-06-01 03:12:32.443676+00	668		
863	174715	4569498	260	0	2014-06-03 14:34:35.184348+00	669		
3667	210270	4594491	260	0	2015-01-08 00:31:15.734897+00	670		
3645	210075	2745866	260	0	2015-01-07 07:07:23.0203+00	671		
1919	183466	4693504	260	0	2014-08-03 21:03:51.66278+00	672		
1309	177661	4693400	260	0	2014-06-19 13:06:15.388348+00	673		
2441	186430	4633422	260	0	2014-08-20 03:53:19.500617+00	674		
1497	180004	4569008	260	0	2014-07-03 04:12:32.011681+00	675		
3668	210271	15921191	260	0	2015-01-08 00:32:42.967923+00	676		
1028	175531	6625506	260	0	2014-06-08 12:05:34.138195+00	677		
1565	180558	4807487	260	0	2014-07-07 16:18:54.752611+00	678		
2922	188699	6616440	260	0	2014-09-07 04:50:08.362465+00	679		
1815	182578	6663034	260	0	2014-07-27 02:17:52.072018+00	680		
2463	186453	7931882	260	0	2014-08-20 04:51:59.223335+00	681		
2545	186708	12239242	260	0	2014-08-21 08:33:04.356809+00	682		
1220	177258	4569566	260	0	2014-06-17 04:29:44.844731+00	683		
3669	210272	4594373	260	0	2015-01-08 00:36:02.205524+00	684		
650	172928	6713767	260	0	2014-05-25 09:03:16.244967+00	685		
1490	179997	4569012	260	0	2014-07-03 03:55:15.61801+00	686		
3619	210046	7870877	260	0	2015-01-07 04:50:10.815935+00	687		
3032	190398	6861547	260	0	2014-09-16 15:47:58.916567+00	688		
2422	186404	4693495	260	0	2014-08-20 00:21:15.936929+00	689		
1397	178888	6609006	260	0	2014-06-26 07:13:10.472478+00	690		
4036	260699	4594534	260	0	2015-09-18 05:46:37.117285+00	691		
366	169192	6426327	260	0	2014-05-17 22:38:08.785793+00	692		
3611	210009	4633551	260	0	2015-01-07 03:30:10.427292+00	693		
3337	200049	17078646	260	0	2014-11-21 06:44:49.2648+00	694		
3632	210060	7598046	260	0	2015-01-07 05:47:40.146214+00	695		
2527	186665	14411978	260	0	2014-08-21 05:33:17.508664+00	696		
1156	176955	9165137	260	0	2014-06-16 13:24:18.747158+00	697		
2620	187078	4569100	260	0	2014-08-24 01:10:00.49978+00	698		
2363	186175	4594695	260	0	2014-08-18 09:14:59.609538+00	699		
2417	186399	4549547	260	0	2014-08-19 23:49:45.705975+00	700		
729	173467	7030055	260	0	2014-05-27 06:52:17.708855+00	701		
2475	186466	7043617	260	0	2014-08-20 05:34:41.778162+00	702		
1348	177856	6616532	260	0	2014-06-21 13:09:10.902421+00	703		
2425	186414	5898073	260	0	2014-08-20 02:30:01.087514+00	704		
647	172925	4693677	260	0	2014-05-25 09:00:47.887118+00	705		
2930	188707	6616479	260	0	2014-09-07 05:14:28.55619+00	706		
1035	175541	6625505	260	0	2014-06-08 12:32:32.307913+00	707		
1235	177273	4569550	260	0	2014-06-17 04:49:21.366939+00	708		
2081	184210	5899400	260	0	2014-08-07 23:50:11.768095+00	709		
2375	186210	16509984	260	0	2014-08-18 14:14:34.240025+00	710		
1820	182583	4594317	260	0	2014-07-27 02:33:13.439033+00	777		
3033	190399	1860598	260	0	2014-09-16 15:50:24.37059+00	778		
1197	177235	4569549	260	0	2014-06-17 03:36:32.239903+00	779		
1298	177622	6672113	260	0	2014-06-19 06:21:21.144012+00	780		
1842	182650	4485488	260	0	2014-07-27 12:33:37.139993+00	781		
558	172290	4674065	260	0	2014-05-23 07:02:54.39661+00	782		
3299	199010	7894693	260	0	2014-11-14 04:42:55.402883+00	783		
1370	178306	11901426	260	0	2014-06-24 04:52:47.865085+00	784		
2431	186420	6693252	260	0	2014-08-20 03:04:26.162691+00	785		
626	172568	5218284	260	0	2014-05-24 04:48:05.679778+00	786		
2419	186401	4549546	260	0	2014-08-20 00:04:38.363973+00	787		
1388	178858	11901498	260	0	2014-06-26 03:49:43.246878+00	788		
875	174727	7001119	260	0	2014-06-03 14:43:06.46035+00	789		
2467	186458	7043618	260	0	2014-08-20 05:17:04.687772+00	790		
2519	186653	3195784	260	0	2014-08-21 05:08:50.667736+00	791		
2484	186475	11921702	260	0	2014-08-20 06:10:03.723966+00	792		
2089	184259	4569115	260	0	2014-08-08 04:53:54.141487+00	793		
3618	210045	1477075	260	0	2015-01-07 04:48:03.518365+00	794		
2809	187860	15877434	260	0	2014-08-31 05:48:50.994375+00	795		
923	175127	15902119	260	0	2014-06-06 02:49:08.709696+00	796		
3604	209999	4633532	260	0	2015-01-07 03:08:12.770107+00	797		
501	172223	4693849	260	0	2014-05-23 03:48:33.650616+00	798		
3617	210043	5899342	260	0	2015-01-07 04:46:43.570913+00	799		
1308	177660	4693404	260	0	2014-06-19 13:05:52.741589+00	800		
1723	181711	11159139	260	0	2014-07-18 03:15:11.651758+00	801		
1588	181084	5899388	260	0	2014-07-10 23:58:07.472625+00	802		
681	173093	4598180	260	0	2014-05-26 05:59:01.854115+00	803		
1522	180254	16356031	260	0	2014-07-05 03:44:34.772972+00	804		
736	173706	6613846	260	0	2014-05-28 03:53:31.144662+00	805		
1541	180505	3085021	260	0	2014-07-07 05:14:20.744409+00	806		
1291	177615	6672112	260	0	2014-06-19 03:36:44.414744+00	807		
1031	175537	6625509	260	0	2014-06-08 12:26:53.104466+00	808		
2460	186451	7931873	260	0	2014-08-20 04:46:05.248815+00	809		
2650	187154	4693691	260	0	2014-08-25 05:22:51.952362+00	810		
2668	187327	6490518	260	0	2014-08-26 05:12:53.899078+00	811		
485	171706	6673555	260	0	2014-05-22 14:42:22.182449+00	812		
2434	186423	4674733	260	0	2014-08-20 03:15:21.022058+00	813		
2617	187075	4569096	260	0	2014-08-24 01:00:29.154876+00	814		
2703	187522	5789687	260	0	2014-08-28 04:55:50.615734+00	815		
1547	180531	4693899	260	0	2014-07-07 12:16:07.354471+00	816		
1155	176954	11083935	260	0	2014-06-16 13:21:16.190106+00	817		
2082	184213	15895283	260	0	2014-08-07 23:52:22.701783+00	818		
1198	177236	4569554	260	0	2014-06-17 03:40:05.649605+00	819		
2364	186197	5691865	260	0	2014-08-18 12:22:24.167314+00	820		
1371	178307	11901427	260	0	2014-06-24 04:57:11.809965+00	821		
2453	186443	4633429	260	0	2014-08-20 04:20:38.823776+00	822		
4033	260696	15921144	260	0	2015-09-18 05:16:26.610319+00	823		
796	174343	7894695	260	0	2014-06-01 06:31:31.052993+00	824		
2440	186429	7349425	260	0	2014-08-20 03:44:24.203618+00	825		
4035	260698	5894860	260	0	2015-09-18 05:28:28.097877+00	826		
2503	186635	6625646	260	0	2014-08-21 02:56:04.992256+00	827		
4034	260697	7697062	260	0	2015-09-18 05:22:46.948241+00	828		
2090	184260	4569114	260	0	2014-08-08 05:00:18.513032+00	829		
603	172532	11084238	260	0	2014-05-24 02:53:08.216982+00	830		
739	173709	6616296	260	0	2014-05-28 03:57:34.545831+00	831		
2672	187331	5901488	260	0	2014-08-26 05:18:20.999957+00	832		
2489	186612	11909572	260	0	2014-08-21 00:42:58.974738+00	833		
2799	187836	6514216	260	0	2014-08-31 04:44:09.866971+00	834		
1670	181406	6663221	260	0	2014-07-13 21:50:33.136412+00	835		
593	172367	7970368	260	0	2014-05-23 12:01:14.226694+00	836		
536	172268	6573812	260	0	2014-05-23 06:04:26.750532+00	837		
3609	210007	4633548	260	0	2015-01-07 03:28:55.425059+00	838		
1224	177262	4569569	260	0	2014-06-17 04:33:58.157138+00	839		
2367	186202	16509898	260	0	2014-08-18 13:28:08.420162+00	840		
573	172305	4852473	260	0	2014-05-23 07:49:34.957021+00	841		
2454	186445	7914423	260	0	2014-08-20 04:29:20.779735+00	842		
2063	184180	6655171	260	0	2014-08-07 23:01:00.64082+00	843		
1925	183472	4674044	260	0	2014-08-03 21:26:03.791721+00	844		
822	174373	12239264	260	0	2014-06-01 07:28:32.778101+00	845		
1409	179243	4693258	260	0	2014-06-27 23:16:00.469616+00	846		
1163	176965	2226584	260	0	2014-06-16 14:44:22.645072+00	847		
1462	179606	4693332	260	0	2014-06-30 07:25:21.407447+00	848		
1392	178862	16325065	260	0	2014-06-26 04:03:29.485979+00	849		
1494	180001	4569015	260	0	2014-07-03 03:59:30.400598+00	850		
1296	177620	6672116	260	0	2014-06-19 06:18:32.195438+00	851		
2518	186652	4693421	260	0	2014-08-21 05:08:21.899091+00	852		
2707	187526	5789691	260	0	2014-08-28 05:00:16.089076+00	853		
3565	209238	3802935	260	0	2015-01-05 02:55:07.389834+00	854		
3603	209998	4633533	260	0	2015-01-07 03:07:57.450534+00	855		
3605	210000	1860581	260	0	2015-01-07 03:18:31.428703+00	856		
1208	177246	4569560	260	0	2014-06-17 04:01:52.89532+00	857		
1030	175536	6625508	260	0	2014-06-08 12:21:52.741594+00	858		
2793	187811	11090672	260	0	2014-08-31 02:47:08.038173+00	859		
3022	190258	3322583	260	0	2014-09-15 18:48:34.242802+00	860		
2370	186205	16509920	260	0	2014-08-18 13:50:07.761874+00	861		
1368	178304	5913774	260	0	2014-06-24 04:47:21.343582+00	862		
1290	177526	2745867	260	0	2014-06-18 19:15:11.189544+00	863		
1487	179994	4594430	260	0	2014-07-03 02:37:25.830228+00	864		
2396	186319	6714719	260	0	2014-08-19 08:18:32.653247+00	334		
930	175134	6673589	260	0	2014-06-06 03:28:17.376793+00	335		
1454	179423	4594664	260	0	2014-06-29 04:31:17.726696+00	336		
1853	182661	4485494	260	0	2014-07-27 12:58:06.532872+00	337		
2495	186626	6625644	260	0	2014-08-21 02:12:15.937564+00	395		
1469	179613	4852709	260	0	2014-06-30 07:47:27.266309+00	444		
1891	182937	4693822	260	0	2014-07-30 17:11:27.364225+00	445		
2451	186440	4594436	260	0	2014-08-20 04:15:56.824483+00	446		
1042	175627	15866353	260	0	2014-06-09 08:17:02.972674+00	447		
449	170891	4569000	260	0	2014-05-21 06:55:25.77419+00	448		
2457	186448	7931839	260	0	2014-08-20 04:39:28.206285+00	449		
1844	182652	4485489	260	0	2014-07-27 12:35:35.047132+00	450		
1215	177253	4569565	260	0	2014-06-17 04:17:13.270972+00	451		
3037	190512	6663195	260	0	2014-09-17 09:49:23.293236+00	452		
351	169101	5111128	260	0	2014-05-17 21:38:47.632246+00	453		
1398	178889	6609007	260	0	2014-06-26 07:14:01.197713+00	454		
3650	210081	15921194	260	0	2015-01-07 07:52:19.13818+00	455		
3626	210054	6673612	260	0	2015-01-07 05:27:36.376193+00	456		
2409	186347	3092457	260	0	2014-08-19 10:40:05.050987+00	457		
1369	178305	6110708	260	0	2014-06-24 04:48:27.859605+00	458		
1350	177858	6616517	260	0	2014-06-21 13:18:00.083708+00	459		
1947	183869	16468898	260	0	2014-08-06 05:19:19.285416+00	460		
2445	186434	3092488	260	0	2014-08-20 04:01:25.801853+00	461		
1485	179992	4693506	260	0	2014-07-03 02:28:55.158986+00	462		
695	173107	4693538	260	0	2014-05-26 06:50:16.638388+00	463		
2539	186680	6651826	260	0	2014-08-21 06:36:48.835681+00	464		
782	174305	4518407	260	0	2014-06-01 03:02:55.54177+00	465		
2629	187087	4569111	260	0	2014-08-24 04:02:06.279675+00	466		
3030	190396	4594428	260	0	2014-09-16 15:39:06.294474+00	467		
1890	182936	4693821	260	0	2014-07-30 17:09:45.928622+00	468		
3659	210090	7952812	260	0	2015-01-07 08:10:53.029858+00	469		
2472	186463	3092502	260	0	2014-08-20 05:30:20.71235+00	470		
1360	178296	11901421	260	0	2014-06-24 04:21:21.835807+00	471		
1489	179996	4569010	260	0	2014-07-03 03:53:45.083548+00	488		
1201	177239	4569555	260	0	2014-06-17 03:50:04.190491+00	489		
931	175135	6673590	260	0	2014-06-06 03:31:05.895197+00	490		
469	171569	3195810	260	0	2014-05-22 01:31:01.615392+00	491		
1546	180530	16365692	260	0	2014-07-07 12:06:35.278164+00	492		
1463	179607	4852710	260	0	2014-06-30 07:29:46.540936+00	493		
920	175124	15902112	260	0	2014-06-06 02:47:50.117891+00	494		
2080	184209	5899410	260	0	2014-08-07 23:48:40.4174+00	495		
2810	187861	6515826	260	0	2014-08-31 05:55:30.531494+00	496		
1317	177669	4693409	260	0	2014-06-19 13:14:56.262615+00	497		
642	172920	15921085	260	0	2014-05-25 08:54:46.847504+00	498		
699	173111	4598323	260	0	2014-05-26 07:01:43.573953+00	499		
2088	184258	4417311	260	0	2014-08-08 04:50:45.423221+00	865		
1241	177281	6650492	260	0	2014-06-17 06:25:59.6528+00	866		
1236	177274	1477025	260	0	2014-06-17 04:50:12.406334+00	867		
448	170890	2023389	260	0	2014-05-21 06:54:16.359559+00	868		
2534	186672	4569099	260	0	2014-08-21 05:58:40.676135+00	869		
1385	178803	12036354	260	0	2014-06-25 23:21:55.598713+00	870		
3606	210003	6684000	260	0	2015-01-07 03:26:14.389723+00	871		
1287	177521	5693652	260	0	2014-06-18 19:10:39.652551+00	872		
3194	196667	4693231	260	0	2014-10-30 06:31:31.537538+00	873		
740	173712	6616283	260	0	2014-05-28 04:24:23.098066+00	874		
2447	186436	4633425	260	0	2014-08-20 04:03:05.504513+00	875		
1394	178883	15935716	260	0	2014-06-26 06:59:34.787355+00	876		
683	173095	7359989	260	0	2014-05-26 06:08:05.492571+00	877		
2482	186473	7019598	260	0	2014-08-20 05:59:44.493203+00	878		
575	172309	4852472	260	0	2014-05-23 08:06:17.232145+00	879		
648	172926	11897978	260	0	2014-05-25 09:01:02.922263+00	880		
777	174299	4549437	260	0	2014-06-01 02:50:25.894852+00	881		
3477	205997	7324985	260	0	2014-12-18 02:15:36.874495+00	882		
1364	178300	4434874	260	0	2014-06-24 04:43:27.388893+00	883		
1204	177242	4569557	260	0	2014-06-17 03:52:04.711759+00	884		
2421	186403	4693496	260	0	2014-08-20 00:20:26.283501+00	885		
1515	180154	4594555	260	0	2014-07-04 09:20:38.331608+00	886		
1036	175618	4693423	260	0	2014-06-09 01:30:13.506757+00	887		
1801	182094	15921384	260	0	2014-07-21 06:48:28.118592+00	888		
3602	209995	5897623	260	0	2015-01-07 03:00:42.291113+00	889		
2359	186169	7931872	260	0	2014-08-18 08:24:14.507925+00	890		
1903	183026	16447620	260	0	2014-07-31 14:57:49.5376+00	338		
701	173113	4693638	260	0	2014-05-26 07:08:23.140227+00	339		
3344	200056	17078670	260	0	2014-11-21 07:02:15.709739+00	340		
833	174520	4807380	260	0	2014-06-02 04:56:11.376119+00	341		
815	174362	4052591	260	0	2014-06-01 06:59:39.17896+00	342		
1839	182647	4693277	260	0	2014-07-27 12:24:19.135845+00	343		
3296	199007	7894700	260	0	2014-11-14 04:32:46.183273+00	344		
842	174529	4434887	260	0	2014-06-02 05:57:52.260704+00	345		
2471	186462	6613942	260	0	2014-08-20 05:28:43.199141+00	346		
3655	210086	4569032	260	0	2015-01-07 07:59:32.750336+00	347		
2544	186707	6110707	260	0	2014-08-21 08:26:33.787557+00	348		
1914	183408	15921387	260	0	2014-08-03 12:39:33.527612+00	349		
1534	180494	4569625	260	0	2014-07-07 02:21:14.398823+00	350		
539	172271	6518001	260	0	2014-05-23 06:16:05.924609+00	351		
3372	200275	17082737	260	0	2014-11-22 10:44:27.153992+00	352		
1468	179612	3092477	260	0	2014-06-30 07:45:51.637636+00	353		
2360	186170	5693622	260	0	2014-08-18 08:26:48.081761+00	354		
927	175131	6673563	260	0	2014-06-06 03:25:54.096259+00	355		
561	172293	6168575	260	0	2014-05-23 07:10:25.033472+00	356		
3661	210098	15854725	260	0	2015-01-07 09:06:20.378545+00	357		
831	174508	9152354	260	0	2014-06-02 04:39:09.509918+00	358		
1223	177261	4569568	260	0	2014-06-17 04:33:33.129364+00	359		
1286	177520	5693667	260	0	2014-06-18 19:08:53.252899+00	360		
3677	210280	16091797	260	0	2015-01-08 01:31:31.522401+00	361		
3678	210281	15921084	260	0	2015-01-08 01:35:33.069544+00	362		
3679	210282	4463834	260	0	2015-01-08 02:55:42.433104+00	363		
1924	183471	4693511	260	0	2014-08-03 21:23:59.769278+00	364		
835	174522	5691864	260	0	2014-06-02 05:22:41.894559+00	365		
2492	186615	4633518	260	0	2014-08-21 00:56:53.234922+00	366		
878	174730	7877648	260	0	2014-06-03 14:46:46.86037+00	367		
3629	210057	6673624	260	0	2015-01-07 05:37:35.669079+00	368		
3662	210099	4594477	260	0	2015-01-07 09:08:54.218701+00	369		
2366	186201	15854726	260	0	2014-08-18 13:18:42.275068+00	370		
1102	176776	6616092	260	0	2014-06-15 07:00:13.204179+00	371		
3017	189825	15921331	260	0	2014-09-14 06:52:33.172651+00	372		
2501	186633	6625648	260	0	2014-08-21 02:51:08.259318+00	373		
2951	188750	5693616	260	0	2014-09-07 07:25:27.498915+00	374		
2513	186645	6609058	260	0	2014-08-21 04:52:36.939684+00	375		
3329	201651	17078504	260	0	2014-11-21 05:33:44.097185+00	376		
1563	180556	6305673	260	0	2014-07-07 16:18:35.52418+00	377		
2470	186461	5693623	260	0	2014-08-20 05:28:01.825306+00	378		
1161	176963	4485492	260	0	2014-06-16 14:39:28.170924+00	379		
1530	180490	4569618	260	0	2014-07-07 02:05:21.081857+00	380		
929	175133	6673588	260	0	2014-06-06 03:27:33.9189+00	381		
531	172263	6426331	260	0	2014-05-23 05:57:37.742239+00	382		
2603	187058	6573751	260	0	2014-08-23 23:42:20.21772+00	891		
2478	186469	7598081	260	0	2014-08-20 05:45:46.898801+00	892		
1493	180000	3826447	260	0	2014-07-03 03:58:40.129902+00	893		
918	175122	6693843	260	0	2014-06-06 02:44:39.795735+00	894		
688	173100	7360013	260	0	2014-05-26 06:30:24.80048+00	895		
562	172294	6518002	260	0	2014-05-23 07:15:41.951347+00	896		
2865	188190	11898021	260	0	2014-09-02 06:27:42.940074+00	921		
2728	187554	3085036	260	0	2014-08-28 10:27:52.125217+00	922		
1549	180534	4026425	260	0	2014-07-07 14:37:17.214008+00	923		
873	174725	4569512	260	0	2014-06-03 14:42:41.273087+00	924		
370	169230	2763990	260	0	2014-05-17 22:42:45.937917+00	925		
1635	181219	16384237	260	0	2014-07-12 03:18:04.618264+00	926		
2091	184261	4569116	260	0	2014-08-08 05:04:04.819106+00	927		
2772	187673	7391730	260	0	2014-08-29 08:16:19.064317+00	928		
2704	187523	5789688	260	0	2014-08-28 04:56:54.932479+00	929		
2785	187803	7107764	260	0	2014-08-31 02:10:42.219956+00	930		
