213	6296	11155601	704024	0	2013-02-01 10:00:09.932564+00	0		
67	6296	228573	7077	0	2011-05-16 16:08:20.288158+00	0		
70	6296	1721900	22403	0	2011-05-16 16:08:20.288158+00	0		
73	6296	1721901	22403	0	2011-05-16 16:08:20.288158+00	0		
81	6296	3526	29084	0	2011-05-16 16:08:20.288158+00	0		
54	6296	369564	29084	0	2011-05-16 16:08:20.288158+00	0		
19	6296	7821534	35452	0	2011-05-16 16:08:20.288158+00	0		
198	6296	6586299	230235	0	2012-09-08 23:00:16.200584+00	0		
14	6296	933456	42836	0	2011-05-16 16:08:20.288158+00	0		
101	6296	1582422	57638	0	2011-05-16 16:08:20.288158+00	0		
85	6296	1582424	57638	0	2011-05-16 16:08:20.288158+00	0		
96	6296	1582423	57640	0	2011-05-16 16:08:20.288158+00	0		
91	6296	1582424	57640	0	2011-05-16 16:08:20.288158+00	0		
94	6296	1582423	57643	0	2011-05-16 16:08:20.288158+00	0		
89	6296	1582424	57643	0	2011-05-16 16:08:20.288158+00	0		
105	6296	1582420	57650	0	2011-05-16 16:08:20.288158+00	0		
103	6296	1582421	57650	0	2011-05-16 16:08:20.288158+00	0		
107	6296	1582414	57654	0	2011-05-16 16:08:20.288158+00	0		
108	6296	1582414	57655	0	2011-05-16 16:08:20.288158+00	0		
82	6296	3526	71266	0	2011-05-16 16:08:20.288158+00	0		
55	6296	369564	71266	0	2011-05-16 16:08:20.288158+00	0		
109	6296	10323466	74310	0	2011-05-16 16:08:20.288158+00	0		
75	6296	6929505	108417	0	2011-05-16 16:08:20.288158+00	0		
23	6296	7821537	112527	0	2011-05-16 16:08:20.288158+00	0		
20	6296	7821535	115693	0	2011-05-16 16:08:20.288158+00	0		
145	6296	841398	145254	0	2011-05-16 16:08:20.288158+00	0		
133	6296	1590978	164829	0	2011-05-16 16:08:20.288158+00	0		
125	6296	1590979	164829	0	2011-05-16 16:08:20.288158+00	0		
139	6296	1590964	164836	0	2011-05-16 16:08:20.288158+00	0		
131	6296	1590972	164836	0	2011-05-16 16:08:20.288158+00	0		
18	6296	7821533	175585	0	2011-05-16 16:08:20.288158+00	0		
106	6296	1140408	181575	0	2011-05-16 16:08:20.288158+00	0		
17	6296	3681958	181575	0	2011-05-16 16:08:20.288158+00	0		
180	45676	13477552	1147262	0	2012-05-01 21:00:11.322438+00	0		
22	6296	7821536	220466	0	2011-05-16 16:08:20.288158+00	0		
65	6296	6642363	236194	0	2011-05-16 16:08:20.288158+00	0		
102	6296	9956213	240666	0	2011-05-16 16:08:20.288158+00	0		
86	6296	9767652	258398	0	2011-05-16 16:08:20.288158+00	0		
68	6296	228573	275911	0	2011-05-16 16:08:20.288158+00	0		
69	6296	1377308	329285	0	2011-05-16 16:08:20.288158+00	0		
104	6296	2702923	348574	0	2011-05-16 16:08:20.288158+00	0		
112	6296	11222487	366893	0	2011-05-16 16:08:20.288158+00	0		
71	6296	1721900	423583	0	2011-05-16 16:08:20.288158+00	0		
74	6296	1721901	423583	0	2011-05-16 16:08:20.288158+00	0		
127	6296	11383338	434297	0	2011-05-16 16:08:20.288158+00	0		
124	6296	11383339	464548	0	2011-05-16 16:08:20.288158+00	0		
2	6296	564695	465092	0	2011-05-16 16:08:20.288158+00	0		
21	6296	564695	465109	0	2011-05-16 16:08:20.288158+00	0		
77	6296	564695	465131	0	2011-05-16 16:08:20.288158+00	0		
111	6296	11221273	476361	0	2011-05-16 16:08:20.288158+00	0		
121	6296	11383340	492228	0	2011-05-16 16:08:20.288158+00	0		
119	6296	11383341	530973	0	2011-05-16 16:08:20.288158+00	0		
99	6296	1582422	551833	0	2011-05-16 16:08:20.288158+00	0		
83	6296	1582424	551833	0	2011-05-16 16:08:20.288158+00	0		
100	6296	1582422	551834	0	2011-05-16 16:08:20.288158+00	0		
84	6296	1582424	551834	0	2011-05-16 16:08:20.288158+00	0		
62	6296	9181563	565485	0	2011-05-16 16:08:20.288158+00	0		
4	6296	933456	576523	0	2011-05-16 16:08:20.288158+00	0		
1	64367	7905440	459740	0	2012-10-22 09:00:08.254666+00	0		
5	6296	933456	576524	0	2011-05-16 16:08:20.288158+00	0		
6	6296	933456	576525	0	2011-05-16 16:08:20.288158+00	0		
7	6296	933456	576526	0	2011-05-16 16:08:20.288158+00	0		
8	6296	933456	576527	0	2011-05-16 16:08:20.288158+00	0		
52	6296	7845843	36805	0	2014-03-24 13:00:23.764528+00	0		
24	6296	7845844	36805	0	2014-03-24 13:00:23.764528+00	0		
9	6296	933456	576528	0	2011-05-16 16:08:20.288158+00	0		
59	6296	1206210	158314	0	2014-04-17 13:00:28.312335+00	0		
10	6296	933456	576529	0	2011-05-16 16:08:20.288158+00	0		
226	6296	15187489	1092211	0	2013-08-22 03:00:31.552146+00	0		
11	6296	933456	576530	0	2011-05-16 16:08:20.288158+00	0		
12	6296	933456	576531	0	2011-05-16 16:08:20.288158+00	0		
13	6296	933456	576532	0	2011-05-16 16:08:20.288158+00	0		
227	6296	386949	1114439	0	2014-02-02 13:54:30.866687+00	0		
214	6296	14640101	163026	0	2013-03-06 01:00:07.243534+00	0		
3	6296	933456	576628	0	2011-05-16 16:08:20.288158+00	0		
95	6296	1582423	582769	0	2011-05-16 16:08:20.288158+00	0		
90	6296	1582424	582769	0	2011-05-16 16:08:20.288158+00	0		
78	6296	564695	591715	0	2011-05-16 16:08:20.288158+00	0		
215	6296	14640102	163026	0	2013-03-06 01:00:07.390561+00	0		
97	6296	13594	602774	0	2011-05-16 16:08:20.288158+00	0		
92	6296	172933	602788	0	2011-05-16 16:08:20.288158+00	0		
93	6296	172933	602789	0	2011-05-16 16:08:20.288158+00	0		
98	6296	13594	602790	0	2011-05-16 16:08:20.288158+00	0		
110	6296	10323461	632735	0	2011-05-16 16:08:20.288158+00	0		
113	6296	11383345	659535	0	2011-05-16 16:08:20.288158+00	0		
138	6296	11697943	676493	0	2011-05-16 16:08:20.288158+00	0		
114	6296	11383344	748909	0	2011-05-16 16:08:20.288158+00	0		
15	6296	933456	770453	0	2011-05-16 16:08:20.288158+00	0		
141	6296	1590961	784885	0	2011-05-16 16:08:20.288158+00	0		
115	6296	1590973	784885	0	2011-05-16 16:08:20.288158+00	0		
151	6296	1590959	785097	0	2011-05-16 16:08:20.288158+00	0		
149	6296	1590965	785097	0	2011-05-16 16:08:20.288158+00	0		
140	6296	1590964	785319	0	2011-05-16 16:08:20.288158+00	0		
132	6296	1590972	785319	0	2011-05-16 16:08:20.288158+00	0		
155	6296	1590960	785329	0	2011-05-16 16:08:20.288158+00	0		
135	6296	1590974	785329	0	2011-05-16 16:08:20.288158+00	0		
156	6296	1590960	785330	0	2011-05-16 16:08:20.288158+00	0		
136	6296	1590974	785330	0	2011-05-16 16:08:20.288158+00	0		
157	6296	1590960	785331	0	2011-05-16 16:08:20.288158+00	0		
137	6296	1590974	785331	0	2011-05-16 16:08:20.288158+00	0		
153	6296	1590970	785335	0	2011-05-16 16:08:20.288158+00	0		
128	6296	1590976	785335	0	2011-05-16 16:08:20.288158+00	0		
154	6296	1590970	785336	0	2011-05-16 16:08:20.288158+00	0		
129	6296	1590976	785336	0	2011-05-16 16:08:20.288158+00	0		
159	6296	1590975	785452	0	2011-05-16 16:08:20.288158+00	0		
158	6296	1590977	785452	0	2011-05-16 16:08:20.288158+00	0		
142	6296	1590961	785456	0	2011-05-16 16:08:20.288158+00	0		
116	6296	1590973	785456	0	2011-05-16 16:08:20.288158+00	0		
216	6296	14640103	163026	0	2013-03-06 01:00:07.509528+00	0		
217	6296	14640104	163026	0	2013-03-06 01:00:07.607622+00	0		
181	45676	13477553	1147262	0	2012-05-01 21:00:11.342819+00	0		
218	6296	14640105	163026	0	2013-03-06 01:00:07.918946+00	0		
176	6296	7000155	6119	0	2012-03-04 05:00:05.314093+00	0		
182	45676	13477554	1147262	0	2012-05-01 21:00:11.353988+00	0		
183	45676	13477555	1147262	0	2012-05-01 21:00:11.365971+00	0		
185	45676	13477557	1147262	0	2012-05-01 21:00:11.400246+00	0		
212	241570	676445	133449	0	2015-05-17 12:16:20.419165+00	0		
53	241570	209480	133449	0	2015-05-17 12:26:10.851382+00	0		
186	45676	13477558	1147262	0	2012-05-01 21:00:11.416263+00	0		
187	45676	13477559	1147262	0	2012-05-01 21:00:11.427295+00	0		
188	45676	13477560	1147262	0	2012-05-01 21:00:11.438196+00	0		
189	45676	13477561	1147262	0	2012-05-01 21:00:11.447808+00	0		
60	6296	1206210	455449	0	2014-04-17 13:00:28.312335+00	0		
179	6296	7264196	807055	0	2012-04-28 18:00:15.624341+00	0		
61	6296	1206210	514186	0	2014-04-17 13:00:28.312335+00	0		
122	6296	1590967	785692	0	2011-05-16 16:08:20.288158+00	0		
117	6296	1590968	785692	0	2011-05-16 16:08:20.288158+00	0		
123	6296	1590967	785693	0	2011-05-16 16:08:20.288158+00	0		
118	6296	1590968	785693	0	2011-05-16 16:08:20.288158+00	0		
147	6296	1590969	785812	0	2011-05-16 16:08:20.288158+00	0		
143	6296	1590980	785812	0	2011-05-16 16:08:20.288158+00	0		
148	6296	1590969	785813	0	2011-05-16 16:08:20.288158+00	0		
144	6296	1590980	785813	0	2011-05-16 16:08:20.288158+00	0		
152	6296	1590959	786357	0	2011-05-16 16:08:20.288158+00	0		
150	6296	1590965	786357	0	2011-05-16 16:08:20.288158+00	0		
120	6296	12054627	795675	0	2011-05-16 16:08:20.288158+00	0		
130	6296	12054627	795677	0	2011-05-16 16:08:20.288158+00	0		
134	6296	1590978	798507	0	2011-05-16 16:08:20.288158+00	0		
126	6296	1590979	798507	0	2011-05-16 16:08:20.288158+00	0		
146	6296	841398	819908	0	2011-05-16 16:08:20.288158+00	0		
76	6296	6929505	827762	0	2011-05-16 16:08:20.288158+00	0		
38	6296	1155441	860798	0	2011-05-16 16:08:20.288158+00	0		
80	6296	2047	871565	0	2011-05-16 16:08:20.288158+00	0		
63	6296	1749333	894945	0	2011-05-16 16:08:20.288158+00	0		
72	6296	7882373	952019	0	2011-05-16 16:08:20.288158+00	0		
56	6297	3576110	135117	0	2011-05-16 16:08:20.288158+00	0		
66	6298	299092	972333	0	2011-05-16 16:08:20.288158+00	0		
160	6296	12597667	605728	0	2011-08-02 19:23:59.961662+00	0		
161	6296	12770290	1077144	0	2011-10-06 21:00:07.452069+00	0		
162	6296	12814371	1082647	0	2011-11-10 23:00:06.502365+00	0		
184	45676	13477556	1147262	0	2012-05-01 21:00:11.376295+00	0		
190	45676	13477562	1147262	0	2012-05-01 21:00:11.458708+00	0		
191	45676	13477563	1147262	0	2012-05-01 21:00:11.468193+00	0		
192	45676	13477564	1147262	0	2012-05-01 21:00:11.480154+00	0		
193	45676	13477565	1147262	0	2012-05-01 21:00:11.49103+00	0		
194	45676	13477566	1147262	0	2012-05-01 21:00:11.50082+00	0		
173	38595	13230654	1121477	0	2012-07-12 19:00:11.457973+00	0		
166	38595	13230647	1121477	0	2012-07-12 19:00:11.457973+00	0		
165	38595	13230646	1121477	0	2012-07-12 19:00:11.457973+00	0		
163	38595	13230644	1121477	0	2012-07-12 19:00:11.457973+00	0		
175	38595	13230656	1121477	0	2012-07-12 19:00:11.457973+00	0		
167	38595	13230648	1121477	0	2012-07-12 19:00:11.457973+00	0		
171	38595	13230652	1121477	0	2012-07-12 19:00:11.457973+00	0		
170	38595	13230651	1121477	0	2012-07-12 19:00:11.457973+00	0		
164	38595	13230645	1121477	0	2012-07-12 19:00:11.457973+00	0		
169	38595	13230650	1121477	0	2012-07-12 19:00:11.457973+00	0		
172	38595	13230653	1121477	0	2012-07-12 19:00:11.457973+00	0		
174	38595	13230655	1121477	0	2012-07-12 19:00:11.457973+00	0		
168	38595	13230649	1121477	0	2012-07-12 19:00:11.457973+00	0		
202	6296	6586303	230235	0	2012-09-08 23:00:16.273478+00	0		
219	6296	14640106	163026	0	2013-03-06 01:00:08.024244+00	0		
220	6296	14640107	163026	0	2013-03-06 01:00:08.152733+00	0		
207	6296	13974407	112203	0	2012-09-25 00:00:12.564947+00	0		
221	6296	14640108	163026	0	2013-03-06 01:00:08.406824+00	0		
222	6296	14640109	163026	0	2013-03-06 01:00:08.674091+00	0		
223	6296	14640110	163026	0	2013-03-06 01:00:08.795891+00	0		
224	6296	14640111	163026	0	2013-03-06 01:00:08.93615+00	0		
225	6296	14718224	1035115	0	2013-03-27 15:00:07.691655+00	0		
271	6296	11891062	1190534	0	2015-01-06 17:02:54.059499+00	0		
234	6296	12216100	758907	0	2014-06-27 22:00:17.823765+00	0		
64	6296	710428	210915	0	2014-07-02 13:01:09.949381+00	0		
235	6296	12440758	1044063	0	2014-08-01 12:00:15.401629+00	0		
272	6296	17342478	734774	0	2015-01-31 12:01:32.812668+00	0		
273	6296	17429458	1565644	0	2015-02-21 21:01:34.530953+00	0		
236	6296	16458831	1458872	0	2014-08-10 21:01:02.278804+00	0		
237	6296	16458832	1458872	0	2014-08-10 21:01:03.929392+00	0		
238	6296	16458833	1458872	0	2014-08-10 21:01:26.404597+00	0		
239	6296	16458293	1458872	0	2014-08-10 22:00:36.813362+00	0		
16	241570	676441	133449	0	2015-05-17 12:16:20.419165+00	0		
209	241570	676442	133449	0	2015-05-17 12:16:20.419165+00	0		
210	241570	676443	133449	0	2015-05-17 12:16:20.419165+00	0		
211	241570	15874128	133449	0	2015-05-17 12:16:20.419165+00	0		
242	6296	16481244	1461252	0	2014-08-16 20:00:18.766424+00	0		
261	6296	16492473	16289	0	2014-08-19 20:00:27.311659+00	0		
262	6296	16492473	16286	0	2014-08-19 20:00:27.338346+00	0		
263	6296	16849874	298305	0	2014-10-02 19:00:35.155184+00	0		
264	6296	16849875	76332	0	2014-10-02 19:00:35.270478+00	0		
265	6296	16849877	298305	0	2014-10-02 19:00:40.013764+00	0		
266	6296	16849878	76332	0	2014-10-02 19:00:40.062647+00	0		
269	6296	16849885	890640	0	2014-10-02 19:00:40.426482+00	0		
270	6296	16849886	76332	0	2014-10-02 19:00:40.505981+00	0		
230	6296	15918032	1398094	0	2014-11-10 17:00:48.093373+00	0		
267	6296	2748686	1304745	0	2015-05-23 05:01:08.02363+00	0		
283	6296	13333449	1521901	0	2015-09-05 17:24:09.205128+00	0		
276	6296	7254953	1159940	0	2015-06-02 09:01:23.723376+00	0		
284	6296	18225592	1657324	0	2015-10-13 10:01:24.654812+00	0		
87	6296	747529	596809	0	2015-07-05 21:04:34.251563+00	0		
88	6296	498714	596812	0	2015-07-06 07:01:40.120907+00	0		
280	6296	17425187	1456201	0	2015-07-22 22:01:28.016431+00	0		
281	6296	18133080	1633123	0	2015-08-22 22:00:59.378944+00	0		
277	6296	345692	471663	0	2015-09-03 06:01:21.921702+00	0		
282	6296	13333449	1521846	0	2015-09-05 17:24:09.205128+00	0		
