39872	27124	10	10	0	2011-05-16 16:27:39.450042+00	0		
279733	27124	15	15	0	2011-05-16 16:27:39.450042+00	0		
148634	27124	16	16	0	2011-05-16 16:27:39.450042+00	0		
148861	27124	17	17	0	2011-05-16 16:27:39.450042+00	0		
107051	27124	18	18	0	2011-05-16 16:27:39.450042+00	0		
362171	27124	9166908	12433492	0	2011-07-29 11:39:34.185736+00	0		
148186	27124	44	44	0	2011-05-16 16:27:39.450042+00	0		
206057	27124	170	7955929	0	2011-05-16 16:27:39.450042+00	0		
305931	27124	4219	4219	0	2015-02-09 07:01:38.624092+00	0		
128446	27124	389	389	0	2011-05-16 16:27:39.450042+00	0		
50831	27124	391	391	0	2011-05-16 16:27:39.450042+00	0		
322596	27124	392	392	0	2011-05-16 16:27:39.450042+00	0		
53977	27124	393	393	0	2011-05-16 16:27:39.450042+00	0		
143589	27124	394	394	0	2011-05-16 16:27:39.450042+00	0		
190646	27124	395	395	0	2011-05-16 16:27:39.450042+00	0		
146474	27124	396	396	0	2011-05-16 16:27:39.450042+00	0		
308241	27124	397	397	0	2011-05-16 16:27:39.450042+00	0		
297457	27124	398	398	0	2011-05-16 16:27:39.450042+00	0		
99679	27124	399	399	0	2011-05-16 16:27:39.450042+00	0		
197180	27124	445	445	0	2011-05-16 16:27:39.450042+00	0		
151899	27124	447	447	0	2011-05-16 16:27:39.450042+00	0		
184687	27124	448	448	0	2011-05-16 16:27:39.450042+00	0		
42242	27124	449	449	0	2011-05-16 16:27:39.450042+00	0		
129074	27124	450	450	0	2011-05-16 16:27:39.450042+00	0		
127793	27124	451	451	0	2011-05-16 16:27:39.450042+00	0		
270475	27124	577	577	0	2011-05-16 16:27:39.450042+00	0		
141051	27124	579	579	0	2011-05-16 16:27:39.450042+00	0		
221571	27124	581	581	0	2011-05-16 16:27:39.450042+00	0		
120563	27124	582	582	0	2011-05-16 16:27:39.450042+00	0		
213939	27124	583	583	0	2011-05-16 16:27:39.450042+00	0		
196383	27124	584	584	0	2011-05-16 16:27:39.450042+00	0		
315018	27124	585	585	0	2011-05-16 16:27:39.450042+00	0		
327474	27124	586	586	0	2011-05-16 16:27:39.450042+00	0		
167660	27124	587	587	0	2011-05-16 16:27:39.450042+00	0		
322319	27124	953	10270007	0	2012-02-18 16:05:58.302163+00	0		
211488	27124	1066	1066	0	2011-05-16 16:27:39.450042+00	0		
258957	27124	1069	1069	0	2011-05-16 16:27:39.450042+00	0		
330099	27124	3526	369564	0	2011-07-24 06:02:24.237877+00	0		
235345	27124	4729	4729	0	2011-11-08 15:00:08.994681+00	0		
65138	27124	2047	10270002	0	2011-05-16 16:27:39.450042+00	0		
142452	27124	3529	10270006	0	2011-07-24 10:06:34.553587+00	0		
361288	27124	6322664	12433383	0	2011-07-25 16:45:54.719586+00	0		
362877	27125	1026914	304816	0	2011-07-31 00:55:44.528734+00	0		
112017	27124	3520	3520	0	2011-05-16 16:27:39.450042+00	0		
223499	27124	3525	10270015	0	2011-05-16 16:27:39.450042+00	0		
213508	27124	3527	10270008	0	2011-05-16 16:27:39.450042+00	0		
245295	27124	3530	10270010	0	2011-05-16 16:27:39.450042+00	0		
115956	27124	3531	10270003	0	2011-05-16 16:27:39.450042+00	0		
340532	27124	3532	10270021	0	2011-05-16 16:27:39.450042+00	0		
112322	27124	3613	3613	0	2011-05-16 16:27:39.450042+00	0		
307633	27124	3653	3653	0	2011-05-16 16:27:39.450042+00	0		
233460	27124	3654	3654	0	2011-05-16 16:27:39.450042+00	0		
331854	27124	3655	3655	0	2011-05-16 16:27:39.450042+00	0		
230374	27124	3656	3656	0	2011-05-16 16:27:39.450042+00	0		
207426	27124	3657	3657	0	2011-05-16 16:27:39.450042+00	0		
140385	27124	3658	3658	0	2011-05-16 16:27:39.450042+00	0		
132104	27124	3661	3661	0	2011-05-16 16:27:39.450042+00	0		
192212	27124	3662	3662	0	2011-05-16 16:27:39.450042+00	0		
301108	27124	3663	3663	0	2011-05-16 16:27:39.450042+00	0		
166021	27124	4093	4093	0	2011-05-16 16:27:39.450042+00	0		
65792	27124	4211	4211	0	2011-05-16 16:27:39.450042+00	0		
270911	27124	4212	4212	0	2011-05-16 16:27:39.450042+00	0		
226092	27124	4213	4213	0	2011-05-16 16:27:39.450042+00	0		
50516	27124	4215	4215	0	2011-05-16 16:27:39.450042+00	0		
137092	27124	4217	4217	0	2011-05-16 16:27:39.450042+00	0		
295148	27124	4218	4218	0	2011-05-16 16:27:39.450042+00	0		
67990	27124	4474	4474	0	2011-05-16 16:27:39.450042+00	0		
315974	27124	4688	4688	0	2011-05-16 16:27:39.450042+00	0		
102348	27124	4689	4689	0	2011-05-16 16:27:39.450042+00	0		
166130	27124	4690	4690	0	2011-05-16 16:27:39.450042+00	0		
275419	27124	4691	4691	0	2011-05-16 16:27:39.450042+00	0		
105896	27124	4694	4694	0	2011-05-16 16:27:39.450042+00	0		
285742	27124	4696	4696	0	2011-05-16 16:27:39.450042+00	0		
89959	27124	4705	4705	0	2011-05-16 16:27:39.450042+00	0		
77577	27124	4716	463029	0	2011-05-16 16:27:39.450042+00	0		
262007	27124	4723	4723	0	2011-05-16 16:27:39.450042+00	0		
255088	27124	4751	4751	0	2011-05-16 16:27:39.450042+00	0		
324515	27124	4756	4756	0	2011-05-16 16:27:39.450042+00	0		
302327	27124	4763	4763	0	2011-05-16 16:27:39.450042+00	0		
289404	27124	4881	4881	0	2011-05-16 16:27:39.450042+00	0		
294726	27124	4898	4898	0	2011-05-16 16:27:39.450042+00	0		
214724	27124	5222	7955931	0	2011-05-16 16:27:39.450042+00	0		
106127	27124	5235	5235	0	2011-05-16 16:27:39.450042+00	0		
310071	27124	5325	5325	0	2011-05-16 16:27:39.450042+00	0		
121107	27124	11	11	0	2011-06-12 21:00:15.808077+00	0		
1056386	27124	700801	8061766	0	2013-05-15 17:00:58.469012+00	0		
392106	144951	12947432	12443517	0	2014-01-06 21:23:54.339093+00	0		
259111	27124	578	578	0	2011-06-23 19:01:04.903141+00	0		
65826	27124	2076	2076	0	2011-09-27 19:00:03.965261+00	0		
218696	27124	2079	8532055	0	2011-06-28 06:04:38.257124+00	0		
62074	27124	2077	8106428	0	2011-06-28 06:04:38.467088+00	0		
83385	27124	2080	8106431	0	2011-06-28 06:04:39.197036+00	0		
203238	27124	6006	6006	0	2011-06-28 06:04:39.950645+00	0		
236769	27124	2082	2082	0	2011-06-28 06:04:40.163396+00	0		
318230	27124	2081	2081	0	2011-06-28 06:04:40.302367+00	0		
170313	27124	452	452	0	2011-06-28 21:03:33.982505+00	0		
35177	27124	453	11796128	0	2011-06-28 21:03:34.080033+00	0		
125597	27124	1663	3870559	0	2011-07-03 18:02:08.300463+00	0		
170023	27124	3322	512830	0	2011-09-17 17:00:06.922707+00	0		
100756	27124	6337	4134846	0	2011-05-16 16:27:39.450042+00	0		
111087	27124	6419	6419	0	2011-05-16 16:27:39.450042+00	0		
250895	27124	2167	2167	0	2012-05-16 21:04:31.375945+00	0		
148030	27124	2168	2168	0	2012-05-16 21:04:32.315102+00	0		
200977	27124	3659	3659	0	2012-05-17 19:07:24.60905+00	0		
47852	27124	3660	3660	0	2012-05-17 19:07:41.321128+00	0		
143120	27124	6417	6417	0	2012-07-06 21:00:09.074228+00	0		
280119	27124	5116	5116	0	2014-06-29 09:00:26.945765+00	0		
134716	27124	4210	4210	0	2014-12-24 09:01:49.453774+00	0		
163055	27124	4216	4216	0	2014-12-24 09:01:51.36402+00	0		
107244	27124	3615	3615	0	2015-04-01 19:04:13.853967+00	0		
52121	27124	884	369825	0	2012-12-25 19:00:34.159388+00	0		
51673	27124	1970	1970	0	2013-03-24 13:00:15.777708+00	0		
763802	27124	6163999	12547063	0	2012-11-27 14:00:12.174761+00	0		
120013	27124	2074	2074	0	2013-07-29 13:00:39.41672+00	0		
216696	27124	1064	1064	0	2014-05-09 08:00:50.152533+00	0		
168821	27124	19	19	0	2015-06-03 23:03:40.655295+00	0		
83087	27124	6334	457842	0	2015-06-08 05:03:30.210515+00	0		
357882	27125	8750178	8979307	0	2015-09-02 09:09:45.378275+00	0		
266509	27124	1067	1067	0	2014-05-09 08:00:50.735767+00	0		
227407	27124	1073	1073	0	2014-05-09 08:00:52.829906+00	0		
275244	27124	1074	1074	0	2014-05-09 08:00:53.197199+00	0		
260867	27124	6614	6614	0	2011-05-16 16:27:39.450042+00	0		
362172	27124	2421182	12433493	0	2011-07-29 11:41:43.218061+00	0		
905169	27125	6020269	1076108	0	2013-01-24 17:53:08.291776+00	0		
260131	27124	6702	6702	0	2011-05-16 16:27:39.450042+00	0		
337384	27124	6703	6703	0	2011-05-16 16:27:39.450042+00	0		
291855	27124	6705	6705	0	2011-05-16 16:27:39.450042+00	0		
212947	27124	6706	6706	0	2011-05-16 16:27:39.450042+00	0		
282584	27124	6708	6708	0	2011-05-16 16:27:39.450042+00	0		
87302	27124	6710	6710	0	2011-05-16 16:27:39.450042+00	0		
357883	27125	8750179	12432349	0	2011-07-27 03:00:06.704112+00	0		
112057	27124	7088	7088	0	2011-05-16 16:27:39.450042+00	0		
239867	27124	7150	7150	0	2011-05-16 16:27:39.450042+00	0		
203995	27124	7151	7151	0	2011-05-16 16:27:39.450042+00	0		
622007	27124	8531753	875517	0	2012-07-17 15:09:14.062557+00	0		
1056392	27124	7888927	10907232	0	2013-05-15 17:01:03.180301+00	0		
58604	27124	8243	8243	0	2011-05-16 16:27:39.450042+00	0		
362878	27125	587495	304816	0	2011-07-31 00:57:11.003233+00	0		
166160	27124	8417	8417	0	2011-05-16 16:27:39.450042+00	0		
32542	27124	8418	8418	0	2011-05-16 16:27:39.450042+00	0		
125506	27124	8420	8420	0	2011-05-16 16:27:39.450042+00	0		
328501	27124	8422	8422	0	2011-05-16 16:27:39.450042+00	0		
43700	27124	8423	8423	0	2011-05-16 16:27:39.450042+00	0		
338454	27124	8508	8508	0	2011-05-16 16:27:39.450042+00	0		
257130	27124	8885	8885	0	2011-05-16 16:27:39.450042+00	0		
243248	27124	8891	8891	0	2011-05-16 16:27:39.450042+00	0		
142529	27124	8955	8955	0	2011-05-16 16:27:39.450042+00	0		
330686	27124	8956	8956	0	2011-05-16 16:27:39.450042+00	0		
223637	27124	8957	8957	0	2011-05-16 16:27:39.450042+00	0		
153354	27124	9357	446679	0	2011-05-16 16:27:39.450042+00	0		
323826	27124	9361	446684	0	2011-05-16 16:27:39.450042+00	0		
132150	27124	9379	9379	0	2011-05-16 16:27:39.450042+00	0		
284464	27124	9380	9380	0	2011-05-16 16:27:39.450042+00	0		
276700	27124	9382	9382	0	2011-05-16 16:27:39.450042+00	0		
235424	27124	9392	294543	0	2011-05-16 16:27:39.450042+00	0		
310903	27124	9393	294544	0	2011-05-16 16:27:39.450042+00	0		
137370	27124	9394	294546	0	2011-05-16 16:27:39.450042+00	0		
284270	27124	9395	294547	0	2011-05-16 16:27:39.450042+00	0		
229211	27124	9396	294548	0	2011-05-16 16:27:39.450042+00	0		
144291	27124	9397	294549	0	2011-05-16 16:27:39.450042+00	0		
142911	27124	10447	10447	0	2013-07-27 10:02:19.202412+00	0		
215517	27124	10375	10375	0	2011-05-16 16:27:39.450042+00	0		
624558	27660	1783479	1836098	0	2012-07-17 21:43:57.951307+00	0		
56216	27124	11511	10270013	0	2011-05-16 16:27:39.450042+00	0		
180342	27124	11512	10270018	0	2011-05-16 16:27:39.450042+00	0		
288317	27124	11513	10270020	0	2011-05-16 16:27:39.450042+00	0		
387865	27124	4296556	11423804	0	2011-11-13 14:00:08.935669+00	0		
53990	27124	11665	11665	0	2011-05-16 16:27:39.450042+00	0		
62037	27124	11666	11666	0	2011-05-16 16:27:39.450042+00	0		
39312	27124	10888	10888	0	2011-08-22 20:00:19.472007+00	0		
187467	27124	11694	11694	0	2011-05-16 16:27:39.450042+00	0		
99302	27124	11695	11695	0	2011-05-16 16:27:39.450042+00	0		
84551	27124	11697	11697	0	2011-05-16 16:27:39.450042+00	0		
248182	27124	11699	11699	0	2011-05-16 16:27:39.450042+00	0		
420004	144951	1084560	2592677	0	2014-01-06 21:29:21.565505+00	0		
297642	27124	11868	11868	0	2011-05-16 16:27:39.450042+00	0		
1280210	27124	6220072	12589039	0	2014-01-11 11:19:50.597731+00	0		
297126	27124	9975	9975	0	2013-03-13 06:00:10.489748+00	0		
1538787	27124	16160505	12586729	0	2014-11-17 22:26:53.865034+00	0		
340431	27124	6615	6615	0	2011-07-08 17:03:24.18446+00	0		
109550	27124	6326	344872	0	2011-06-28 12:00:07.091145+00	0		
220215	27124	11692	11692	0	2011-07-11 23:03:30.759568+00	0		
82489	27124	7474	7474	0	2012-01-26 20:05:15.757402+00	0		
49986	27124	11873	11873	0	2011-05-16 16:27:39.450042+00	0		
66131	27124	11874	11874	0	2011-05-16 16:27:39.450042+00	0		
146900	27124	11875	11875	0	2011-05-16 16:27:39.450042+00	0		
38590	27124	11877	11877	0	2011-05-16 16:27:39.450042+00	0		
251380	27124	11878	11878	0	2011-05-16 16:27:39.450042+00	0		
326201	27124	7476	7476	0	2012-01-26 20:05:15.875683+00	0		
763803	27124	6164001	12547064	0	2012-11-27 14:00:12.28997+00	0		
263164	27124	6613	6613	0	2012-10-16 21:02:34.436652+00	0		
392114	31466	13037391	12443536	0	2011-12-12 20:05:06.055852+00	0		
32590	27124	11691	7854241	0	2015-01-22 16:02:18.187304+00	0		
522522	27124	6041047	8450552	0	2012-04-23 06:00:07.704864+00	0		
83016	27124	8419	8419	0	2012-05-03 08:06:24.653637+00	0		
49122	27124	8416	213928	0	2012-05-07 20:09:09.117421+00	0		
270693	27124	8389	8389	0	2012-05-17 19:07:22.625129+00	0		
308438	27124	8889	8889	0	2012-05-22 09:07:16.392958+00	0		
175485	27124	10473	10473	0	2012-05-28 15:08:43.984739+00	0		
35827	27124	10475	10475	0	2012-05-28 15:08:43.984739+00	0		
217917	27124	10476	10476	0	2012-05-28 15:08:43.984739+00	0		
160859	27124	10788	10788	0	2012-08-27 13:00:10.192008+00	0		
42531	27124	6616	6616	0	2012-09-06 19:02:25.17733+00	0		
289637	27124	6612	6612	0	2012-09-06 19:02:27.272828+00	0		
173633	27124	9488	6397385	0	2013-05-10 08:00:21.797961+00	0		
281970	27124	10448	10448	0	2013-07-27 10:02:20.162919+00	0		
272458	27124	11506	11506	0	2013-11-16 14:00:42.076266+00	0		
205328	27124	6805	6805	0	2014-01-21 21:00:15.304169+00	0		
76262	27124	11701	11701	0	2014-01-29 19:04:46.002557+00	0		
143472	27124	8953	8953	0	2014-03-11 11:00:22.255714+00	0		
315153	27124	6663	456180	0	2014-02-12 18:00:17.044843+00	0		
41741	27124	11870	11870	0	2014-06-28 12:00:55.760405+00	0		
296600	27124	11693	7854244	0	2015-02-01 05:02:54.854233+00	0		
154405	27124	10635	10635	0	2014-10-18 20:01:37.362671+00	0		
250924	27124	10816	10816	0	2014-10-18 20:01:38.939973+00	0		
125515	27124	584043	10815	0	2014-10-18 20:01:39.434098+00	0		
188997	27124	10817	10817	0	2014-10-18 20:01:41.332566+00	0		
241222	27124	10678	10678	0	2014-10-18 20:01:42.1911+00	0		
127979	27124	11548	490528	0	2014-11-11 01:00:29.374459+00	0		
301700	27124	14523195	6794	0	2015-03-29 15:13:13.172798+00	0		
77227	27124	10141128	6795	0	2015-03-29 15:13:30.41285+00	0		
133063	27124	12678272	6676	0	2015-04-04 20:03:28.001853+00	0		
1056390	29554	12814243	6647358	0	2015-04-23 12:57:35.902577+00	0		
289932	27124	6386175	15257	0	2015-04-27 10:00:53.300091+00	0		
54056	27124	6665	6665	0	2014-02-12 18:00:18.17013+00	0		
275183	27124	6661	6661	0	2014-02-20 23:00:19.302035+00	0		
1561052	27125	11901590	12760779	0	2014-12-18 05:23:58.929888+00	0		
222661	27124	9353	542057	0	2014-04-30 05:00:18.609382+00	0		
169412	27124	9355	446677	0	2014-05-01 05:00:14.564392+00	0		
73693	27124	11919	329401	0	2011-05-16 16:27:39.450042+00	0		
284074	27124	11921	294542	0	2011-05-16 16:27:39.450042+00	0		
238154	27124	8769	8584773	0	2015-07-23 00:02:09.482471+00	0		
127289	27124	10790	10790	0	2015-07-27 18:02:21.317875+00	0		
170921	27124	9398	9398	0	2015-10-12 05:00:37.998612+00	0		
227273	27124	7446	7446	0	2015-10-14 23:03:34.422107+00	0		
59940	27124	9381	9381	0	2015-10-22 21:03:21.790243+00	0		
147484	27124	11923	294545	0	2011-05-16 16:27:39.450042+00	0		
201127	27124	11955	8927460	0	2011-05-16 16:27:39.450042+00	0		
114572	27124	11959	8927464	0	2011-05-16 16:27:39.450042+00	0		
137336	27124	11962	8927467	0	2011-05-16 16:27:39.450042+00	0		
290795	27124	11995	11995	0	2011-05-16 16:27:39.450042+00	0		
129024	27124	11997	11997	0	2011-05-16 16:27:39.450042+00	0		
109885	27124	12039	12039	0	2011-05-16 16:27:39.450042+00	0		
100944	27124	12040	12040	0	2011-05-16 16:27:39.450042+00	0		
65923	27124	12320	12320	0	2011-05-16 16:27:39.450042+00	0		
285812	27124	12389	12389	0	2011-05-16 16:27:39.450042+00	0		
98993	27124	12390	12390	0	2011-05-16 16:27:39.450042+00	0		
56422	27124	12391	12391	0	2011-05-16 16:27:39.450042+00	0		
229989	27124	12392	12392	0	2011-05-16 16:27:39.450042+00	0		
225644	27124	12393	12393	0	2011-05-16 16:27:39.450042+00	0		
40011	27124	12429	12429	0	2011-05-16 16:27:39.450042+00	0		
120746	27124	12431	12431	0	2011-05-16 16:27:39.450042+00	0		
291782	27124	12432	12432	0	2011-05-16 16:27:39.450042+00	0		
77464	27124	12434	12434	0	2011-05-16 16:27:39.450042+00	0		
286634	27124	12435	12435	0	2011-05-16 16:27:39.450042+00	0		
307325	27124	12763	12763	0	2011-05-16 16:27:39.450042+00	0		
389955	27124	11491578	12442519	0	2011-11-06 09:14:47.167641+00	0		
292887	27124	12907	12907	0	2011-05-16 16:27:39.450042+00	0		
121696	27124	12908	12908	0	2011-05-16 16:27:39.450042+00	0		
80654	27124	13589	13589	0	2011-05-16 16:27:39.450042+00	0		
304260	27124	13590	13590	0	2011-05-16 16:27:39.450042+00	0		
276462	27124	13591	13591	0	2011-05-16 16:27:39.450042+00	0		
282188	27124	13592	13592	0	2011-05-16 16:27:39.450042+00	0		
124604	27124	13593	13593	0	2011-05-16 16:27:39.450042+00	0		
279334	27124	13594	13594	0	2011-05-16 16:27:39.450042+00	0		
39245	27124	13595	10270012	0	2011-05-16 16:27:39.450042+00	0		
47140	27124	13601	10270019	0	2011-05-16 16:27:39.450042+00	0		
98074	27124	13743	13743	0	2011-05-16 16:27:39.450042+00	0		
259419	27124	13744	13744	0	2011-05-16 16:27:39.450042+00	0		
116970	27124	14346	14346	0	2011-05-16 16:27:39.450042+00	0		
244444	27124	14373	14373	0	2011-05-16 16:27:39.450042+00	0		
57392	27124	14636	14636	0	2011-05-16 16:27:39.450042+00	0		
334910	27124	14657	14657	0	2011-05-16 16:27:39.450042+00	0		
236309	27124	14659	14659	0	2011-05-16 16:27:39.450042+00	0		
123751	27124	14660	14660	0	2011-05-16 16:27:39.450042+00	0		
227645	27124	14868	14868	0	2011-05-16 16:27:39.450042+00	0		
50376	27124	14869	14869	0	2011-05-16 16:27:39.450042+00	0		
234096	27124	14870	14870	0	2011-05-16 16:27:39.450042+00	0		
121641	27124	14871	14871	0	2011-05-16 16:27:39.450042+00	0		
197207	27124	14872	14872	0	2011-05-16 16:27:39.450042+00	0		
38396	27124	14873	14873	0	2011-05-16 16:27:39.450042+00	0		
75925	27124	14874	14874	0	2011-05-16 16:27:39.450042+00	0		
468728	144951	13245590	12467971	0	2014-01-06 21:36:38.891754+00	0		
1280216	27660	5989159	12546079	0	2014-01-11 11:20:52.191248+00	0		
239998	27124	15511	21915	0	2011-05-16 16:27:39.450042+00	0		
113604	27124	16118	16118	0	2011-05-16 16:27:39.450042+00	0		
305052	27124	12041	12041	0	2011-12-25 04:00:07.792688+00	0		
262210	27124	16473	16473	0	2011-05-16 16:27:39.450042+00	0		
226023	27124	16491	16491	0	2011-05-16 16:27:39.450042+00	0		
140299	27124	12773	375583	0	2011-05-29 15:01:37.845447+00	0		
525852	27124	13454541	12480989	0	2012-04-10 08:28:45.656333+00	0		
1056393	27124	7888926	10907231	0	2013-05-15 17:01:03.217408+00	0		
167849	27124	12436	12436	0	2011-06-23 17:01:03.249389+00	0		
174234	27124	12191	8106162	0	2014-12-13 08:01:19.583399+00	0		
1056394	27124	7888925	10907230	0	2013-05-15 17:01:04.210781+00	0		
1056397	27124	5766621	8219396	0	2013-05-15 17:01:04.834311+00	0		
322551	27124	14671	1020977	0	2011-06-26 22:00:07.654201+00	0		
170098	27124	12394	12394	0	2011-07-03 22:02:11.801941+00	0		
197228	27124	11961	11961	0	2011-07-05 11:01:47.845143+00	0		
333182	27124	2279704	14918	0	2011-07-08 06:02:47.094343+00	0		
266666	27124	16493	16493	0	2011-05-16 16:27:39.450042+00	0		
69628	27124	16494	16494	0	2011-05-16 16:27:39.450042+00	0		
77536	27124	16495	16495	0	2011-05-16 16:27:39.450042+00	0		
270977	27124	16496	16496	0	2011-05-16 16:27:39.450042+00	0		
110506	27124	16497	16497	0	2011-05-16 16:27:39.450042+00	0		
150216	27124	16500	16500	0	2011-05-16 16:27:39.450042+00	0		
48132	27124	16501	16501	0	2011-05-16 16:27:39.450042+00	0		
321811	27124	16502	16502	0	2011-05-16 16:27:39.450042+00	0		
207026	27124	16503	16503	0	2011-05-16 16:27:39.450042+00	0		
176371	27124	16504	16504	0	2011-05-16 16:27:39.450042+00	0		
121089	27124	13420	13420	0	2012-02-25 19:00:11.379944+00	0		
41030	27124	16492	16492	0	2012-03-11 07:04:33.884922+00	0		
39266	27124	11888	11888	0	2012-05-16 21:04:30.92137+00	0		
140539	27124	12437	12437	0	2012-06-12 14:06:51.297976+00	0		
905170	27125	6020270	1076098	0	2013-01-24 17:53:09.590569+00	0		
49415	27124	15115	3392226	0	2013-01-17 04:00:09.27261+00	0		
908482	27124	4653761	12579618	0	2013-02-11 21:00:34.575831+00	0		
763804	27124	6164002	12547065	0	2012-11-27 14:00:12.356946+00	0		
138601	27124	15110	4337911	0	2013-01-17 04:00:12.139898+00	0		
310600	27124	16416	6765731	0	2013-06-01 23:00:19.464987+00	0		
32319	27124	16471	16471	0	2013-04-09 23:00:29.395309+00	0		
228144	27124	16472	16472	0	2013-04-12 17:00:19.166877+00	0		
78841	27124	16469	5347823	0	2013-04-12 22:00:39.244368+00	0		
249445	27124	14557	14557	0	2013-07-27 10:02:11.650828+00	0		
126076	27124	14937	14937	0	2013-09-10 02:00:38.057722+00	0		
68441	27124	14981	14981	0	2013-09-12 18:00:32.269994+00	0		
83600	27124	15141	15141	0	2013-12-21 16:01:07.363843+00	0		
58723	27124	15149	15149	0	2013-12-21 16:01:08.129506+00	0		
150230	27124	6683	6683	0	2015-04-02 18:03:08.925448+00	0		
297174	27124	13414	305124	0	2014-10-14 23:00:19.111861+00	0		
387866	27124	4296557	7313901	0	2015-02-14 23:00:53.202712+00	0		
271147	27124	12245	12245	0	2015-01-08 11:01:50.577641+00	0		
182540	27124	12430	12430	0	2015-01-17 10:06:27.570728+00	0		
262278	27124	15243	15243	0	2015-03-29 15:12:10.043074+00	0		
202581	27124	6686	6686	0	2015-04-02 18:03:11.104659+00	0		
67696	27124	12678273	6677	0	2015-04-04 20:03:29.583143+00	0		
59014	27124	12678275	6679	0	2015-04-04 20:03:34.485102+00	0		
84183	27124	6680	6680	0	2015-04-04 20:03:38.938856+00	0		
246478	27124	6681	6681	0	2015-04-04 20:03:43.397202+00	0		
105302	27124	6682	6682	0	2015-04-04 20:03:44.09376+00	0		
209170	27124	6684	11614532	0	2015-04-04 20:03:52.592737+00	0		
323657	27124	6685	6685	0	2015-04-04 20:03:59.572355+00	0		
138381	27124	15146	15146	0	2013-12-21 16:01:09.027712+00	0		
49055	27124	12118	12118	0	2013-12-21 16:01:10.397879+00	0		
41640	27124	15144	15144	0	2013-12-21 16:01:10.810605+00	0		
1538788	27124	815203	12781156	0	2014-11-17 22:36:25.227783+00	0		
33465	27124	15016	15016	0	2014-03-15 14:02:26.241407+00	0		
332211	27124	15021	15021	0	2014-03-15 14:02:27.183721+00	0		
109121	27124	15018	15018	0	2014-03-15 14:02:27.732117+00	0		
154522	27124	15546	213921	0	2014-04-23 18:00:16.377072+00	0		
185065	27124	12108	12108	0	2015-10-18 13:03:45.111309+00	0		
65039	27124	12747	12747	0	2015-10-12 17:27:25.949437+00	0		
158343	27124	15548	15548	0	2014-04-23 18:00:17.151609+00	0		
268230	27124	14018	14018	0	2014-04-23 18:00:17.509417+00	0		
310515	27124	14019	14019	0	2014-04-23 18:00:17.914106+00	0		
343632	27124	15545	15545	0	2014-04-23 18:00:18.318898+00	0		
147428	27124	15555	15555	0	2014-04-23 18:00:18.694057+00	0		
40960	27124	15551	15551	0	2014-04-23 18:00:19.103808+00	0		
128849	27124	16505	16505	0	2011-05-16 16:27:39.450042+00	0		
231239	27124	16507	16507	0	2011-05-16 16:27:39.450042+00	0		
101356	27124	16508	16508	0	2011-05-16 16:27:39.450042+00	0		
272912	27124	16509	16509	0	2011-05-16 16:27:39.450042+00	0		
146519	27124	16748	2257215	0	2011-05-16 16:27:39.450042+00	0		
387867	27124	4296558	7313902	0	2011-11-13 14:00:09.443815+00	0		
389956	27124	11491579	12442520	0	2011-11-06 09:18:13.858436+00	0		
32088	27124	16763	2335186	0	2011-05-16 16:27:39.450042+00	0		
285304	27124	16768	16768	0	2011-05-16 16:27:39.450042+00	0		
123128	27124	16769	16769	0	2011-05-16 16:27:39.450042+00	0		
138086	27124	16849	16849	0	2011-05-16 16:27:39.450042+00	0		
240170	27124	16850	16850	0	2011-05-16 16:27:39.450042+00	0		
300423	27124	16903	2161491	0	2011-05-16 16:27:39.450042+00	0		
162045	27124	16756	2200536	0	2011-07-22 22:02:24.430921+00	0		
86822	27124	16909	16909	0	2011-05-16 16:27:39.450042+00	0		
97831	27124	18216	18216	0	2011-05-16 16:27:39.450042+00	0		
183231	27124	18500	18500	0	2011-05-16 16:27:39.450042+00	0		
228111	27124	18503	18503	0	2011-05-16 16:27:39.450042+00	0		
309490	27124	18505	18505	0	2011-05-16 16:27:39.450042+00	0		
170252	27124	18516	18516	0	2011-05-16 16:27:39.450042+00	0		
318385	27124	18529	18529	0	2011-05-16 16:27:39.450042+00	0		
102980	27124	18530	18530	0	2011-05-16 16:27:39.450042+00	0		
206659	27124	18532	18532	0	2011-05-16 16:27:39.450042+00	0		
415945	27125	4728058	684168	0	2011-12-21 00:38:48.159937+00	0		
234972	27124	19096	19096	0	2011-05-16 16:27:39.450042+00	0		
260902	27124	19097	19097	0	2011-05-16 16:27:39.450042+00	0		
175133	27124	19100	19100	0	2011-05-16 16:27:39.450042+00	0		
58005	27124	19101	19101	0	2011-05-16 16:27:39.450042+00	0		
42434	27124	19102	19102	0	2011-05-16 16:27:39.450042+00	0		
312818	27124	19103	19103	0	2011-05-16 16:27:39.450042+00	0		
118054	27124	19104	19104	0	2011-05-16 16:27:39.450042+00	0		
294182	27124	19105	19105	0	2011-05-16 16:27:39.450042+00	0		
245408	27124	19106	19106	0	2011-05-16 16:27:39.450042+00	0		
76615	27124	19107	19107	0	2011-05-16 16:27:39.450042+00	0		
80561	27124	19153	19153	0	2011-05-16 16:27:39.450042+00	0		
247431	27124	19183	19183	0	2011-05-16 16:27:39.450042+00	0		
62092	27124	19184	19184	0	2011-05-16 16:27:39.450042+00	0		
100272	27124	19185	19185	0	2011-05-16 16:27:39.450042+00	0		
131735	27124	19186	19186	0	2011-05-16 16:27:39.450042+00	0		
287379	27124	19188	19188	0	2011-05-16 16:27:39.450042+00	0		
48506	27124	19189	19189	0	2011-05-16 16:27:39.450042+00	0		
202125	27124	19190	19190	0	2011-05-16 16:27:39.450042+00	0		
89300	27124	19191	19191	0	2011-05-16 16:27:39.450042+00	0		
328877	27124	19192	19192	0	2011-05-16 16:27:39.450042+00	0		
220570	27124	19194	19194	0	2011-05-16 16:27:39.450042+00	0		
317134	27124	19199	19199	0	2011-05-16 16:27:39.450042+00	0		
323475	27124	19202	19202	0	2011-05-16 16:27:39.450042+00	0		
391612	27124	12346258	12443315	0	2011-11-27 15:00:10.292068+00	0		
162341	27124	19205	19205	0	2011-05-16 16:27:39.450042+00	0		
87922	27124	19206	19206	0	2011-05-16 16:27:39.450042+00	0		
298148	27124	19230	10270016	0	2011-05-16 16:27:39.450042+00	0		
285378	27124	19283	19283	0	2011-05-16 16:27:39.450042+00	0		
311657	27124	19404	19404	0	2011-05-16 16:27:39.450042+00	0		
233166	27124	19405	19405	0	2011-05-16 16:27:39.450042+00	0		
195051	27124	19406	19406	0	2011-05-16 16:27:39.450042+00	0		
59278	27124	19407	19407	0	2011-05-16 16:27:39.450042+00	0		
328442	27124	19408	19408	0	2011-05-16 16:27:39.450042+00	0		
308167	27124	19409	19409	0	2011-05-16 16:27:39.450042+00	0		
254216	27124	19410	19410	0	2011-05-16 16:27:39.450042+00	0		
213156	27124	19411	19411	0	2011-05-16 16:27:39.450042+00	0		
90818	27124	19412	19412	0	2011-05-16 16:27:39.450042+00	0		
267956	27124	19413	19413	0	2011-05-16 16:27:39.450042+00	0		
100443	27124	19414	19414	0	2011-05-16 16:27:39.450042+00	0		
117454	27124	19532	19532	0	2011-05-16 16:27:39.450042+00	0		
47717	27124	19533	19533	0	2011-05-16 16:27:39.450042+00	0		
120217	27124	19571	274640	0	2011-05-16 16:27:39.450042+00	0		
90739	27124	19572	274641	0	2011-05-16 16:27:39.450042+00	0		
74278	27124	19574	274643	0	2011-05-16 16:27:39.450042+00	0		
197331	27124	19577	274646	0	2011-05-16 16:27:39.450042+00	0		
168133	27124	19578	274647	0	2011-05-16 16:27:39.450042+00	0		
278723	27124	19579	274648	0	2011-05-16 16:27:39.450042+00	0		
268072	27124	19580	274649	0	2011-05-16 16:27:39.450042+00	0		
190988	27124	19609	19609	0	2011-05-16 16:27:39.450042+00	0		
1077178	27124	14945039	9709652	0	2013-05-31 17:00:14.135383+00	0		
622008	27660	3101792	875517	0	2012-07-17 15:09:17.467075+00	0		
237254	27124	19937	19937	0	2012-02-25 19:00:17.504494+00	0		
1056400	27124	5766624	8219399	0	2013-05-15 17:01:05.067706+00	0		
268334	27124	19938	19938	0	2011-05-16 16:27:39.450042+00	0		
215024	27124	16908	753842	0	2011-06-17 02:01:45.315525+00	0		
286521	27124	16767	16767	0	2011-06-22 09:03:05.271186+00	0		
184578	27124	16766	16766	0	2011-06-22 09:03:05.484166+00	0		
1056404	27124	7888932	1227735	0	2013-05-15 17:01:05.578738+00	0		
202627	27124	16753	2200563	0	2011-07-22 22:02:24.581644+00	0		
170645	27124	16751	2200570	0	2011-07-22 22:02:24.661665+00	0		
302655	27124	16743	2257209	0	2011-07-22 22:02:24.745405+00	0		
29376	27124	16747	2200560	0	2011-07-22 22:02:24.998866+00	0		
316675	27124	16758	2200562	0	2011-07-22 22:02:25.086954+00	0		
61237	27124	16750	2257217	0	2011-07-22 22:02:25.16329+00	0		
357884	27125	8750180	12432350	0	2011-07-27 03:00:07.151987+00	0		
112152	27124	19573	274642	0	2011-08-10 16:01:58.762505+00	0		
342418	27124	16749	2257218	0	2011-09-12 10:49:12.610722+00	0		
133558	27124	16506	16506	0	2011-09-13 05:01:36.786405+00	0		
117228	27124	16538	16538	0	2014-10-15 21:01:43.340541+00	0		
280195	27124	16764	16764	0	2014-12-31 11:02:39.352491+00	0		
331519	27124	16537	16537	0	2014-10-18 20:01:42.904495+00	0		
323334	27124	19624	19624	0	2015-02-06 17:03:19.089526+00	0		
179824	27124	19198	19198	0	2011-10-18 20:02:48.832535+00	0		
269491	27124	19204	19204	0	2011-10-26 20:00:46.826262+00	0		
250883	27124	19992	19992	0	2011-05-16 16:27:39.450042+00	0		
137546	27124	19994	19994	0	2011-05-16 16:27:39.450042+00	0		
48097	27124	19996	19996	0	2011-05-16 16:27:39.450042+00	0		
35771	27124	20129	20129	0	2011-05-16 16:27:39.450042+00	0		
410365	144951	13035646	860610	0	2014-01-06 21:37:32.286795+00	0		
230103	27125	21091	9416329	0	2011-07-14 13:29:10.60145+00	0		
1280218	27124	12833348	12546079	0	2014-01-11 11:20:56.556529+00	0		
357885	27124	2110422	12432352	0	2011-10-31 20:00:23.468149+00	0		
1282688	27125	4852458	8715227	0	2014-01-12 08:32:05.055732+00	0		
34922	27124	19152	19152	0	2014-03-11 11:00:25.415576+00	0		
215575	27124	19099	19099	0	2014-04-12 17:00:34.414497+00	0		
197579	27124	19200	19200	0	2015-08-06 01:00:40.102657+00	0		
322790	27124	19975	19975	0	2015-10-01 01:03:01.173805+00	0		
178374	27124	14941547	18239	0	2015-10-10 01:02:55.67552+00	0		
283349	27124	20260	20260	0	2011-05-16 16:27:39.450042+00	0		
69873	27124	19826	11299138	0	2011-12-02 11:00:09.136544+00	0		
165163	27124	19827	19827	0	2011-12-02 11:00:09.717674+00	0		
108159	27124	19823	19823	0	2011-12-02 11:00:11.180329+00	0		
31245	27124	19828	12329927	0	2011-12-02 12:00:07.927074+00	0		
392115	31466	13037392	10598319	0	2011-12-12 20:05:07.147789+00	0		
239560	27124	16798	2305278	0	2012-03-06 01:00:21.884345+00	0		
250075	27124	16802	2305277	0	2012-03-06 01:00:22.859645+00	0		
81222	27124	16797	1416919	0	2012-03-06 01:00:33.317984+00	0		
312460	27124	19187	19187	0	2013-03-19 07:02:02.313892+00	0		
120946	37849	2045016	2305267	0	2013-04-28 14:00:17.381886+00	0		
80861	27124	16907	2164747	0	2013-09-29 09:02:36.656537+00	0		
84328	36631	20154	20154	0	2013-10-29 02:46:43.143086+00	0		
247064	27124	20282	2585911	0	2011-07-22 22:02:39.694423+00	0		
360083	27124	864295	4247606	0	2011-07-23 23:01:41.169271+00	0		
1538789	27124	815204	12781157	0	2014-11-17 22:36:25.227783+00	0		
86680	28941	20250	20250	0	2014-12-04 08:01:41.278007+00	0		
1538790	27124	815205	12781158	0	2014-11-17 22:36:25.227783+00	0		
279528	28941	20251	20251	0	2014-12-04 08:01:42.735943+00	0		
1538791	27124	815206	12781159	0	2014-11-17 22:36:25.227783+00	0		
362173	27124	2421184	12433494	0	2011-07-29 11:43:00.099156+00	0		
102864	27124	20878	2608213	0	2011-05-16 16:27:39.450042+00	0		
362879	27125	5549895	304816	0	2011-07-31 00:58:41.485811+00	0		
227774	27124	20951	11653196	0	2011-08-06 20:01:21.949282+00	0		
316006	27124	20952	11653197	0	2011-08-06 20:01:22.175524+00	0		
256102	27124	20953	11653198	0	2011-08-06 20:01:22.335313+00	0		
82944	27124	20954	11653199	0	2011-08-06 20:01:22.522631+00	0		
170821	27124	21081	21081	0	2011-05-16 16:27:39.450042+00	0		
205131	27124	21083	21083	0	2011-05-16 16:27:39.450042+00	0		
246340	27124	21084	21084	0	2011-05-16 16:27:39.450042+00	0		
56088	27124	21090	21090	0	2011-05-16 16:27:39.450042+00	0		
466077	144951	4845018	10284867	0	2014-01-06 21:39:53.353512+00	0		
1280219	27660	12716903	12546079	0	2014-01-11 11:20:55.685686+00	0		
63748	28941	20253	20253	0	2014-12-04 08:01:45.929527+00	0		
202845	27124	21178	21178	0	2011-05-16 16:27:39.450042+00	0		
78908	27124	21179	21179	0	2011-05-16 16:27:39.450042+00	0		
293291	27124	21180	21180	0	2011-05-16 16:27:39.450042+00	0		
270491	27124	21181	21181	0	2011-05-16 16:27:39.450042+00	0		
243734	27124	21182	21182	0	2011-05-16 16:27:39.450042+00	0		
336641	27124	21183	21183	0	2011-05-16 16:27:39.450042+00	0		
139964	27124	21184	21184	0	2011-05-16 16:27:39.450042+00	0		
269436	27124	21185	21185	0	2011-05-16 16:27:39.450042+00	0		
167865	27124	21186	21186	0	2011-05-16 16:27:39.450042+00	0		
292568	27124	21187	21187	0	2011-05-16 16:27:39.450042+00	0		
161698	27124	21245	4193434	0	2011-05-16 16:27:39.450042+00	0		
275130	27124	21246	1823564	0	2011-05-16 16:27:39.450042+00	0		
208782	27124	21250	4193444	0	2011-05-16 16:27:39.450042+00	0		
221557	27124	21259	21259	0	2011-05-16 16:27:39.450042+00	0		
334470	27124	21261	21261	0	2011-05-16 16:27:39.450042+00	0		
290089	27124	21262	21262	0	2011-05-16 16:27:39.450042+00	0		
214542	27124	21263	21263	0	2011-05-16 16:27:39.450042+00	0		
311897	27124	21341	21341	0	2011-05-16 16:27:39.450042+00	0		
29910	27124	21343	21343	0	2011-05-16 16:27:39.450042+00	0		
226807	27124	21344	21344	0	2011-05-16 16:27:39.450042+00	0		
276271	27124	21359	21359	0	2011-05-16 16:27:39.450042+00	0		
329524	27124	21361	21361	0	2011-05-16 16:27:39.450042+00	0		
58636	27124	21481	4318908	0	2011-05-16 16:27:39.450042+00	0		
1561053	27124	12723878	12774304	0	2014-12-18 05:33:55.722111+00	0		
142368	27124	21698	21698	0	2011-05-16 16:27:39.450042+00	0		
140314	27124	21744	21744	0	2011-05-16 16:27:39.450042+00	0		
303806	27124	21771	21771	0	2011-05-16 16:27:39.450042+00	0		
153173	27124	21772	21772	0	2011-05-16 16:27:39.450042+00	0		
173175	27124	21773	21773	0	2011-05-16 16:27:39.450042+00	0		
240338	27124	21774	21774	0	2011-05-16 16:27:39.450042+00	0		
254694	27124	21775	21775	0	2011-05-16 16:27:39.450042+00	0		
153214	27124	21776	21776	0	2011-05-16 16:27:39.450042+00	0		
297526	27124	21777	21777	0	2011-05-16 16:27:39.450042+00	0		
244024	27124	21779	21779	0	2011-05-16 16:27:39.450042+00	0		
96123	27124	21780	21780	0	2011-05-16 16:27:39.450042+00	0		
36532	27124	21781	21781	0	2011-05-16 16:27:39.450042+00	0		
140965	27124	21782	21782	0	2011-05-16 16:27:39.450042+00	0		
80836	27124	20958	1809923	0	2011-08-06 20:01:23.789352+00	0		
361290	27125	6225766	6616974	0	2011-08-08 17:00:11.62085+00	0		
260907	27124	413096	20592	0	2012-08-13 00:03:18.397906+00	0		
522525	27124	11785344	12482837	0	2012-04-23 08:00:07.440916+00	0		
525853	27124	13454544	8054719	0	2012-04-10 08:28:48.016977+00	0		
270622	27124	20504	9387185	0	2013-09-12 18:00:26.784625+00	0		
46609	27124	21086	21086	0	2011-06-08 07:02:10.717772+00	0		
180588	27124	21360	275346	0	2011-06-17 02:01:46.128197+00	0		
284442	27124	20986	4847412	0	2011-06-19 15:02:25.159064+00	0		
125959	27124	20989	6302196	0	2011-06-19 16:03:14.834822+00	0		
91000	27124	21832	7800504	0	2011-12-28 23:04:18.039539+00	0		
1282690	27124	15443914	160677	0	2014-01-12 08:36:14.055064+00	0		
159336	27124	21831	2427522	0	2011-09-06 01:00:41.568015+00	0		
46157	36631	20149	157673	0	2014-01-21 08:00:19.122169+00	0		
1056407	27124	7888931	1227734	0	2013-05-15 17:01:05.779428+00	0		
44330	27124	21348	21348	0	2011-09-13 22:07:13.927476+00	0		
96933	27124	21249	5694755	0	2011-09-22 12:00:08.944272+00	0		
225053	27124	21784	21784	0	2011-07-03 22:02:10.971386+00	0		
80843	27124	20829	8422940	0	2011-07-04 21:00:29.573937+00	0		
342198	27124	22080	22080	0	2012-04-24 21:07:38.228252+00	0		
252393	27124	21783	21783	0	2014-07-20 17:00:53.482176+00	0		
261811	27124	16246261	3977730	0	2014-07-25 09:00:24.721259+00	0		
192203	27124	21160	21160	0	2014-10-18 20:01:40.797449+00	0		
247155	27124	21159	21159	0	2014-10-18 20:01:41.780098+00	0		
56209	27124	18780	18780	0	2014-10-18 20:01:43.354326+00	0		
1561054	27124	12005105	12774304	0	2014-12-18 05:33:55.722111+00	0		
119171	27124	21909	21909	0	2011-05-16 16:27:39.450042+00	0		
304704	27124	21912	21912	0	2011-05-16 16:27:39.450042+00	0		
54560	27124	21913	21913	0	2011-05-16 16:27:39.450042+00	0		
105873	27124	21914	21914	0	2011-05-16 16:27:39.450042+00	0		
150767	27124	21916	21916	0	2011-05-16 16:27:39.450042+00	0		
294839	27124	21917	21917	0	2011-05-16 16:27:39.450042+00	0		
205324	27124	21977	21977	0	2011-05-16 16:27:39.450042+00	0		
1283422	27124	12952784	12428229	0	2014-01-12 16:01:21.111386+00	0		
123902	27124	22078	22078	0	2011-05-16 16:27:39.450042+00	0		
90411	27124	21838	12096437	0	2012-01-04 20:00:18.418903+00	0		
905171	27125	6020271	12466406	0	2013-01-24 17:53:12.45637+00	0		
908485	27124	4653759	12579621	0	2013-02-11 21:00:34.679464+00	0		
74494	27124	22079	22079	0	2012-12-03 13:01:33.413258+00	0		
763807	27124	6164005	12547068	0	2012-11-27 14:00:12.563939+00	0		
248171	27124	22082	22082	0	2012-12-03 13:01:34.337095+00	0		
52730	27124	21834	11273428	0	2013-01-12 23:17:34.825443+00	0		
1056409	27124	10520333	8219459	0	2013-05-15 17:01:06.64528+00	0		
157057	27124	20956	1809921	0	2013-06-25 22:00:34.399317+00	0		
1282693	27665	14099989	12573980	0	2015-06-13 13:02:36.349206+00	0		
283391	27124	21313	2276371	0	2015-08-29 20:02:52.289351+00	0		
186731	27124	19986	19986	0	2015-10-01 01:03:10.678453+00	0		
69439	27124	21082	21082	0	2013-08-26 09:00:20.472448+00	0		
323893	27124	20505	20505	0	2013-09-12 18:00:31.462021+00	0		
1283387	27124	7613945	12690611	0	2014-01-19 16:00:24.637868+00	0		
45983	27124	21353	238614	0	2013-09-29 09:02:36.656537+00	0		
297926	27124	21911	21911	0	2013-10-11 19:01:06.886555+00	0		
274455	27124	21910	21910	0	2013-10-13 11:01:58.04562+00	0		
1538792	27124	815207	12781160	0	2014-11-17 22:36:25.227783+00	0		
1561055	27124	12006483	12774304	0	2014-12-18 05:33:55.722111+00	0		
61367	27124	20861	20861	0	2013-12-19 08:00:46.417129+00	0		
343388	27124	20863	20863	0	2013-12-19 08:00:46.923504+00	0		
82375	27124	20866	20866	0	2013-12-19 08:00:49.135987+00	0		
137746	27124	20848	20848	0	2014-03-05 22:01:33.682817+00	0		
164514	27124	20851	20851	0	2014-03-05 22:01:36.98179+00	0		
53212	27124	20855	20855	0	2014-03-05 22:01:38.664992+00	0		
60926	27124	20857	20857	0	2014-03-05 22:01:40.032934+00	0		
1056411	27124	12630489	6647357	0	2013-05-15 17:01:07.226481+00	0		
360084	27124	8795847	7547650	0	2011-07-19 15:57:41.362741+00	0		
181070	27124	22130	22130	0	2011-05-16 16:27:39.450042+00	0		
158459	27124	22298	22298	0	2011-05-16 16:27:39.450042+00	0		
106678	27124	22299	22299	0	2011-05-16 16:27:39.450042+00	0		
276829	27124	22300	22300	0	2011-05-16 16:27:39.450042+00	0		
260377	27124	22301	22301	0	2011-05-16 16:27:39.450042+00	0		
121154	27124	22302	22302	0	2011-05-16 16:27:39.450042+00	0		
285540	27124	22309	22309	0	2011-05-16 16:27:39.450042+00	0		
201937	27124	22310	22310	0	2011-05-16 16:27:39.450042+00	0		
225906	27124	22311	22311	0	2011-05-16 16:27:39.450042+00	0		
212548	27124	22312	22312	0	2011-05-16 16:27:39.450042+00	0		
240065	27124	22313	22313	0	2011-05-16 16:27:39.450042+00	0		
62330	27124	22467	22467	0	2011-05-16 16:27:39.450042+00	0		
141678	27124	22469	22469	0	2011-05-16 16:27:39.450042+00	0		
226598	27124	22470	22470	0	2011-05-16 16:27:39.450042+00	0		
140364	27124	22471	22471	0	2011-05-16 16:27:39.450042+00	0		
223475	27124	22472	22472	0	2011-05-16 16:27:39.450042+00	0		
193448	27124	22473	22473	0	2011-05-16 16:27:39.450042+00	0		
122248	27124	22474	22474	0	2011-05-16 16:27:39.450042+00	0		
260463	27124	22475	22475	0	2011-05-16 16:27:39.450042+00	0		
250642	27124	22476	22476	0	2011-05-16 16:27:39.450042+00	0		
106087	27124	22518	22518	0	2011-05-16 16:27:39.450042+00	0		
88314	27124	22715	22715	0	2011-05-16 16:27:39.450042+00	0		
249350	27124	22804	22804	0	2011-05-16 16:27:39.450042+00	0		
248626	27124	23556	23556	0	2011-05-16 16:27:39.450042+00	0		
104301	27124	23557	23557	0	2011-05-16 16:27:39.450042+00	0		
387868	27124	4296559	7313903	0	2011-11-13 14:00:09.468104+00	0		
32859	27124	23559	23559	0	2011-05-16 16:27:39.450042+00	0		
39070	27124	23797	23797	0	2011-05-16 16:27:39.450042+00	0		
161319	27124	25734	25734	0	2011-05-16 16:27:39.450042+00	0		
161683	27124	29232	3790608	0	2011-12-30 19:00:34.55099+00	0		
134114	27124	27089	27089	0	2011-05-16 16:27:39.450042+00	0		
294542	27124	27143	27143	0	2011-05-16 16:27:39.450042+00	0		
192730	27124	28074	28074	0	2011-05-16 16:27:39.450042+00	0		
154026	27124	28819	28819	0	2011-05-16 16:27:39.450042+00	0		
410420	144951	13037825	10256693	0	2014-01-06 21:41:17.253894+00	0		
214487	27124	29222	29222	0	2011-05-16 16:27:39.450042+00	0		
195991	27124	29224	8710632	0	2011-05-16 16:27:39.450042+00	0		
198766	27124	29225	8710633	0	2011-05-16 16:27:39.450042+00	0		
129939	27124	29442	29442	0	2011-07-23 09:00:07.189325+00	0		
124483	27124	22085	22085	0	2012-12-04 15:00:12.161236+00	0		
1280220	27124	5246618	12546079	0	2014-01-11 11:20:58.059227+00	0		
269115	27124	29287	29287	0	2011-05-16 16:27:39.450042+00	0		
104432	27124	27436	27436	0	2013-06-30 10:03:08.363138+00	0		
90605	27124	29362	29362	0	2011-05-16 16:27:39.450042+00	0		
253211	27124	29364	29364	0	2011-05-16 16:27:39.450042+00	0		
763808	27124	6164006	12547069	0	2012-11-27 14:00:12.621745+00	0		
308148	27124	29377	29377	0	2011-05-16 16:27:39.450042+00	0		
361289	27660	12457397	12433383	0	2011-07-25 16:47:02.448789+00	0		
243454	27124	29393	29393	0	2011-05-16 16:27:39.450042+00	0		
64433	27124	29395	29395	0	2011-05-16 16:27:39.450042+00	0		
210575	27124	29396	29396	0	2011-05-16 16:27:39.450042+00	0		
304921	27124	29400	29400	0	2011-05-16 16:27:39.450042+00	0		
224717	27124	29401	29401	0	2011-05-16 16:27:39.450042+00	0		
362174	27124	8237209	12433494	0	2011-07-29 11:43:00.238452+00	0		
312733	27124	29406	29406	0	2011-05-16 16:27:39.450042+00	0		
316593	27124	8710636	8710636	0	2012-07-06 21:00:14.748052+00	0		
286207	27124	29494	29494	0	2011-05-16 16:27:39.450042+00	0		
163295	27124	29495	29495	0	2011-05-16 16:27:39.450042+00	0		
115906	27124	29496	29496	0	2011-05-16 16:27:39.450042+00	0		
319880	27124	29497	29497	0	2011-05-16 16:27:39.450042+00	0		
179044	27124	29498	29498	0	2011-05-16 16:27:39.450042+00	0		
188890	27124	29499	29499	0	2011-05-16 16:27:39.450042+00	0		
292329	27124	29500	29500	0	2011-05-16 16:27:39.450042+00	0		
168297	27124	29501	29501	0	2011-05-16 16:27:39.450042+00	0		
83524	27124	29502	29502	0	2011-05-16 16:27:39.450042+00	0		
327814	27124	29503	29503	0	2011-05-16 16:27:39.450042+00	0		
248311	27124	29504	29504	0	2011-05-16 16:27:39.450042+00	0		
47592	27124	29506	29506	0	2011-05-16 16:27:39.450042+00	0		
300718	27124	29355	5399818	0	2013-07-17 01:00:22.710455+00	0		
60430	27124	30289	30289	0	2011-05-16 16:27:39.450042+00	0		
326298	27124	30098	2743383	0	2011-08-18 21:00:08.730558+00	0		
323845	27124	30259	30259	0	2014-10-08 17:00:25.28951+00	0		
243761	27124	14941515	2566845	0	2015-01-15 04:01:04.160822+00	0		
224687	27124	22005	163342	0	2014-09-08 11:00:42.483354+00	0		
47232	27124	22010	22010	0	2014-09-08 11:00:50.180102+00	0		
81036	27124	22007	22007	0	2014-09-08 11:00:50.894431+00	0		
187545	27124	20603	5624439	0	2015-01-28 06:01:59.263756+00	0		
91273	27124	27101	27101	0	2015-02-05 13:02:49.688841+00	0		
171763	27124	30353	30353	0	2011-05-16 16:27:39.450042+00	0		
204069	27124	30354	30354	0	2011-05-16 16:27:39.450042+00	0		
227061	27124	30355	30355	0	2011-05-16 16:27:39.450042+00	0		
49030	27124	30356	30356	0	2011-05-16 16:27:39.450042+00	0		
102469	27124	562173	30260	0	2011-09-18 04:00:07.070438+00	0		
294990	27124	30358	30358	0	2011-05-16 16:27:39.450042+00	0		
293789	27124	30359	30359	0	2011-05-16 16:27:39.450042+00	0		
274949	27124	30360	30360	0	2011-05-16 16:27:39.450042+00	0		
303149	27124	30361	30361	0	2011-05-16 16:27:39.450042+00	0		
199760	27124	30362	30362	0	2011-05-16 16:27:39.450042+00	0		
142566	27124	30363	30363	0	2011-05-16 16:27:39.450042+00	0		
234387	27124	30364	30364	0	2011-05-16 16:27:39.450042+00	0		
343163	27124	29293	5399122	0	2012-08-10 08:00:55.552083+00	0		
280604	27124	29392	30300	0	2011-06-08 21:00:17.308632+00	0		
201775	27124	29290	8091682	0	2013-04-06 19:01:01.707348+00	0		
252122	27124	22426	4210	0	2011-06-30 13:02:53.308435+00	0		
193303	27124	23555	23560	0	2011-10-09 00:00:06.718414+00	0		
1538793	27124	815208	12781161	0	2014-11-17 22:36:25.227783+00	0		
187954	27124	30366	30366	0	2011-05-16 16:27:39.450042+00	0		
160299	27124	30367	30367	0	2011-05-16 16:27:39.450042+00	0		
78081	27124	30368	30368	0	2011-05-16 16:27:39.450042+00	0		
269871	27124	21356	646742	0	2015-06-11 22:04:33.171066+00	0		
90880	27124	29505	2707184	0	2015-08-31 21:01:49.598958+00	0		
249710	27124	30370	30370	0	2011-05-16 16:27:39.450042+00	0		
164307	27124	30371	30371	0	2011-05-16 16:27:39.450042+00	0		
330559	27124	30373	30373	0	2011-05-16 16:27:39.450042+00	0		
242193	27124	30374	30374	0	2011-05-16 16:27:39.450042+00	0		
228805	27124	30375	30375	0	2011-05-16 16:27:39.450042+00	0		
156723	27124	30376	30376	0	2011-05-16 16:27:39.450042+00	0		
217372	27124	30377	30377	0	2011-05-16 16:27:39.450042+00	0		
132232	27124	30379	30379	0	2011-05-16 16:27:39.450042+00	0		
341480	27124	30380	30380	0	2011-05-16 16:27:39.450042+00	0		
56637	27124	30381	30381	0	2011-05-16 16:27:39.450042+00	0		
114274	27124	30382	30382	0	2011-05-16 16:27:39.450042+00	0		
65012	27124	30383	30383	0	2011-05-16 16:27:39.450042+00	0		
229899	27124	30385	30385	0	2011-05-16 16:27:39.450042+00	0		
49795	27124	30386	30386	0	2011-05-16 16:27:39.450042+00	0		
100083	27124	30387	30387	0	2011-05-16 16:27:39.450042+00	0		
315331	27124	30388	30388	0	2011-05-16 16:27:39.450042+00	0		
78296	27124	30389	30389	0	2011-05-16 16:27:39.450042+00	0		
287698	27124	30390	30390	0	2011-05-16 16:27:39.450042+00	0		
323101	27124	29444	380002	0	2011-12-08 04:09:40.232718+00	0		
59877	27124	29240	7008671	0	2013-08-17 15:00:30.672818+00	0		
104399	27124	29915	8091669	0	2013-04-12 17:00:14.939902+00	0		
57720	27124	29358	29358	0	2013-04-16 22:00:15.572365+00	0		
209543	27124	29223	29223	0	2012-10-23 21:04:27.641954+00	0		
283006	27124	29236	3051673	0	2013-11-23 14:03:07.282047+00	0		
250805	27124	30391	30391	0	2011-05-16 16:27:39.450042+00	0		
219467	27124	30392	30392	0	2011-05-16 16:27:39.450042+00	0		
267165	27124	30393	30393	0	2011-05-16 16:27:39.450042+00	0		
250902	27124	30394	30394	0	2011-05-16 16:27:39.450042+00	0		
132182	27124	30395	30395	0	2011-05-16 16:27:39.450042+00	0		
85870	27124	30396	30396	0	2011-05-16 16:27:39.450042+00	0		
278426	27124	30397	30397	0	2011-05-16 16:27:39.450042+00	0		
176330	27124	30398	30398	0	2011-05-16 16:27:39.450042+00	0		
159912	27124	30399	30399	0	2011-05-16 16:27:39.450042+00	0		
245304	27124	30400	30400	0	2011-05-16 16:27:39.450042+00	0		
51746	27124	30401	30401	0	2011-05-16 16:27:39.450042+00	0		
79112	27124	30402	30402	0	2011-05-16 16:27:39.450042+00	0		
201241	27124	30403	30403	0	2011-05-16 16:27:39.450042+00	0		
140128	27124	30404	30404	0	2011-05-16 16:27:39.450042+00	0		
127814	27124	30405	30405	0	2011-05-16 16:27:39.450042+00	0		
94358	27124	30407	30407	0	2011-05-16 16:27:39.450042+00	0		
204226	27124	30408	30408	0	2011-05-16 16:27:39.450042+00	0		
57503	27124	30487	2647551	0	2011-05-16 16:27:39.450042+00	0		
298510	27124	14214985	22497	0	2015-01-10 10:05:24.216594+00	0		
622009	27660	635803	875517	0	2012-07-17 15:09:20.791035+00	0		
37314	27124	31665	31665	0	2011-05-16 16:27:39.450042+00	0		
107419	27124	31976	31976	0	2011-05-16 16:27:39.450042+00	0		
316677	27124	37742	140497	0	2012-11-26 22:00:12.130589+00	0		
327461	27124	31982	31982	0	2011-05-16 16:27:39.450042+00	0		
905172	27125	6020272	12477358	0	2013-08-12 04:01:26.547026+00	0		
252631	27124	32534	32534	0	2011-05-16 16:27:39.450042+00	0		
62989	27124	32535	32535	0	2011-05-16 16:27:39.450042+00	0		
321778	27124	32536	32536	0	2011-05-16 16:27:39.450042+00	0		
156784	27124	32537	32537	0	2011-05-16 16:27:39.450042+00	0		
291979	27124	32538	32538	0	2011-05-16 16:27:39.450042+00	0		
328916	27124	32539	32539	0	2011-05-16 16:27:39.450042+00	0		
129443	27124	32540	32540	0	2011-05-16 16:27:39.450042+00	0		
225181	27124	32541	32541	0	2011-05-16 16:27:39.450042+00	0		
232526	27124	32542	32542	0	2011-05-16 16:27:39.450042+00	0		
96536	27124	32543	32543	0	2011-05-16 16:27:39.450042+00	0		
113351	27124	32544	32544	0	2011-05-16 16:27:39.450042+00	0		
124200	27124	32545	32545	0	2011-05-16 16:27:39.450042+00	0		
193761	27124	32546	32546	0	2011-05-16 16:27:39.450042+00	0		
315610	27124	32547	32547	0	2011-05-16 16:27:39.450042+00	0		
241297	27124	32549	32549	0	2011-05-16 16:27:39.450042+00	0		
312064	27124	33553	33553	0	2011-05-16 16:27:39.450042+00	0		
230912	27124	33557	33557	0	2011-05-16 16:27:39.450042+00	0		
176245	27124	34304	34304	0	2011-05-16 16:27:39.450042+00	0		
81335	27124	34305	34305	0	2011-05-16 16:27:39.450042+00	0		
125577	27124	34306	34306	0	2011-05-16 16:27:39.450042+00	0		
102436	27124	34307	34307	0	2011-05-16 16:27:39.450042+00	0		
308398	27124	34308	34308	0	2011-05-16 16:27:39.450042+00	0		
179784	27124	34309	34309	0	2011-05-16 16:27:39.450042+00	0		
119985	27124	34310	34310	0	2011-05-16 16:27:39.450042+00	0		
260253	27124	34311	34311	0	2011-05-16 16:27:39.450042+00	0		
85788	27124	34312	34312	0	2011-05-16 16:27:39.450042+00	0		
224943	27124	34313	34313	0	2011-05-16 16:27:39.450042+00	0		
314332	27124	34314	34314	0	2011-05-16 16:27:39.450042+00	0		
53996	27124	34315	34315	0	2011-05-16 16:27:39.450042+00	0		
116372	27124	34323	34323	0	2011-05-16 16:27:39.450042+00	0		
118726	27124	34328	34328	0	2011-05-16 16:27:39.450042+00	0		
339288	27124	34329	34329	0	2011-05-16 16:27:39.450042+00	0		
261684	27124	31950	4318906	0	2012-09-16 14:03:58.363168+00	0		
241435	27124	34334	34334	0	2011-05-16 16:27:39.450042+00	0		
160653	27124	34338	34338	0	2011-05-16 16:27:39.450042+00	0		
119142	27124	34339	34339	0	2011-05-16 16:27:39.450042+00	0		
80789	27124	36000	36000	0	2011-05-16 16:27:39.450042+00	0		
232750	27124	36096	6126572	0	2011-05-16 16:27:39.450042+00	0		
190256	27124	36239	36239	0	2011-05-16 16:27:39.450042+00	0		
185867	27124	36240	36240	0	2011-05-16 16:27:39.450042+00	0		
182832	27124	36095	6126571	0	2014-07-15 06:00:18.25671+00	0		
257487	27124	30365	923498	0	2014-08-15 18:00:47.923538+00	0		
91779	27124	22006	22006	0	2014-09-08 11:00:42.987573+00	0		
47264	27124	29368	923497	0	2015-02-18 23:05:15.424411+00	0		
97535	27124	29877	1589561	0	2015-04-07 20:02:51.61735+00	0		
131471	27124	36241	36241	0	2011-05-16 16:27:39.450042+00	0		
247035	27124	36242	36242	0	2011-05-16 16:27:39.450042+00	0		
122119	27124	36243	36243	0	2011-05-16 16:27:39.450042+00	0		
260732	27124	36244	36244	0	2011-05-16 16:27:39.450042+00	0		
101070	27124	36245	36245	0	2011-05-16 16:27:39.450042+00	0		
137690	27124	36246	36246	0	2011-05-16 16:27:39.450042+00	0		
184633	27124	36247	36247	0	2011-05-16 16:27:39.450042+00	0		
54347	27124	36248	36248	0	2011-05-16 16:27:39.450042+00	0		
295920	27124	36249	36249	0	2011-05-16 16:27:39.450042+00	0		
326630	27124	34357	7023494	0	2011-08-05 20:03:39.364507+00	0		
191024	27124	36316	36316	0	2011-05-16 16:27:39.450042+00	0		
151063	27124	36317	36317	0	2011-05-16 16:27:39.450042+00	0		
331989	27124	36318	36318	0	2011-05-16 16:27:39.450042+00	0		
238572	27124	36319	36319	0	2011-05-16 16:27:39.450042+00	0		
196318	27124	36320	36320	0	2011-05-16 16:27:39.450042+00	0		
267889	27124	36321	36321	0	2011-05-16 16:27:39.450042+00	0		
310886	27124	36322	36322	0	2011-05-16 16:27:39.450042+00	0		
191717	27124	36323	36323	0	2011-05-16 16:27:39.450042+00	0		
30387	27124	36324	36324	0	2011-05-16 16:27:39.450042+00	0		
246898	27124	36422	36422	0	2011-05-16 16:27:39.450042+00	0		
197139	27124	36426	36426	0	2011-05-16 16:27:39.450042+00	0		
137504	27124	36431	36431	0	2011-05-16 16:27:39.450042+00	0		
242228	27124	36447	36447	0	2011-05-16 16:27:39.450042+00	0		
339146	27124	36518	36518	0	2011-05-16 16:27:39.450042+00	0		
66673	27124	22013	22013	0	2015-10-21 01:01:48.056174+00	0		
49334	27124	34353	7023488	0	2011-08-05 20:03:39.747663+00	0		
1056413	27124	12630492	6647360	0	2013-05-15 17:01:07.926679+00	0		
205651	27124	37747	37747	0	2011-05-16 16:27:39.450042+00	0		
136133	27124	37754	37754	0	2011-05-16 16:27:39.450042+00	0		
330144	27124	37921	37921	0	2011-05-16 16:27:39.450042+00	0		
337666	27124	31977	31977	0	2012-05-22 09:07:10.672878+00	0		
166188	27124	30378	889075	0	2011-06-08 11:00:06.08362+00	0		
162721	27124	37483	10257436	0	2011-06-15 06:00:29.375495+00	0		
86348	27124	36300	340449	0	2011-06-21 12:00:07.224293+00	0		
410419	144951	13037825	10262382	0	2014-01-06 21:41:49.383109+00	0		
314444	27124	37923	37923	0	2011-05-16 16:27:39.450042+00	0		
73245	27124	37924	37924	0	2011-05-16 16:27:39.450042+00	0		
178845	27124	37925	37925	0	2011-05-16 16:27:39.450042+00	0		
138852	27124	37927	37927	0	2011-05-16 16:27:39.450042+00	0		
284806	27124	37928	37928	0	2011-05-16 16:27:39.450042+00	0		
168435	27124	37929	37929	0	2011-05-16 16:27:39.450042+00	0		
331424	27124	37930	37930	0	2011-05-16 16:27:39.450042+00	0		
150128	27124	37931	37931	0	2011-05-16 16:27:39.450042+00	0		
72098	27124	37944	37944	0	2011-05-16 16:27:39.450042+00	0		
190049	27124	37945	37945	0	2011-05-16 16:27:39.450042+00	0		
123011	27124	37946	37946	0	2011-05-16 16:27:39.450042+00	0		
283932	27124	38720	38720	0	2011-05-16 16:27:39.450042+00	0		
181607	27124	38736	38736	0	2011-05-16 16:27:39.450042+00	0		
327558	27124	38779	7740217	0	2011-05-16 16:27:39.450042+00	0		
83910	27124	38959	38959	0	2011-05-16 16:27:39.450042+00	0		
224442	27124	39385	39385	0	2011-05-16 16:27:39.450042+00	0		
292335	27124	40861	157926	0	2011-05-16 16:27:39.450042+00	0		
142664	27124	41046	41046	0	2011-05-16 16:27:39.450042+00	0		
127049	27124	41598	41598	0	2011-05-16 16:27:39.450042+00	0		
266733	27124	41957	41957	0	2011-05-16 16:27:39.450042+00	0		
335962	27124	42052	42052	0	2011-05-16 16:27:39.450042+00	0		
157195	27124	31660	2512039	0	2011-11-25 04:00:21.338355+00	0		
214840	27124	32315	32315	0	2013-07-03 10:00:30.749465+00	0		
314241	27124	7023515	34332	0	2012-05-22 20:00:10.540925+00	0		
309858	27124	32318	32318	0	2013-06-29 17:01:47.1483+00	0		
253960	27124	32210	32210	0	2013-06-29 17:02:04.919221+00	0		
86080	27124	32320	32320	0	2013-07-03 10:00:32.215313+00	0		
81449	27124	32328	32328	0	2013-07-03 10:00:32.660677+00	0		
247400	27124	32324	32324	0	2013-07-03 10:00:34.048939+00	0		
240500	27124	34284	883932	0	2013-07-17 00:01:12.675646+00	0		
134014	27124	32215	32215	0	2013-07-03 11:00:51.632096+00	0		
84967	27124	42432	8845107	0	2013-08-28 18:02:50.322431+00	0		
360085	27124	2500913	4247606	0	2011-07-23 23:01:41.169271+00	0		
72071	27124	46798	46798	0	2011-05-16 16:27:39.450042+00	0		
65614	27124	46799	46799	0	2011-05-16 16:27:39.450042+00	0		
75665	27124	47679	47679	0	2011-05-16 16:27:39.450042+00	0		
84232	27124	47682	47682	0	2011-05-16 16:27:39.450042+00	0		
361291	27665	4125492	6616974	0	2011-07-25 16:49:02.786636+00	0		
39984	27124	47690	47690	0	2011-05-16 16:27:39.450042+00	0		
108266	27124	47691	47691	0	2011-05-16 16:27:39.450042+00	0		
120116	27124	47692	47692	0	2011-05-16 16:27:39.450042+00	0		
326459	27124	47693	47693	0	2011-05-16 16:27:39.450042+00	0		
60935	27124	47694	47694	0	2011-05-16 16:27:39.450042+00	0		
152696	27124	47697	47697	0	2011-05-16 16:27:39.450042+00	0		
86711	27124	48768	48768	0	2011-05-16 16:27:39.450042+00	0		
114277	27124	48769	48769	0	2011-05-16 16:27:39.450042+00	0		
202529	27124	48770	48770	0	2011-05-16 16:27:39.450042+00	0		
269361	27124	48771	48771	0	2011-05-16 16:27:39.450042+00	0		
200946	27124	48772	48772	0	2011-05-16 16:27:39.450042+00	0		
94961	27124	48843	48843	0	2011-05-16 16:27:39.450042+00	0		
63000	27124	48844	48844	0	2011-05-16 16:27:39.450042+00	0		
124178	27124	48850	48850	0	2011-05-16 16:27:39.450042+00	0		
163502	27124	48851	48851	0	2011-05-16 16:27:39.450042+00	0		
143624	27124	48852	48852	0	2011-05-16 16:27:39.450042+00	0		
192321	27124	48853	48853	0	2011-05-16 16:27:39.450042+00	0		
324442	27124	48854	48854	0	2011-05-16 16:27:39.450042+00	0		
216971	27124	48855	48855	0	2011-05-16 16:27:39.450042+00	0		
45478	27124	48856	48856	0	2011-05-16 16:27:39.450042+00	0		
33169	27124	48857	48857	0	2011-05-16 16:27:39.450042+00	0		
58710	27124	48858	48858	0	2011-05-16 16:27:39.450042+00	0		
322642	27124	48859	48859	0	2011-05-16 16:27:39.450042+00	0		
147178	27124	48868	48868	0	2011-05-16 16:27:39.450042+00	0		
180049	27124	48869	48869	0	2011-05-16 16:27:39.450042+00	0		
143601	27124	48870	48870	0	2011-05-16 16:27:39.450042+00	0		
233107	27124	49121	49121	0	2011-05-16 16:27:39.450042+00	0		
290629	27124	49122	49122	0	2011-05-16 16:27:39.450042+00	0		
87759	27124	49123	49123	0	2011-05-16 16:27:39.450042+00	0		
336514	27124	49124	49124	0	2011-05-16 16:27:39.450042+00	0		
135757	27124	49125	49125	0	2011-05-16 16:27:39.450042+00	0		
143409	27124	49126	49126	0	2011-05-16 16:27:39.450042+00	0		
318921	27124	49127	49127	0	2011-05-16 16:27:39.450042+00	0		
304501	27124	49128	49128	0	2011-05-16 16:27:39.450042+00	0		
283986	27124	49129	49129	0	2011-05-16 16:27:39.450042+00	0		
167169	27124	49274	49274	0	2011-05-16 16:27:39.450042+00	0		
186656	27124	49275	49275	0	2011-05-16 16:27:39.450042+00	0		
328115	27124	49276	49276	0	2011-05-16 16:27:39.450042+00	0		
41811	27124	49277	49277	0	2011-05-16 16:27:39.450042+00	0		
142801	27124	49278	49278	0	2011-05-16 16:27:39.450042+00	0		
132970	27124	49279	49279	0	2011-05-16 16:27:39.450042+00	0		
38917	27124	49280	49280	0	2011-05-16 16:27:39.450042+00	0		
86056	27124	49281	49281	0	2011-05-16 16:27:39.450042+00	0		
126945	27124	49282	49282	0	2011-05-16 16:27:39.450042+00	0		
79461	27124	49283	49283	0	2011-05-16 16:27:39.450042+00	0		
50903	27124	49284	49284	0	2011-05-16 16:27:39.450042+00	0		
279370	27124	41241	41241	0	2014-08-30 20:00:46.517922+00	0		
307428	27124	49285	49285	0	2011-05-16 16:27:39.450042+00	0		
280909	27124	49525	49525	0	2011-05-16 16:27:39.450042+00	0		
221811	27124	49526	49526	0	2011-05-16 16:27:39.450042+00	0		
213681	27124	49527	49527	0	2011-05-16 16:27:39.450042+00	0		
134738	27124	49528	49528	0	2011-05-16 16:27:39.450042+00	0		
300235	27124	49529	49529	0	2011-05-16 16:27:39.450042+00	0		
41517	27124	49530	49530	0	2011-05-16 16:27:39.450042+00	0		
34238	27124	49531	49531	0	2011-05-16 16:27:39.450042+00	0		
64206	27124	49532	49532	0	2011-05-16 16:27:39.450042+00	0		
82085	27124	49533	49533	0	2011-05-16 16:27:39.450042+00	0		
33841	27124	49645	49645	0	2011-05-16 16:27:39.450042+00	0		
115245	27124	49646	49646	0	2011-05-16 16:27:39.450042+00	0		
69585	27124	49647	49647	0	2011-05-16 16:27:39.450042+00	0		
94646	27124	49648	49648	0	2011-05-16 16:27:39.450042+00	0		
243871	27124	47695	7331827	0	2011-09-02 21:03:46.800875+00	0		
260968	27124	50439	50439	0	2011-05-16 16:27:39.450042+00	0		
320568	27124	50533	7425897	0	2011-05-16 16:27:39.450042+00	0		
207142	27124	50535	7425899	0	2011-05-16 16:27:39.450042+00	0		
183456	27124	50536	7425900	0	2011-05-16 16:27:39.450042+00	0		
250331	27124	50538	7425902	0	2011-05-16 16:27:39.450042+00	0		
137998	27124	50620	50620	0	2011-05-16 16:27:39.450042+00	0		
57008	27124	50621	50621	0	2011-05-16 16:27:39.450042+00	0		
51767	27124	50622	50622	0	2011-05-16 16:27:39.450042+00	0		
188536	27124	50623	50623	0	2011-05-16 16:27:39.450042+00	0		
320216	27124	50624	50624	0	2011-05-16 16:27:39.450042+00	0		
166330	27124	50625	50625	0	2011-05-16 16:27:39.450042+00	0		
325807	27124	50626	50626	0	2011-05-16 16:27:39.450042+00	0		
250452	27124	50627	50627	0	2011-05-16 16:27:39.450042+00	0		
246683	27124	50628	50628	0	2011-05-16 16:27:39.450042+00	0		
113813	27124	50629	50629	0	2011-05-16 16:27:39.450042+00	0		
274778	27124	50630	50630	0	2011-05-16 16:27:39.450042+00	0		
465812	144951	13223089	12467012	0	2014-01-06 21:44:15.805433+00	0		
264148	27124	50633	50633	0	2011-05-16 16:27:39.450042+00	0		
315782	27124	50645	50645	0	2011-05-16 16:27:39.450042+00	0		
154643	27124	50647	50647	0	2011-05-16 16:27:39.450042+00	0		
334676	27124	50648	50648	0	2011-05-16 16:27:39.450042+00	0		
145671	27124	50650	50650	0	2011-05-16 16:27:39.450042+00	0		
327528	27124	50651	50651	0	2011-05-16 16:27:39.450042+00	0		
41798	27124	50652	50652	0	2011-05-16 16:27:39.450042+00	0		
176181	27124	50653	50653	0	2011-05-16 16:27:39.450042+00	0		
323029	27124	50654	50654	0	2011-05-16 16:27:39.450042+00	0		
161077	27124	47687	7331825	0	2011-09-05 07:02:32.459584+00	0		
116827	27124	37932	37932	0	2011-06-21 11:00:26.557961+00	0		
336512	27124	37926	340438	0	2011-06-21 12:00:07.14954+00	0		
188918	27124	50649	50649	0	2011-06-23 19:01:39.758442+00	0		
216630	27124	50656	50656	0	2011-05-16 16:27:39.450042+00	0		
1280222	27124	14970498	12546079	0	2014-01-11 11:21:01.43044+00	0		
230528	27124	50658	50658	0	2011-05-16 16:27:39.450042+00	0		
357888	27660	10848688	12432352	0	2011-07-19 00:08:06.446567+00	0		
763809	27124	6164007	12547070	0	2012-11-27 14:00:12.744488+00	0		
67989	27124	50669	11959132	0	2012-10-02 18:00:12.169742+00	0		
227714	27124	52462	52462	0	2011-05-16 16:27:39.450042+00	0		
71547	27124	52463	52463	0	2011-05-16 16:27:39.450042+00	0		
109684	27124	52464	52464	0	2011-05-16 16:27:39.450042+00	0		
38366	27124	52465	52465	0	2011-05-16 16:27:39.450042+00	0		
182467	27124	52466	52466	0	2011-05-16 16:27:39.450042+00	0		
328195	27124	52467	52467	0	2011-05-16 16:27:39.450042+00	0		
216148	27124	52468	52468	0	2011-05-16 16:27:39.450042+00	0		
254880	27124	52469	52469	0	2011-05-16 16:27:39.450042+00	0		
193994	27124	52470	52470	0	2011-05-16 16:27:39.450042+00	0		
132446	27124	52471	52471	0	2011-05-16 16:27:39.450042+00	0		
81527	27124	52472	52472	0	2011-05-16 16:27:39.450042+00	0		
51387	27124	52473	52473	0	2011-05-16 16:27:39.450042+00	0		
200739	27124	53317	53440	0	2011-05-16 16:27:39.450042+00	0		
217408	27124	53321	6705363	0	2011-05-16 16:27:39.450042+00	0		
65181	27124	53406	53406	0	2011-05-16 16:27:39.450042+00	0		
282673	27124	53407	53407	0	2011-05-16 16:27:39.450042+00	0		
253658	27124	53410	53410	0	2011-05-16 16:27:39.450042+00	0		
151714	27124	53902	53902	0	2011-05-16 16:27:39.450042+00	0		
162445	27124	54000	2880236	0	2011-05-16 16:27:39.450042+00	0		
139762	27124	51855	8525955	0	2012-01-05 20:05:45.149013+00	0		
265515	27124	47684	10331592	0	2012-03-21 09:00:06.337308+00	0		
136239	27124	47681	47681	0	2012-11-30 07:12:40.103964+00	0		
343644	27124	47678	47678	0	2012-03-21 09:00:08.306074+00	0		
335120	27124	47680	47680	0	2012-03-21 09:00:08.712024+00	0		
235142	27124	47683	47683	0	2012-03-21 09:00:09.108387+00	0		
277992	27124	47685	10331598	0	2012-03-21 09:00:09.455097+00	0		
97067	27124	47686	47686	0	2012-03-21 09:00:09.793913+00	0		
51169	27124	47689	47689	0	2012-03-21 09:00:10.098748+00	0		
215869	27124	46444	4867182	0	2012-12-11 17:00:08.265629+00	0		
