29141	166963	1068154	3525	0	2015-08-13 07:46:40.75198+00	1		
29142	254857	1551908	3064	0	2015-08-13 08:28:25.326954+00	15		
29147	177061	1215475	3525	0	2015-08-13 10:46:12.922571+00	6		
24308	191182	1510657	3064	0	2015-04-02 03:16:21.578826+00	1		
24310	191183	1510661	3064	0	2015-04-02 03:33:15.311091+00	2		
24311	191184	1510668	3064	0	2015-04-02 04:05:49.938884+00	3		
24315	191185	1510671	3064	0	2015-04-02 04:22:26.234462+00	4		
24316	191187	1510672	3064	0	2015-04-02 04:35:47.936345+00	5		
24318	191186	1510676	3064	0	2015-04-02 04:51:50.086381+00	6		
24319	211984	1510677	3064	0	2015-04-02 05:00:44.020464+00	7		
24320	211983	1510679	3064	0	2015-04-02 05:10:56.836409+00	8		
24321	211978	1510681	3064	0	2015-04-02 05:17:50.318328+00	9		
24309	211981	1494642	3064	0	2015-04-02 03:18:52.405684+00	10		
24322	235929	1510684	3064	0	2015-04-02 05:37:05.630266+00	11		
24323	235939	1510686	3064	0	2015-04-02 05:48:11.841068+00	12		
24325	235947	1510692	3064	0	2015-04-02 05:59:09.989669+00	13		
24326	235950	1510693	3064	0	2015-04-02 06:04:18.458158+00	14		
24421	167111	950285	3072	0	2015-04-03 15:27:29.456023+00	59		
29533	166964	1567920	3667	0	2015-09-19 12:07:02.852974+00	2		
24455	167111	950380	3072	0	2015-04-03 15:50:35.754601+00	60		
4935	167111	1135387	577	0	2014-05-26 21:17:31.551744+00	1		
29150	166963	344888	3526	0	2015-08-13 12:08:39.809694+00	1		
29151	166969	667174	3526	0	2015-08-13 12:26:58.817467+00	7		
29153	166970	667180	3526	0	2015-08-13 12:48:37.165163+00	8		
29545	167053	1386487	2043	0	2015-09-22 00:43:13.185634+00	15		
29546	167051	1568770	60	0	2015-09-22 16:45:39.580801+00	46		
29534	166963	768802	3667	0	2015-09-19 12:07:02.852974+00	1		
18371	185371	1404763	1974	0	2014-08-14 05:01:01.525072+00	84		
18387	185587	1405010	1974	0	2014-08-14 23:10:17.709835+00	85		
18390	185595	1405015	1974	0	2014-08-14 23:26:10.039027+00	87		
18296	185020	1404311	1974	0	2014-08-12 17:52:46.286747+00	88		
18194	184540	1403355	1974	0	2014-08-09 22:01:46.509991+00	89		
18238	184871	1403897	1974	0	2014-08-11 17:48:09.058974+00	90		
18389	185592	1405013	1974	0	2014-08-14 23:16:53.016013+00	91		
18195	184541	1403358	1974	0	2014-08-09 22:12:53.094868+00	92		
18917	190318	1420549	1974	0	2014-09-16 06:41:35.555399+00	100		
18916	190317	1420551	1974	0	2014-09-16 06:40:52.939688+00	101		
27108	251927	1552437	1974	0	2015-07-31 23:19:55.648565+00	102		
27082	251584	1551655	1974	0	2015-07-29 04:57:52.73341+00	104		
4936	167111	1171632	577	0	2014-05-26 21:17:31.551744+00	2		
27083	251588	1551656	1974	0	2015-07-29 05:00:55.343295+00	105		
24439	167111	949923	3072	0	2015-04-03 15:39:30.823214+00	49		
24360	167111	327091	3072	0	2015-04-03 11:54:03.133569+00	50		
24390	167111	949990	3072	0	2015-04-03 14:55:45.561748+00	51		
24470	167111	212197	3072	0	2015-04-03 15:58:52.017856+00	52		
24449	167111	950307	3072	0	2015-04-03 15:46:25.765707+00	53		
24450	167111	808914	3072	0	2015-04-03 15:47:14.6212+00	54		
24372	167111	107548	3072	0	2015-04-03 12:02:05.691909+00	55		
24430	167111	949994	3072	0	2015-04-03 15:33:41.386386+00	56		
24459	167111	950384	3072	0	2015-04-03 15:52:26.816398+00	57		
24381	167111	92037	3072	0	2015-04-03 14:49:28.416635+00	58		
4937	167111	1195087	577	0	2014-05-26 21:17:31.551744+00	3		
24437	167111	924885	3072	0	2015-04-03 15:37:54.075687+00	61		
24399	167111	950283	3072	0	2015-04-03 15:03:37.332317+00	62		
24393	167111	906705	3072	0	2015-04-03 14:58:55.894505+00	63		
29538	167111	506517	3674	0	2015-09-21 04:38:51.833966+00	5		
21487	166964	1475944	2639	0	2014-12-30 04:08:23.357466+00	3		
21501	166965	1476316	2639	0	2014-12-31 06:56:53.796561+00	4		
17270	166963	743597	1907	0	2014-07-22 12:14:56.452902+00	1		
17269	166964	1023442	1907	0	2014-07-22 12:14:56.452902+00	2		
21485	166966	1475939	2639	0	2014-12-30 03:31:49.028715+00	5		
21484	166967	1475936	2639	0	2014-12-30 02:57:43.054079+00	6		
164	167111	776921	10	0	2014-05-14 17:29:12.522537+00	1		
21486	166968	1475943	2639	0	2014-12-30 04:08:23.357466+00	7		
21483	166969	1475933	2639	0	2014-12-30 02:29:12.646911+00	8		
21482	166970	1475928	2639	0	2014-12-30 01:59:53.387025+00	9		
21481	166971	1460977	2639	0	2014-12-30 01:59:50.538862+00	10		
29535	261000	1568040	3669	0	2015-09-19 20:40:19.951923+00	1		
29536	173722	1568157	2794	0	2015-09-20 07:25:14.766481+00	24		
29537	168860	1568221	2794	0	2015-09-20 11:41:43.572049+00	27		
29543	166972	1568491	2639	0	2015-09-21 05:28:47.153519+00	11		
29544	166963	1568670	3681	0	2015-09-21 22:16:19.505944+00	1		
29547	166963	1568908	3685	0	2015-09-22 16:59:09.080708+00	1		
29548	166964	1568906	3685	0	2015-09-22 16:59:09.080708+00	2		
18386	185583	1405006	1974	0	2014-08-14 23:00:32.801994+00	82		
29140	166972	1555840	3304	0	2015-08-13 01:20:12.427572+00	10		
29550	166989	1568931	3304	0	2015-09-22 18:18:36.298801+00	16		
18372	185372	1404765	1974	0	2014-08-14 05:04:48.045936+00	83		
27080	251581	1551651	1974	0	2015-07-29 04:47:40.838621+00	106		
27081	251582	1551654	1974	0	2015-07-29 04:53:13.499408+00	107		
27107	251926	1552436	1974	0	2015-07-31 23:17:14.461874+00	108		
29139	254839	1552450	1974	0	2015-08-12 19:00:39.066366+00	115		
29144	168027	1215814	3525	0	2015-08-13 09:00:00.47956+00	5		
29148	167575	1366389	3525	0	2015-08-13 10:47:47.845082+00	7		
23537	167111	1492096	2885	0	2015-02-11 10:20:34.832609+00	0		
27109	251928	1552438	1974	0	2015-07-31 23:23:37.799966+00	109		
29539	167111	59326	3674	0	2015-09-21 04:40:14.56894+00	1		
26448	166963	332812	3386	0	2015-06-26 21:40:31.454874+00	1		
26447	166964	717067	3386	0	2015-06-26 21:40:31.454874+00	2		
26450	166966	1102386	3386	0	2015-06-26 21:40:31.454874+00	4		
27031	166965	1550131	3386	0	2015-07-25 07:07:24.970732+00	3		
24488	166963	1512185	3078	0	2015-04-05 22:38:17.472254+00	1		
24723	166964	1517027	3078	0	2015-04-18 23:34:20.401556+00	2		
24724	166965	1517033	3078	0	2015-04-19 00:10:37.442447+00	3		
24506	166966	525578	3078	0	2015-04-06 20:03:49.351625+00	4		
24487	166967	1512143	3078	0	2015-04-05 21:54:25.144392+00	5		
24726	166968	1517050	3078	0	2015-04-19 02:15:51.767292+00	6		
24725	166969	1517046	3078	0	2015-04-19 02:15:51.767292+00	7		
3058	167111	1014117	324	0	2014-05-17 20:54:41.262656+00	5		
3059	167111	1014137	324	0	2014-05-17 20:54:41.262656+00	6		
24603	166970	1515307	3078	0	2015-04-13 20:35:50.426085+00	8		
3060	167111	1014907	324	0	2014-05-17 20:54:41.262656+00	7		
3061	167111	1014221	324	0	2014-05-17 20:54:41.262656+00	8		
3062	167111	1014039	324	0	2014-05-17 20:54:41.262656+00	9		
3063	167111	1050031	324	0	2014-05-17 20:54:41.262656+00	10		
3064	167111	1014131	324	0	2014-05-17 20:54:41.262656+00	11		
3065	167111	1014126	324	0	2014-05-17 20:54:41.262656+00	12		
3066	167111	1014123	324	0	2014-05-17 20:54:41.262656+00	13		
3067	167111	1014707	324	0	2014-05-17 20:54:41.262656+00	14		
4815	166966	771641	549	0	2014-05-24 16:40:06.245393+00	4		
4816	166967	895856	549	0	2014-05-24 16:40:06.245393+00	5		
12912	166968	1010131	549	0	2014-06-24 20:41:05.699457+00	6		
29152	166968	667213	3526	0	2015-08-13 12:36:55.19371+00	6		
29154	166965	834807	3526	0	2015-08-13 12:55:07.265744+00	3		
4818	166969	1112680	549	0	2014-05-24 16:40:06.245393+00	7		
4819	166970	1201856	549	0	2014-05-24 16:40:06.245393+00	8		
12907	166971	1310194	549	0	2014-06-24 20:41:05.699457+00	9		
19868	166972	1445746	549	0	2014-11-10 20:05:23.141085+00	10		
4938	167111	1225972	577	0	2014-05-26 21:17:31.551744+00	4		
4796	167042	1380524	412	0	2014-05-24 09:23:41.392512+00	18		
8759	167111	53838	980	0	2014-06-15 16:16:54.78706+00	1		
8761	167111	137854	980	0	2014-06-15 16:16:54.78706+00	2		
8762	167111	236896	980	0	2014-06-15 16:16:54.78706+00	3		
8763	167111	489000	980	0	2014-06-15 16:16:54.78706+00	4		
4799	167044	1380535	412	0	2014-05-24 09:56:44.947842+00	21		
8765	167111	280545	980	0	2014-06-15 16:18:01.965893+00	5		
8764	167111	321652	980	0	2014-06-15 16:18:01.965893+00	6		
25536	170681	179781	3277	0	2015-05-31 22:53:14.630372+00	1		
25532	170681	171543	3277	0	2015-05-31 22:53:14.630372+00	2		
25529	170681	75508	3277	0	2015-05-31 22:53:14.630372+00	3		
25533	170681	21325	3277	0	2015-05-31 22:53:14.630372+00	4		
25528	170681	24049	3277	0	2015-05-31 22:53:14.630372+00	5		
25534	170681	28502	3277	0	2015-05-31 22:53:14.630372+00	6		
25531	170681	550939	3277	0	2015-05-31 22:53:14.630372+00	7		
25530	170681	46607	3277	0	2015-05-31 22:53:14.630372+00	8		
25535	170681	169070	3277	0	2015-05-31 22:53:14.630372+00	9		
25527	170681	259512	3277	0	2015-05-31 22:53:14.630372+00	10		
25526	243812	19596	3277	0	2015-05-31 22:53:14.630372+00	11		
25546	170682	202664	3277	0	2015-05-31 22:53:14.630372+00	12		
25544	170682	39641	3277	0	2015-05-31 22:53:14.630372+00	13		
25540	170682	130141	3277	0	2015-05-31 22:53:14.630372+00	14		
25541	170682	123711	3277	0	2015-05-31 22:53:14.630372+00	15		
25539	170682	727127	3277	0	2015-05-31 22:53:14.630372+00	16		
8758	167111	418362	980	0	2014-06-15 16:15:36.351569+00	7		
8760	167111	693107	980	0	2014-06-15 16:16:54.78706+00	8		
29549	166973	1568910	549	0	2015-09-22 17:01:39.087527+00	11		
24	166963	801449	7	0	2014-05-14 17:20:31.255505+00	1		
29145	167573	1187907	3525	0	2015-08-13 09:00:40.819749+00	4		
29149	199637	1528310	3525	0	2015-08-13 10:48:34.879385+00	9		
29540	167111	747508	3674	0	2015-09-21 04:40:59.779578+00	2		
29155	166971	725212	3526	0	2015-08-13 12:59:55.322095+00	9		
25606	168014	253227	3277	0	2015-06-01 00:34:40.541721+00	76		
25610	168014	24207	3277	0	2015-06-01 00:34:40.541721+00	77		
4939	167111	1238335	577	0	2014-05-26 21:17:31.551744+00	5		
25609	168014	84960	3277	0	2015-06-01 00:34:40.541721+00	78		
25605	168014	747739	3277	0	2015-06-01 00:34:40.541721+00	79		
23538	167111	1492123	2885	0	2015-02-11 10:34:29.846821+00	0		
25612	168014	57925	3277	0	2015-06-01 00:34:40.541721+00	80		
25614	168014	656069	3277	0	2015-06-01 00:34:40.541721+00	81		
4797	167016	1380526	412	0	2014-05-24 09:34:05.944461+00	19		
4940	167111	1278118	577	0	2014-05-26 21:17:31.551744+00	6		
29551	167111	1568996	3689	0	2015-09-23 11:53:36.95832+00	1		
27110	251929	1552439	1974	0	2015-07-31 23:26:15.86435+00	110		
29146	166965	442598	3525	0	2015-08-13 09:03:37.118078+00	2		
4941	167111	1313577	577	0	2014-05-26 21:17:31.551744+00	7		
29541	167111	392978	3674	0	2015-09-21 04:42:15.492555+00	3		
29156	166966	624169	3526	0	2015-08-13 13:02:23.478007+00	4		
4942	167111	1337850	577	0	2014-05-26 21:17:31.551744+00	8		
23540	167046	1492238	2886	0	2015-02-11 17:05:41.664773+00	1		
13674	166965	1390571	1358	0	2014-06-29 11:56:19.079681+00	3		
23539	167111	1492132	2885	0	2015-02-11 10:53:22.882294+00	0		
25545	170682	33585	3277	0	2015-05-31 22:53:14.630372+00	17		
25542	170682	103	3277	0	2015-05-31 22:53:14.630372+00	18		
25543	170682	43222	3277	0	2015-05-31 22:53:14.630372+00	19		
25538	170682	115315	3277	0	2015-05-31 22:53:14.630372+00	20		
25537	243813	18486	3277	0	2015-05-31 22:53:14.630372+00	21		
25550	170683	229126	3277	0	2015-06-01 00:16:05.242429+00	22		
4445	166965	1379828	412	0	2014-05-22 08:16:45.91735+00	4		
29552	167016	920963	3689	0	2015-09-23 11:55:28.25719+00	18		
27111	251931	1552440	1974	0	2015-07-31 23:34:09.95026+00	112		
4798	167043	1380531	412	0	2014-05-24 09:44:11.54621+00	20		
4801	167045	1380539	412	0	2014-05-24 10:13:26.340619+00	22		
25551	170683	83988	3277	0	2015-06-01 00:16:05.242429+00	23		
25558	170683	183029	3277	0	2015-06-01 00:16:05.242429+00	24		
25552	170683	172866	3277	0	2015-06-01 00:16:05.242429+00	25		
25557	170683	40010	3277	0	2015-06-01 00:16:05.242429+00	26		
25553	170683	36372	3277	0	2015-06-01 00:16:05.242429+00	27		
25556	170683	362291	3277	0	2015-06-01 00:16:05.242429+00	28		
25555	170683	756760	3277	0	2015-06-01 00:16:05.242429+00	29		
25549	170683	37366	3277	0	2015-06-01 00:16:05.242429+00	30		
25554	170683	675849	3277	0	2015-06-01 00:16:05.242429+00	31		
25548	243814	91034	3277	0	2015-06-01 00:16:05.242429+00	32		
25560	170689	1530907	3277	0	2015-06-01 00:16:05.242429+00	33		
25567	170689	36564	3277	0	2015-06-01 00:16:05.242429+00	34		
25564	170689	28515	3277	0	2015-06-01 00:16:05.242429+00	35		
25569	170689	5377	3277	0	2015-06-01 00:16:05.242429+00	36		
29542	167111	83081	3674	0	2015-09-21 04:42:51.319132+00	4		
23543	168029	1467012	2887	0	2015-02-12 01:42:43.645247+00	1		
23541	166972	1492244	2886	0	2015-02-11 17:24:52.562417+00	1		
25563	170689	163125	3277	0	2015-06-01 00:16:05.242429+00	37		
25562	170689	130916	3277	0	2015-06-01 00:16:05.242429+00	38		
25561	170689	75619	3277	0	2015-06-01 00:16:05.242429+00	39		
4446	166966	1379834	412	0	2014-05-22 08:28:39.718391+00	5		
4802	167046	1380542	412	0	2014-05-24 10:27:06.427022+00	23		
6724	174653	1041226	742	0	2014-06-02 21:23:32.055597+00	10		
129	167077	580318	16	0	2014-05-14 17:26:03.321524+00	55		
130	167078	589666	16	0	2014-05-14 17:26:03.321524+00	56		
305	166966	1107328	33	0	2014-05-14 18:07:19.921033+00	4		
287	166964	1083891	34	0	2014-05-14 18:04:03.255092+00	1		
288	166965	1128401	34	0	2014-05-14 18:04:03.255092+00	2		
289	166963	776612	35	0	2014-05-14 18:04:58.858+00	1		
290	166964	890862	35	0	2014-05-14 18:04:58.858+00	2		
6744	174637	1351001	742	0	2014-06-02 21:31:02.468853+00	11		
6721	174628	441032	742	0	2014-06-02 21:23:32.055597+00	12		
29581	167111	1442812	3303	0	2015-09-24 07:41:27.82404+00	3		
29577	167111	1491599	3303	0	2015-09-24 07:34:22.153875+00	5		
29580	167111	1359905	3303	0	2015-09-24 07:41:27.82404+00	6		
29578	167111	1457676	3303	0	2015-09-24 07:41:27.82404+00	9		
29579	167111	1563561	3303	0	2015-09-24 07:41:27.82404+00	13		
17685	178063	1177121	1950	0	2014-08-01 22:08:15.699079+00	133		
17600	167095	515889	1950	0	2014-08-01 21:50:55.818913+00	69		
17552	167060	116727	1950	0	2014-08-01 21:42:50.058985+00	37		
17583	167068	483086	1950	0	2014-08-01 21:49:09.86014+00	45		
17585	167074	483098	1950	0	2014-08-01 21:49:09.86014+00	51		
17595	167084	359509	1950	0	2014-08-01 21:50:55.818913+00	60		
17596	167086	430138	1950	0	2014-08-01 21:50:55.818913+00	62		
17664	167097	640542	1950	0	2014-08-01 22:05:33.727089+00	71		
17665	167344	645266	1950	0	2014-08-01 22:05:33.727089+00	80		
17666	167345	662551	1950	0	2014-08-01 22:05:33.727089+00	81		
17652	166966	447360	1950	0	2014-08-01 22:02:28.606477+00	4		
23450	178079	1405355	1950	0	2015-02-08 11:06:15.09478+00	155		
24481	178024	1506871	1950	0	2015-04-05 13:17:23.866707+00	161		
27112	251932	1552444	1974	0	2015-07-31 23:40:04.273945+00	113		
29553	167043	1021811	3689	0	2015-09-23 11:55:29.016179+00	19		
29554	167017	1177368	3689	0	2015-09-23 11:55:29.168503+00	22		
29560	166972	472341	3689	0	2015-09-23 11:55:36.816924+00	10		
29575	167111	1568500	3694	0	2015-09-24 04:07:12.607139+00	1		
29576	167111	1520653	3694	0	2015-09-24 04:07:12.607139+00	2		
6739	174661	1041251	742	0	2014-06-02 21:30:02.137964+00	13		
6740	174662	1041385	742	0	2014-06-02 21:30:02.137964+00	14		
6722	174652	619347	742	0	2014-06-02 21:23:32.055597+00	15		
6725	168817	882577	742	0	2014-06-02 21:23:32.055597+00	16		
6717	174648	882787	742	0	2014-06-02 21:22:18.448425+00	17		
29583	178028	1569506	1950	0	2015-09-24 18:41:58.57593+00	163		
6756	174674	815200	742	0	2014-06-02 21:55:42.450394+00	1		
6738	174660	823880	742	0	2014-06-02 21:28:16.094523+00	2		
6737	174659	805534	742	0	2014-06-02 21:28:16.094523+00	3		
6749	174669	1109042	742	0	2014-06-02 21:33:13.359796+00	4		
6755	174673	1383334	742	0	2014-06-02 21:54:56.272541+00	5		
6735	174636	546733	742	0	2014-06-02 21:26:50.166218+00	6		
6748	174668	989476	742	0	2014-06-02 21:33:13.359796+00	7		
6747	174667	1051349	742	0	2014-06-02 21:33:13.359796+00	8		
6723	174638	1041216	742	0	2014-06-02 21:23:32.055597+00	9		
6718	174649	882797	742	0	2014-06-02 21:22:18.448425+00	18		
6719	174650	882803	742	0	2014-06-02 21:22:18.448425+00	19		
6720	174651	882811	742	0	2014-06-02 21:22:18.448425+00	20		
6742	174664	1091104	742	0	2014-06-02 21:30:02.137964+00	21		
6743	174665	425578	742	0	2014-06-02 21:30:02.137964+00	22		
29555	166975	633761	3689	0	2015-09-23 11:55:29.970604+00	13		
29571	166966	460162	3689	0	2015-09-23 11:55:46.444514+00	4		
74	166964	479694	15	0	2014-05-14 17:25:56.432181+00	2		
27113	251933	1552448	1974	0	2015-07-31 23:42:53.787813+00	111		
23542	166966	1492246	2886	0	2015-02-11 17:28:02.731805+00	1		
23544	167573	1467018	2887	0	2015-02-12 01:43:32.961792+00	1		
13675	166966	1390579	1358	0	2014-06-29 12:16:41.414564+00	4		
4447	166967	1379836	412	0	2014-05-22 08:36:43.268499+00	6		
29157	166964	725174	3526	0	2015-08-13 13:04:30.23815+00	2		
2556	166975	712211	287	0	2014-05-17 13:30:37.581412+00	13		
29131	166963	1555958	3506	0	2015-08-12 11:19:30.120514+00	1		
27145	166964	880043	3506	0	2015-08-04 22:15:29.736453+00	2		
29132	166965	1555964	3506	0	2015-08-12 11:37:46.729482+00	3		
27144	166967	880039	3506	0	2015-08-04 22:15:29.736453+00	5		
29111	166970	879931	3506	0	2015-08-12 10:31:00.141522+00	8		
29133	166971	1555967	3506	0	2015-08-12 12:02:18.232541+00	9		
27143	166972	880132	3506	0	2015-08-04 22:15:29.736453+00	10		
27142	166973	880134	3506	0	2015-08-04 22:15:29.736453+00	11		
27141	166974	880139	3506	0	2015-08-04 22:15:29.736453+00	12		
27140	166975	880148	3506	0	2015-08-04 22:15:29.736453+00	13		
27139	167041	880177	3506	0	2015-08-04 22:15:29.736453+00	15		
27138	166989	880183	3506	0	2015-08-04 22:15:29.736453+00	16		
25669	168015	217415	3277	0	2015-06-01 01:20:54.085341+00	146		
25665	243038	180410	3277	0	2015-06-01 01:20:54.085341+00	147		
4803	167017	1380544	412	0	2014-05-24 10:42:12.024209+00	24		
17651	167048	444259	1950	0	2014-08-01 22:02:28.606477+00	25		
17576	167054	482888	1950	0	2014-08-01 21:46:48.270154+00	31		
17577	167056	482889	1950	0	2014-08-01 21:46:48.270154+00	33		
17579	167058	482895	1950	0	2014-08-01 21:49:09.86014+00	35		
17565	167092	494576	1950	0	2014-08-01 21:45:19.954785+00	66		
17564	167093	494302	1950	0	2014-08-01 21:45:19.954785+00	67		
17601	167096	515890	1950	0	2014-08-01 21:50:55.818913+00	70		
17661	167098	534398	1950	0	2014-08-01 22:02:28.606477+00	72		
17643	166970	473872	1950	0	2014-08-01 22:00:08.632124+00	8		
17626	166972	1110132	1950	0	2014-08-01 21:55:55.786916+00	10		
17644	167041	473883	1950	0	2014-08-01 22:00:08.632124+00	15		
17645	166989	473891	1950	0	2014-08-01 22:00:08.632124+00	16		
2557	166976	639736	287	0	2014-05-17 13:30:37.581412+00	14		
2558	167041	881090	287	0	2014-05-17 13:30:37.581412+00	15		
17646	167044	473912	1950	0	2014-08-01 22:00:08.632124+00	19		
17647	167045	473938	1950	0	2014-08-01 22:00:08.632124+00	20		
17636	167051	482880	1950	0	2014-08-01 21:58:19.09041+00	28		
17635	167067	478848	1950	0	2014-08-01 21:58:19.09041+00	44		
17586	167075	483102	1950	0	2014-08-01 21:49:09.86014+00	52		
17659	167083	430128	1950	0	2014-08-01 22:02:28.606477+00	59		
17658	167085	430120	1950	0	2014-08-01 22:02:28.606477+00	61		
17598	167089	430212	1950	0	2014-08-01 21:50:55.818913+00	64		
17641	166963	472959	1950	0	2014-08-01 22:00:08.632124+00	1		
17642	166967	473867	1950	0	2014-08-01 22:00:08.632124+00	5		
17648	167046	473943	1950	0	2014-08-01 22:00:08.632124+00	21		
17649	167049	473955	1950	0	2014-08-01 22:00:08.632124+00	26		
17578	167057	482892	1950	0	2014-08-01 21:46:48.270154+00	34		
17581	167062	483070	1950	0	2014-08-01 21:49:09.86014+00	39		
2559	166989	218970	287	0	2014-05-17 13:30:37.581412+00	16		
2560	167042	772256	287	0	2014-05-17 13:30:37.581412+00	17		
2561	167016	542146	287	0	2014-05-17 13:30:37.581412+00	18		
2562	167043	145701	287	0	2014-05-17 13:30:37.581412+00	19		
2563	167044	651441	287	0	2014-05-17 13:30:37.581412+00	20		
2564	167045	333347	287	0	2014-05-17 13:30:37.581412+00	21		
2565	167046	238509	287	0	2014-05-17 13:30:37.581412+00	22		
2566	167017	432712	287	0	2014-05-17 13:30:37.581412+00	23		
4432	171604	1230091	150	0	2014-05-22 04:40:20.599844+00	277		
352	166963	530473	45	0	2014-05-14 18:19:06.431283+00	1		
4444	171617	1302587	150	0	2014-05-22 05:20:16.031985+00	280		
4948	173446	1381514	150	0	2014-05-26 23:27:17.750323+00	281		
4949	173447	1381523	150	0	2014-05-26 23:51:36.858096+00	282		
3706	170132	1378629	150	0	2014-05-19 03:40:08.405316+00	283		
4443	171616	1347492	150	0	2014-05-22 05:16:46.846135+00	284		
4950	173449	1381550	150	0	2014-05-27 02:48:55.315953+00	285		
4951	173450	1381551	150	0	2014-05-27 03:03:17.6549+00	286		
4894	173363	1381437	150	0	2014-05-26 19:43:04.974178+00	320		
4891	173272	1381423	150	0	2014-05-26 17:59:57.338124+00	322		
6548	174490	1383095	150	0	2014-06-02 01:08:28.651173+00	323		
4890	173268	1381411	150	0	2014-05-26 17:34:48.029184+00	324		
4692	172255	1380126	150	0	2014-05-23 05:05:32.693774+00	325		
27099	213363	795238	150	0	2015-07-30 15:00:17.920607+00	341		
26026	213365	1533861	150	0	2015-06-09 21:35:15.48546+00	343		
27048	213370	1551321	150	0	2015-07-28 05:47:22.592602+00	345		
360	166964	530475	45	0	2014-05-14 18:19:06.431283+00	2		
27049	213371	1551313	150	0	2015-07-28 05:50:40.757792+00	346		
27137	167042	880189	3506	0	2015-08-04 22:15:29.736453+00	17		
27162	167053	880402	3506	0	2015-08-06 14:44:17.933208+00	31		
29067	167060	880434	3506	0	2015-08-12 09:45:00.857272+00	38		
4448	166968	1379846	412	0	2014-05-22 08:44:28.877862+00	7		
29068	167061	880436	3506	0	2015-08-12 09:46:19.46781+00	39		
29069	167062	880476	3506	0	2015-08-12 09:47:03.365671+00	40		
29070	167063	880485	3506	0	2015-08-12 09:47:41.218679+00	41		
25777	167574	1273253	3277	0	2015-06-01 05:37:22.655119+00	252		
17582	167063	483071	1950	0	2014-08-01 21:49:09.86014+00	40		
25780	167574	1260658	3277	0	2015-06-01 05:37:22.655119+00	253		
17593	167064	478326	1950	0	2014-08-01 21:49:09.86014+00	41		
17569	167065	478844	1950	0	2014-08-01 21:45:19.954785+00	42		
17592	167066	478295	1950	0	2014-08-01 21:49:09.86014+00	43		
17584	167069	483088	1950	0	2014-08-01 21:49:09.86014+00	46		
17566	167071	478337	1950	0	2014-08-01 21:45:19.954785+00	48		
29556	166974	600487	3689	0	2015-09-23 11:55:31.03808+00	12		
353	166965	530476	45	0	2014-05-14 18:19:06.431283+00	3		
25775	167574	1278920	3277	0	2015-06-01 05:37:22.655119+00	254		
25774	243074	1248701	3277	0	2015-06-01 05:37:22.655119+00	255		
25787	167575	1294770	3277	0	2015-06-01 05:37:22.655119+00	256		
25795	167575	1379095	3277	0	2015-06-01 05:37:22.655119+00	257		
25790	167575	1334975	3277	0	2015-06-01 05:37:22.655119+00	258		
25788	167575	1339962	3277	0	2015-06-01 05:37:22.655119+00	259		
25792	167575	1365126	3277	0	2015-06-01 05:37:22.655119+00	260		
25796	167575	1378251	3277	0	2015-06-01 05:37:22.655119+00	261		
25789	167575	1338384	3277	0	2015-06-01 05:37:22.655119+00	262		
25794	167575	1379213	3277	0	2015-06-01 05:37:22.655119+00	263		
25793	167575	1382396	3277	0	2015-06-01 05:37:22.655119+00	264		
25791	167575	1388817	3277	0	2015-06-01 05:37:22.655119+00	265		
25797	167575	1398494	3277	0	2015-06-01 05:37:22.655119+00	266		
23130	167111	39314	2848	0	2015-01-30 08:36:15.493524+00	44		
23127	167111	776081	2848	0	2015-01-30 05:18:19.623803+00	45		
23125	167111	321547	2848	0	2015-01-30 05:18:19.623803+00	46		
23131	167111	87135	2848	0	2015-01-30 08:36:15.493524+00	47		
23128	167111	42835	2848	0	2015-01-30 05:18:19.623803+00	48		
23133	167111	835962	2848	0	2015-01-30 08:36:15.493524+00	49		
25786	243075	1327595	3277	0	2015-06-01 05:37:22.655119+00	267		
354	166966	573142	45	0	2014-05-14 18:19:06.431283+00	4		
355	166967	573144	45	0	2014-05-14 18:19:06.431283+00	5		
29158	166967	725190	3526	0	2015-08-13 13:07:06.531387+00	5		
23134	167111	134676	2848	0	2015-01-30 08:36:15.493524+00	50		
23135	167111	23613	2848	0	2015-01-30 08:36:15.493524+00	51		
23129	167111	99997	2848	0	2015-01-30 05:18:19.623803+00	52		
23136	167111	504993	2848	0	2015-01-30 08:36:15.493524+00	53		
23132	167111	155522	2848	0	2015-01-30 08:36:15.493524+00	54		
23142	167111	912671	2848	0	2015-01-30 08:36:15.493524+00	55		
23144	167111	402014	2848	0	2015-01-30 08:36:15.493524+00	56		
17570	167072	478853	1950	0	2014-08-01 21:45:19.954785+00	49		
17571	167073	478858	1950	0	2014-08-01 21:46:48.270154+00	50		
17572	167076	478861	1950	0	2014-08-01 21:46:48.270154+00	53		
17573	167077	478864	1950	0	2014-08-01 21:46:48.270154+00	54		
17587	167078	483110	1950	0	2014-08-01 21:49:09.86014+00	55		
17568	167081	478393	1950	0	2014-08-01 21:45:19.954785+00	57		
17650	167090	443999	1950	0	2014-08-01 22:00:08.632124+00	65		
17663	167102	640540	1950	0	2014-08-01 22:02:28.606477+00	75		
17553	173721	837287	1950	0	2014-08-01 21:42:50.058985+00	95		
17616	168858	960651	1950	0	2014-08-01 21:53:52.692827+00	109		
17623	174252	1009929	1950	0	2014-08-01 21:55:55.786916+00	113		
17621	168862	1018356	1950	0	2014-08-01 21:55:55.786916+00	114		
17620	168864	1065417	1950	0	2014-08-01 21:55:55.786916+00	119		
17608	168856	930451	1950	0	2014-08-01 21:53:52.692827+00	106		
17640	166971	472954	1950	0	2014-08-01 22:00:08.632124+00	9		
17633	167018	317612	1950	0	2014-08-01 21:58:19.09041+00	23		
17631	178080	1363369	1950	0	2014-08-01 21:58:19.09041+00	151		
17637	167059	482897	1950	0	2014-08-01 21:58:19.09041+00	36		
17638	167070	483089	1950	0	2014-08-01 21:58:19.09041+00	47		
17639	167080	464807	1950	0	2014-08-01 21:58:19.09041+00	56		
17567	167082	478344	1950	0	2014-08-01 21:45:19.954785+00	58		
27114	251934	1552449	1974	0	2015-07-31 23:45:28.767642+00	114		
29136	167351	1555971	3506	0	2015-08-12 12:28:03.315013+00	96		
17632	168846	807186	1950	0	2014-08-01 21:58:19.09041+00	92		
17611	168756	899061	1950	0	2014-08-01 21:53:52.692827+00	103		
17612	168854	907303	1950	0	2014-08-01 21:53:52.692827+00	104		
17580	167061	483068	1950	0	2014-08-01 21:49:09.86014+00	38		
17597	167088	430162	1950	0	2014-08-01 21:50:55.818913+00	63		
13632	166973	214629	1357	0	2014-06-29 11:13:21.694657+00	11		
13633	166974	181240	1357	0	2014-06-29 11:13:21.694657+00	12		
13634	166975	1182368	1357	0	2014-06-29 11:13:21.694657+00	13		
13635	166976	312435	1357	0	2014-06-29 11:13:21.694657+00	14		
17674	174259	1046589	1950	0	2014-08-01 22:05:33.727089+00	117		
17675	168868	1107727	1950	0	2014-08-01 22:05:33.727089+00	125		
17693	178060	1229484	1950	0	2014-08-01 22:09:45.976549+00	138		
17692	179563	1389151	1950	0	2014-08-01 22:09:45.976549+00	154		
17667	167349	696456	1950	0	2014-08-01 22:05:33.727089+00	85		
17669	174069	885504	1950	0	2014-08-01 22:05:33.727089+00	102		
17668	174199	939778	1950	0	2014-08-01 22:05:33.727089+00	107		
29557	166971	428644	3689	0	2015-09-23 11:55:31.678269+00	9		
23138	167111	415487	2848	0	2015-01-30 08:36:15.493524+00	62		
3054	167111	1014193	324	0	2014-05-17 20:54:41.262656+00	1		
3055	167111	1014047	324	0	2014-05-17 20:54:41.262656+00	2		
3056	167111	1014054	324	0	2014-05-17 20:54:41.262656+00	3		
3057	167111	1014061	324	0	2014-05-17 20:54:41.262656+00	4		
4449	166969	1379850	412	0	2014-05-22 08:52:50.434995+00	8		
17588	166964	472965	1950	0	2014-08-01 21:49:09.86014+00	2		
17589	166965	473858	1950	0	2014-08-01 21:49:09.86014+00	3		
17554	166968	842966	1950	0	2014-08-01 21:42:50.058985+00	6		
17594	166973	447367	1950	0	2014-08-01 21:50:55.818913+00	11		
17590	167016	473901	1950	0	2014-08-01 21:49:09.86014+00	17		
17591	167043	473909	1950	0	2014-08-01 21:49:09.86014+00	18		
17562	167017	317605	1950	0	2014-08-01 21:45:19.954785+00	22		
17563	167047	317613	1950	0	2014-08-01 21:45:19.954785+00	24		
17574	167050	482876	1950	0	2014-08-01 21:46:48.270154+00	27		
17556	167052	828421	1950	0	2014-08-01 21:42:50.058985+00	29		
17575	167053	482882	1950	0	2014-08-01 21:46:48.270154+00	30		
17618	168852	918576	1950	0	2014-08-01 21:55:55.786916+00	100		
17680	168866	1092846	1950	0	2014-08-01 22:08:15.699079+00	121		
17684	168757	1120622	1950	0	2014-08-01 22:08:15.699079+00	126		
17682	168869	1198153	1950	0	2014-08-01 22:08:15.699079+00	131		
17681	168870	1166704	1950	0	2014-08-01 22:08:15.699079+00	132		
25216	168024	836908	3262	0	2015-05-26 19:38:11.304666+00	6		
25215	168024	455000	3262	0	2015-05-26 19:38:11.304666+00	7		
25209	243039	398923	3262	0	2015-05-26 19:38:11.304666+00	8		
25208	168028	1529105	3262	0	2015-05-26 19:38:11.304666+00	9		
25224	168028	503859	3262	0	2015-05-26 19:38:11.304666+00	10		
25220	168028	479106	3262	0	2015-05-26 19:38:11.304666+00	11		
25219	168028	524363	3262	0	2015-05-26 19:38:11.304666+00	12		
25218	168028	509687	3262	0	2015-05-26 19:38:11.304666+00	13		
25223	168028	547677	3262	0	2015-05-26 19:38:11.304666+00	14		
25222	168028	560554	3262	0	2015-05-26 19:38:11.304666+00	15		
755	167111	300257	13	0	2014-05-14 21:25:52.45271+00	1		
25221	168028	659125	3262	0	2015-05-26 19:38:11.304666+00	16		
25217	243040	736195	3262	0	2015-05-26 19:38:11.304666+00	17		
25228	168025	877736	3262	0	2015-05-26 19:38:11.304666+00	18		
25233	168025	1109973	3262	0	2015-05-26 19:38:11.304666+00	19		
25232	168025	601464	3262	0	2015-05-26 19:38:11.304666+00	20		
25230	168025	608691	3262	0	2015-05-26 19:38:11.304666+00	21		
25234	168025	632568	3262	0	2015-05-26 19:38:11.304666+00	22		
25226	168025	623107	3262	0	2015-05-26 19:38:11.304666+00	23		
25231	168025	719176	3262	0	2015-05-26 19:38:11.304666+00	24		
25227	168025	640511	3262	0	2015-05-26 19:38:11.304666+00	25		
25229	168025	644000	3262	0	2015-05-26 19:38:11.304666+00	26		
25225	243041	664881	3262	0	2015-05-26 19:38:11.304666+00	27		
25241	167571	821867	3262	0	2015-05-26 20:01:03.055561+00	28		
25243	167571	686315	3262	0	2015-05-26 20:01:03.055561+00	29		
25239	167571	699392	3262	0	2015-05-26 20:01:03.055561+00	30		
25236	167571	701897	3262	0	2015-05-26 20:01:03.055561+00	31		
17683	178077	1198170	1950	0	2014-08-01 22:08:15.699079+00	136		
23147	167111	857999	2848	0	2015-01-30 08:36:15.493524+00	57		
23149	167111	778491	2848	0	2015-01-30 08:36:15.493524+00	58		
23150	167111	670312	2848	0	2015-01-30 08:36:15.493524+00	59		
23143	167111	73461	2848	0	2015-01-30 08:36:15.493524+00	60		
27120	166963	1552696	3501	0	2015-08-01 20:57:49.086095+00	0		
27121	166964	1552712	3501	0	2015-08-01 20:57:49.086095+00	0		
27123	166966	1552786	3501	0	2015-08-01 21:28:57.191217+00	0		
27125	166968	1552794	3501	0	2015-08-01 22:07:06.551852+00	0		
757	167111	1239597	13	0	2014-05-14 21:25:52.45271+00	3		
756	167111	301214	13	0	2014-05-14 21:25:52.45271+00	4		
23141	167111	829768	2848	0	2015-01-30 08:36:15.493524+00	61		
23145	167111	719756	2848	0	2015-01-30 08:36:15.493524+00	63		
23140	167111	98437	2848	0	2015-01-30 08:36:15.493524+00	64		
23148	167111	315715	2848	0	2015-01-30 08:36:15.493524+00	65		
27115	166976	1552655	3498	0	2015-08-01 15:02:20.164256+00	14		
27117	166989	1552665	3498	0	2015-08-01 17:50:22.225743+00	16		
27118	167042	1552724	3498	0	2015-08-01 18:25:37.333221+00	17		
27119	167016	1552733	3498	0	2015-08-01 18:41:07.42965+00	18		
13622	166963	201066	1357	0	2014-06-29 10:55:50.990642+00	1		
13623	166964	75971	1357	0	2014-06-29 11:00:50.715763+00	2		
13624	166965	61464	1357	0	2014-06-29 11:00:50.715763+00	3		
13625	166966	19550	1357	0	2014-06-29 11:00:50.715763+00	4		
13626	166967	23530	1357	0	2014-06-29 11:03:19.91651+00	5		
13627	166968	40235	1357	0	2014-06-29 11:03:19.91651+00	6		
13628	166969	316153	1357	0	2014-06-29 11:03:19.91651+00	7		
13629	166970	166844	1357	0	2014-06-29 11:03:19.91651+00	8		
13630	166971	189925	1357	0	2014-06-29 11:03:19.91651+00	9		
13631	166972	197750	1357	0	2014-06-29 11:13:21.694657+00	10		
27116	167041	1552659	3498	0	2015-08-01 15:12:09.381012+00	15		
23293	167111	21999	2848	0	2015-02-01 20:04:43.054688+00	75		
17629	178072	1255551	1950	0	2014-08-01 21:58:19.09041+00	140		
25238	167571	758649	3262	0	2015-05-26 20:01:03.055561+00	32		
25242	167571	1529107	3262	0	2015-05-26 20:01:03.055561+00	33		
25240	167571	795658	3262	0	2015-05-26 20:01:03.055561+00	34		
25237	167571	785754	3262	0	2015-05-26 20:01:03.055561+00	35		
3068	167111	1014069	324	0	2014-05-17 20:54:41.262656+00	15		
25235	243065	754111	3262	0	2015-05-26 20:01:03.055561+00	36		
25248	167572	951371	3262	0	2015-05-26 20:01:03.055561+00	37		
4450	166970	1379855	412	0	2014-05-22 08:59:57.607618+00	9		
25247	167572	908536	3262	0	2015-05-26 20:01:03.055561+00	38		
25245	167572	828762	3262	0	2015-05-26 20:01:03.055561+00	39		
25250	167572	853250	3262	0	2015-05-26 20:01:03.055561+00	40		
25249	167572	1027309	3262	0	2015-05-26 20:01:03.055561+00	41		
3069	167111	622267	324	0	2014-05-17 20:54:41.262656+00	16		
25252	167572	867485	3262	0	2015-05-26 20:01:03.055561+00	42		
25251	167572	908212	3262	0	2015-05-26 20:01:03.055561+00	43		
25246	167572	1529110	3262	0	2015-05-26 20:01:03.055561+00	44		
25244	243066	918698	3262	0	2015-05-26 20:01:03.055561+00	45		
3070	167111	721497	324	0	2014-05-17 20:54:41.262656+00	17		
3071	167111	852185	324	0	2014-05-17 20:54:41.262656+00	18		
3072	167111	973711	324	0	2014-05-17 20:54:41.262656+00	19		
3073	167111	1052193	324	0	2014-05-17 20:54:41.262656+00	20		
3074	167111	1148314	324	0	2014-05-17 20:54:41.262656+00	21		
3075	167111	1230414	324	0	2014-05-17 20:54:41.262656+00	22		
25259	168029	1529155	3262	0	2015-05-26 23:39:10.846488+00	46		
3076	167111	1354721	324	0	2014-05-17 20:54:41.262656+00	23		
25256	168029	920867	3262	0	2015-05-26 23:39:10.846488+00	47		
25260	168029	942803	3262	0	2015-05-26 23:39:10.846488+00	48		
25258	168029	950517	3262	0	2015-05-26 23:39:10.846488+00	49		
25261	168029	956848	3262	0	2015-05-26 23:39:10.846488+00	50		
25255	168029	1213440	3262	0	2015-05-26 23:39:10.846488+00	51		
25257	168029	1003536	3262	0	2015-05-26 23:39:10.846488+00	52		
25254	168029	1058908	3262	0	2015-05-26 23:39:10.846488+00	53		
25253	243071	956476	3262	0	2015-05-26 23:39:10.846488+00	54		
25270	167573	1060186	3262	0	2015-05-26 23:39:10.846488+00	55		
25267	167573	1065415	3262	0	2015-05-26 23:39:10.846488+00	56		
25264	167573	1050174	3262	0	2015-05-26 23:39:10.846488+00	57		
25263	167573	1110062	3262	0	2015-05-26 23:39:10.846488+00	58		
25268	167573	1164940	3262	0	2015-05-26 23:39:10.846488+00	59		
25265	167573	1086682	3262	0	2015-05-26 23:39:10.846488+00	60		
25266	167573	1088819	3262	0	2015-05-26 23:39:10.846488+00	61		
25269	167573	1093127	3262	0	2015-05-26 23:39:10.846488+00	62		
25262	243072	1095255	3262	0	2015-05-26 23:39:10.846488+00	63		
25277	168027	1163862	3262	0	2015-05-26 23:39:10.846488+00	64		
25278	168027	1529157	3262	0	2015-05-26 23:39:10.846488+00	65		
25275	168027	1480502	3262	0	2015-05-26 23:39:10.846488+00	66		
25274	168027	1192222	3262	0	2015-05-26 23:39:10.846488+00	67		
25273	168027	1176432	3262	0	2015-05-26 23:39:10.846488+00	68		
25279	168027	1201476	3262	0	2015-05-26 23:39:10.846488+00	69		
25272	168027	1209207	3262	0	2015-05-26 23:39:10.846488+00	70		
25276	168027	1305265	3262	0	2015-05-26 23:39:10.846488+00	71		
25271	243073	1131309	3262	0	2015-05-26 23:39:10.846488+00	72		
25283	167574	1284054	3262	0	2015-05-27 00:13:58.63661+00	73		
25281	167574	1280176	3262	0	2015-05-27 00:13:58.63661+00	74		
25282	167574	1294267	3262	0	2015-05-27 00:13:58.63661+00	75		
25284	167574	1265975	3262	0	2015-05-27 00:13:58.63661+00	76		
25286	167574	1276214	3262	0	2015-05-27 00:13:58.63661+00	77		
25285	167574	1288717	3262	0	2015-05-27 00:13:58.63661+00	78		
25287	167574	1299247	3262	0	2015-05-27 00:13:58.63661+00	79		
25288	167574	1529159	3262	0	2015-05-27 00:13:58.63661+00	80		
25280	243074	1304593	3262	0	2015-05-27 00:13:58.63661+00	81		
25291	167575	1339418	3262	0	2015-05-27 00:13:58.63661+00	82		
25294	167575	1355507	3262	0	2015-05-27 00:13:58.63661+00	83		
25293	167575	1529162	3262	0	2015-05-27 00:13:58.63661+00	84		
25297	167575	1385523	3262	0	2015-05-27 00:13:58.63661+00	85		
25290	167575	1485115	3262	0	2015-05-27 00:13:58.63661+00	86		
25295	167575	1466274	3262	0	2015-05-27 00:13:58.63661+00	87		
25296	167575	1496709	3262	0	2015-05-27 00:13:58.63661+00	88		
25292	167575	1453850	3262	0	2015-05-27 00:13:58.63661+00	89		
25289	243075	1404204	3262	0	2015-05-27 00:13:58.63661+00	90		
17561	168847	803556	1950	0	2014-08-01 21:45:19.954785+00	93		
6397	174434	1376151	719	0	2014-06-01 10:38:18.356588+00	1		
6398	174435	1376134	719	0	2014-06-01 10:38:18.356588+00	2		
13676	166967	1390586	1358	0	2014-06-29 12:41:28.566315+00	5		
23287	167111	47868	2848	0	2015-02-01 20:04:43.054688+00	71		
27122	166965	1552780	3501	0	2015-08-01 21:12:28.9505+00	0		
27124	166967	1552790	3501	0	2015-08-01 21:44:21.713799+00	0		
27126	166969	1552796	3501	0	2015-08-01 22:20:15.123788+00	0		
23286	167111	144442	2848	0	2015-02-01 20:04:43.054688+00	72		
23285	167111	87858	2848	0	2015-02-01 20:04:43.054688+00	73		
23294	167111	30848	2848	0	2015-02-01 20:04:43.054688+00	74		
586	167044	574476	61	0	2014-05-14 20:03:04.70635+00	20		
587	167045	574671	61	0	2014-05-14 20:03:04.70635+00	21		
588	167047	570439	61	0	2014-05-14 20:03:04.70635+00	25		
23295	167111	18573	2848	0	2015-02-01 20:04:43.054688+00	76		
23288	167111	738731	2848	0	2015-02-01 20:04:43.054688+00	77		
23289	167111	47082	2848	0	2015-02-01 20:04:43.054688+00	78		
23291	167111	3116	2848	0	2015-02-01 20:04:43.054688+00	79		
23290	167111	326216	2848	0	2015-02-01 20:04:43.054688+00	80		
23296	167111	55326	2848	0	2015-02-01 20:04:43.054688+00	81		
23292	167111	558565	2848	0	2015-02-01 20:04:43.054688+00	82		
23297	167111	39964	2848	0	2015-02-01 20:04:43.054688+00	83		
23268	167111	54195	2848	0	2015-01-31 21:42:44.949263+00	84		
23269	167111	78915	2848	0	2015-01-31 21:42:44.949263+00	85		
23274	167111	351563	2848	0	2015-01-31 21:42:44.949263+00	86		
17560	168848	819069	1950	0	2014-08-01 21:42:50.058985+00	94		
17555	168849	847158	1950	0	2014-08-01 21:42:50.058985+00	96		
17609	168850	945622	1950	0	2014-08-01 21:53:52.692827+00	97		
17614	168851	945848	1950	0	2014-08-01 21:53:52.692827+00	98		
17676	174260	1059027	1950	0	2014-08-01 22:08:15.699079+00	118		
17656	166969	447416	1950	0	2014-08-01 22:02:28.606477+00	7		
17655	166974	447409	1950	0	2014-08-01 22:02:28.606477+00	12		
23451	178094	1442507	1950	0	2015-02-08 11:06:17.13178+00	157		
17654	166975	447388	1950	0	2014-08-01 22:02:28.606477+00	13		
17653	166976	447376	1950	0	2014-08-01 22:02:28.606477+00	14		
23452	178062	1465207	1950	0	2015-02-08 11:06:20.823955+00	159		
174	166971	615770	15	0	2014-05-14 17:29:15.516406+00	9		
175	166972	615773	15	0	2014-05-14 17:29:15.516406+00	10		
176	166973	615779	15	0	2014-05-14 17:29:15.516406+00	11		
4451	166971	1379856	412	0	2014-05-22 09:14:24.709244+00	10		
19210	166964	216227	2181	0	2014-09-28 22:27:27.277766+00	2		
19212	166965	262759	2181	0	2014-09-28 22:32:21.802774+00	3		
19245	166966	262760	2181	0	2014-09-30 23:57:09.56169+00	4		
19243	166967	421504	2181	0	2014-09-30 23:57:09.56169+00	5		
19244	166968	315213	2181	0	2014-09-30 23:57:09.56169+00	6		
19246	166969	857590	2181	0	2014-09-30 23:57:09.56169+00	7		
19247	166970	855777	2181	0	2014-09-30 23:57:09.56169+00	8		
19248	166971	725562	2181	0	2014-09-30 23:57:09.56169+00	9		
19220	166972	1442860	2181	0	2014-09-29 22:36:50.987267+00	10		
27034	166974	1550366	2181	0	2015-07-25 20:39:42.713578+00	11		
27135	174434	217483	3505	0	2015-08-03 21:38:56.055935+00	1		
27131	166963	848883	3504	0	2015-08-02 23:48:04.369529+00	1		
27130	166964	848886	3504	0	2015-08-02 23:48:04.369529+00	2		
3718	167111	282246	364	0	2014-05-19 13:37:01.992528+00	6		
27133	166965	1170737	3504	0	2015-08-02 23:48:04.369529+00	3		
27132	166966	717573	3504	0	2015-08-02 23:48:04.369529+00	4		
17440	166964	750727	1932	0	2014-07-27 07:56:05.019075+00	1		
17441	166965	1011822	1932	0	2014-07-27 07:56:05.019075+00	2		
17442	166967	1111558	1932	0	2014-07-27 07:56:05.019075+00	3		
17446	166970	1260010	1932	0	2014-07-27 07:56:05.019075+00	4		
17447	166971	1260089	1932	0	2014-07-27 07:56:05.019075+00	5		
17443	166972	1111573	1932	0	2014-07-27 07:56:05.019075+00	6		
17445	166974	1069592	1932	0	2014-07-27 07:56:05.019075+00	7		
17454	167041	1263282	1932	0	2014-07-27 07:56:05.019075+00	8		
17444	167042	1054243	1932	0	2014-07-27 07:56:05.019075+00	9		
17452	167016	857859	1932	0	2014-07-27 07:56:05.019075+00	10		
27134	167045	1553334	1932	0	2015-08-03 17:12:03.294613+00	11		
17453	167046	1263274	1932	0	2014-07-27 07:56:05.019075+00	12		
17448	167049	1342999	1932	0	2014-07-27 07:56:05.019075+00	13		
17450	167050	1391742	1932	0	2014-07-27 07:56:05.019075+00	14		
17449	167051	1358118	1932	0	2014-07-27 07:56:05.019075+00	15		
17451	167055	1398048	1932	0	2014-07-27 07:56:05.019075+00	16		
27047	167111	1551204	1905	0	2015-07-27 22:16:20.24346+00	1		
20874	176616	868349	2598	0	2014-12-20 11:35:28.791677+00	1		
20881	176624	1139290	2598	0	2014-12-20 11:38:43.713637+00	2		
20882	177045	1139292	2598	0	2014-12-20 11:38:43.713637+00	3		
20883	177058	1139295	2598	0	2014-12-20 11:38:43.713637+00	4		
20878	176623	1185394	2598	0	2014-12-20 11:37:07.385745+00	5		
20877	177046	1185390	2598	0	2014-12-20 11:37:07.385745+00	6		
20875	177047	1179671	2598	0	2014-12-20 11:37:07.385745+00	7		
20879	177063	1154787	2598	0	2014-12-20 11:37:07.385745+00	8		
20876	177061	1185367	2598	0	2014-12-20 11:37:07.385745+00	9		
20880	177062	1241984	2598	0	2014-12-20 11:37:07.385745+00	10		
20885	174657	1275208	2598	0	2014-12-20 11:38:43.713637+00	11		
20884	177066	1472634	2598	0	2014-12-20 11:38:43.713637+00	12		
20886	176988	1154509	2598	0	2014-12-20 11:38:43.713637+00	13		
20887	176987	1242032	2598	0	2014-12-20 11:38:43.713637+00	14		
13677	166968	1390594	1358	0	2014-06-29 12:58:00.129897+00	6		
39	166963	363758	11	0	2014-05-14 17:20:39.591892+00	1		
29559	167042	849572	3689	0	2015-09-23 11:55:36.702121+00	17		
23271	167111	389317	2848	0	2015-01-31 21:42:44.949263+00	87		
23273	167111	753133	2848	0	2015-01-31 21:42:44.949263+00	88		
23270	167111	392166	2848	0	2015-01-31 21:42:44.949263+00	89		
23272	167111	98022	2848	0	2015-01-31 21:42:44.949263+00	90		
23257	167111	1006666	2848	0	2015-01-31 21:29:26.806884+00	91		
23265	167111	134768	2848	0	2015-01-31 21:42:44.949263+00	92		
23255	167111	118348	2848	0	2015-01-31 21:29:26.806884+00	93		
23263	167111	130208	2848	0	2015-01-31 21:42:44.949263+00	94		
23259	167111	128111	2848	0	2015-01-31 21:29:26.806884+00	95		
4452	166972	1379860	412	0	2014-05-22 09:28:28.873498+00	11		
27127	166970	1552798	3501	0	2015-08-01 22:31:42.458357+00	0		
23267	167111	387429	2848	0	2015-01-31 21:42:44.949263+00	96		
23256	167111	153324	2848	0	2015-01-31 21:29:26.806884+00	97		
23260	167111	135039	2848	0	2015-01-31 21:29:26.806884+00	98		
23240	167111	175225	2848	0	2015-01-31 21:29:26.806884+00	99		
23264	167111	282559	2848	0	2015-01-31 21:42:44.949263+00	100		
23262	167111	137699	2848	0	2015-01-31 21:42:44.949263+00	101		
23261	167111	140668	2848	0	2015-01-31 21:29:26.806884+00	102		
30	166965	551493	11	0	2014-05-14 17:20:39.591892+00	3		
34	166966	335583	11	0	2014-05-14 17:20:39.591892+00	4		
23258	167111	244953	2848	0	2015-01-31 21:29:26.806884+00	103		
35	166967	335590	11	0	2014-05-14 17:20:39.591892+00	5		
549	167016	499793	61	0	2014-05-14 19:57:56.873053+00	18		
611	167072	840531	61	0	2014-05-14 20:14:14.300655+00	50		
623	167082	961584	61	0	2014-05-14 20:17:25.106792+00	60		
23254	167111	148604	2848	0	2015-01-31 21:29:26.806884+00	104		
23266	167111	258298	2848	0	2015-01-31 21:42:44.949263+00	105		
23253	167111	240663	2848	0	2015-01-31 21:29:26.806884+00	106		
23245	167111	180410	2848	0	2015-01-31 21:29:26.806884+00	107		
23237	167111	177108	2848	0	2015-01-31 21:29:26.806884+00	108		
27136	166971	1553637	3304	0	2015-08-04 12:27:13.565851+00	9		
27038	181218	1551001	2165	0	2015-07-27 10:05:43.489709+00	9		
27339	178044	145589	3511	0	2015-08-06 20:29:01.760043+00	172		
27340	178028	98189	3511	0	2015-08-06 20:29:01.760043+00	173		
27341	178091	59381	3511	0	2015-08-06 20:29:01.760043+00	174		
27342	178057	124174	3511	0	2015-08-06 20:29:01.760043+00	175		
27343	178105	89096	3511	0	2015-08-06 20:29:01.760043+00	176		
27344	178073	124122	3511	0	2015-08-06 20:29:01.760043+00	177		
27345	178021	310470	3511	0	2015-08-06 20:29:01.760043+00	178		
27703	178103	52316	3511	0	2015-08-07 02:54:00.102361+00	212		
27704	178085	22789	3511	0	2015-08-07 02:54:00.102361+00	213		
27705	252795	202861	3511	0	2015-08-07 02:54:00.102361+00	214		
27706	178050	73935	3511	0	2015-08-07 02:54:00.102361+00	215		
27707	252796	527232	3511	0	2015-08-07 02:54:00.102361+00	216		
27708	178086	344758	3511	0	2015-08-07 02:54:00.102361+00	217		
10307	166965	289721	1089	0	2014-06-19 20:22:04.327851+00	1		
10309	166966	1070945	1089	0	2014-06-19 20:22:04.327851+00	2		
10308	166967	1111029	1089	0	2014-06-19 20:22:04.327851+00	3		
10311	166969	725132	1089	0	2014-06-19 20:28:42.586849+00	4		
6399	174436	1382880	719	0	2014-06-01 11:00:23.110859+00	3		
27710	178067	32333	3511	0	2015-08-07 02:54:00.102361+00	219		
28631	253697	41281	3511	0	2015-08-07 07:07:22.531005+00	340		
28632	253698	688549	3511	0	2015-08-07 07:13:23.308574+00	341		
28633	253699	18363	3511	0	2015-08-07 07:13:23.308574+00	342		
210	166964	804479	23	0	2014-05-14 17:47:20.970524+00	2		
28635	253701	87861	3511	0	2015-08-07 07:13:23.308574+00	344		
28636	249695	979654	3511	0	2015-08-07 07:13:23.308574+00	345		
23239	167111	209912	2848	0	2015-01-31 21:29:26.806884+00	109		
23238	167111	181314	2848	0	2015-01-31 21:29:26.806884+00	110		
23244	167111	197109	2848	0	2015-01-31 21:29:26.806884+00	111		
23234	167111	217132	2848	0	2015-01-31 21:29:26.806884+00	112		
23243	167111	201392	2848	0	2015-01-31 21:29:26.806884+00	113		
23249	167111	413688	2848	0	2015-01-31 21:29:26.806884+00	114		
23247	167111	197213	2848	0	2015-01-31 21:29:26.806884+00	115		
23236	167111	208075	2848	0	2015-01-31 21:29:26.806884+00	116		
29071	167064	880487	3506	0	2015-08-12 09:48:21.549725+00	42		
29072	167065	880490	3506	0	2015-08-12 09:49:03.117656+00	43		
29073	167066	880492	3506	0	2015-08-12 09:50:43.983427+00	44		
23252	167111	215784	2848	0	2015-01-31 21:29:26.806884+00	117		
23250	167111	502525	2848	0	2015-01-31 21:29:26.806884+00	118		
23233	167111	813373	2848	0	2015-01-31 21:29:26.806884+00	119		
23242	167111	514163	2848	0	2015-01-31 21:29:26.806884+00	120		
23251	167111	255708	2848	0	2015-01-31 21:29:26.806884+00	121		
23241	167111	237607	2848	0	2015-01-31 21:29:26.806884+00	122		
23248	167111	252503	2848	0	2015-01-31 21:29:26.806884+00	123		
23246	167111	252522	2848	0	2015-01-31 21:29:26.806884+00	124		
23232	167111	321475	2848	0	2015-01-31 21:29:26.806884+00	125		
23235	167111	281774	2848	0	2015-01-31 21:29:26.806884+00	126		
3713	167111	134872	364	0	2014-05-19 13:37:01.992528+00	1		
3714	167111	550737	364	0	2014-05-19 13:37:01.992528+00	2		
3715	167111	55190	364	0	2014-05-19 13:37:01.992528+00	3		
29074	167068	880505	3506	0	2015-08-12 09:51:30.496489+00	46		
23230	167111	458708	2848	0	2015-01-31 21:29:26.806884+00	127		
23231	167111	1036314	2848	0	2015-01-31 21:29:26.806884+00	128		
23229	167111	405918	2848	0	2015-01-31 21:29:26.806884+00	129		
3716	167111	92134	364	0	2014-05-19 13:37:01.992528+00	4		
3717	167111	169271	364	0	2014-05-19 13:37:01.992528+00	5		
23092	167111	1230172	2848	0	2015-01-29 19:01:22.093101+00	130		
23100	167111	1180297	2848	0	2015-01-29 19:01:22.093101+00	131		
29075	167069	880515	3506	0	2015-08-12 09:52:14.594366+00	47		
29076	167070	880521	3506	0	2015-08-12 09:53:08.785546+00	48		
29077	167071	880528	3506	0	2015-08-12 09:54:09.814357+00	49		
29134	167075	881026	3506	0	2015-08-12 12:06:03.215891+00	53		
29091	167086	906277	3506	0	2015-08-12 10:12:13.827111+00	64		
29078	167087	908218	3506	0	2015-08-12 09:57:22.350813+00	65		
29135	167100	928992	3506	0	2015-08-12 12:12:16.761156+00	78		
27146	167104	725747	3506	0	2015-08-04 22:15:29.736453+00	82		
29137	168846	1555973	3506	0	2015-08-12 12:45:09.984951+00	99		
29138	168847	1555978	3506	0	2015-08-12 13:07:39.307875+00	100		
211	166965	804480	23	0	2014-05-14 17:47:20.970524+00	3		
27128	166971	1552799	3501	0	2015-08-01 22:44:45.503344+00	0		
212	166966	804487	23	0	2014-05-14 17:47:20.970524+00	4		
28637	253702	150390	3511	0	2015-08-07 07:13:23.308574+00	346		
28638	253703	2455	3511	0	2015-08-07 07:13:23.308574+00	347		
28639	253704	163936	3511	0	2015-08-07 07:13:23.308574+00	348		
28640	253705	158132	3511	0	2015-08-07 07:13:23.308574+00	349		
28641	253706	778491	3511	0	2015-08-07 07:13:23.308574+00	350		
28643	253794	128963	3511	0	2015-08-07 16:56:33.736314+00	351		
28634	253700	41506	3511	0	2015-08-07 07:13:23.308574+00	343		
29561	167044	1034682	3689	0	2015-09-23 11:55:37.408804+00	20		
29239	178018	1558838	2214	0	2015-08-20 20:09:31.662631+00	43		
27151	166970	1547293	1880	0	2015-08-06 11:37:10.481641+00	8		
27147	166969	880010	3506	0	2015-08-04 22:21:57.081323+00	7		
24598	167111	603226	2066	0	2015-04-13 01:23:22.183683+00	1		
18653	170688	43144	2066	0	2014-08-29 19:05:32.028502+00	1		
18654	170681	22184	2066	0	2014-08-29 19:11:05.397259+00	2		
19519	170682	77650	2066	0	2014-10-08 05:36:11.591661+00	3		
18669	170682	3175	2066	0	2014-08-30 12:09:29.028676+00	4		
18751	170683	63855	2066	0	2014-09-04 10:14:39.665394+00	5		
18966	170683	21187	2066	0	2014-09-19 17:06:42.199082+00	6		
18661	170689	40123	2066	0	2014-08-29 19:47:32.099658+00	7		
19509	170684	33588	2066	0	2014-10-08 02:59:00.37609+00	8		
19510	170684	57102	2066	0	2014-10-08 02:59:00.37609+00	9		
18731	170685	267993	2066	0	2014-09-02 09:21:03.328868+00	10		
19030	168014	37290	2066	0	2014-09-21 04:09:49.739238+00	11		
18670	168014	76999	2066	0	2014-08-30 12:14:36.971875+00	12		
18962	168014	38872	2066	0	2014-09-19 17:06:42.199082+00	13		
18662	168257	45287	2066	0	2014-08-29 19:52:29.303402+00	14		
18970	168016	47931	2066	0	2014-09-19 17:06:42.199082+00	15		
23275	168016	82939	2066	0	2015-02-01 01:10:52.750133+00	16		
19511	168013	195922	2066	0	2014-10-08 02:59:00.37609+00	17		
18682	168013	108202	2066	0	2014-08-31 10:36:15.361987+00	18		
24599	168026	127212	2066	0	2015-04-13 08:59:45.097232+00	19		
18969	168015	246540	2066	0	2014-09-19 17:06:42.199082+00	20		
24600	168015	278985	2066	0	2015-04-13 09:01:48.719474+00	21		
18968	168024	379147	2066	0	2014-09-19 17:06:42.199082+00	22		
18963	168024	417069	2066	0	2014-09-19 17:06:42.199082+00	23		
18973	168025	1014393	2066	0	2014-09-19 17:06:42.199082+00	24		
18967	167571	731344	2066	0	2014-09-19 17:06:42.199082+00	25		
18972	167572	877027	2066	0	2014-09-19 17:06:42.199082+00	26		
18971	167572	887231	2066	0	2014-09-19 17:06:42.199082+00	27		
18964	167573	1050501	2066	0	2014-09-19 17:06:42.199082+00	28		
18965	168027	1151053	2066	0	2014-09-19 17:06:42.199082+00	29		
19508	168027	1165890	2066	0	2014-10-08 02:50:03.59876+00	30		
29079	167072	881025	3506	0	2015-08-12 09:58:16.292828+00	50		
15741	166963	816251	1643	0	2014-07-11 19:45:16.159598+00	1		
18885	167111	870598	2120	0	2014-09-13 23:15:33.310464+00	2		
3719	167111	429662	364	0	2014-05-19 13:37:01.992528+00	7		
18886	167111	879390	2120	0	2014-09-13 23:15:33.310464+00	3		
3720	167111	561371	364	0	2014-05-19 13:37:01.992528+00	8		
3721	167111	685492	364	0	2014-05-19 13:37:01.992528+00	9		
3722	167111	778693	364	0	2014-05-19 13:37:01.992528+00	10		
18887	167111	933030	2120	0	2014-09-13 23:15:33.310464+00	4		
18888	167111	922866	2120	0	2014-09-13 23:15:33.310464+00	5		
18889	167111	941600	2120	0	2014-09-13 23:15:33.310464+00	6		
25896	167111	1465781	2120	0	2015-06-07 16:41:11.519527+00	7		
25895	167111	1532791	2120	0	2015-06-07 16:39:30.084849+00	8		
18890	167111	953422	2120	0	2014-09-13 23:15:33.310464+00	9		
18891	167111	1230958	2120	0	2014-09-13 23:15:33.310464+00	10		
18892	167111	977302	2120	0	2014-09-13 23:17:10.572182+00	11		
18893	167111	936719	2120	0	2014-09-13 23:17:10.572182+00	12		
18894	167111	1061017	2120	0	2014-09-13 23:17:10.572182+00	13		
18895	167111	1347659	2120	0	2014-09-13 23:17:10.572182+00	14		
412	166964	1342036	46	0	2014-05-14 18:31:53.701889+00	3		
15735	166964	816258	1643	0	2014-07-11 19:45:16.159598+00	2		
15736	166965	816261	1643	0	2014-07-11 19:45:16.159598+00	3		
15737	166966	892852	1643	0	2014-07-11 19:45:16.159598+00	4		
15738	166967	1081651	1643	0	2014-07-11 19:45:16.159598+00	5		
6862	166963	1086479	747	0	2014-06-03 16:50:23.572011+00	1		
6837	166964	793036	747	0	2014-06-03 16:44:00.520475+00	2		
6840	166965	235450	747	0	2014-06-03 16:45:39.383709+00	3		
6838	166966	798658	747	0	2014-06-03 16:45:39.383709+00	4		
537	166964	838901	61	0	2014-05-14 19:54:24.541486+00	2		
595	167061	710672	61	0	2014-05-14 20:06:07.411014+00	39		
6842	166967	1310750	747	0	2014-06-03 16:45:39.383709+00	5		
6843	166968	1310761	747	0	2014-06-03 16:45:39.383709+00	6		
6844	166969	1310764	747	0	2014-06-03 16:45:39.383709+00	7		
6839	166970	798664	747	0	2014-06-03 16:45:39.383709+00	8		
6841	166971	882621	747	0	2014-06-03 16:45:39.383709+00	9		
6845	166972	798672	747	0	2014-06-03 16:46:59.482888+00	10		
6850	166973	867565	747	0	2014-06-03 16:46:59.482888+00	11		
6857	166974	1044862	747	0	2014-06-03 16:49:08.086739+00	12		
6853	166975	620133	747	0	2014-06-03 16:48:00.423732+00	13		
6846	166976	798682	747	0	2014-06-03 16:46:59.482888+00	14		
6855	167041	697872	747	0	2014-06-03 16:48:00.423732+00	15		
942	167111	324428	137	0	2014-05-15 02:25:43.982078+00	1		
6847	166989	798689	747	0	2014-06-03 16:46:59.482888+00	16		
6851	167042	349702	747	0	2014-06-03 16:48:00.423732+00	17		
941	167111	701572	137	0	2014-05-15 02:25:43.982078+00	2		
943	167111	357847	137	0	2014-05-15 02:25:43.982078+00	3		
6856	167016	911372	747	0	2014-06-03 16:49:08.086739+00	18		
6854	167043	695124	747	0	2014-06-03 16:48:00.423732+00	19		
6859	167044	1313721	747	0	2014-06-03 16:49:08.086739+00	20		
6858	167045	1044875	747	0	2014-06-03 16:49:08.086739+00	21		
6848	167046	799557	747	0	2014-06-03 16:46:59.482888+00	22		
6860	167017	1313729	747	0	2014-06-03 16:49:08.086739+00	23		
15740	166968	1134083	1643	0	2014-07-11 19:45:16.159598+00	6		
15739	166969	1179662	1643	0	2014-07-11 19:45:16.159598+00	7		
12608	166969	290070	1256	0	2014-06-23 19:22:25.384734+00	7		
17139	166963	754488	1880	0	2014-07-20 11:32:32.261613+00	1		
17135	166964	880785	1880	0	2014-07-20 11:32:32.261613+00	2		
17136	166965	1246854	1880	0	2014-07-20 11:32:32.261613+00	3		
17134	166966	1083113	1880	0	2014-07-20 11:32:32.261613+00	4		
17137	166967	1396483	1880	0	2014-07-20 11:32:32.261613+00	5		
17138	166968	1283881	1880	0	2014-07-20 11:32:32.261613+00	6		
1038	167111	1351370	139	0	2014-05-15 02:49:10.952506+00	39		
27129	166972	1552803	3501	0	2015-08-01 22:51:54.74434+00	0		
27149	167111	1552785	2120	0	2015-08-05 13:27:09.310401+00	1		
27252	167107	198788	3511	0	2015-08-06 19:16:35.124105+00	85		
27150	166969	1411702	1880	0	2015-08-06 11:37:10.481641+00	7		
29238	167044	1557860	3498	0	2015-08-19 11:26:59.217098+00	20		
12625	166970	290071	1256	0	2014-06-23 19:26:49.106723+00	8		
12609	166971	290075	1256	0	2014-06-23 19:24:03.226376+00	9		
12626	166972	290079	1256	0	2014-06-23 19:26:49.106723+00	10		
29563	166968	307924	3689	0	2015-09-23 11:55:39.213949+00	6		
6863	167018	1086481	747	0	2014-06-03 16:51:18.714238+00	24		
6852	167047	442556	747	0	2014-06-03 16:48:00.423732+00	25		
6861	167048	1313733	747	0	2014-06-03 16:50:23.572011+00	26		
6849	167049	799570	747	0	2014-06-03 16:46:59.482888+00	27		
6864	174638	1250782	747	0	2014-06-03 16:56:48.330423+00	28		
6865	174653	858390	747	0	2014-06-03 16:56:48.330423+00	29		
29570	166976	703617	3689	0	2015-09-23 11:55:46.211001+00	14		
596	167055	654941	61	0	2014-05-14 20:06:07.411014+00	33		
3723	167111	910981	364	0	2014-05-19 13:37:01.992528+00	10		
3724	167111	1012032	364	0	2014-05-19 13:37:01.992528+00	11		
3725	167111	1127442	364	0	2014-05-19 13:37:01.992528+00	12		
3726	167111	1281515	364	0	2014-05-19 13:37:01.992528+00	13		
3727	167111	1316285	364	0	2014-05-19 13:37:01.992528+00	14		
27289	168862	102776	3511	0	2015-08-06 19:38:42.608489+00	122		
27290	168863	90428	3511	0	2015-08-06 19:38:42.608489+00	123		
27291	174258	55492	3511	0	2015-08-06 19:38:42.608489+00	124		
597	167056	654956	61	0	2014-05-14 20:06:07.411014+00	34		
23548	166965	1487997	2071	0	2015-02-12 16:13:02.244697+00	1		
27292	174259	75757	3511	0	2015-08-06 19:38:42.608489+00	125		
27293	174260	47813	3511	0	2015-08-06 19:38:42.608489+00	126		
12600	166973	291145	1256	0	2014-06-23 19:22:25.384734+00	11		
12610	166974	290081	1256	0	2014-06-23 19:24:03.226376+00	12		
604	167068	803410	61	0	2014-05-14 20:10:40.438874+00	46		
603	167070	819971	61	0	2014-05-14 20:10:40.438874+00	48		
12628	166975	290927	1256	0	2014-06-23 19:26:49.106723+00	13		
12593	166976	290082	1256	0	2014-06-23 19:19:06.0571+00	14		
12627	167041	290083	1256	0	2014-06-23 19:26:49.106723+00	15		
12671	166989	292473	1256	0	2014-06-23 19:37:00.86502+00	16		
12629	167042	290943	1256	0	2014-06-23 19:26:49.106723+00	17		
12599	167016	290948	1256	0	2014-06-23 19:22:25.384734+00	18		
12615	167043	155791	1256	0	2014-06-23 19:24:03.226376+00	19		
27294	168864	271560	3511	0	2015-08-06 19:38:42.608489+00	127		
27295	168865	175378	3511	0	2015-08-06 19:38:42.608489+00	128		
27296	168866	17561	3511	0	2015-08-06 19:38:42.608489+00	129		
27322	178027	63254	3511	0	2015-08-06 20:29:01.760043+00	155		
27323	178030	23975	3511	0	2015-08-06 20:29:01.760043+00	156		
27324	178048	662410	3511	0	2015-08-06 20:29:01.760043+00	157		
27325	178098	34135	3511	0	2015-08-06 20:29:01.760043+00	158		
27326	178056	53235	3511	0	2015-08-06 20:29:01.760043+00	159		
27327	178080	64679	3511	0	2015-08-06 20:29:01.760043+00	160		
12630	167044	290951	1256	0	2014-06-23 19:29:31.326903+00	20		
12632	167045	292474	1256	0	2014-06-23 19:29:31.326903+00	21		
12633	167046	292475	1256	0	2014-06-23 19:29:31.326903+00	22		
12618	167017	256870	1256	0	2014-06-23 19:26:49.106723+00	23		
12634	167018	292478	1256	0	2014-06-23 19:29:31.326903+00	24		
12635	167047	292483	1256	0	2014-06-23 19:29:31.326903+00	25		
12636	167048	292491	1256	0	2014-06-23 19:29:31.326903+00	26		
27148	167016	880194	3506	0	2015-08-04 22:24:04.991902+00	18		
29080	167073	880750	3506	0	2015-08-12 09:59:11.624239+00	51		
12619	167049	211731	1256	0	2014-06-23 19:26:49.106723+00	27		
12620	167050	211734	1256	0	2014-06-23 19:26:49.106723+00	28		
12606	167051	308166	1256	0	2014-06-23 19:22:25.384734+00	29		
12637	167052	292493	1256	0	2014-06-23 19:29:31.326903+00	30		
12638	167053	292503	1256	0	2014-06-23 19:29:31.326903+00	31		
12672	167054	292515	1256	0	2014-06-23 19:37:00.86502+00	32		
12639	167055	292517	1256	0	2014-06-23 19:29:31.326903+00	33		
12605	167056	236808	1256	0	2014-06-23 19:22:25.384734+00	34		
12670	167057	341072	1256	0	2014-06-23 19:37:00.86502+00	35		
12640	167058	298699	1256	0	2014-06-23 19:29:31.326903+00	36		
12641	167059	298702	1256	0	2014-06-23 19:29:31.326903+00	37		
12623	167060	349174	1256	0	2014-06-23 19:26:49.106723+00	38		
12622	167061	349144	1256	0	2014-06-23 19:26:49.106723+00	39		
12643	167062	527542	1256	0	2014-06-23 19:32:40.608058+00	40		
12644	167063	527544	1256	0	2014-06-23 19:32:40.608058+00	41		
12645	167064	745450	1256	0	2014-06-23 19:32:40.608058+00	42		
12601	167065	527553	1256	0	2014-06-23 19:22:25.384734+00	43		
12642	167066	489839	1256	0	2014-06-23 19:32:40.608058+00	44		
12650	167067	663649	1256	0	2014-06-23 19:32:40.608058+00	45		
12602	167068	745523	1256	0	2014-06-23 19:22:25.384734+00	46		
12673	167069	745528	1256	0	2014-06-23 19:37:00.86502+00	47		
12646	167070	745531	1256	0	2014-06-23 19:32:40.608058+00	48		
12647	167071	745536	1256	0	2014-06-23 19:32:40.608058+00	49		
12674	167072	745537	1256	0	2014-06-23 19:37:00.86502+00	50		
12675	167073	745540	1256	0	2014-06-23 19:37:00.86502+00	51		
12653	167074	973382	1256	0	2014-06-23 19:32:40.608058+00	52		
12657	167075	993725	1256	0	2014-06-23 19:34:51.727825+00	53		
12603	167076	971268	1256	0	2014-06-23 19:22:25.384734+00	54		
12654	167077	978223	1256	0	2014-06-23 19:32:40.608058+00	55		
12652	167078	885217	1256	0	2014-06-23 19:32:40.608058+00	56		
12676	167079	722438	1256	0	2014-06-23 19:37:00.86502+00	57		
12648	167080	730945	1256	0	2014-06-23 19:32:40.608058+00	58		
12649	167081	749705	1256	0	2014-06-23 19:32:40.608058+00	59		
12616	167082	768573	1256	0	2014-06-23 19:24:03.226376+00	60		
12613	167083	802883	1256	0	2014-06-23 19:24:03.226376+00	61		
27363	178033	98130	3511	0	2015-08-06 20:29:01.760043+00	196		
27364	178090	40566	3511	0	2015-08-06 20:29:01.760043+00	197		
27365	178070	226373	3511	0	2015-08-06 20:29:01.760043+00	198		
946	167111	453813	122	0	2014-05-15 02:36:07.001206+00	1		
3728	167111	772805	365	0	2014-05-19 14:16:29.563694+00	1		
27366	178068	242160	3511	0	2015-08-06 20:29:01.760043+00	199		
3729	167111	411812	365	0	2014-05-19 14:16:29.563694+00	2		
3730	167111	349548	365	0	2014-05-19 14:16:29.563694+00	3		
27367	178064	32428	3511	0	2015-08-06 20:29:01.760043+00	200		
27692	178025	19215	3511	0	2015-08-07 02:48:00.477744+00	201		
3732	167111	214096	365	0	2014-05-19 14:16:29.563694+00	5		
3733	167111	773532	365	0	2014-05-19 14:16:29.563694+00	6		
3734	167111	472012	365	0	2014-05-19 14:16:29.563694+00	7		
3735	167111	400981	365	0	2014-05-19 14:16:29.563694+00	8		
27693	178101	40276	3511	0	2015-08-07 02:48:00.477744+00	202		
27694	178038	60293	3511	0	2015-08-07 02:48:00.477744+00	203		
27695	178042	544044	3511	0	2015-08-07 02:48:00.477744+00	204		
3736	167111	420993	365	0	2014-05-19 14:16:29.563694+00	9		
27696	178043	823013	3511	0	2015-08-07 02:48:00.477744+00	205		
27697	178023	91396	3511	0	2015-08-07 02:48:00.477744+00	206		
27698	178040	32224	3511	0	2015-08-07 02:48:00.477744+00	207		
27699	178031	784364	3511	0	2015-08-07 02:48:00.477744+00	208		
27700	178018	47628	3511	0	2015-08-07 02:48:00.477744+00	209		
27701	178102	282515	3511	0	2015-08-07 02:48:00.477744+00	210		
27152	167044	725755	3506	0	2015-08-06 14:40:37.12568+00	20		
29081	167074	880794	3506	0	2015-08-12 10:00:13.778948+00	52		
29564	166963	292880	3689	0	2015-09-23 11:55:39.568922+00	1		
29567	166965	206137	3689	0	2015-09-23 11:55:43.421003+00	3		
3731	167111	431882	365	0	2014-05-19 14:16:29.563694+00	4		
947	167111	763112	122	0	2014-05-15 02:36:13.754885+00	1		
643	167103	1285948	61	0	2014-05-14 20:24:07.350491+00	81		
644	167105	1285955	61	0	2014-05-14 20:24:07.350491+00	83		
645	167106	1286216	61	0	2014-05-14 20:24:07.350491+00	84		
12617	167084	821598	1256	0	2014-06-23 19:26:49.106723+00	62		
12668	167085	840617	1256	0	2014-06-23 19:37:00.86502+00	63		
12669	167086	859279	1256	0	2014-06-23 19:37:00.86502+00	64		
