1488	27098	76485	22957	0	2011-05-16 16:31:52.155025+00	0		
1529	27098	76486	22957	0	2011-05-16 16:31:52.155025+00	0		
1565	27098	76489	22957	0	2011-05-16 16:31:52.155025+00	0		
1486	27098	76492	22957	0	2011-05-16 16:31:52.155025+00	0		
732	27098	271920	721360	0	2011-05-16 16:31:52.155025+00	0		
1492	27098	405509	22957	0	2011-05-16 16:31:52.155025+00	0		
1531	27098	405513	22957	0	2011-05-16 16:31:52.155025+00	0		
811	27098	405515	22957	0	2011-05-16 16:31:52.155025+00	0		
977	27098	433278	34146	0	2011-05-16 16:31:52.155025+00	0		
2075	27098	513104	721360	0	2011-05-16 16:31:52.155025+00	0		
1437	27098	582395	157071	0	2011-05-16 16:31:52.155025+00	0		
1435	27098	582396	157072	0	2011-05-16 16:31:52.155025+00	0		
1693	27098	582550	244884	0	2011-05-16 16:31:52.155025+00	0		
1971	27098	588032	246938	0	2011-05-16 16:31:52.155025+00	0		
1783	27098	588034	246938	0	2011-05-16 16:31:52.155025+00	0		
906	27098	594313	7251	0	2011-05-16 16:31:52.155025+00	0		
919	27098	594319	7252	0	2011-05-16 16:31:52.155025+00	0		
1432	27098	603606	161457	0	2011-05-16 16:31:52.155025+00	0		
4074	27098	646601	900055	0	2011-05-16 16:31:52.155025+00	0		
1719	27098	672642	210517	0	2011-05-16 16:31:52.155025+00	0		
1650	27098	862618	592028	0	2011-05-16 16:31:52.155025+00	0		
1717	27098	868898	210515	0	2011-05-16 16:31:52.155025+00	0		
10188	30361	14058915	1499759	0	2012-10-19 22:00:18.876654+00	0		
1433	27098	898840	157073	0	2011-05-16 16:31:52.155025+00	0		
1431	27098	898841	157074	0	2011-05-16 16:31:52.155025+00	0		
1851	27098	907610	225249	0	2011-05-16 16:31:52.155025+00	0		
1847	27098	907612	225256	0	2011-05-16 16:31:52.155025+00	0		
920	27098	957619	10798	0	2011-05-16 16:31:52.155025+00	0		
932	27098	957628	10798	0	2011-05-16 16:31:52.155025+00	0		
7331	30361	13452248	1267731	0	2012-04-09 14:47:41.907097+00	0		
1218	27098	1065908	109983	0	2011-05-16 16:31:52.155025+00	0		
1216	27098	1065913	109985	0	2011-05-16 16:31:52.155025+00	0		
871	27098	1170063	3539	0	2011-05-16 16:31:52.155025+00	0		
863	27098	1170066	3537	0	2011-05-16 16:31:52.155025+00	0		
869	27098	1170070	3538	0	2011-05-16 16:31:52.155025+00	0		
13937	30361	14892147	1697091	0	2013-05-15 21:00:44.300371+00	0		
617	27098	1190469	917	0	2011-05-16 16:31:52.155025+00	0		
875	27098	1280047	3378	0	2011-05-16 16:31:52.155025+00	0		
2719	27098	1402909	900055	0	2011-05-16 16:31:52.155025+00	0		
2756	27098	1402911	900055	0	2011-05-16 16:31:52.155025+00	0		
2718	27098	1402914	900055	0	2011-05-16 16:31:52.155025+00	0		
1570	27098	1413771	22957	0	2011-05-16 16:31:52.155025+00	0		
1490	27098	1421320	22957	0	2011-05-16 16:31:52.155025+00	0		
1530	27098	1421324	22957	0	2011-05-16 16:31:52.155025+00	0		
1568	27098	1421325	22957	0	2011-05-16 16:31:52.155025+00	0		
1569	27098	1421329	22957	0	2011-05-16 16:31:52.155025+00	0		
1567	27098	1421336	22957	0	2011-05-16 16:31:52.155025+00	0		
1147	27098	1466593	111502	0	2011-05-16 16:31:52.155025+00	0		
1285	27098	1493535	130917	0	2011-05-16 16:31:52.155025+00	0		
1355	27098	1500900	142666	0	2011-05-16 16:31:52.155025+00	0		
1302	27098	1500903	142666	0	2011-05-16 16:31:52.155025+00	0		
1353	27098	1502204	142666	0	2011-05-16 16:31:52.155025+00	0		
1649	27098	1509677	297183	0	2011-05-16 16:31:52.155025+00	0		
2057	27098	1509684	297184	0	2011-05-16 16:31:52.155025+00	0		
1441	27098	1542460	157069	0	2011-05-16 16:31:52.155025+00	0		
1439	27098	1542461	157070	0	2011-05-16 16:31:52.155025+00	0		
1780	27098	1548923	244888	0	2011-05-16 16:31:52.155025+00	0		
31191	27108	15906499	2745854	0	2014-11-17 23:11:42.53091+00	0		
31192	27108	15350308	2745871	0	2014-11-17 23:13:35.135469+00	0		
31193	27108	16953766	2745874	0	2014-11-17 23:13:37.094244+00	0		
31194	27108	16953765	2745875	0	2014-11-17 23:13:38.701488+00	0		
1407	27098	1645567	151834	0	2011-05-16 16:31:52.155025+00	0		
964	27098	1655886	19628	0	2011-05-16 16:31:52.155025+00	0		
1703	27098	1661898	212121	0	2011-05-16 16:31:52.155025+00	0		
904	27098	1712966	7023	0	2011-05-16 16:31:52.155025+00	0		
563	27098	1723669	491860	0	2011-05-16 16:31:52.155025+00	0		
599	27098	1723671	491860	0	2011-05-16 16:31:52.155025+00	0		
658	27098	1723677	491860	0	2011-05-16 16:31:52.155025+00	0		
1226	27098	1734025	120951	0	2011-05-16 16:31:52.155025+00	0		
1235	27098	1734087	120955	0	2011-05-16 16:31:52.155025+00	0		
2549	27098	1758692	825841	0	2011-05-16 16:31:52.155025+00	0		
898	27098	1783005	8221	0	2011-05-16 16:31:52.155025+00	0		
1025	27098	1816804	62555	0	2011-05-16 16:31:52.155025+00	0		
1528	27098	1818655	22957	0	2011-05-16 16:31:52.155025+00	0		
954	27098	1818911	11630	0	2011-05-16 16:31:52.155025+00	0		
1691	27098	1914327	239398	0	2011-05-16 16:31:52.155025+00	0		
812	27098	1992704	230463	0	2011-05-16 16:31:52.155025+00	0		
1766	27098	1992705	230463	0	2011-05-16 16:31:52.155025+00	0		
96	27098	2005141	654888	0	2011-05-16 16:31:52.155025+00	0		
10185	27098	14057862	1499639	0	2012-10-05 13:26:08.1113+00	0		
827	27098	2087655	807	0	2011-05-16 16:31:52.155025+00	0		
828	27098	2087656	808	0	2011-05-16 16:31:52.155025+00	0		
829	27098	2087657	809	0	2011-05-16 16:31:52.155025+00	0		
830	27098	2087658	810	0	2011-05-16 16:31:52.155025+00	0		
832	27098	2087659	812	0	2011-05-16 16:31:52.155025+00	0		
5151	27098	12937035	991078	0	2011-12-01 09:00:10.5254+00	0		
878	27098	2142170	3382	0	2011-05-16 16:31:52.155025+00	0		
879	27098	2142171	3383	0	2011-05-16 16:31:52.155025+00	0		
1040	27098	2189498	42589	0	2011-05-16 16:31:52.155025+00	0		
1038	27098	2189499	42590	0	2011-05-16 16:31:52.155025+00	0		
1017	27098	2189579	42579	0	2011-05-16 16:31:52.155025+00	0		
876	27098	779175	3380	0	2011-08-11 22:02:29.640757+00	0		
1566	27098	895846	22957	0	2011-09-15 20:00:10.158725+00	0		
10186	30361	14015334	1499742	0	2012-10-05 20:54:55.56821+00	0		
3746	49069	1645728	842694	0	2014-01-31 16:00:29.66701+00	0		
10184	28616	14031483	1499636	0	2012-10-19 13:00:16.137285+00	0		
1715	27098	485264	210513	0	2012-10-19 03:05:34.397398+00	0		
3823	49069	1645817	842695	0	2013-04-14 08:00:09.806269+00	0		
3837	49069	1645563	842317	0	2014-01-31 18:00:18.408395+00	0		
13630	27108	14836098	1677528	0	2013-04-27 22:00:24.097139+00	0		
3324	49069	1645827	842865	0	2013-09-23 06:00:21.743392+00	0		
3788	49069	1645565	842350	0	2014-05-30 07:00:13.506954+00	0		
3900	49069	1645569	842360	0	2014-05-30 07:00:35.242759+00	0		
3779	49069	1871014	842355	0	2014-05-30 08:00:12.788774+00	0		
2765	49069	1645834	842839	0	2014-05-29 15:00:53.394968+00	0		
1420	49069	1645549	151826	0	2014-05-30 05:00:49.309448+00	0		
3785	49069	1645566	842352	0	2014-05-30 07:00:16.675449+00	0		
1401	49069	1645568	151841	0	2014-05-30 07:00:36.92155+00	0		
3314	49069	2023429	842098	0	2014-06-15 13:00:13.724911+00	0		
3057	49069	1645714	842642	0	2014-06-24 04:00:17.587277+00	0		
3112	49069	2023427	841759	0	2014-06-26 07:00:24.108615+00	0		
3178	49069	2060262	841784	0	2014-07-07 08:00:21.706638+00	0		
3180	49069	1645836	841782	0	2014-07-07 08:00:21.864448+00	0		
2734	49069	1935709	841755	0	2014-09-14 06:00:25.51369+00	0		
868	49069	1061757	1918	0	2013-10-19 05:00:14.592157+00	0		
3090	49069	2060263	842649	0	2014-02-14 07:00:15.916532+00	0		
4026	49069	1645818	842375	0	2014-02-18 11:00:21.146089+00	0		
3076	49069	1645811	842864	0	2014-02-19 05:00:13.228365+00	0		
3184	49069	1645783	841778	0	2014-03-23 11:00:30.879819+00	0		
2952	49069	1645832	841787	0	2014-03-23 07:00:55.827483+00	0		
2677	49069	1645690	841665	0	2014-03-27 05:00:21.136195+00	0		
2676	49069	1645801	841666	0	2014-03-27 05:00:22.893072+00	0		
3179	49069	1645820	841783	0	2014-04-02 23:00:25.93251+00	0		
3739	49069	2023426	879101	0	2014-04-26 05:00:47.752688+00	0		
3807	49069	1645560	842340	0	2014-05-09 03:00:32.646752+00	0		
1015	27098	2189580	42580	0	2011-05-16 16:31:52.155025+00	0		
1014	27098	2189583	42581	0	2011-05-16 16:31:52.155025+00	0		
1012	27098	2189584	42583	0	2011-05-16 16:31:52.155025+00	0		
1010	27098	2189586	42584	0	2011-05-16 16:31:52.155025+00	0		
1008	27098	2189588	42585	0	2011-05-16 16:31:52.155025+00	0		
1005	27098	2189589	42586	0	2011-05-16 16:31:52.155025+00	0		
1004	27098	2189591	42587	0	2011-05-16 16:31:52.155025+00	0		
1003	27098	2189592	42588	0	2011-05-16 16:31:52.155025+00	0		
572	27098	2216025	564762	0	2011-05-16 16:31:52.155025+00	0		
531	27098	2216030	564762	0	2011-05-16 16:31:52.155025+00	0		
1527	27098	2285809	22957	0	2011-05-16 16:31:52.155025+00	0		
1564	27098	2285812	22957	0	2011-05-16 16:31:52.155025+00	0		
1481	27098	2285814	22957	0	2011-05-16 16:31:52.155025+00	0		
1526	27098	2285830	22957	0	2011-05-16 16:31:52.155025+00	0		
1563	27098	2285838	22957	0	2011-05-16 16:31:52.155025+00	0		
1548	27098	2285841	22957	0	2011-05-16 16:31:52.155025+00	0		
1396	27098	2285843	22957	0	2011-05-16 16:31:52.155025+00	0		
1438	27098	2285847	22957	0	2011-05-16 16:31:52.155025+00	0		
925	27098	2330019	13238	0	2011-05-16 16:31:52.155025+00	0		
808	27098	2372774	42548	0	2011-05-16 16:31:52.155025+00	0		
4076	27098	2385665	900055	0	2011-05-16 16:31:52.155025+00	0		
2613	27098	2385666	900055	0	2011-05-16 16:31:52.155025+00	0		
2666	27098	2385670	900055	0	2011-05-16 16:31:52.155025+00	0		
969	27098	2404825	33189	0	2011-05-16 16:31:52.155025+00	0		
981	27098	2404826	33191	0	2011-05-16 16:31:52.155025+00	0		
874	27098	2454923	2699	0	2011-05-16 16:31:52.155025+00	0		
872	27098	2455083	2699	0	2011-05-16 16:31:52.155025+00	0		
870	27098	2455083	2700	0	2011-05-16 16:31:52.155025+00	0		
1580	27098	2469886	193697	0	2011-05-16 16:31:52.155025+00	0		
1584	27098	2469887	193696	0	2011-05-16 16:31:52.155025+00	0		
1539	27098	2469888	193699	0	2011-05-16 16:31:52.155025+00	0		
1637	27098	2469889	193700	0	2011-05-16 16:31:52.155025+00	0		
1636	27098	2469890	193702	0	2011-05-16 16:31:52.155025+00	0		
1635	27098	2469891	193703	0	2011-05-16 16:31:52.155025+00	0		
1634	27098	2469892	193704	0	2011-05-16 16:31:52.155025+00	0		
1633	27098	2469893	193705	0	2011-05-16 16:31:52.155025+00	0		
1632	27098	2469894	193707	0	2011-05-16 16:31:52.155025+00	0		
1631	27098	2469895	193708	0	2011-05-16 16:31:52.155025+00	0		
1629	27098	2469896	193709	0	2011-05-16 16:31:52.155025+00	0		
183	27098	2476635	705877	0	2011-05-16 16:31:52.155025+00	0		
1674	27098	2487911	221535	0	2011-05-16 16:31:52.155025+00	0		
1675	27098	2487912	221535	0	2011-05-16 16:31:52.155025+00	0		
813	27098	2495414	7023	0	2011-05-16 16:31:52.155025+00	0		
31195	27108	16953772	2745876	0	2014-11-17 23:13:40.610962+00	0		
31196	27108	15350309	2745877	0	2014-11-17 23:13:42.670831+00	0		
31197	27108	16953773	2745878	0	2014-11-17 23:13:44.331696+00	0		
31198	27108	16953771	2745879	0	2014-11-17 23:13:45.962119+00	0		
31199	27108	16953770	2745883	0	2014-11-17 23:13:52.167573+00	0		
31200	27108	16953769	2745884	0	2014-11-17 23:13:58.569747+00	0		
31201	27108	16953959	2745886	0	2014-11-17 23:14:08.829615+00	0		
1624	27098	2618713	192059	0	2011-05-16 16:31:52.155025+00	0		
1623	27098	2618719	192061	0	2011-05-16 16:31:52.155025+00	0		
1706	27098	2647931	202925	0	2011-05-16 16:31:52.155025+00	0		
1707	27098	2647932	202926	0	2011-05-16 16:31:52.155025+00	0		
1630	27098	2683513	198428	0	2011-05-16 16:31:52.155025+00	0		
853	27098	2683528	1646	0	2011-05-16 16:31:52.155025+00	0		
758	27098	2765059	711160	0	2011-05-16 16:31:52.155025+00	0		
7332	30361	13452740	1267953	0	2012-04-09 18:28:35.383395+00	0		
5725	27104	277658	1059232	0	2012-01-04 07:00:07.02785+00	0		
135	27098	2791324	665368	0	2011-05-16 16:31:52.155025+00	0		
178	27098	2791325	665369	0	2011-05-16 16:31:52.155025+00	0		
215	27098	2791326	665370	0	2011-05-16 16:31:52.155025+00	0		
176	27098	2791327	665371	0	2011-05-16 16:31:52.155025+00	0		
250	27098	2791328	665372	0	2011-05-16 16:31:52.155025+00	0		
291	27098	2791329	665373	0	2011-05-16 16:31:52.155025+00	0		
329	27098	2791330	665374	0	2011-05-16 16:31:52.155025+00	0		
327	27098	2791331	665375	0	2011-05-16 16:31:52.155025+00	0		
363	27098	2791332	665376	0	2011-05-16 16:31:52.155025+00	0		
400	27098	2791333	665377	0	2011-05-16 16:31:52.155025+00	0		
1400	27098	2927627	58753	0	2011-05-16 16:31:52.155025+00	0		
1272	27098	2934842	128947	0	2011-05-16 16:31:52.155025+00	0		
1258	27098	2934843	128946	0	2011-05-16 16:31:52.155025+00	0		
1281	27098	2935615	128969	0	2011-05-16 16:31:52.155025+00	0		
1280	27098	2935626	128968	0	2011-05-16 16:31:52.155025+00	0		
1242	27098	2935627	128944	0	2011-05-16 16:31:52.155025+00	0		
1253	27098	2935628	128943	0	2011-05-16 16:31:52.155025+00	0		
1279	27098	2935629	128966	0	2011-05-16 16:31:52.155025+00	0		
1274	27098	2935651	128951	0	2011-05-16 16:31:52.155025+00	0		
1276	27098	2935652	128954	0	2011-05-16 16:31:52.155025+00	0		
891	27098	2974372	1694	0	2011-05-16 16:31:52.155025+00	0		
890	27098	2974379	1696	0	2011-05-16 16:31:52.155025+00	0		
3773	27098	2989305	900055	0	2011-05-16 16:31:52.155025+00	0		
3888	27098	2989306	900055	0	2011-05-16 16:31:52.155025+00	0		
3921	27098	2989308	900055	0	2011-05-16 16:31:52.155025+00	0		
3971	27098	2989309	900055	0	2011-05-16 16:31:52.155025+00	0		
819	27098	3001055	7023	0	2011-05-16 16:31:52.155025+00	0		
4965	30361	12885164	984197	0	2011-10-30 20:24:08.901009+00	0		
889	27098	3021344	1698	0	2011-05-16 16:31:52.155025+00	0		
888	27098	3021345	1699	0	2011-05-16 16:31:52.155025+00	0		
2446	27098	3032993	791017	0	2011-05-16 16:31:52.155025+00	0		
2493	27098	3032995	791017	0	2011-05-16 16:31:52.155025+00	0		
2175	27098	3032997	791017	0	2011-05-16 16:31:52.155025+00	0		
2402	27098	3038625	791017	0	2011-05-16 16:31:52.155025+00	0		
2360	27098	3038631	791017	0	2011-05-16 16:31:52.155025+00	0		
17629	27098	15669606	2339054	0	2014-01-06 21:42:14.161668+00	0		
3074	49069	2589854	842878	0	2014-05-29 16:00:43.222415+00	0		
2808	49069	2589869	842834	0	2014-05-29 15:00:53.680097+00	0		
1411	49069	2589298	151832	0	2014-05-30 06:00:55.659012+00	0		
1417	49069	2589278	151831	0	2014-05-30 07:00:14.25023+00	0		
3835	49069	2725508	842319	0	2014-05-24 23:00:27.356496+00	0		
2958	49069	2667112	845446	0	2014-05-28 07:00:27.247276+00	0		
1421	49069	2589279	151818	0	2014-05-29 02:02:11.610229+00	0		
3993	49069	2589256	842366	0	2014-05-30 07:00:17.031782+00	0		
2947	49069	2998634	845058	0	2014-08-29 06:01:02.593297+00	0		
3245	49069	2589877	842861	0	2014-06-13 04:00:29.219853+00	0		
3164	49069	2589871	842860	0	2014-06-13 04:00:29.350329+00	0		
2306	27098	3071084	799885	0	2011-05-16 16:31:52.155025+00	0		
1273	27098	3093216	128950	0	2011-05-16 16:31:52.155025+00	0		
886	27098	3093724	1703	0	2011-05-16 16:31:52.155025+00	0		
823	27098	3124258	155	0	2011-05-16 16:31:52.155025+00	0		
825	27098	3124259	166	0	2011-05-16 16:31:52.155025+00	0		
826	27098	3124260	167	0	2011-05-16 16:31:52.155025+00	0		
970	27098	3124289	24495	0	2011-05-16 16:31:52.155025+00	0		
1955	27098	3133719	243694	0	2011-05-16 16:31:52.155025+00	0		
1956	27098	3133720	243694	0	2011-05-16 16:31:52.155025+00	0		
5167	27108	12398630	993419	0	2012-02-02 05:00:06.088258+00	0		
5152	27108	12664220	993164	0	2011-12-01 18:00:06.727328+00	0		
3387	49069	2589878	842876	0	2014-03-21 02:00:18.868854+00	0		
2953	49069	2589876	842853	0	2014-03-16 10:00:31.554531+00	0		
4016	49069	2455382	845418	0	2014-03-16 12:00:12.189428+00	0		
2982	49069	3092478	841723	0	2014-03-20 08:00:30.214563+00	0		
3032	49069	2589852	842880	0	2014-03-23 06:00:24.394336+00	0		
3181	49069	3092477	841780	0	2014-03-23 07:00:52.826396+00	0		
3349	49069	2589880	842868	0	2014-04-30 05:00:15.550871+00	0		
1367	49069	2764060	148414	0	2014-04-30 04:01:25.444747+00	0		
3389	49069	2589870	842871	0	2014-05-03 04:00:25.296429+00	0		
3486	49069	2745866	842207	0	2014-05-07 06:00:34.085872+00	0		
1257	27098	3148468	125807	0	2011-05-16 16:31:52.155025+00	0		
31202	27108	16953767	2745889	0	2014-11-17 23:14:13.711862+00	0		
907	27098	3201566	7023	0	2011-05-16 16:31:52.155025+00	0		
897	27098	3201567	7023	0	2011-05-16 16:31:52.155025+00	0		
900	27098	3201568	7023	0	2011-05-16 16:31:52.155025+00	0		
902	27098	3201569	7023	0	2011-05-16 16:31:52.155025+00	0		
1664	27098	3207681	221484	0	2011-05-16 16:31:52.155025+00	0		
253	27098	3210454	658440	0	2011-05-16 16:31:52.155025+00	0		
293	27098	3210455	658440	0	2011-05-16 16:31:52.155025+00	0		
2445	27098	3245458	798365	0	2011-05-16 16:31:52.155025+00	0		
1854	27098	3255530	225247	0	2011-05-16 16:31:52.155025+00	0		
1853	27098	3255544	225248	0	2011-05-16 16:31:52.155025+00	0		
31203	27108	15600296	2745935	0	2014-11-17 23:19:01.803569+00	0		
848	27098	3389539	890	0	2011-05-16 16:31:52.155025+00	0		
846	27098	3389540	890	0	2011-05-16 16:31:52.155025+00	0		
844	27098	3389543	890	0	2011-05-16 16:31:52.155025+00	0		
842	27098	3389546	890	0	2011-05-16 16:31:52.155025+00	0		
833	27098	3403849	2063	0	2011-05-16 16:31:52.155025+00	0		
973	27098	3441111	25902	0	2011-05-16 16:31:52.155025+00	0		
1954	27098	3458500	243694	0	2011-05-16 16:31:52.155025+00	0		
2165	27098	3523024	494607	0	2011-05-16 16:31:52.155025+00	0		
2242	27098	3523024	789851	0	2011-05-16 16:31:52.155025+00	0		
525	27098	3523025	494607	0	2011-05-16 16:31:52.155025+00	0		
2283	27098	3523025	789851	0	2011-05-16 16:31:52.155025+00	0		
2443	27098	3523026	494607	0	2011-05-16 16:31:52.155025+00	0		
2358	27098	3523026	789851	0	2011-05-16 16:31:52.155025+00	0		
2176	27098	3523027	494607	0	2011-05-16 16:31:52.155025+00	0		
2357	27098	3523027	789851	0	2011-05-16 16:31:52.155025+00	0		
2241	27098	3523028	494607	0	2011-05-16 16:31:52.155025+00	0		
2321	27098	3523028	789851	0	2011-05-16 16:31:52.155025+00	0		
2282	27098	3523029	494607	0	2011-05-16 16:31:52.155025+00	0		
2356	27098	3523029	789851	0	2011-05-16 16:31:52.155025+00	0		
2354	27098	3523030	646568	0	2011-05-16 16:31:52.155025+00	0		
2355	27098	3523030	789853	0	2011-05-16 16:31:52.155025+00	0		
2359	27098	3523031	789848	0	2011-05-16 16:31:52.155025+00	0		
2203	27098	3523031	789852	0	2011-05-16 16:31:52.155025+00	0		
2444	27098	3523032	646568	0	2011-05-16 16:31:52.155025+00	0		
2401	27098	3523032	789853	0	2011-05-16 16:31:52.155025+00	0		
873	27098	3540501	4524	0	2011-05-16 16:31:52.155025+00	0		
924	27098	3540569	15101	0	2011-05-16 16:31:52.155025+00	0		
909	27098	3552981	9189	0	2011-05-16 16:31:52.155025+00	0		
901	27098	3552982	9189	0	2011-05-16 16:31:52.155025+00	0		
952	27098	3552983	9189	0	2011-05-16 16:31:52.155025+00	0		
866	27098	3565242	843	0	2011-05-16 16:31:52.155025+00	0		
849	27098	3568693	846	0	2011-05-16 16:31:52.155025+00	0		
852	27098	3568706	846	0	2011-05-16 16:31:52.155025+00	0		
854	27098	3568707	846	0	2011-05-16 16:31:52.155025+00	0		
856	27098	3568708	846	0	2011-05-16 16:31:52.155025+00	0		
858	27098	3568709	846	0	2011-05-16 16:31:52.155025+00	0		
862	27098	3568710	843	0	2011-05-16 16:31:52.155025+00	0		
860	27098	3568711	843	0	2011-05-16 16:31:52.155025+00	0		
1088	27098	3603505	1102	0	2011-05-16 16:31:52.155025+00	0		
885	27098	3647485	1704	0	2011-05-16 16:31:52.155025+00	0		
1146	27098	3674006	106186	0	2011-05-16 16:31:52.155025+00	0		
1829	27098	3713973	243428	0	2011-05-16 16:31:52.155025+00	0		
1831	27098	3713974	243428	0	2011-05-16 16:31:52.155025+00	0		
1923	27098	3713975	243428	0	2011-05-16 16:31:52.155025+00	0		
1924	27098	3713976	243428	0	2011-05-16 16:31:52.155025+00	0		
1835	27098	3713977	243428	0	2011-05-16 16:31:52.155025+00	0		
1836	27098	3713978	243428	0	2011-05-16 16:31:52.155025+00	0		
1837	27098	3713980	243428	0	2011-05-16 16:31:52.155025+00	0		
1926	27098	3713981	243428	0	2011-05-16 16:31:52.155025+00	0		
1927	27098	3713982	243428	0	2011-05-16 16:31:52.155025+00	0		
1929	27098	3713985	243428	0	2011-05-16 16:31:52.155025+00	0		
1841	27098	3713986	243428	0	2011-05-16 16:31:52.155025+00	0		
1943	27098	3713987	243428	0	2011-05-16 16:31:52.155025+00	0		
1930	27098	3713988	243428	0	2011-05-16 16:31:52.155025+00	0		
1931	27098	3713989	243428	0	2011-05-16 16:31:52.155025+00	0		
1932	27098	3713990	243428	0	2011-05-16 16:31:52.155025+00	0		
1933	27098	3713991	243428	0	2011-05-16 16:31:52.155025+00	0		
1934	27098	3713992	243428	0	2011-05-16 16:31:52.155025+00	0		
1935	27098	3713993	243428	0	2011-05-16 16:31:52.155025+00	0		
1936	27098	3713994	243428	0	2011-05-16 16:31:52.155025+00	0		
1937	27098	3713995	243428	0	2011-05-16 16:31:52.155025+00	0		
1938	27098	3713996	243428	0	2011-05-16 16:31:52.155025+00	0		
1939	27098	3713997	243428	0	2011-05-16 16:31:52.155025+00	0		
1940	27098	3713998	243428	0	2011-05-16 16:31:52.155025+00	0		
1941	27098	3713999	243428	0	2011-05-16 16:31:52.155025+00	0		
1944	27098	3714000	243428	0	2011-05-16 16:31:52.155025+00	0		
1945	27098	3714001	243428	0	2011-05-16 16:31:52.155025+00	0		
1946	27098	3714002	243428	0	2011-05-16 16:31:52.155025+00	0		
1947	27098	3714003	243428	0	2011-05-16 16:31:52.155025+00	0		
1948	27098	3714004	243428	0	2011-05-16 16:31:52.155025+00	0		
1949	27098	3714005	243428	0	2011-05-16 16:31:52.155025+00	0		
1942	27098	3714062	243428	0	2011-05-16 16:31:52.155025+00	0		
1911	27098	3717570	253743	0	2011-05-16 16:31:52.155025+00	0		
1906	27098	3717583	253743	0	2011-05-16 16:31:52.155025+00	0		
934	27098	3726999	5348	0	2011-05-16 16:31:52.155025+00	0		
884	27098	3731374	1705	0	2011-05-16 16:31:52.155025+00	0		
883	27098	3731375	1706	0	2011-05-16 16:31:52.155025+00	0		
887	27098	3731376	1701	0	2011-05-16 16:31:52.155025+00	0		
1282	27098	3736001	128970	0	2011-05-16 16:31:52.155025+00	0		
1275	27098	3736015	128953	0	2011-05-16 16:31:52.155025+00	0		
1278	27098	3736253	128963	0	2011-05-16 16:31:52.155025+00	0		
33344	27108	17156775	2804454	0	2014-12-18 11:00:32.267872+00	0		
3234	49069	3745981	841829	0	2014-07-18 15:00:35.726931+00	0		
1130	27098	3761395	105458	0	2011-05-16 16:31:52.155025+00	0		
31204	27108	15600297	2745937	0	2014-11-17 23:19:13.278109+00	0		
1084	27098	3786181	42680	0	2011-05-16 16:31:52.155025+00	0		
1083	27098	3786182	42681	0	2011-05-16 16:31:52.155025+00	0		
17634	27108	15677276	2340132	0	2014-01-14 17:00:25.566389+00	0		
851	27098	3811325	878	0	2011-05-16 16:31:52.155025+00	0		
840	27098	3811414	881	0	2011-05-16 16:31:52.155025+00	0		
838	27098	3811415	882	0	2011-05-16 16:31:52.155025+00	0		
837	27098	3811416	883	0	2011-05-16 16:31:52.155025+00	0		
839	27098	3814145	925	0	2011-05-16 16:31:52.155025+00	0		
841	27098	3814146	925	0	2011-05-16 16:31:52.155025+00	0		
843	27098	3814147	925	0	2011-05-16 16:31:52.155025+00	0		
845	27098	3814148	925	0	2011-05-16 16:31:52.155025+00	0		
17630	27108	15302744	2339461	0	2014-01-14 06:00:15.809508+00	0		
17633	30361	15676595	2339569	0	2014-01-07 10:24:01.209845+00	0		
835	27098	3817495	973	0	2011-05-16 16:31:52.155025+00	0		
861	27098	3817626	1592	0	2011-05-16 16:31:52.155025+00	0		
892	27098	3831054	1182	0	2011-05-16 16:31:52.155025+00	0		
834	27098	3837384	1408	0	2011-05-16 16:31:52.155025+00	0		
474	27098	3852466	265897	0	2011-05-16 16:31:52.155025+00	0		
882	27098	3864591	1707	0	2011-05-16 16:31:52.155025+00	0		
836	27098	3868787	1851	0	2011-05-16 16:31:52.155025+00	0		
850	27098	3892805	2157	0	2011-05-16 16:31:52.155025+00	0		
398	27098	3896893	636917	0	2011-05-16 16:31:52.155025+00	0		
1514	27098	3897555	172229	0	2011-05-16 16:31:52.155025+00	0		
1855	27098	3906254	225246	0	2011-05-16 16:31:52.155025+00	0		
1782	27098	3942519	244892	0	2011-05-16 16:31:52.155025+00	0		
17638	40073	13140887	1025582	0	2014-01-15 02:00:15.818349+00	0		
17632	27098	15676375	2339517	0	2014-01-08 11:01:50.173253+00	0		
3242	49069	3802935	842423	0	2014-01-31 20:00:39.987465+00	0		
3008	49069	3195797	841692	0	2014-02-17 09:00:20.080729+00	0		
3826	49069	3195810	842327	0	2014-02-18 10:00:14.259089+00	0		
3308	49069	3761640	842104	0	2014-03-14 12:00:16.720286+00	0		
867	27098	3949763	2701	0	2011-05-16 16:31:52.155025+00	0		
859	27098	3949764	2701	0	2011-05-16 16:31:52.155025+00	0		
1625	27098	3950517	192050	0	2011-05-16 16:31:52.155025+00	0		
1446	27098	3965516	172229	0	2011-05-16 16:31:52.155025+00	0		
1412	27098	3965530	172229	0	2011-05-16 16:31:52.155025+00	0		
988	27098	3982966	32395	0	2011-05-16 16:31:52.155025+00	0		
881	27098	3995293	3541	0	2011-05-16 16:31:52.155025+00	0		
523	27098	3998235	507328	0	2011-05-16 16:31:52.155025+00	0		
903	27098	4016459	10798	0	2011-05-16 16:31:52.155025+00	0		
807	27098	4016466	10798	0	2011-05-16 16:31:52.155025+00	0		
895	27098	4017597	4522	0	2011-05-16 16:31:52.155025+00	0		
880	27098	4017598	4523	0	2011-05-16 16:31:52.155025+00	0		
31205	27108	17046163	2746001	0	2014-11-17 23:36:35.714267+00	0		
679	27098	4049345	331338	0	2011-05-16 16:31:52.155025+00	0		
17637	145283	15678061	2340445	0	2014-01-07 22:42:32.896819+00	0		
894	27098	4128569	5687	0	2011-05-16 16:31:52.155025+00	0		
17631	30361	15669641	2338313	0	2014-01-07 06:19:33.257296+00	0		
1827	27098	4164180	243428	0	2011-05-16 16:31:52.155025+00	0		
1922	27098	4164181	243428	0	2011-05-16 16:31:52.155025+00	0		
1914	27098	4164182	243428	0	2011-05-16 16:31:52.155025+00	0		
1849	27098	4191594	225252	0	2011-05-16 16:31:52.155025+00	0		
1951	27098	4238748	243690	0	2011-05-16 16:31:52.155025+00	0		
941	27098	4242580	7023	0	2011-05-16 16:31:52.155025+00	0		
11557	30361	13814676	1577038	0	2013-01-03 19:35:25.166847+00	0		
822	27098	4245094	7023	0	2011-05-16 16:31:52.155025+00	0		
918	27098	4246017	7023	0	2011-05-16 16:31:52.155025+00	0		
815	27098	4246474	7023	0	2011-05-16 16:31:52.155025+00	0		
939	27098	4249596	7023	0	2011-05-16 16:31:52.155025+00	0		
817	27098	4249620	7023	0	2011-05-16 16:31:52.155025+00	0		
820	27098	4266110	7023	0	2011-05-16 16:31:52.155025+00	0		
821	27098	4266114	7023	0	2011-05-16 16:31:52.155025+00	0		
951	27098	4285046	7484	0	2011-05-16 16:31:52.155025+00	0		
38	27098	4296111	275422	0	2011-05-16 16:31:52.155025+00	0		
928	27098	4313765	7482	0	2011-05-16 16:31:52.155025+00	0		
940	27098	4313767	7482	0	2011-05-16 16:31:52.155025+00	0		
2789	27098	4316108	900055	0	2011-05-16 16:31:52.155025+00	0		
4009	27098	4321089	900055	0	2011-05-16 16:31:52.155025+00	0		
4043	27098	4321090	900055	0	2011-05-16 16:31:52.155025+00	0		
4008	27098	4321091	900055	0	2011-05-16 16:31:52.155025+00	0		
4077	27098	4321092	900055	0	2011-05-16 16:31:52.155025+00	0		
3970	27098	4321093	900055	0	2011-05-16 16:31:52.155025+00	0		
4075	27098	4321095	900055	0	2011-05-16 16:31:52.155025+00	0		
2189	27098	4125433	776853	0	2012-02-01 23:00:13.937638+00	0		
921	27098	4338980	10965	0	2011-05-16 16:31:52.155025+00	0		
814	27098	4342370	10955	0	2011-05-16 16:31:52.155025+00	0		
910	27098	4342371	10957	0	2011-05-16 16:31:52.155025+00	0		
1321	27098	4360529	140478	0	2011-05-16 16:31:52.155025+00	0		
644	27098	4364071	721360	0	2011-05-16 16:31:52.155025+00	0		
908	27098	4398553	8681	0	2011-05-16 16:31:52.155025+00	0		
1296	27098	4412179	130309	0	2011-05-16 16:31:52.155025+00	0		
1295	27098	4412180	130310	0	2011-05-16 16:31:52.155025+00	0		
1294	27098	4412181	130311	0	2011-05-16 16:31:52.155025+00	0		
1293	27098	4412182	130312	0	2011-05-16 16:31:52.155025+00	0		
1289	27098	4412183	130313	0	2011-05-16 16:31:52.155025+00	0		
3105	27098	3761633	844433	0	2015-03-19 21:50:13.532018+00	0		
33393	27108	17156783	2804489	0	2014-12-18 11:03:45.116026+00	0		
682	27098	4441528	404911	0	2011-05-16 16:31:52.155025+00	0		
653	27098	4441605	404910	0	2011-05-16 16:31:52.155025+00	0		
1330	27098	4442607	142817	0	2011-05-16 16:31:52.155025+00	0		
1368	27098	4442608	142818	0	2011-05-16 16:31:52.155025+00	0		
1332	27098	4442609	142819	0	2011-05-16 16:31:52.155025+00	0		
1370	27098	4442610	142820	0	2011-05-16 16:31:52.155025+00	0		
1333	27098	4442611	142821	0	2011-05-16 16:31:52.155025+00	0		
1372	27098	4442612	142822	0	2011-05-16 16:31:52.155025+00	0		
1373	27098	4442613	142823	0	2011-05-16 16:31:52.155025+00	0		
930	27098	4446309	9183	0	2011-05-16 16:31:52.155025+00	0		
942	27098	4446359	9183	0	2011-05-16 16:31:52.155025+00	0		
943	27098	4487789	10661	0	2011-05-16 16:31:52.155025+00	0		
736	27098	4521348	297174	0	2011-05-16 16:31:52.155025+00	0		
763	27098	4521349	297175	0	2011-05-16 16:31:52.155025+00	0		
785	27098	4521355	297176	0	2011-05-16 16:31:52.155025+00	0		
944	27098	4530694	11387	0	2011-05-16 16:31:52.155025+00	0		
1512	27098	4536118	170879	0	2011-05-16 16:31:52.155025+00	0		
4015	49069	4463837	845448	0	2014-05-28 08:00:16.848473+00	0		
3190	49069	4549305	841767	0	2014-05-24 08:00:29.785925+00	0		
2956	49069	4463834	845451	0	2014-05-28 08:00:18.321409+00	0		
3954	49069	4048697	842361	0	2014-05-30 07:00:33.291523+00	0		
2827	49069	4434126	845055	0	2014-05-30 12:01:24.655958+00	0		
2922	49069	3765293	841645	0	2014-06-02 07:00:25.888822+00	0		
2825	49069	4434887	843866	0	2014-06-09 06:00:18.221209+00	0		
3733	49069	4434874	842250	0	2014-07-01 05:00:17.734587+00	0		
3895	49069	4430812	846120	0	2014-09-08 07:00:23.622801+00	0		
2775	49069	4549546	842434	0	2014-08-27 01:00:21.975931+00	0		
66	27098	4552258	705776	0	2011-05-16 16:31:52.155025+00	0		
1060	27098	4553512	42687	0	2011-05-16 16:31:52.155025+00	0		
933	27098	4556485	11246	0	2011-05-16 16:31:52.155025+00	0		
33095	27108	13347661	2789978	0	2014-12-11 01:00:35.004025+00	0		
31841	27108	7969519	2767629	0	2014-11-18 01:12:44.654029+00	0		
31843	27108	7969521	2767632	0	2014-11-18 01:13:53.859209+00	0		
32215	27108	395534	2772549	0	2014-11-21 18:24:14.62111+00	0		
31840	27108	17068285	2767436	0	2014-11-25 00:01:01.175926+00	0		
33734	27098	16463285	2824523	0	2014-12-25 16:02:28.163915+00	0		
32526	27108	7900373	2779533	0	2014-11-26 16:08:34.785149+00	0		
32677	27108	492250	2781130	0	2014-11-27 22:59:14.462549+00	0		
33736	40073	16463285	790334	0	2014-12-25 16:02:32.266714+00	0		
32921	27108	275677	2785462	0	2014-11-30 23:00:36.916202+00	0		
10187	30361	14058833	1499743	0	2012-10-19 21:00:14.777565+00	0		
7416	27098	13021842	1272022	0	2012-04-28 15:00:22.102243+00	0		
3960	49069	4052591	842702	0	2013-04-14 08:00:10.056861+00	0		
13631	27100	14836098	1677528	0	2013-04-27 22:00:25.169233+00	0		
3286	49069	4569095	842053	0	2014-02-27 02:00:15.172974+00	0		
3017	49069	4569019	841682	0	2014-03-07 14:00:17.356708+00	0		
2768	49069	4567923	845438	0	2014-03-15 13:01:12.214207+00	0		
3357	49069	4052590	842705	0	2014-03-14 06:00:13.304223+00	0		
2681	49069	4569498	841661	0	2014-03-23 05:00:17.564033+00	0		
2679	49069	4569500	841663	0	2014-03-23 09:00:15.560354+00	0		
2680	49069	4569499	841662	0	2014-03-27 05:00:19.003829+00	0		
2673	49069	4549401	841669	0	2014-03-27 05:00:23.168905+00	0		
3276	49069	4569102	842060	0	2014-04-05 05:00:15.012098+00	0		
3304	49069	4357021	842108	0	2014-04-08 06:00:38.527823+00	0		
3282	49069	4569098	842056	0	2014-04-30 04:01:26.795007+00	0		
2746	49069	4567921	845433	0	2014-05-03 04:00:23.598191+00	0		
17640	27098	15678492	2340645	0	2014-01-08 03:16:03.151166+00	0		
33729	27108	11901590	2824002	0	2014-12-25 06:01:01.523975+00	0		
33735	27108	16463285	2824523	0	2014-12-25 16:02:30.097752+00	0		
35038	27108	7706059	2891990	0	2015-01-16 01:14:25.203571+00	0		
3293	49069	4594299	842043	0	2015-01-11 11:05:13.691206+00	0		
34864	30361	17229700	2887378	0	2015-01-20 10:01:04.671338+00	0		
35373	27098	17329379	2900535	0	2015-01-21 13:20:14.981462+00	0		
2875	49069	4633551	842411	0	2015-01-14 04:02:44.726545+00	0		
3423	49069	4569567	842676	0	2015-01-14 07:00:55.774318+00	0		
35045	27108	7707394	2892001	0	2015-01-16 01:15:28.599871+00	0		
35062	27108	2792339	2892021	0	2015-01-16 01:17:31.563071+00	0		
35233	27098	17317329	2896534	0	2015-01-18 18:57:40.006065+00	0		
34632	27108	8968762	2886933	0	2015-01-20 03:01:26.849942+00	0		
34638	27108	8968768	2886939	0	2015-01-20 03:01:42.159957+00	0		
35502	27098	17338323	2903737	0	2015-01-23 13:34:55.039421+00	0		
35736	27098	17353741	2908693	0	2015-01-26 19:51:48.563378+00	0		
629	27098	4575237	491860	0	2011-05-16 16:31:52.155025+00	0		
598	27098	4575246	491860	0	2011-05-16 16:31:52.155025+00	0		
1236	27098	4582060	118907	0	2011-05-16 16:31:52.155025+00	0		
816	27098	4590056	11724	0	2011-05-16 16:31:52.155025+00	0		
911	27098	4590057	11725	0	2011-05-16 16:31:52.155025+00	0		
922	27098	4591452	11756	0	2011-05-16 16:31:52.155025+00	0		
2621	27098	4594146	838229	0	2011-05-16 16:31:52.155025+00	0		
35772	27108	17355816	2909316	0	2015-01-27 06:39:55.050886+00	0		
35779	27108	17355823	2909323	0	2015-01-27 06:44:43.682367+00	0		
35781	27108	17355825	2909324	0	2015-01-27 06:44:51.233039+00	0		
1784	27098	4595397	229905	0	2011-05-16 16:31:52.155025+00	0		
1897	27098	4595408	229905	0	2011-05-16 16:31:52.155025+00	0		
818	27098	4602755	11985	0	2011-05-16 16:31:52.155025+00	0		
955	27098	4605898	11973	0	2011-05-16 16:31:52.155025+00	0		
945	27098	4605900	11972	0	2011-05-16 16:31:52.155025+00	0		
917	27098	4607636	12010	0	2011-05-16 16:31:52.155025+00	0		
923	27098	4607637	12011	0	2011-05-16 16:31:52.155025+00	0		
1774	27098	4615792	58753	0	2011-05-16 16:31:52.155025+00	0		
960	27098	4617832	12164	0	2011-05-16 16:31:52.155025+00	0		
959	27098	4617833	12168	0	2011-05-16 16:31:52.155025+00	0		
962	27098	4617834	12165	0	2011-05-16 16:31:52.155025+00	0		
961	27098	4617835	12167	0	2011-05-16 16:31:52.155025+00	0		
1716	27098	4647941	210514	0	2011-05-16 16:31:52.155025+00	0		
913	27098	4682821	13257	0	2011-05-16 16:31:52.155025+00	0		
1290	27098	4691857	133152	0	2011-05-16 16:31:52.155025+00	0		
2914	49069	4567880	845445	0	2014-05-28 07:00:26.82447+00	0		
3775	49069	4674065	842357	0	2014-05-30 08:00:12.191444+00	0		
2798	49069	4568998	845440	0	2014-05-28 07:00:26.289544+00	0		
3224	49069	4569644	841843	0	2014-05-30 08:00:18.818648+00	0		
2973	49069	4693142	841732	0	2014-05-31 04:00:19.863633+00	0		
2967	49069	4693145	841738	0	2014-05-31 04:00:20.612999+00	0		
3582	49069	4569570	842679	0	2014-06-08 07:00:22.445021+00	0		
2526	49069	4598180	841634	0	2014-06-02 06:00:30.470214+00	0		
3645	49069	4594478	842690	0	2014-06-02 08:00:17.789598+00	0		
2561	49069	4626868	845031	0	2014-06-08 03:00:17.348664+00	0		
3246	49069	4569564	842670	0	2014-06-08 03:00:17.901489+00	0		
3307	49069	4673717	842105	0	2014-06-15 13:00:16.896367+00	0		
3058	49069	4569559	842659	0	2014-06-24 05:00:16.0663+00	0		
2864	49069	4569560	842660	0	2014-06-24 05:00:16.403439+00	0		
2779	49069	4569561	842663	0	2014-06-24 05:00:17.121972+00	0		
3267	49069	4569110	842068	0	2014-06-25 20:00:25.481051+00	0		
3798	49069	4594505	842279	0	2014-06-29 02:00:28.546399+00	0		
2585	49069	4569114	841653	0	2014-08-15 06:00:08.791647+00	0		
3251	49069	4594430	844595	0	2014-07-10 03:01:06.595897+00	0		
3565	49069	4569641	842266	0	2014-07-18 04:01:02.532794+00	0		
3631	49069	4569642	842271	0	2014-07-18 05:00:13.348327+00	0		
2846	49069	4569552	842643	0	2014-06-24 04:00:18.12801+00	0		
3679	49069	4569643	842274	0	2014-07-18 05:00:15.088434+00	0		
3966	49069	4673820	879115	0	2014-08-03 07:00:23.251929+00	0		
2583	49069	4569115	841654	0	2014-08-15 05:00:43.784013+00	0		
3804	27098	16325064	842276	0	2014-09-12 07:00:31.305047+00	0		
2596	49069	4594438	841696	0	2014-11-06 07:00:48.782259+00	0		
2965	49069	4594428	841757	0	2014-09-23 16:01:12.467835+00	0		
3009	27098	4693229	841690	0	2014-11-06 07:00:26.868206+00	0		
2598	27098	4693231	841691	0	2014-11-06 07:00:28.422704+00	0		
2597	27098	4693232	841693	0	2014-11-06 07:00:40.510255+00	0		
3419	49069	4549547	842435	0	2014-08-27 00:00:26.296337+00	0		
3007	27098	4693234	841694	0	2014-11-06 07:00:43.204114+00	0		
31842	27108	7969520	2767630	0	2014-11-18 01:13:19.003467+00	0		
3997	49069	4807439	842586	0	2014-11-21 05:00:32.635515+00	0		
33737	30361	17184097	2472798	0	2014-12-25 17:01:07.843055+00	0		
32216	27108	395535	2772550	0	2014-11-21 18:25:00.61133+00	0		
32527	27108	7900374	2779534	0	2014-11-26 16:09:31.966922+00	0		
33740	30361	17184097	2824563	0	2014-12-25 17:01:13.650805+00	0		
32679	27108	492252	2781132	0	2014-11-27 23:00:23.556939+00	0		
3053	49069	4594437	841803	0	2014-01-12 10:00:30.598035+00	0		
2905	49069	4693494	842412	0	2013-10-31 00:00:14.77452+00	0		
3240	49069	4674212	842431	0	2014-01-15 12:00:20.27721+00	0		
3203	49069	4693335	841793	0	2014-01-31 16:00:29.627334+00	0		
3056	49069	4584531	841800	0	2014-01-26 01:00:27.799455+00	0		
2560	49069	4673798	844495	0	2014-01-31 17:00:20.247239+00	0		
3319	49069	4693496	842420	0	2014-01-31 18:00:15.819649+00	0		
3318	49069	4674086	842094	0	2014-01-31 20:00:34.578755+00	0		
2921	49069	4693538	841647	0	2014-02-16 06:00:17.235411+00	0		
2970	49069	4693144	841735	0	2014-02-17 10:00:16.489792+00	0		
2601	49069	4633534	842602	0	2014-02-18 13:00:17.665627+00	0		
3130	49069	4633550	842410	0	2014-02-21 12:00:21.715107+00	0		
18772	27108	15786339	2389850	0	2014-03-01 11:00:14.836958+00	0		
18893	30361	15873879	2392225	0	2014-03-03 09:00:23.457205+00	0		
2672	49069	4569506	841671	0	2014-03-15 13:01:05.467367+00	0		
3038	49069	4594234	846223	0	2014-03-14 06:00:14.10433+00	0		
3021	49069	4569551	842641	0	2014-03-16 12:00:11.873303+00	0		
2636	49069	4569507	841672	0	2014-03-27 05:00:25.666673+00	0		
2634	49069	4569511	841673	0	2014-03-27 06:00:12.720013+00	0		
3019	49069	4569549	842646	0	2014-03-23 05:00:15.03496+00	0		
3073	49069	4633549	842409	0	2014-03-23 06:00:24.450133+00	0		
1403	49069	4627344	151835	0	2014-03-25 23:00:14.681441+00	0		
2674	49069	4569504	841668	0	2014-03-27 05:00:17.172495+00	0		
2854	49069	4594534	846217	0	2015-09-18 05:46:37.117285+00	0		
3295	49069	4682273	842041	0	2014-03-30 03:00:58.988443+00	0		
3323	49069	4569550	842688	0	2014-04-07 10:00:26.45557+00	0		
3294	49069	4682274	842042	0	2014-04-30 05:00:17.925342+00	0		
2920	49069	4693539	841648	0	2014-04-30 04:01:27.027188+00	0		
3199	49069	4693338	841797	0	2014-04-30 04:01:31.063921+00	0		
3186	49069	4594477	841775	0	2014-05-12 05:00:51.880029+00	0		
3617	49069	4569573	842684	0	2014-05-14 01:01:04.268556+00	0		
32922	27108	275678	2785475	0	2014-11-30 23:08:36.313401+00	0		
3844	27098	4709566	858708	0	2011-05-16 16:31:52.155025+00	0		
33730	27108	11901589	2824003	0	2014-12-25 06:01:03.591061+00	0		
33738	30361	17184097	2824561	0	2014-12-25 17:01:09.798158+00	0		
33739	30361	17184097	2824562	0	2014-12-25 17:01:11.747965+00	0		
947	27098	4781609	14925	0	2011-05-16 16:31:52.155025+00	0		
936	27098	4781611	14925	0	2011-05-16 16:31:52.155025+00	0		
935	27098	4798777	15198	0	2011-05-16 16:31:52.155025+00	0		
946	27098	4803581	15264	0	2011-05-16 16:31:52.155025+00	0		
1583	27098	4803605	193950	0	2011-05-16 16:31:52.155025+00	0		
35039	27108	766448	2891991	0	2015-01-16 01:14:30.814766+00	0		
35059	27108	2792336	2892017	0	2015-01-16 01:17:20.667048+00	0		
3118	49069	4693497	842422	0	2015-01-12 03:02:58.53973+00	0		
2946	49069	4693499	842425	0	2015-01-12 03:03:09.740338+00	0		
931	27098	4826022	15714	0	2011-05-16 16:31:52.155025+00	0		
3117	49069	4693498	842424	0	2015-01-12 03:03:17.846696+00	0		
3348	49069	4693500	842428	0	2015-01-12 03:03:28.498798+00	0		
2635	49069	4693501	842429	0	2015-01-12 04:00:21.324403+00	0		
2904	49069	4778867	842844	0	2015-01-14 06:01:03.292246+00	0		
34657	27108	4431532	2886969	0	2015-01-20 04:00:56.357646+00	0		
34704	27108	14399692	2887024	0	2015-01-20 04:03:32.839814+00	0		
34718	27108	14399707	2887038	0	2015-01-20 04:04:09.841485+00	0		
34720	27108	14399709	2887040	0	2015-01-20 04:04:15.331822+00	0		
2183	27098	4867473	770831	0	2011-05-16 16:31:52.155025+00	0		
2182	27098	4867474	770831	0	2011-05-16 16:31:52.155025+00	0		
1550	27098	4879485	170905	0	2011-05-16 16:31:52.155025+00	0		
978	27098	4881327	26142	0	2011-05-16 16:31:52.155025+00	0		
1292	27098	4888557	130917	0	2011-05-16 16:31:52.155025+00	0		
956	27098	4899055	17601	0	2011-05-16 16:31:52.155025+00	0		
957	27098	4899059	17602	0	2011-05-16 16:31:52.155025+00	0		
211	27098	4929125	615769	0	2011-05-16 16:31:52.155025+00	0		
1006	27098	4977853	58640	0	2011-05-16 16:31:52.155025+00	0		
14194	30361	12796139	1733447	0	2013-05-24 22:07:47.520637+00	0		
1676	27098	4995199	225283	0	2011-05-16 16:31:52.155025+00	0		
34866	30361	17229702	2887384	0	2015-01-20 10:01:21.595081+00	0		
35374	27098	17329391	2900544	0	2015-01-21 13:32:49.350141+00	0		
966	27098	5030832	20469	0	2011-05-16 16:31:52.155025+00	0		
965	27098	5073120	21835	0	2011-05-16 16:31:52.155025+00	0		
967	27098	5105402	22753	0	2011-05-16 16:31:52.155025+00	0		
968	27098	5105403	22754	0	2011-05-16 16:31:52.155025+00	0		
1647	27098	5148069	200112	0	2011-05-16 16:31:52.155025+00	0		
1645	27098	5148073	200115	0	2011-05-16 16:31:52.155025+00	0		
1644	27098	5148077	200116	0	2011-05-16 16:31:52.155025+00	0		
2178	27098	5196400	770831	0	2011-05-16 16:31:52.155025+00	0		
971	27098	5239334	25485	0	2011-05-16 16:31:52.155025+00	0		
3004	49069	4779314	841699	0	2014-05-29 00:00:34.20703+00	0		
3229	49069	4852470	841837	0	2014-05-30 09:00:30.473963+00	0		
3217	49069	4852474	841848	0	2014-05-30 09:00:33.531244+00	0		
3697	49069	5025302	842579	0	2015-01-14 02:00:22.629041+00	0		
3384	49069	4693502	842430	0	2015-01-14 02:01:34.82932+00	0		
3206	49069	4807600	841854	0	2014-05-30 08:00:17.802786+00	0		
3211	49069	4852473	841851	0	2014-05-30 08:00:22.965162+00	0		
3514	27098	4702525	844433	0	2015-03-19 21:50:13.532018+00	0		
2702	49069	4693334	841777	0	2014-05-31 03:00:42.974034+00	0		
2804	49069	5025012	841742	0	2014-05-31 05:00:17.996966+00	0		
2908	49069	4693699	844555	0	2014-06-01 10:06:23.57557+00	0		
2587	49069	4693541	841650	0	2014-06-02 06:00:29.322531+00	0		
2592	49069	4693536	841635	0	2014-06-02 07:00:14.088993+00	0		
2590	49069	4807428	841640	0	2014-06-02 07:00:20.527252+00	0		
2589	49069	4693537	841646	0	2014-06-02 07:00:25.989874+00	0		
2588	49069	4693540	841649	0	2014-06-02 07:00:27.957419+00	0		
3133	49069	4693696	844552	0	2014-06-08 03:00:15.079776+00	0		
2992	49069	4807601	841713	0	2014-06-09 04:00:30.006659+00	0		
2727	49069	4807380	843863	0	2014-06-09 05:00:24.632625+00	0		
3923	49069	4807572	843842	0	2014-06-09 18:00:25.159265+00	0		
3988	49069	4778663	842374	0	2014-06-15 11:00:29.915981+00	0		
34634	27108	8968764	2886935	0	2015-01-20 03:01:31.947554+00	0		
2964	49069	4807325	841758	0	2014-06-26 07:00:23.837736+00	0		
3173	49069	4693332	841788	0	2014-07-07 08:00:20.983809+00	0		
3182	49069	4852709	841779	0	2014-07-07 08:00:22.128134+00	0		
3003	49069	4693258	841702	0	2014-07-05 00:00:44.607516+00	0		
4061	49069	5004672	842593	0	2014-07-10 05:00:48.812402+00	0		
3006	27098	4693235	841695	0	2014-11-06 07:00:46.565911+00	0		
3202	49069	4693336	841794	0	2014-07-18 01:00:29.098255+00	0		
3200	49069	4693337	841796	0	2014-07-18 01:00:29.703248+00	0		
1100	27098	5248728	62626	0	2011-05-16 16:31:52.155025+00	0		
974	27098	5253461	25903	0	2011-05-16 16:31:52.155025+00	0		
1122	27098	5254279	81291	0	2011-05-16 16:31:52.155025+00	0		
1044	27098	5261354	51412	0	2011-05-16 16:31:52.155025+00	0		
972	27098	5290261	27676	0	2011-05-16 16:31:52.155025+00	0		
975	27098	5304737	28169	0	2011-05-16 16:31:52.155025+00	0		
992	27098	5313539	34421	0	2011-05-16 16:31:52.155025+00	0		
1524	27098	5328452	186344	0	2011-05-16 16:31:52.155025+00	0		
1220	27098	5334865	109981	0	2011-05-16 16:31:52.155025+00	0		
982	27098	5348139	31348	0	2011-05-16 16:31:52.155025+00	0		
2062	27098	5349431	494736	0	2011-05-16 16:31:52.155025+00	0		
1323	27098	5353253	146843	0	2011-05-16 16:31:52.155025+00	0		
1535	27098	5360814	186435	0	2011-05-16 16:31:52.155025+00	0		
1800	27098	5363466	246456	0	2011-05-16 16:31:52.155025+00	0		
991	27098	5370931	34421	0	2011-05-16 16:31:52.155025+00	0		
979	27098	5386066	32633	0	2011-05-16 16:31:52.155025+00	0		
987	27098	5413683	34524	0	2011-05-16 16:31:52.155025+00	0		
980	27098	5422092	34511	0	2011-05-16 16:31:52.155025+00	0		
1595	27098	5435536	186180	0	2011-05-16 16:31:52.155025+00	0		
1331	27098	5442961	146850	0	2011-05-16 16:31:52.155025+00	0		
1329	27098	5443029	146847	0	2011-05-16 16:31:52.155025+00	0		
1327	27098	5443031	146845	0	2011-05-16 16:31:52.155025+00	0		
1725	27098	5443293	210521	0	2011-05-16 16:31:52.155025+00	0		
759	27098	5456928	715118	0	2011-05-16 16:31:52.155025+00	0		
986	27098	5457389	36350	0	2011-05-16 16:31:52.155025+00	0		
984	27098	5457390	36352	0	2011-05-16 16:31:52.155025+00	0		
985	27098	5464155	36884	0	2011-05-16 16:31:52.155025+00	0		
990	27098	5464155	36885	0	2011-05-16 16:31:52.155025+00	0		
983	27098	5486893	37896	0	2011-05-16 16:31:52.155025+00	0		
1953	27098	5498657	243693	0	2011-05-16 16:31:52.155025+00	0		
1362	27098	5507426	146851	0	2011-05-16 16:31:52.155025+00	0		
993	27098	5528438	39904	0	2011-05-16 16:31:52.155025+00	0		
487	27098	5537569	507314	0	2011-05-16 16:31:52.155025+00	0		
994	27098	5545751	41213	0	2011-05-16 16:31:52.155025+00	0		
995	27098	5545752	41213	0	2011-05-16 16:31:52.155025+00	0		
996	27098	5545753	41213	0	2011-05-16 16:31:52.155025+00	0		
998	27098	5554513	41815	0	2011-05-16 16:31:52.155025+00	0		
7333	30361	13452843	1267956	0	2012-04-09 18:56:21.192613+00	0		
1001	27098	5555471	41890	0	2011-05-16 16:31:52.155025+00	0		
1000	27098	5558855	42352	0	2011-05-16 16:31:52.155025+00	0		
1090	27098	5559148	49468	0	2011-05-16 16:31:52.155025+00	0		
1002	27098	5561142	42541	0	2011-05-16 16:31:52.155025+00	0		
1026	27098	5561486	42574	0	2011-05-16 16:31:52.155025+00	0		
1024	27098	5561490	42575	0	2011-05-16 16:31:52.155025+00	0		
1022	27098	5561491	42576	0	2011-05-16 16:31:52.155025+00	0		
10189	30361	14058945	1499761	0	2012-10-19 22:00:19.137972+00	0		
3831	49069	5389583	842323	0	2014-01-26 01:00:29.267866+00	0		
3232	49069	4852511	841832	0	2014-01-31 18:00:15.748063+00	0		
2796	49069	4693677	844534	0	2014-01-31 21:00:41.019611+00	0		
3107	49069	4693694	844548	0	2014-02-24 08:00:27.349881+00	0		
3230	49069	4852503	841836	0	2014-02-08 07:00:20.694757+00	0		
2595	49069	5004857	841698	0	2014-03-04 10:00:39.61205+00	0		
3187	49069	4693836	841772	0	2014-03-13 03:00:38.129311+00	0		
3049	49069	4807574	841808	0	2014-03-14 14:00:28.465162+00	0		
2919	49069	4693543	841652	0	2014-03-15 08:00:15.59911+00	0		
4027	49069	5473068	842373	0	2014-03-16 10:00:30.719927+00	0		
3805	49069	4693813	842341	0	2014-03-21 02:00:21.744554+00	0		
2858	49069	4852710	841786	0	2014-03-23 07:00:55.570116+00	0		
3213	49069	4852471	841850	0	2014-03-29 15:00:49.534341+00	0		
3106	49069	4693695	844550	0	2014-04-20 23:00:13.857624+00	0		
3692	49069	4807440	879100	0	2014-04-26 05:00:47.859726+00	0		
1020	27098	5561492	42577	0	2011-05-16 16:31:52.155025+00	0		
1018	27098	5561495	42578	0	2011-05-16 16:31:52.155025+00	0		
1036	27098	5561567	42591	0	2011-05-16 16:31:52.155025+00	0		
1082	27098	5562869	42663	0	2011-05-16 16:31:52.155025+00	0		
1081	27098	5562974	42667	0	2011-05-16 16:31:52.155025+00	0		
1007	27098	5564183	42777	0	2011-05-16 16:31:52.155025+00	0		
1085	27098	5564186	42776	0	2011-05-16 16:31:52.155025+00	0		
1087	27098	5587389	44752	0	2011-05-16 16:31:52.155025+00	0		
1039	27098	5589428	44878	0	2011-05-16 16:31:52.155025+00	0		
1009	27098	5589429	44878	0	2011-05-16 16:31:52.155025+00	0		
1041	27098	5589430	44878	0	2011-05-16 16:31:52.155025+00	0		
139	27098	5594811	705809	0	2011-05-16 16:31:52.155025+00	0		
288	27098	5605622	629178	0	2011-05-16 16:31:52.155025+00	0		
1124	27098	5609230	78777	0	2011-05-16 16:31:52.155025+00	0		
248	27098	5609252	629176	0	2011-05-16 16:31:52.155025+00	0		
1094	27098	5609375	46798	0	2011-05-16 16:31:52.155025+00	0		
1051	27098	5609376	46799	0	2011-05-16 16:31:52.155025+00	0		
1062	27098	5612975	47125	0	2011-05-16 16:31:52.155025+00	0		
4979	30361	12887868	984633	0	2011-10-31 16:47:31.811806+00	0		
4966	30361	12885173	984199	0	2011-10-30 20:31:48.113092+00	0		
29	27098	5791631	653363	0	2013-08-05 17:01:34.78171+00	0		
4988	30361	12888220	984694	0	2011-10-31 19:00:29.618299+00	0		
1063	27098	5627142	55884	0	2011-05-16 16:31:52.155025+00	0		
1067	27098	5633044	48452	0	2011-05-16 16:31:52.155025+00	0		
1049	27098	5637435	48872	0	2011-05-16 16:31:52.155025+00	0		
1096	27098	5637436	48873	0	2011-05-16 16:31:52.155025+00	0		
1047	27098	5637437	48875	0	2011-05-16 16:31:52.155025+00	0		
1095	27098	5637438	48876	0	2011-05-16 16:31:52.155025+00	0		
1045	27098	5637439	48877	0	2011-05-16 16:31:52.155025+00	0		
1092	27098	5637472	48878	0	2011-05-16 16:31:52.155025+00	0		
1019	27098	5637473	48879	0	2011-05-16 16:31:52.155025+00	0		
596	27098	5639219	475603	0	2011-05-16 16:31:52.155025+00	0		
1086	27098	5644384	1102	0	2011-05-16 16:31:52.155025+00	0		
1013	27098	5644428	1102	0	2011-05-16 16:31:52.155025+00	0		
1016	27098	5644488	1102	0	2011-05-16 16:31:52.155025+00	0		
31844	27108	7969522	2767633	0	2014-11-18 01:14:30.491733+00	0		
33741	40073	16123445	2824564	0	2014-12-25 17:01:15.589789+00	0		
33731	27108	11900439	2824021	0	2014-12-25 06:01:53.393078+00	0		
1089	27098	5693521	52924	0	2011-05-16 16:31:52.155025+00	0		
716	27098	5696495	475603	0	2011-05-16 16:31:52.155025+00	0		
1098	27098	5728033	56797	0	2011-05-16 16:31:52.155025+00	0		
914	27098	5728052	56797	0	2011-05-16 16:31:52.155025+00	0		
1359	27098	5737040	146844	0	2011-05-16 16:31:52.155025+00	0		
1627	27098	5738506	192045	0	2011-05-16 16:31:52.155025+00	0		
1626	27098	5738509	192046	0	2011-05-16 16:31:52.155025+00	0		
656	27098	5755047	475603	0	2011-05-16 16:31:52.155025+00	0		
792	27098	5755048	475603	0	2011-05-16 16:31:52.155025+00	0		
1712	27098	5762799	210510	0	2011-05-16 16:31:52.155025+00	0		
1704	27098	5762799	212122	0	2011-05-16 16:31:52.155025+00	0		
1705	27098	5762863	212122	0	2011-05-16 16:31:52.155025+00	0		
1708	27098	5762863	212127	0	2011-05-16 16:31:52.155025+00	0		
1093	49069	5693652	13343	0	2014-06-25 20:00:25.157104+00	0		
3201	49069	5546370	841795	0	2014-07-18 01:00:29.476991+00	0		
3045	49069	5691895	841812	0	2014-08-19 04:00:16.17167+00	0		
3905	49069	5691873	842714	0	2014-08-13 06:00:19.288425+00	0		
3044	49069	5691896	841813	0	2014-08-19 04:00:18.737409+00	0		
3081	49069	5671579	845065	0	2014-08-30 06:00:59.948087+00	0		
1713	27098	5763070	210511	0	2011-05-16 16:31:52.155025+00	0		
1714	27098	5763179	210512	0	2011-05-16 16:31:52.155025+00	0		
1718	27098	5775038	210516	0	2011-05-16 16:31:52.155025+00	0		
1720	27098	5775088	210518	0	2011-05-16 16:31:52.155025+00	0		
1031	27098	5785988	62651	0	2011-05-16 16:31:52.155025+00	0		
17641	27108	15678492	2340645	0	2014-01-08 03:16:17.858049+00	0		
45	27098	5794469	580826	0	2011-05-16 16:31:52.155025+00	0		
10	27098	5794470	580826	0	2011-05-16 16:31:52.155025+00	0		
1724	27098	5798915	210520	0	2011-05-16 16:31:52.155025+00	0		
1726	27098	5798985	210522	0	2011-05-16 16:31:52.155025+00	0		
1700	27098	5799137	212113	0	2011-05-16 16:31:52.155025+00	0		
1701	27098	5799335	212116	0	2011-05-16 16:31:52.155025+00	0		
1702	27098	5799364	212119	0	2011-05-16 16:31:52.155025+00	0		
1104	27098	5799430	64525	0	2011-05-16 16:31:52.155025+00	0		
1710	27098	5799654	212141	0	2011-05-16 16:31:52.155025+00	0		
1699	27098	5799997	244891	0	2011-05-16 16:31:52.155025+00	0		
31845	27108	7969523	2767634	0	2014-11-18 01:15:04.080642+00	0		
3652	49069	5898326	845108	0	2014-11-21 06:00:20.525665+00	0		
2509	27098	5812827	825840	0	2011-05-16 16:31:52.155025+00	0		
855	27098	5831245	68303	0	2011-05-16 16:31:52.155025+00	0		
1033	27098	5831246	68305	0	2011-05-16 16:31:52.155025+00	0		
1361	27098	5832995	146848	0	2011-05-16 16:31:52.155025+00	0		
989	27098	5857870	72064	0	2011-05-16 16:31:52.155025+00	0		
1027	27098	5857871	72065	0	2011-05-16 16:31:52.155025+00	0		
1042	27098	5870857	73534	0	2011-05-16 16:31:52.155025+00	0		
1112	27098	5870858	73536	0	2011-05-16 16:31:52.155025+00	0		
1037	27098	5880258	74677	0	2011-05-16 16:31:52.155025+00	0		
1117	27098	5886356	79177	0	2011-05-16 16:31:52.155025+00	0		
3590	49069	5898340	845107	0	2014-11-21 06:00:30.512436+00	0		
1575	27098	5889144	186471	0	2011-05-16 16:31:52.155025+00	0		
32217	27108	395536	2772553	0	2014-11-21 18:25:44.041195+00	0		
33742	30361	17184649	2824601	0	2014-12-25 19:00:42.315852+00	0		
33732	27108	6573707	2824026	0	2014-12-25 06:02:02.121121+00	0		
33743	27100	17184649	2824600	0	2014-12-25 19:00:44.224644+00	0		
3101	49069	5901414	842413	0	2015-01-12 03:02:22.455556+00	0		
35375	27098	17329413	2900574	0	2015-01-21 14:01:13.863972+00	0		
35040	27108	766449	2891993	0	2015-01-16 01:14:54.788614+00	0		
35041	27108	766450	2891995	0	2015-01-16 01:15:02.410726+00	0		
35235	27098	14394946	2896590	0	2015-01-18 19:27:05.887221+00	0		
5170	27108	12953764	993479	0	2011-11-18 03:33:39.053866+00	0		
3724	49069	5899340	842692	0	2013-04-14 08:00:09.497426+00	0		
13632	27108	14836099	1677531	0	2013-04-27 22:00:25.22107+00	0		
13704	27108	14860895	1685980	0	2013-04-28 21:45:07.071423+00	0		
3661	49069	5692363	842091	0	2014-01-31 04:00:13.218249+00	0		
2972	49069	5693612	841733	0	2014-01-31 15:00:17.126056+00	0		
2895	49069	5669580	842637	0	2014-01-31 16:00:31.434885+00	0		
2704	49069	5897948	841743	0	2014-01-31 20:00:16.251573+00	0		
3649	49069	5692364	844466	0	2014-02-08 07:00:21.604906+00	0		
3262	49069	5898534	842071	0	2014-03-24 02:00:36.727374+00	0		
34635	27108	8968765	2886936	0	2015-01-20 03:01:34.339624+00	0		
3399	49069	5691875	842115	0	2014-03-08 09:00:14.435367+00	0		
34867	30361	17229703	2887389	0	2015-01-20 10:01:34.801252+00	0		
1388	49069	5800906	151825	0	2014-03-14 05:00:15.403278+00	0		
3671	49069	5899410	842079	0	2014-03-23 05:00:24.39975+00	0		
399	49069	5899390	647876	0	2014-03-28 01:00:16.114927+00	0		
3672	49069	5898396	842077	0	2014-04-04 03:00:37.183614+00	0		
3555	49069	5897891	845122	0	2014-04-10 03:00:14.325898+00	0		
405	27098	5903607	265873	0	2011-05-16 16:31:52.155025+00	0		
1118	27098	5915702	4511	0	2011-05-16 16:31:52.155025+00	0		
1120	27098	5952335	89122	0	2011-05-16 16:31:52.155025+00	0		
100	27098	5955052	705801	0	2011-05-16 16:31:52.155025+00	0		
1119	27098	5957667	86394	0	2011-05-16 16:31:52.155025+00	0		
1127	27098	6002246	92654	0	2011-05-16 16:31:52.155025+00	0		
1107	27098	6003096	675455	0	2011-05-16 16:31:52.155025+00	0		
1123	27098	6014365	94019	0	2011-05-16 16:31:52.155025+00	0		
1139	27098	6034521	116245	0	2011-05-16 16:31:52.155025+00	0		
1131	27098	6041594	98413	0	2011-05-16 16:31:52.155025+00	0		
1048	27098	6061000	101439	0	2011-05-16 16:31:52.155025+00	0		
1128	27098	6061885	70330	0	2011-05-16 16:31:52.155025+00	0		
1656	27098	6065168	198715	0	2011-05-16 16:31:52.155025+00	0		
1134	27098	6068328	102581	0	2011-05-16 16:31:52.155025+00	0		
1133	27098	6080100	104283	0	2011-05-16 16:31:52.155025+00	0		
1252	27098	6101909	125519	0	2011-05-16 16:31:52.155025+00	0		
517	27098	6105276	403486	0	2011-05-16 16:31:52.155025+00	0		
482	27098	6105277	403482	0	2011-05-16 16:31:52.155025+00	0		
558	27098	6105278	403487	0	2011-05-16 16:31:52.155025+00	0		
1157	27098	6105279	107680	0	2011-05-16 16:31:52.155025+00	0		
1167	27098	6107303	107938	0	2011-05-16 16:31:52.155025+00	0		
1148	27098	6111333	108522	0	2011-05-16 16:31:52.155025+00	0		
1160	27098	6111358	108527	0	2011-05-16 16:31:52.155025+00	0		
1150	27098	6111361	108528	0	2011-05-16 16:31:52.155025+00	0		
1158	27098	6121711	109514	0	2011-05-16 16:31:52.155025+00	0		
1663	27098	6127320	200125	0	2011-05-16 16:31:52.155025+00	0		
1662	27098	6127324	200126	0	2011-05-16 16:31:52.155025+00	0		
1602	27098	6127682	186186	0	2011-05-16 16:31:52.155025+00	0		
1136	27098	6127853	110016	0	2011-05-16 16:31:52.155025+00	0		
12	27098	6133777	345227	0	2011-05-16 16:31:52.155025+00	0		
48	27098	6133778	345227	0	2011-05-16 16:31:52.155025+00	0		
1655	27098	6135874	198717	0	2011-05-16 16:31:52.155025+00	0		
1654	27098	6136027	198717	0	2011-05-16 16:31:52.155025+00	0		
1653	27098	6136030	198717	0	2011-05-16 16:31:52.155025+00	0		
1651	27098	6136036	198717	0	2011-05-16 16:31:52.155025+00	0		
1224	27098	6138398	111531	0	2011-05-16 16:31:52.155025+00	0		
1151	27098	6138399	111532	0	2011-05-16 16:31:52.155025+00	0		
1168	27098	6138401	111534	0	2011-05-16 16:31:52.155025+00	0		
1052	27098	6138845	112021	0	2011-05-16 16:31:52.155025+00	0		
1143	27098	6138846	112023	0	2011-05-16 16:31:52.155025+00	0		
1161	27098	6138847	112024	0	2011-05-16 16:31:52.155025+00	0		
1145	27098	6138848	112025	0	2011-05-16 16:31:52.155025+00	0		
1179	27098	6138849	112026	0	2011-05-16 16:31:52.155025+00	0		
1389	49069	5800905	151823	0	2014-05-30 05:00:26.002215+00	0		
1418	49069	5804651	151830	0	2014-05-30 07:00:16.306319+00	0		
4047	49069	5897266	844493	0	2014-05-31 03:00:43.242958+00	0		
1391	49069	5804650	151829	0	2014-06-01 01:00:22.548405+00	0		
3350	49069	5899341	843799	0	2014-06-12 05:00:15.794528+00	0		
3313	49069	5897475	842099	0	2014-06-15 13:00:14.503517+00	0		
3321	49069	5898229	842700	0	2014-06-23 16:00:40.713504+00	0		
2989	49069	5901669	841716	0	2014-06-24 07:00:16.678247+00	0		
3531	49069	5898075	842242	0	2014-07-01 05:00:13.508406+00	0		
3853	49069	5898125	842304	0	2014-08-03 07:00:20.870842+00	0		
3490	49069	5901383	842202	0	2014-08-15 00:00:19.227933+00	0		
3489	49069	5898267	842204	0	2014-08-15 00:00:19.27421+00	0		
1156	27098	6138850	112027	0	2011-05-16 16:31:52.155025+00	0		
1181	27098	6138851	112028	0	2011-05-16 16:31:52.155025+00	0		
1182	27098	6138852	112029	0	2011-05-16 16:31:52.155025+00	0		
1183	27098	6142950	112030	0	2011-05-16 16:31:52.155025+00	0		
1184	27098	6142951	112031	0	2011-05-16 16:31:52.155025+00	0		
1185	27098	6142952	112032	0	2011-05-16 16:31:52.155025+00	0		
1186	27098	6142953	112033	0	2011-05-16 16:31:52.155025+00	0		
1187	27098	6142954	112034	0	2011-05-16 16:31:52.155025+00	0		
1188	27098	6142955	112035	0	2011-05-16 16:31:52.155025+00	0		
1189	27098	6142956	112036	0	2011-05-16 16:31:52.155025+00	0		
1190	27098	6142957	112037	0	2011-05-16 16:31:52.155025+00	0		
1199	27098	6143216	112397	0	2011-05-16 16:31:52.155025+00	0		
1200	27098	6143217	112398	0	2011-05-16 16:31:52.155025+00	0		
1201	27098	6143218	112399	0	2011-05-16 16:31:52.155025+00	0		
1202	27098	6143219	112400	0	2011-05-16 16:31:52.155025+00	0		
1203	27098	6143220	112401	0	2011-05-16 16:31:52.155025+00	0		
1204	27098	6143221	112402	0	2011-05-16 16:31:52.155025+00	0		
1205	27098	6143222	112403	0	2011-05-16 16:31:52.155025+00	0		
1206	27098	6143223	112404	0	2011-05-16 16:31:52.155025+00	0		
1207	27098	6143471	112406	0	2011-05-16 16:31:52.155025+00	0		
1208	27098	6143472	112407	0	2011-05-16 16:31:52.155025+00	0		
1209	27098	6143473	112408	0	2011-05-16 16:31:52.155025+00	0		
1210	27098	6143474	112409	0	2011-05-16 16:31:52.155025+00	0		
1211	27098	6143475	112410	0	2011-05-16 16:31:52.155025+00	0		
1212	27098	6143476	112411	0	2011-05-16 16:31:52.155025+00	0		
1213	27098	6143477	112412	0	2011-05-16 16:31:52.155025+00	0		
1214	27098	6143478	112413	0	2011-05-16 16:31:52.155025+00	0		
1215	27098	6143479	112414	0	2011-05-16 16:31:52.155025+00	0		
1164	27098	6145866	110899	0	2011-05-16 16:31:52.155025+00	0		
1163	27098	6145867	110899	0	2011-05-16 16:31:52.155025+00	0		
1152	27098	6166041	115281	0	2011-05-16 16:31:52.155025+00	0		
31846	27108	7969524	2767637	0	2014-11-18 01:15:38.50019+00	0		
33744	27100	17185111	2824669	0	2014-12-25 20:00:13.200799+00	0		
1135	27098	6171647	44627	0	2011-05-16 16:31:52.155025+00	0		
150	27098	6172633	275601	0	2011-05-16 16:31:52.155025+00	0		
1165	27098	6172975	116244	0	2011-05-16 16:31:52.155025+00	0		
1230	27098	6181154	117220	0	2011-05-16 16:31:52.155025+00	0		
1229	27098	6181163	117221	0	2011-05-16 16:31:52.155025+00	0		
1878	27098	6184123	242540	0	2011-05-16 16:31:52.155025+00	0		
541	27098	6185695	636938	0	2011-05-16 16:31:52.155025+00	0		
538	27098	6185775	636939	0	2011-05-16 16:31:52.155025+00	0		
976	27098	6187413	117903	0	2011-05-16 16:31:52.155025+00	0		
1180	27098	6187415	117905	0	2011-05-16 16:31:52.155025+00	0		
1166	27098	6195764	119009	0	2011-05-16 16:31:52.155025+00	0		
1304	27098	6197228	144589	0	2011-05-16 16:31:52.155025+00	0		
10190	27098	14022754	1499785	0	2012-10-05 23:43:24.026425+00	0		
1231	27098	6209701	120180	0	2011-05-16 16:31:52.155025+00	0		
1225	27098	6211901	120366	0	2011-05-16 16:31:52.155025+00	0		
1247	27098	6212534	120480	0	2011-05-16 16:31:52.155025+00	0		
1125	27098	6215951	120834	0	2011-05-16 16:31:52.155025+00	0		
1227	27098	6219557	119502	0	2011-05-16 16:31:52.155025+00	0		
1250	27098	6223828	124924	0	2011-05-16 16:31:52.155025+00	0		
1556	27098	6225795	186343	0	2011-05-16 16:31:52.155025+00	0		
1239	27098	6229134	121945	0	2011-05-16 16:31:52.155025+00	0		
171	27098	6229958	615768	0	2011-05-16 16:31:52.155025+00	0		
243	27098	6229964	615771	0	2011-05-16 16:31:52.155025+00	0		
1246	27098	6231524	122136	0	2011-05-16 16:31:52.155025+00	0		
1249	27098	6234237	122403	0	2011-05-16 16:31:52.155025+00	0		
1237	27098	6234238	122403	0	2011-05-16 16:31:52.155025+00	0		
1248	27098	6238537	122760	0	2011-05-16 16:31:52.155025+00	0		
34637	27108	8968767	2886938	0	2015-01-20 03:01:39.502085+00	0		
1241	27098	6255201	124834	0	2011-05-16 16:31:52.155025+00	0		
1571	27098	6255488	186462	0	2011-05-16 16:31:52.155025+00	0		
1270	27098	6255780	124531	0	2011-05-16 16:31:52.155025+00	0		
1251	27098	6255781	124531	0	2011-05-16 16:31:52.155025+00	0		
1256	27098	6255782	124530	0	2011-05-16 16:31:52.155025+00	0		
1271	27098	6265626	125519	0	2011-05-16 16:31:52.155025+00	0		
1254	27098	6265627	125519	0	2011-05-16 16:31:52.155025+00	0		
1255	27098	6269422	125807	0	2011-05-16 16:31:52.155025+00	0		
1775	27098	6296430	246880	0	2011-05-16 16:31:52.155025+00	0		
1969	27098	6296431	246880	0	2011-05-16 16:31:52.155025+00	0		
1891	27098	6296432	246880	0	2011-05-16 16:31:52.155025+00	0		
1277	27098	6297171	128962	0	2011-05-16 16:31:52.155025+00	0		
916	27098	6303648	508639	0	2011-05-16 16:31:52.155025+00	0		
1288	27098	6306600	130322	0	2011-05-16 16:31:52.155025+00	0		
1283	27098	6348904	135727	0	2011-05-16 16:31:52.155025+00	0		
33733	27108	15664582	2824031	0	2014-12-25 06:02:06.434116+00	0		
4056	49069	6168548	842380	0	2014-03-23 05:00:24.870388+00	0		
3732	49069	6110708	842253	0	2014-03-23 06:00:21.745432+00	0		
3239	49069	6375834	841815	0	2014-03-26 23:00:59.51936+00	0		
3482	49069	6168546	842211	0	2014-05-07 05:00:52.927901+00	0		
11558	30361	13695867	1577040	0	2013-01-03 19:37:36.506714+00	0		
1299	27098	6391297	140413	0	2011-05-16 16:31:52.155025+00	0		
1310	27098	6391357	140420	0	2011-05-16 16:31:52.155025+00	0		
1315	27098	6391358	140420	0	2011-05-16 16:31:52.155025+00	0		
1316	27098	6391359	140420	0	2011-05-16 16:31:52.155025+00	0		
1317	27098	6391360	140420	0	2011-05-16 16:31:52.155025+00	0		
1319	27098	6392057	140476	0	2011-05-16 16:31:52.155025+00	0		
1320	27098	6392058	140477	0	2011-05-16 16:31:52.155025+00	0		
1318	27098	6392059	140475	0	2011-05-16 16:31:52.155025+00	0		
