25256	27065	153812	178682	0	2011-05-16 16:08:20.288158+00	0		
24625	27065	166623	2565982	0	2011-05-16 16:08:20.288158+00	0		
5218	27067	6484142	179450	0	2011-10-30 17:00:15.577682+00	0		
25100	27065	178555	6792954	0	2011-05-16 16:08:20.288158+00	0		
25019	27065	178556	153811	0	2011-05-16 16:08:20.288158+00	0		
28752	27065	178561	6792949	0	2011-05-16 16:08:20.288158+00	0		
12380	27065	191527	8277078	0	2011-05-16 16:08:20.288158+00	0		
12458	27065	191528	8277079	0	2011-05-16 16:08:20.288158+00	0		
12532	27065	191529	8277080	0	2011-05-16 16:08:20.288158+00	0		
12606	27065	191530	8277081	0	2011-05-16 16:08:20.288158+00	0		
12605	27065	191531	8277082	0	2011-05-16 16:08:20.288158+00	0		
12677	27065	191532	8277083	0	2011-05-16 16:08:20.288158+00	0		
12829	27065	191533	8277084	0	2011-05-16 16:08:20.288158+00	0		
12903	27065	191534	8277085	0	2011-05-16 16:08:20.288158+00	0		
12978	27065	191535	8277086	0	2011-05-16 16:08:20.288158+00	0		
13053	27065	191536	8277087	0	2011-05-16 16:08:20.288158+00	0		
13199	27065	191537	8277189	0	2011-05-16 16:08:20.288158+00	0		
13270	27065	191538	8277190	0	2011-05-16 16:08:20.288158+00	0		
13434	27065	191539	8277191	0	2011-05-16 16:08:20.288158+00	0		
14972	27065	191540	8277192	0	2011-05-16 16:08:20.288158+00	0		
13595	27065	191541	8277193	0	2011-05-16 16:08:20.288158+00	0		
13680	27065	191542	8277194	0	2011-05-16 16:08:20.288158+00	0		
13778	27065	191543	8277195	0	2011-05-16 16:08:20.288158+00	0		
13776	27065	191544	8277196	0	2011-05-16 16:08:20.288158+00	0		
13872	27065	191545	8277197	0	2011-05-16 16:08:20.288158+00	0		
13961	27065	191546	8277198	0	2011-05-16 16:08:20.288158+00	0		
15378	27065	191547	8277392	0	2011-05-16 16:08:20.288158+00	0		
14132	27065	191548	8277393	0	2011-05-16 16:08:20.288158+00	0		
1418	27065	240501	393044	0	2011-05-16 16:08:20.288158+00	0		
26432	27065	242574	252870	0	2011-05-16 16:08:20.288158+00	0		
26667	27065	242576	252871	0	2011-05-16 16:08:20.288158+00	0		
32891	27065	249911	6340027	0	2011-05-16 16:08:20.288158+00	0		
1514	27065	250629	393042	0	2011-05-16 16:08:20.288158+00	0		
32466	27065	252928	10652882	0	2011-05-16 16:08:20.288158+00	0		
32639	27065	252930	10652884	0	2011-05-16 16:08:20.288158+00	0		
32740	27065	252931	10652885	0	2011-05-16 16:08:20.288158+00	0		
32467	27065	252932	10652886	0	2011-05-16 16:08:20.288158+00	0		
32741	27065	252943	10652890	0	2011-05-16 16:08:20.288158+00	0		
32546	27065	252944	10652891	0	2011-05-16 16:08:20.288158+00	0		
32469	27065	252945	10652892	0	2011-05-16 16:08:20.288158+00	0		
28875	27065	530771	6858805	0	2013-01-12 03:00:40.722254+00	0		
9749	27065	271318	5295888	0	2011-05-16 16:08:20.288158+00	0		
61915	27066	11751918	13730862	0	2014-11-17 23:09:58.630498+00	0		
15762	27065	279545	219076	0	2011-05-16 16:08:20.288158+00	0		
35694	27067	6264775	2004963	0	2011-12-01 03:00:14.72239+00	0		
6121	27065	315445	11281530	0	2011-05-16 16:08:20.288158+00	0		
322	27065	387206	11589467	0	2011-05-16 16:08:20.288158+00	0		
31022	27065	387207	11589468	0	2011-05-16 16:08:20.288158+00	0		
406	27065	387208	11589469	0	2011-05-16 16:08:20.288158+00	0		
565	27065	387210	11589471	0	2011-05-16 16:08:20.288158+00	0		
6179	27065	457186	11281531	0	2011-05-16 16:08:20.288158+00	0		
6122	27065	457189	11281534	0	2011-05-16 16:08:20.288158+00	0		
6330	27065	457191	11281536	0	2011-05-16 16:08:20.288158+00	0		
6262	27065	457196	11281541	0	2011-05-16 16:08:20.288158+00	0		
6571	27065	457197	11281542	0	2011-05-16 16:08:20.288158+00	0		
7140	27065	460610	367313	0	2011-05-16 16:08:20.288158+00	0		
7389	27065	460613	367319	0	2011-05-16 16:08:20.288158+00	0		
7470	27065	460614	764432	0	2011-05-16 16:08:20.288158+00	0		
7545	27065	460615	764433	0	2011-05-16 16:08:20.288158+00	0		
7626	27065	460616	764436	0	2011-05-16 16:08:20.288158+00	0		
29091	27065	488859	1536703	0	2011-05-16 16:08:20.288158+00	0		
45206	27065	14484671	576494	0	2013-01-24 20:23:00.58024+00	0		
29826	27065	555070	618854	0	2011-05-16 16:08:20.288158+00	0		
2206	27065	577145	292668	0	2011-05-16 16:08:20.288158+00	0		
8729	27065	587066	7544889	0	2011-05-16 16:08:20.288158+00	0		
30640	27065	644929	3203601	0	2011-05-16 16:08:20.288158+00	0		
23798	27065	723157	606405	0	2011-05-16 16:08:20.288158+00	0		
23874	27065	723158	606406	0	2011-05-16 16:08:20.288158+00	0		
7909	27065	723159	606407	0	2011-05-16 16:08:20.288158+00	0		
26237	27065	794134	1294656	0	2011-05-16 16:08:20.288158+00	0		
26120	27065	794140	1139502	0	2011-05-16 16:08:20.288158+00	0		
26166	27065	794141	1139503	0	2011-05-16 16:08:20.288158+00	0		
26918	27065	242581	252867	0	2011-11-21 04:00:11.171993+00	0		
20136	27065	932161	1692826	0	2011-05-16 16:08:20.288158+00	0		
20200	27065	932162	1692827	0	2011-05-16 16:08:20.288158+00	0		
31652	27065	951459	11962223	0	2011-05-16 16:08:20.288158+00	0		
17423	27065	1306812	267286	0	2011-05-16 16:08:20.288158+00	0		
17905	27065	1306822	267296	0	2011-05-16 16:08:20.288158+00	0		
28804	27065	530772	6858885	0	2013-01-12 03:00:42.284537+00	0		
23663	27065	1422069	7469086	0	2011-05-16 16:08:20.288158+00	0		
17206	27065	1551674	8037590	0	2011-05-16 16:08:20.288158+00	0		
17207	27065	1551675	8037587	0	2011-05-16 16:08:20.288158+00	0		
31657	27065	1559072	11962223	0	2011-05-16 16:08:20.288158+00	0		
31482	27065	1643163	11962190	0	2011-05-16 16:08:20.288158+00	0		
17011	27065	1804884	1804800	0	2011-05-16 16:08:20.288158+00	0		
16936	27065	1804885	5994114	0	2011-05-16 16:08:20.288158+00	0		
17086	27065	1804886	5994124	0	2011-05-16 16:08:20.288158+00	0		
17241	27065	1804891	1804807	0	2011-05-16 16:08:20.288158+00	0		
16731	27065	1813170	953	0	2011-05-16 16:08:20.288158+00	0		
53558	27067	8824274	7101190	0	2014-01-14 02:00:13.81184+00	0		
31653	27065	1872518	11962223	0	2011-05-16 16:08:20.288158+00	0		
45397	27065	14487908	307663	0	2013-02-08 18:00:43.285845+00	0		
4545	27065	378223	311333	0	2012-04-21 20:05:18.045364+00	0		
11664	27065	85958	8483343	0	2013-07-29 10:00:43.438359+00	0		
11744	27065	85968	8483348	0	2013-07-29 14:00:22.830137+00	0		
32545	27065	252933	10652887	0	2012-05-12 12:07:36.376178+00	0		
9776	27065	271327	5295894	0	2012-05-23 21:08:00.707775+00	0		
11398	27065	8569556	4036538	0	2014-08-13 18:00:22.81417+00	0		
2289	27065	240505	292664	0	2014-09-12 22:00:49.918124+00	0		
61913	27066	11751918	8119265	0	2015-01-27 23:01:49.657956+00	0		
31700	27065	10993226	13964671	0	2015-02-07 05:02:06.621643+00	0		
9849	27065	271325	10653160	0	2012-05-23 21:08:01.400435+00	0		
9691	27065	271328	10653126	0	2012-05-23 21:08:02.855577+00	0		
9981	27065	271321	10653122	0	2012-05-23 21:08:03.528015+00	0		
4624	27065	378227	253652	0	2015-06-11 00:03:24.71742+00	0		
20408	27065	10790	837363	0	2015-07-27 18:02:21.317875+00	0		
7180	27065	1180198	10194538	0	2015-10-03 11:02:26.967572+00	0		
32016	27065	1814195	2752757	0	2015-09-02 02:01:25.483064+00	0		
7178	27065	1180199	10194537	0	2015-10-03 11:02:27.415418+00	0		
9619	27065	271329	10653127	0	2012-05-23 21:08:04.672822+00	0		
26250	27065	1405175	7027018	0	2012-05-28 22:00:24.964291+00	0		
42761	27067	3269905	14156006	0	2012-11-13 20:43:26.238465+00	0		
26849	27065	1981261	2526871	0	2011-05-16 16:08:20.288158+00	0		
28886	27065	1999809	6862327	0	2011-05-16 16:08:20.288158+00	0		
28927	27065	1999810	6862302	0	2011-05-16 16:08:20.288158+00	0		
28928	27065	1999811	6862332	0	2011-05-16 16:08:20.288158+00	0		
7762	27065	2033938	11517417	0	2011-05-16 16:08:20.288158+00	0		
7842	27065	2033940	11517418	0	2011-05-16 16:08:20.288158+00	0		
7928	27065	2033942	9228765	0	2011-05-16 16:08:20.288158+00	0		
7764	27065	2033944	11517439	0	2011-05-16 16:08:20.288158+00	0		
11907	27065	2033950	11519371	0	2011-05-16 16:08:20.288158+00	0		
8549	27065	2033956	1132525	0	2011-05-16 16:08:20.288158+00	0		
8719	27065	2033958	901150	0	2011-05-16 16:08:20.288158+00	0		
8956	27065	2033959	7758925	0	2011-05-16 16:08:20.288158+00	0		
4312	27065	2193220	2243341	0	2011-05-16 16:08:20.288158+00	0		
18285	27065	2221485	2189069	0	2011-05-16 16:08:20.288158+00	0		
1664	27065	2229748	9772319	0	2011-05-16 16:08:20.288158+00	0		
1834	27065	2229749	9772025	0	2011-05-16 16:08:20.288158+00	0		
23866	27065	2229750	9772027	0	2011-05-16 16:08:20.288158+00	0		
2086	27065	2229751	9772029	0	2011-05-16 16:08:20.288158+00	0		
2179	27065	2229752	4803780	0	2011-05-16 16:08:20.288158+00	0		
2177	27065	2229753	4803781	0	2011-05-16 16:08:20.288158+00	0		
2261	27065	2229755	9772351	0	2011-05-16 16:08:20.288158+00	0		
1663	27065	2229756	9061699	0	2011-05-16 16:08:20.288158+00	0		
2175	27065	2229758	9061706	0	2011-05-16 16:08:20.288158+00	0		
1918	27065	2229759	9061704	0	2011-05-16 16:08:20.288158+00	0		
2339	27065	2229760	9772354	0	2011-05-16 16:08:20.288158+00	0		
2438	27065	2229761	9772355	0	2011-05-16 16:08:20.288158+00	0		
23864	27065	2229762	5558244	0	2011-05-16 16:08:20.288158+00	0		
2537	27065	2229763	5558247	0	2011-05-16 16:08:20.288158+00	0		
2618	27065	2229764	9772339	0	2011-05-16 16:08:20.288158+00	0		
29373	27065	2235321	1145705	0	2011-05-16 16:08:20.288158+00	0		
29323	27065	2235323	1237381	0	2011-05-16 16:08:20.288158+00	0		
29318	27065	2235325	2390454	0	2011-05-16 16:08:20.288158+00	0		
29314	27065	2235326	448237	0	2011-05-16 16:08:20.288158+00	0		
29310	27065	2235327	3563897	0	2011-05-16 16:08:20.288158+00	0		
29309	27065	2235328	3329716	0	2011-05-16 16:08:20.288158+00	0		
29307	27065	2235329	4347534	0	2011-05-16 16:08:20.288158+00	0		
29306	27065	2235330	1020789	0	2011-05-16 16:08:20.288158+00	0		
29305	27065	2235331	199351	0	2011-05-16 16:08:20.288158+00	0		
29821	27065	2235447	3088326	0	2011-05-16 16:08:20.288158+00	0		
29819	27065	2235449	5781534	0	2011-05-16 16:08:20.288158+00	0		
29238	27065	2235450	3558350	0	2011-05-16 16:08:20.288158+00	0		
29367	27065	2235452	1042714	0	2011-05-16 16:08:20.288158+00	0		
29433	27065	2235453	2274608	0	2011-05-16 16:08:20.288158+00	0		
29398	27065	2235457	1292326	0	2011-05-16 16:08:20.288158+00	0		
29396	27065	2235458	432267	0	2011-05-16 16:08:20.288158+00	0		
38147	27067	9156802	9156801	0	2012-04-23 06:00:06.200811+00	0		
29371	27065	2235322	7567389	0	2012-01-14 22:00:07.566282+00	0		
31658	27065	2562784	11962223	0	2011-05-16 16:08:20.288158+00	0		
7616	27065	2563621	1294662	0	2011-05-16 16:08:20.288158+00	0		
17588	27065	2612052	267288	0	2011-05-16 16:08:20.288158+00	0		
17673	27065	2612053	267289	0	2011-05-16 16:08:20.288158+00	0		
17504	27065	2612054	267290	0	2011-05-16 16:08:20.288158+00	0		
17590	27065	2612055	267291	0	2011-05-16 16:08:20.288158+00	0		
17756	27065	2612056	267292	0	2011-05-16 16:08:20.288158+00	0		
17825	27065	2612057	267293	0	2011-05-16 16:08:20.288158+00	0		
17591	27065	2612058	267294	0	2011-05-16 16:08:20.288158+00	0		
17505	27065	2612059	267295	0	2011-05-16 16:08:20.288158+00	0		
26255	27065	2780863	10243162	0	2014-03-14 16:00:32.208758+00	0		
30586	27065	2770720	644928	0	2011-05-16 16:08:20.288158+00	0		
29319	27065	2235324	175698	0	2012-11-18 04:00:26.478572+00	0		
12710	27065	2962886	2129241	0	2011-05-16 16:08:20.288158+00	0		
12709	27065	2962887	2129242	0	2011-05-16 16:08:20.288158+00	0		
12780	27065	2962888	2129243	0	2011-05-16 16:08:20.288158+00	0		
16352	27065	3175642	8277670	0	2011-05-16 16:08:20.288158+00	0		
16415	27065	3175643	8277671	0	2011-05-16 16:08:20.288158+00	0		
16486	27065	3175644	8277672	0	2011-05-16 16:08:20.288158+00	0		
16556	27065	3175645	8277673	0	2011-05-16 16:08:20.288158+00	0		
16619	27065	3175646	8277674	0	2011-05-16 16:08:20.288158+00	0		
16685	27065	3175647	8277675	0	2011-05-16 16:08:20.288158+00	0		
16751	27065	3175648	8277676	0	2011-05-16 16:08:20.288158+00	0		
16823	27065	3175649	8277677	0	2011-05-16 16:08:20.288158+00	0		
16895	27065	3175650	8277678	0	2011-05-16 16:08:20.288158+00	0		
9824	27065	3226526	5295890	0	2011-05-16 16:08:20.288158+00	0		
2608	27065	3226535	5295901	0	2013-02-04 23:00:38.77936+00	0		
14231	27065	2453448	8940550	0	2011-11-17 09:00:12.346132+00	0		
30803	27065	3505979	7454296	0	2011-05-16 16:08:20.288158+00	0		
2366	27065	3607459	5067897	0	2011-05-16 16:08:20.288158+00	0		
3425	27065	3607460	5717518	0	2011-05-16 16:08:20.288158+00	0		
3502	27065	3607463	2792895	0	2011-05-16 16:08:20.288158+00	0		
2104	27065	3607467	2923175	0	2011-05-16 16:08:20.288158+00	0		
3586	27065	3607468	1607567	0	2011-05-16 16:08:20.288158+00	0		
12429	27065	3612645	10935276	0	2011-05-16 16:08:20.288158+00	0		
12509	27065	3612646	10935277	0	2011-05-16 16:08:20.288158+00	0		
12582	27065	3612647	10935278	0	2011-05-16 16:08:20.288158+00	0		
12583	27065	3612648	10935279	0	2011-05-16 16:08:20.288158+00	0		
12510	27065	3612649	10935280	0	2011-05-16 16:08:20.288158+00	0		
11390	27065	3612650	10935281	0	2011-05-16 16:08:20.288158+00	0		
12650	27065	3612651	10935282	0	2011-05-16 16:08:20.288158+00	0		
12588	27065	3612653	10935283	0	2011-05-16 16:08:20.288158+00	0		
12725	27065	3612654	10935284	0	2011-05-16 16:08:20.288158+00	0		
12651	27065	3612655	10935285	0	2011-05-16 16:08:20.288158+00	0		
12797	27065	3612656	10935286	0	2011-05-16 16:08:20.288158+00	0		
12512	27065	3612657	10935287	0	2011-05-16 16:08:20.288158+00	0		
12430	27065	3612658	10935288	0	2011-05-16 16:08:20.288158+00	0		
12882	27065	3612659	10935289	0	2011-05-16 16:08:20.288158+00	0		
30673	27065	3758677	644921	0	2011-05-16 16:08:20.288158+00	0		
30652	27065	3758679	644923	0	2011-05-16 16:08:20.288158+00	0		
30626	27065	3758681	644925	0	2011-05-16 16:08:20.288158+00	0		
30603	27065	3758683	644927	0	2011-05-16 16:08:20.288158+00	0		
30624	27065	3758686	644930	0	2011-05-16 16:08:20.288158+00	0		
30443	27065	3758687	3203603	0	2011-05-16 16:08:20.288158+00	0		
61916	27066	11751918	1607872	0	2014-11-17 23:09:58.678196+00	0		
30598	27065	3758690	644934	0	2011-05-16 16:08:20.288158+00	0		
30549	27065	3758693	3203609	0	2011-05-16 16:08:20.288158+00	0		
30562	27065	3758694	429349	0	2011-05-16 16:08:20.288158+00	0		
30548	27065	3758695	644939	0	2011-05-16 16:08:20.288158+00	0		
26103	27065	3843761	3896114	0	2011-05-16 16:08:20.288158+00	0		
25845	27070	10128998	295304	0	2015-03-16 21:06:38.55223+00	0		
26025	27065	3843762	3896115	0	2011-05-16 16:08:20.288158+00	0		
26058	27065	3843763	3896116	0	2011-05-16 16:08:20.288158+00	0		
26105	27065	3843764	3896117	0	2011-05-16 16:08:20.288158+00	0		
26024	27065	3843765	3896118	0	2011-05-16 16:08:20.288158+00	0		
26023	27065	3843766	3896119	0	2011-05-16 16:08:20.288158+00	0		
11326	27065	2762297	2294922	0	2015-09-12 17:02:22.679639+00	0		
11470	27065	2762300	2294927	0	2015-09-12 17:02:24.147318+00	0		
26022	27065	3843767	3896120	0	2011-05-16 16:08:20.288158+00	0		
26104	27065	3843768	3896121	0	2011-05-16 16:08:20.288158+00	0		
26057	27065	3843769	3896122	0	2011-05-16 16:08:20.288158+00	0		
26051	27065	3843770	3899435	0	2011-05-16 16:08:20.288158+00	0		
26091	27065	3843771	3899436	0	2011-05-16 16:08:20.288158+00	0		
26021	27065	3843772	3899437	0	2011-05-16 16:08:20.288158+00	0		
26004	27065	3843773	3899438	0	2011-05-16 16:08:20.288158+00	0		
26020	27065	3843774	3899439	0	2011-05-16 16:08:20.288158+00	0		
1830	27065	3226534	5295903	0	2012-05-22 09:07:17.406222+00	0		
10018	27065	3226525	5295889	0	2012-05-23 21:07:59.874934+00	0		
9748	27065	3226529	10653124	0	2012-05-23 21:08:02.050134+00	0		
61917	27066	11751918	6519850	0	2014-11-17 23:09:58.729479+00	0		
48264	27067	12877712	9441868	0	2013-04-24 17:00:25.348976+00	0		
26210	27065	3884669	4147840	0	2011-05-16 16:08:20.288158+00	0		
9206	27065	4118244	7456482	0	2011-05-16 16:08:20.288158+00	0		
9374	27065	4118245	7456498	0	2011-05-16 16:08:20.288158+00	0		
10264	27065	4118246	7456543	0	2011-05-16 16:08:20.288158+00	0		
11904	27065	4249563	7159561	0	2011-05-16 16:08:20.288158+00	0		
11761	27065	4249564	7159560	0	2011-05-16 16:08:20.288158+00	0		
3409	27065	4288797	424303	0	2011-05-16 16:08:20.288158+00	0		
3410	27065	4288798	357740	0	2011-05-16 16:08:20.288158+00	0		
26259	27065	4410778	2017805	0	2011-05-16 16:08:20.288158+00	0		
30590	27065	4412931	3991169	0	2011-05-16 16:08:20.288158+00	0		
29545	27065	4494908	1861422	0	2011-05-16 16:08:20.288158+00	0		
29546	27065	4494909	1861423	0	2011-05-16 16:08:20.288158+00	0		
29547	27065	4494910	1861424	0	2011-05-16 16:08:20.288158+00	0		
4504	27065	4692705	10631650	0	2011-05-16 16:08:20.288158+00	0		
4581	27065	4692706	10631651	0	2011-05-16 16:08:20.288158+00	0		
4724	27065	4692707	10631652	0	2011-05-16 16:08:20.288158+00	0		
4867	27065	4692708	10631654	0	2011-05-16 16:08:20.288158+00	0		
4723	27065	4692709	10631653	0	2011-05-16 16:08:20.288158+00	0		
4658	27065	4692710	10631655	0	2011-05-16 16:08:20.288158+00	0		
4930	27065	4692711	10631656	0	2011-05-16 16:08:20.288158+00	0		
5009	27065	4692712	10631657	0	2011-05-16 16:08:20.288158+00	0		
4866	27065	4692713	10631658	0	2011-05-16 16:08:20.288158+00	0		
5094	27065	4692714	10631659	0	2011-05-16 16:08:20.288158+00	0		
5162	27065	4692715	10631660	0	2011-05-16 16:08:20.288158+00	0		
5248	27065	4692716	10631661	0	2011-05-16 16:08:20.288158+00	0		
5306	27065	4692718	10631662	0	2011-05-16 16:08:20.288158+00	0		
4657	27065	4692719	10631663	0	2011-05-16 16:08:20.288158+00	0		
4865	27065	4692720	10631664	0	2011-05-16 16:08:20.288158+00	0		
5092	27065	4692721	10631665	0	2011-05-16 16:08:20.288158+00	0		
5388	27065	4692722	10631666	0	2011-05-16 16:08:20.288158+00	0		
5387	27065	4692723	10631667	0	2011-05-16 16:08:20.288158+00	0		
4721	27065	4692724	10631668	0	2011-05-16 16:08:20.288158+00	0		
5091	27065	4692725	10631669	0	2011-05-16 16:08:20.288158+00	0		
32468	27065	4748125	10652888	0	2011-05-16 16:08:20.288158+00	0		
32547	27065	4748130	10652893	0	2011-05-16 16:08:20.288158+00	0		
31826	27065	4748137	6498442	0	2011-05-16 16:08:20.288158+00	0		
1242	27065	4802056	240508	0	2011-05-16 16:08:20.288158+00	0		
48970	27067	7564782	7651	0	2013-05-15 21:27:21.142659+00	0		
1775	27065	4802062	240504	0	2011-05-16 16:08:20.288158+00	0		
2649	27065	4802072	741802	0	2011-05-16 16:08:20.288158+00	0		
42762	27067	9815511	14156011	0	2012-11-13 20:43:26.238465+00	0		
3881	27065	4288802	357744	0	2014-12-16 22:01:18.655636+00	0		
28041	27065	4943153	2155272	0	2011-05-16 16:08:20.288158+00	0		
28077	27065	4943157	2155274	0	2011-05-16 16:08:20.288158+00	0		
14704	27065	5081489	221468	0	2011-05-16 16:08:20.288158+00	0		
26949	27065	5161192	5691457	0	2011-05-16 16:08:20.288158+00	0		
20692	27065	5386391	7684150	0	2011-05-16 16:08:20.288158+00	0		
20767	27065	5386392	7684151	0	2011-05-16 16:08:20.288158+00	0		
12457	27065	5519736	8311811	0	2011-05-16 16:08:20.288158+00	0		
12603	27065	5519737	3662819	0	2011-05-16 16:08:20.288158+00	0		
12675	27065	5519738	8311814	0	2011-05-16 16:08:20.288158+00	0		
13198	27065	5519741	3662824	0	2011-05-16 16:08:20.288158+00	0		
13678	27065	5519743	6172183	0	2011-05-16 16:08:20.288158+00	0		
13774	27065	5519744	6172179	0	2011-05-16 16:08:20.288158+00	0		
13871	27065	5519745	1167837	0	2011-05-16 16:08:20.288158+00	0		
13959	27065	5519746	1167834	0	2011-05-16 16:08:20.288158+00	0		
14130	27065	5519747	6172186	0	2011-05-16 16:08:20.288158+00	0		
14220	27065	5519748	6172176	0	2011-05-16 16:08:20.288158+00	0		
14580	27065	5519749	8311905	0	2011-05-16 16:08:20.288158+00	0		
14395	27065	5519750	1167838	0	2011-05-16 16:08:20.288158+00	0		
14942	27065	5519751	1167843	0	2011-05-16 16:08:20.288158+00	0		
15097	27065	5519752	3908000	0	2011-05-16 16:08:20.288158+00	0		
15174	27065	5519753	3648015	0	2011-05-16 16:08:20.288158+00	0		
15257	27065	5519754	3648011	0	2011-05-16 16:08:20.288158+00	0		
15426	27065	5519755	3648006	0	2011-05-16 16:08:20.288158+00	0		
15258	27065	5519756	5519711	0	2011-05-16 16:08:20.288158+00	0		
15648	27065	5519758	3907976	0	2011-05-16 16:08:20.288158+00	0		
16082	27065	5519770	3907981	0	2011-05-16 16:08:20.288158+00	0		
16154	27065	5519771	4734482	0	2011-05-16 16:08:20.288158+00	0		
16555	27065	5519774	8312125	0	2011-05-16 16:08:20.288158+00	0		
16156	27065	5519780	4734478	0	2011-05-16 16:08:20.288158+00	0		
17053	27065	5519781	3907975	0	2011-05-16 16:08:20.288158+00	0		
27130	27065	5655091	6100904	0	2011-05-16 16:08:20.288158+00	0		
27129	27065	5655096	6100903	0	2011-05-16 16:08:20.288158+00	0		
29778	27065	7025711	1151950	0	2011-12-17 16:06:41.094523+00	0		
27115	27065	5806566	1495392	0	2011-05-16 16:08:20.288158+00	0		
25426	27065	5907046	3678175	0	2011-05-16 16:08:20.288158+00	0		
27146	27065	6109304	6095734	0	2011-05-16 16:08:20.288158+00	0		
13594	27065	6110971	3662826	0	2011-05-16 16:08:20.288158+00	0		
13275	27065	6110976	8311814	0	2011-05-16 16:08:20.288158+00	0		
13433	27065	6110977	8311810	0	2011-05-16 16:08:20.288158+00	0		
13510	27065	6110978	8311815	0	2011-05-16 16:08:20.288158+00	0		
15348	27065	6257059	647413	0	2011-05-16 16:08:20.288158+00	0		
19951	27065	6316878	2110999	0	2011-05-16 16:08:20.288158+00	0		
28078	27065	6350854	3070834	0	2011-05-16 16:08:20.288158+00	0		
28020	27065	6350857	3070870	0	2011-05-16 16:08:20.288158+00	0		
28073	27065	6430482	4029641	0	2011-05-16 16:08:20.288158+00	0		
28109	27065	6430483	4029634	0	2011-05-16 16:08:20.288158+00	0		
28132	27065	6430484	4029635	0	2011-05-16 16:08:20.288158+00	0		
20656	27065	6562778	10291038	0	2011-05-16 16:08:20.288158+00	0		
31709	27065	6703151	152359	0	2011-05-16 16:08:20.288158+00	0		
32140	27065	6703153	152361	0	2011-05-16 16:08:20.288158+00	0		
32362	27065	6703154	152362	0	2011-05-16 16:08:20.288158+00	0		
14305	27065	6703155	152363	0	2011-05-16 16:08:20.288158+00	0		
2113	27065	4802066	240509	0	2014-09-07 05:03:56.270124+00	0		
85	27065	4870568	272704	0	2014-10-25 18:00:52.544314+00	0		
31715	27065	6703156	152364	0	2011-05-16 16:08:20.288158+00	0		
14396	27065	6703157	152365	0	2011-05-16 16:08:20.288158+00	0		
32132	27065	6703159	152367	0	2011-05-16 16:08:20.288158+00	0		
45207	27065	14484683	576494	0	2013-01-24 20:23:44.263284+00	0		
32182	27065	6703161	152369	0	2011-05-16 16:08:20.288158+00	0		
32364	27065	6703162	152370	0	2011-05-16 16:08:20.288158+00	0		
29825	27065	7025693	7125826	0	2011-05-16 16:08:20.288158+00	0		
29652	27065	7025696	480737	0	2011-05-16 16:08:20.288158+00	0		
61918	27066	11751918	725564	0	2015-07-24 23:03:58.504926+00	0		
29783	27065	7025697	7129586	0	2011-05-16 16:08:20.288158+00	0		
29678	27065	7025698	6155020	0	2011-05-16 16:08:20.288158+00	0		
29679	27065	7025699	5161456	0	2011-05-16 16:08:20.288158+00	0		
29341	27065	7025700	7129600	0	2011-05-16 16:08:20.288158+00	0		
29364	27065	7025701	7129788	0	2011-05-16 16:08:20.288158+00	0		
29397	27065	7025702	7129961	0	2011-05-16 16:08:20.288158+00	0		
29479	27065	7025703	7129963	0	2011-05-16 16:08:20.288158+00	0		
29615	27065	7025704	7130056	0	2011-05-16 16:08:20.288158+00	0		
29682	27065	7025706	3440216	0	2011-05-16 16:08:20.288158+00	0		
29853	27065	7025707	7130425	0	2011-05-16 16:08:20.288158+00	0		
29854	27065	7025708	5873194	0	2011-05-16 16:08:20.288158+00	0		
29855	27065	7025709	3904353	0	2011-05-16 16:08:20.288158+00	0		
29882	27065	7201724	2166269	0	2011-05-16 16:08:20.288158+00	0		
29968	27065	7201725	2166273	0	2011-05-16 16:08:20.288158+00	0		
30003	27065	7201726	2166274	0	2011-05-16 16:08:20.288158+00	0		
32131	27065	6703152	152360	0	2011-09-13 22:07:18.383901+00	0		
32363	27065	6703158	152366	0	2011-09-13 22:07:18.659799+00	0		
32142	27065	6703160	1643595	0	2011-09-13 22:07:20.028857+00	0		
35695	27067	6264772	2004965	0	2011-12-01 03:00:14.73114+00	0		
38315	27067	8635260	216506	0	2012-09-05 09:00:12.039342+00	0		
53560	27067	10270592	8912097	0	2014-01-14 02:00:14.834604+00	0		
30036	27065	7201727	2148078	0	2011-05-16 16:08:20.288158+00	0		
30046	27065	7201728	2148075	0	2011-05-16 16:08:20.288158+00	0		
33126	27065	7289413	452393	0	2011-05-16 16:08:20.288158+00	0		
7062	27065	7516636	7454296	0	2011-05-16 16:08:20.288158+00	0		
10502	27065	7524806	7524855	0	2011-05-16 16:08:20.288158+00	0		
9438	27065	7561070	7283983	0	2011-05-16 16:08:20.288158+00	0		
17055	27065	7581151	8280048	0	2011-05-16 16:08:20.288158+00	0		
17133	27065	7581152	8280049	0	2011-05-16 16:08:20.288158+00	0		
17209	27065	7581153	8280050	0	2011-05-16 16:08:20.288158+00	0		
17287	27065	7581154	8280051	0	2011-05-16 16:08:20.288158+00	0		
17367	27065	7581155	8280052	0	2011-05-16 16:08:20.288158+00	0		
17449	27065	7581156	8280053	0	2011-05-16 16:08:20.288158+00	0		
17529	27065	7581157	8280054	0	2011-05-16 16:08:20.288158+00	0		
17134	27065	7581158	8280055	0	2011-05-16 16:08:20.288158+00	0		
17613	27065	7581159	8280056	0	2011-05-16 16:08:20.288158+00	0		
17697	27065	7581160	8280058	0	2011-05-16 16:08:20.288158+00	0		
17776	27065	7581161	8280059	0	2011-05-16 16:08:20.288158+00	0		
17853	27065	7581162	8280060	0	2011-05-16 16:08:20.288158+00	0		
11705	27065	7581163	8282889	0	2011-05-16 16:08:20.288158+00	0		
11791	27065	7581164	8282890	0	2011-05-16 16:08:20.288158+00	0		
11855	27065	7581165	8282891	0	2011-05-16 16:08:20.288158+00	0		
11926	27065	7581166	8282892	0	2011-05-16 16:08:20.288158+00	0		
11995	27065	7581167	8282893	0	2011-05-16 16:08:20.288158+00	0		
12058	27065	7581168	8282894	0	2011-05-16 16:08:20.288158+00	0		
12129	27065	7581169	8282895	0	2011-05-16 16:08:20.288158+00	0		
12188	27065	7581170	8282896	0	2011-05-16 16:08:20.288158+00	0		
12257	27065	7581171	8282897	0	2011-05-16 16:08:20.288158+00	0		
12320	27065	7581172	8282899	0	2011-05-16 16:08:20.288158+00	0		
12381	27065	7581173	8282900	0	2011-05-16 16:08:20.288158+00	0		
18296	27065	7603964	5666600	0	2011-05-16 16:08:20.288158+00	0		
13671	27065	7626281	3420800	0	2011-05-16 16:08:20.288158+00	0		
18450	27065	7662976	1877232	0	2011-05-16 16:08:20.288158+00	0		
53561	27067	15675654	11090369	0	2014-01-14 02:00:14.882628+00	0		
18602	27065	7662978	617328	0	2011-05-16 16:08:20.288158+00	0		
18682	27065	7662979	1486926	0	2011-05-16 16:08:20.288158+00	0		
18681	27065	7662980	1877233	0	2011-05-16 16:08:20.288158+00	0		
18742	27065	7662981	617329	0	2011-05-16 16:08:20.288158+00	0		
18809	27065	7662982	1486929	0	2011-05-16 16:08:20.288158+00	0		
18872	27065	7662983	670049	0	2011-05-16 16:08:20.288158+00	0		
18950	27065	7662984	3270578	0	2011-05-16 16:08:20.288158+00	0		
4031	27065	7706650	7731507	0	2011-05-16 16:08:20.288158+00	0		
4169	27065	7706651	7723681	0	2011-05-16 16:08:20.288158+00	0		
4239	27065	7706652	7723684	0	2011-05-16 16:08:20.288158+00	0		
4758	27065	7706653	7732941	0	2011-05-16 16:08:20.288158+00	0		
4614	27065	7706654	7732939	0	2011-05-16 16:08:20.288158+00	0		
4096	27065	7706655	7723680	0	2011-05-16 16:08:20.288158+00	0		
4537	27065	7706656	7732480	0	2011-05-16 16:08:20.288158+00	0		
3960	27065	7706657	7731432	0	2011-05-16 16:08:20.288158+00	0		
4824	27065	7706658	7732323	0	2011-05-16 16:08:20.288158+00	0		
3748	27065	7706659	7730263	0	2011-05-16 16:08:20.288158+00	0		
4383	27065	7706660	7732160	0	2011-05-16 16:08:20.288158+00	0		
4683	27065	7706661	7732940	0	2011-05-16 16:08:20.288158+00	0		
3823	27065	7706662	7723305	0	2011-05-16 16:08:20.288158+00	0		
4463	27065	7706663	7732169	0	2011-05-16 16:08:20.288158+00	0		
4311	27065	7706664	7723689	0	2011-05-16 16:08:20.288158+00	0		
3891	27065	7706665	7731527	0	2011-05-16 16:08:20.288158+00	0		
6512	27065	7706666	7731428	0	2011-05-16 16:08:20.288158+00	0		
6598	27065	7706667	7731430	0	2011-05-16 16:08:20.288158+00	0		
6681	27065	7706668	7731434	0	2011-05-16 16:08:20.288158+00	0		
6763	27065	7706669	7731438	0	2011-05-16 16:08:20.288158+00	0		
6850	27065	7706670	7731440	0	2011-05-16 16:08:20.288158+00	0		
6926	27065	7706671	7731442	0	2011-05-16 16:08:20.288158+00	0		
7001	27065	7706672	7731444	0	2011-05-16 16:08:20.288158+00	0		
7076	27065	7706673	7731509	0	2011-05-16 16:08:20.288158+00	0		
7142	27065	7706674	7731511	0	2011-05-16 16:08:20.288158+00	0		
7219	27065	7706675	7731513	0	2011-05-16 16:08:20.288158+00	0		
7305	27065	7706676	7731515	0	2011-05-16 16:08:20.288158+00	0		
7388	27065	7706677	7731517	0	2011-05-16 16:08:20.288158+00	0		
7471	27065	7706678	7731519	0	2011-05-16 16:08:20.288158+00	0		
7469	27065	7706679	7731521	0	2011-05-16 16:08:20.288158+00	0		
7544	27065	7706680	7731525	0	2011-05-16 16:08:20.288158+00	0		
4894	27065	7707353	7730091	0	2011-05-16 16:08:20.288158+00	0		
4966	27065	7707354	7730092	0	2011-05-16 16:08:20.288158+00	0		
5043	27065	7707355	7730093	0	2011-05-16 16:08:20.288158+00	0		
5120	27065	7707356	7730094	0	2011-05-16 16:08:20.288158+00	0		
5195	27065	7707357	7730095	0	2011-05-16 16:08:20.288158+00	0		
5270	27065	7707358	7730096	0	2011-05-16 16:08:20.288158+00	0		
5268	27065	7707359	7730097	0	2011-05-16 16:08:20.288158+00	0		
5342	27065	7707360	7730098	0	2011-05-16 16:08:20.288158+00	0		
5419	27065	7707361	7730099	0	2011-05-16 16:08:20.288158+00	0		
5494	27065	7707362	7730100	0	2011-05-16 16:08:20.288158+00	0		
5569	27065	7707363	7730101	0	2011-05-16 16:08:20.288158+00	0		
5642	27065	7707364	7730102	0	2011-05-16 16:08:20.288158+00	0		
5718	27065	7707365	7730068	0	2011-05-16 16:08:20.288158+00	0		
5792	27065	7707366	7730069	0	2011-05-16 16:08:20.288158+00	0		
5866	27065	7707367	7730070	0	2011-05-16 16:08:20.288158+00	0		
5927	27065	7707368	7730071	0	2011-05-16 16:08:20.288158+00	0		
6005	27065	7707369	7730072	0	2011-05-16 16:08:20.288158+00	0		
6072	27065	7707370	7730073	0	2011-05-16 16:08:20.288158+00	0		
6139	27065	7707371	7730074	0	2011-05-16 16:08:20.288158+00	0		
6200	27065	7707372	7730075	0	2011-05-16 16:08:20.288158+00	0		
6071	27065	7707373	7730076	0	2011-05-16 16:08:20.288158+00	0		
6274	27065	7707374	7730077	0	2011-05-16 16:08:20.288158+00	0		
6351	27065	7707375	7730078	0	2011-05-16 16:08:20.288158+00	0		
6433	27065	7707376	7730079	0	2011-05-16 16:08:20.288158+00	0		
12424	27065	7736515	1015582	0	2011-05-16 16:08:20.288158+00	0		
21580	27065	7736520	6784776	0	2011-05-16 16:08:20.288158+00	0		
23563	27065	7736523	1935061	0	2011-05-16 16:08:20.288158+00	0		
24568	27065	7736527	1471425	0	2011-05-16 16:08:20.288158+00	0		
2473	27065	7736548	4341713	0	2011-05-16 16:08:20.288158+00	0		
14644	27065	7756750	1422849	0	2011-05-16 16:08:20.288158+00	0		
14709	27065	7756751	1422850	0	2011-05-16 16:08:20.288158+00	0		
14647	27065	7756752	1422851	0	2011-05-16 16:08:20.288158+00	0		
14783	27065	7756753	1422852	0	2011-05-16 16:08:20.288158+00	0		
14851	27065	7756754	1422853	0	2011-05-16 16:08:20.288158+00	0		
16311	27065	7804206	6975344	0	2011-05-16 16:08:20.288158+00	0		
12123	27065	7863697	7274379	0	2011-05-16 16:08:20.288158+00	0		
14785	27065	7756755	1422854	0	2011-08-21 22:00:08.21457+00	0		
22384	27065	7879228	7885939	0	2011-05-16 16:08:20.288158+00	0		
3322	27065	7896227	368196	0	2011-05-16 16:08:20.288158+00	0		
4034	27065	7896228	368205	0	2011-05-16 16:08:20.288158+00	0		
3963	27065	7896229	368204	0	2011-05-16 16:08:20.288158+00	0		
3670	27065	7896230	368200	0	2011-05-16 16:08:20.288158+00	0		
3820	27065	7896231	368202	0	2011-05-16 16:08:20.288158+00	0		
3503	27065	7896232	368198	0	2011-05-16 16:08:20.288158+00	0		
3752	27065	7896234	368201	0	2011-05-16 16:08:20.288158+00	0		
3894	27065	7896235	368203	0	2011-05-16 16:08:20.288158+00	0		
3427	27065	7896236	368197	0	2011-05-16 16:08:20.288158+00	0		
2730	27065	7896263	307487	0	2011-05-16 16:08:20.288158+00	0		
2815	27065	7896265	307489	0	2011-05-16 16:08:20.288158+00	0		
2993	27065	7896267	307491	0	2011-05-16 16:08:20.288158+00	0		
3075	27065	7896268	307492	0	2011-05-16 16:08:20.288158+00	0		
3173	27065	7896269	307493	0	2011-05-16 16:08:20.288158+00	0		
3161	27065	7896270	307494	0	2011-05-16 16:08:20.288158+00	0		
3247	27065	7896271	307495	0	2011-05-16 16:08:20.288158+00	0		
2471	27065	7915094	240507	0	2011-05-16 16:08:20.288158+00	0		
3715	27065	7955928	154205	0	2011-05-16 16:08:20.288158+00	0		
3799	27065	7955929	170	0	2011-05-16 16:08:20.288158+00	0		
3633	27065	7955931	5222	0	2011-05-16 16:08:20.288158+00	0		
24245	27065	7736526	5963441	0	2012-04-27 20:07:32.433361+00	0		
18525	27065	824873	1490367	0	2013-07-10 14:01:25.035221+00	0		
40284	27071	11682545	11181307	0	2012-07-31 17:00:12.109222+00	0		
48266	27067	9441868	12877714	0	2013-04-24 17:00:25.38132+00	0		
3934	27065	7955933	154201	0	2011-05-16 16:08:20.288158+00	0		
4075	27065	7955935	154198	0	2011-05-16 16:08:20.288158+00	0		
3801	27065	7955936	11165822	0	2011-05-16 16:08:20.288158+00	0		
22308	27065	8010505	8010538	0	2011-05-16 16:08:20.288158+00	0		
22386	27065	8010506	8010537	0	2011-05-16 16:08:20.288158+00	0		
15523	27065	8192570	10224243	0	2011-05-16 16:08:20.288158+00	0		
8733	27065	8327834	8330004	0	2011-05-16 16:08:20.288158+00	0		
8810	27065	8327835	8330005	0	2011-05-16 16:08:20.288158+00	0		
8889	27065	8327836	8330006	0	2011-05-16 16:08:20.288158+00	0		
8968	27065	8327837	8330007	0	2011-05-16 16:08:20.288158+00	0		
9049	27065	8327838	8330008	0	2011-05-16 16:08:20.288158+00	0		
9048	27065	8327839	8330009	0	2011-05-16 16:08:20.288158+00	0		
9124	27065	8327840	8330010	0	2011-05-16 16:08:20.288158+00	0		
8807	27065	8327841	8330011	0	2011-05-16 16:08:20.288158+00	0		
9202	27065	8327842	8330012	0	2011-05-16 16:08:20.288158+00	0		
9285	27065	8327843	8330029	0	2011-05-16 16:08:20.288158+00	0		
9370	27065	8327844	8330030	0	2011-05-16 16:08:20.288158+00	0		
9121	27065	8327845	8330031	0	2011-05-16 16:08:20.288158+00	0		
9443	27065	8327846	8330024	0	2011-05-16 16:08:20.288158+00	0		
9527	27065	8327847	8330025	0	2011-05-16 16:08:20.288158+00	0		
9607	27065	8327848	8330026	0	2011-05-16 16:08:20.288158+00	0		
9681	27065	8327849	8330027	0	2011-05-16 16:08:20.288158+00	0		
14284	27065	9248501	5148267	0	2011-07-25 10:00:19.855756+00	0		
53562	27067	15675658	6710411	0	2014-01-14 02:00:15.034955+00	0		
3336	27065	8450814	898070	0	2011-05-16 16:08:20.288158+00	0		
3426	27065	8450815	3122602	0	2011-05-16 16:08:20.288158+00	0		
3501	27065	8450816	3122603	0	2011-05-16 16:08:20.288158+00	0		
3424	27065	8450818	1027013	0	2011-05-16 16:08:20.288158+00	0		
3668	27065	8450819	1845351	0	2011-05-16 16:08:20.288158+00	0		
3749	27065	8450820	1845352	0	2011-05-16 16:08:20.288158+00	0		
3824	27065	8450838	1845329	0	2011-05-16 16:08:20.288158+00	0		
3892	27065	8450840	1845334	0	2011-05-16 16:08:20.288158+00	0		
3961	27065	8450841	1845336	0	2011-05-16 16:08:20.288158+00	0		
4384	27065	8450848	2243342	0	2011-05-16 16:08:20.288158+00	0		
4240	27065	8450850	2454666	0	2011-05-16 16:08:20.288158+00	0		
12833	27065	8554162	5755048	0	2011-05-16 16:08:20.288158+00	0		
12904	27065	8554249	5755047	0	2011-05-16 16:08:20.288158+00	0		
31654	27065	8566372	11962223	0	2011-05-16 16:08:20.288158+00	0		
5932	27065	8668418	8668287	0	2011-05-16 16:08:20.288158+00	0		
5872	27065	8668419	8668288	0	2011-05-16 16:08:20.288158+00	0		
5797	27065	8668420	8668289	0	2011-05-16 16:08:20.288158+00	0		
6010	27065	8668421	8668290	0	2011-05-16 16:08:20.288158+00	0		
12462	27065	8711370	8690662	0	2011-05-16 16:08:20.288158+00	0		
12682	27065	8711374	1927693	0	2011-05-16 16:08:20.288158+00	0		
12752	27065	8711375	1927699	0	2011-05-16 16:08:20.288158+00	0		
3630	27065	8750398	1331995	0	2011-05-16 16:08:20.288158+00	0		
21842	27065	8882849	2433445	0	2011-05-16 16:08:20.288158+00	0		
21926	27065	8882850	2433450	0	2011-05-16 16:08:20.288158+00	0		
22730	27065	8882855	781755	0	2011-05-16 16:08:20.288158+00	0		
22812	27065	8882856	781767	0	2011-05-16 16:08:20.288158+00	0		
22895	27065	8882857	2536474	0	2011-05-16 16:08:20.288158+00	0		
22972	27065	8882858	2536477	0	2011-05-16 16:08:20.288158+00	0		
23058	27065	8882859	3603854	0	2011-05-16 16:08:20.288158+00	0		
23129	27065	8882860	3603857	0	2011-05-16 16:08:20.288158+00	0		
23203	27065	8882861	6301007	0	2011-05-16 16:08:20.288158+00	0		
17018	27065	8887848	10342369	0	2011-05-16 16:08:20.288158+00	0		
17094	27065	8887849	10342370	0	2011-05-16 16:08:20.288158+00	0		
33462	27065	8888455	441966	0	2011-05-16 16:08:20.288158+00	0		
33317	27065	8888456	441967	0	2011-05-16 16:08:20.288158+00	0		
33230	27065	8888457	441968	0	2011-05-16 16:08:20.288158+00	0		
53563	27067	15675659	12424573	0	2015-03-16 19:01:06.424523+00	0		
22556	27065	8882852	2261410	0	2015-04-09 22:06:11.400267+00	0		
22642	27065	8882853	2261413	0	2015-04-09 22:06:12.907556+00	0		
22477	27065	8882851	2261417	0	2015-04-09 22:06:14.647328+00	0		
33388	27065	8888458	441969	0	2011-05-16 16:08:20.288158+00	0		
33389	27065	8888459	441970	0	2011-05-16 16:08:20.288158+00	0		
33463	27065	8888460	441971	0	2011-05-16 16:08:20.288158+00	0		
33146	27065	8888461	441972	0	2011-05-16 16:08:20.288158+00	0		
32885	27065	8888518	268158	0	2011-05-16 16:08:20.288158+00	0		
33390	27065	8888519	268159	0	2011-05-16 16:08:20.288158+00	0		
32887	27065	8888520	268160	0	2011-05-16 16:08:20.288158+00	0		
32947	27065	8888521	268161	0	2011-05-16 16:08:20.288158+00	0		
33081	27065	8888522	268162	0	2011-05-16 16:08:20.288158+00	0		
33147	27065	8888523	268163	0	2011-05-16 16:08:20.288158+00	0		
61919	27066	11751918	354877	0	2014-11-17 23:09:58.833109+00	0		
33473	27065	8888621	249914	0	2011-05-16 16:08:20.288158+00	0		
42763	27067	14156013	7985684	0	2015-07-02 10:24:20.613219+00	0		
33393	27065	8888622	249915	0	2011-05-16 16:08:20.288158+00	0		
33474	27065	8888732	256987	0	2011-05-16 16:08:20.288158+00	0		
33321	27065	8888733	256988	0	2011-05-16 16:08:20.288158+00	0		
33086	27065	8888734	256989	0	2011-05-16 16:08:20.288158+00	0		
33322	27065	8888735	256990	0	2011-05-16 16:08:20.288158+00	0		
33476	27065	8888737	256992	0	2011-05-16 16:08:20.288158+00	0		
61920	27066	11751918	653769	0	2014-11-17 23:09:58.860073+00	0		
33087	27065	8888741	256996	0	2011-05-16 16:08:20.288158+00	0		
33149	27065	8888742	256997	0	2011-05-16 16:08:20.288158+00	0		
20416	27065	9005860	5362466	0	2011-05-16 16:08:20.288158+00	0		
20415	27065	9005861	2268943	0	2011-05-16 16:08:20.288158+00	0		
20481	27065	9005862	3737844	0	2011-05-16 16:08:20.288158+00	0		
20561	27065	9005863	5362469	0	2011-05-16 16:08:20.288158+00	0		
20706	27065	9005865	5362471	0	2011-05-16 16:08:20.288158+00	0		
9922	27065	9075086	7732168	0	2011-05-16 16:08:20.288158+00	0		
10016	27065	9075087	7732162	0	2011-05-16 16:08:20.288158+00	0		
10096	27065	9075089	7732171	0	2011-05-16 16:08:20.288158+00	0		
9847	27065	9075091	7723687	0	2011-05-16 16:08:20.288158+00	0		
9615	27065	9075093	7723295	0	2011-05-16 16:08:20.288158+00	0		
9688	27065	9075095	7723296	0	2011-05-16 16:08:20.288158+00	0		
10180	27065	9075097	7732166	0	2011-05-16 16:08:20.288158+00	0		
9773	27065	9075098	7731446	0	2011-05-16 16:08:20.288158+00	0		
9924	27065	9075099	7723682	0	2011-05-16 16:08:20.288158+00	0		
10267	27065	9075100	7731865	0	2011-05-16 16:08:20.288158+00	0		
10348	27065	9075101	7731866	0	2011-05-16 16:08:20.288158+00	0		
4615	27065	8450854	7411450	0	2013-11-05 14:00:20.882106+00	0		
14372	27065	9248502	2825034	0	2011-05-16 16:08:20.288158+00	0		
13855	27065	9248503	2825035	0	2011-05-16 16:08:20.288158+00	0		
14195	27065	9248504	2825036	0	2011-05-16 16:08:20.288158+00	0		
14028	27065	9248505	2825037	0	2011-07-25 10:00:20.134978+00	0		
8128	27065	8750362	441497	0	2011-09-18 23:01:52.561903+00	0		
4242	27065	8450846	368850	0	2013-03-28 21:00:45.779252+00	0		
4097	27065	8450843	354317	0	2013-03-28 21:00:46.62191+00	0		
4170	27065	8450845	354320	0	2013-03-28 21:00:47.638941+00	0		
4032	27065	8450842	368845	0	2013-03-29 05:00:24.21614+00	0		
4686	27065	8450855	7411464	0	2013-11-05 14:00:21.872273+00	0		
4684	27065	8450856	7411465	0	2013-11-05 14:00:22.35178+00	0		
4760	27065	8450857	7411470	0	2013-11-05 14:00:24.901888+00	0		
54074	27066	15618606	927448	0	2014-01-19 10:01:36.305533+00	0		
54322	27070	15757160	5450813	0	2014-02-02 21:00:28.644861+00	0		
54108	27070	15726838	7548774	0	2014-01-26 21:00:18.270134+00	0		
13857	27065	9248506	2825038	0	2011-05-16 16:08:20.288158+00	0		
13752	27065	9248507	2825039	0	2011-05-16 16:08:20.288158+00	0		
14462	27065	9248508	2825040	0	2011-05-16 16:08:20.288158+00	0		
14545	27065	9248509	2825041	0	2011-05-16 16:08:20.288158+00	0		
31655	27065	9275821	11962223	0	2011-05-16 16:08:20.288158+00	0		
35498	27071	12884633	12884638	0	2011-10-30 17:23:56.617637+00	0		
4596	27065	9290113	11414899	0	2011-05-16 16:08:20.288158+00	0		
4672	27065	9290114	11414900	0	2011-05-16 16:08:20.288158+00	0		
4742	27065	9290115	11414901	0	2011-05-16 16:08:20.288158+00	0		
4811	27065	9290116	11414902	0	2011-05-16 16:08:20.288158+00	0		
5768	27065	9290117	11414903	0	2011-05-16 16:08:20.288158+00	0		
4951	27065	9290118	11414904	0	2011-05-16 16:08:20.288158+00	0		
5174	27065	9290119	11414905	0	2011-05-16 16:08:20.288158+00	0		
5028	27065	9290120	11414906	0	2011-05-16 16:08:20.288158+00	0		
5320	27065	9290121	11414907	0	2011-05-16 16:08:20.288158+00	0		
5470	27065	9290122	11414908	0	2011-05-16 16:08:20.288158+00	0		
5399	27065	9290123	11414909	0	2011-05-16 16:08:20.288158+00	0		
4950	27065	9290124	3501624	0	2011-05-16 16:08:20.288158+00	0		
4741	27065	9290125	3501625	0	2011-05-16 16:08:20.288158+00	0		
4810	27065	9290126	3501626	0	2011-05-16 16:08:20.288158+00	0		
5554	27065	9290127	3501627	0	2011-05-16 16:08:20.288158+00	0		
4671	27065	9290128	3501628	0	2011-05-16 16:08:20.288158+00	0		
5626	27065	9290129	3501629	0	2011-05-16 16:08:20.288158+00	0		
5706	27065	9290130	3501630	0	2011-05-16 16:08:20.288158+00	0		
5173	27065	9290131	3501631	0	2011-05-16 16:08:20.288158+00	0		
4949	27065	9290132	3501632	0	2011-05-16 16:08:20.288158+00	0		
5027	27065	9290133	3501633	0	2011-05-16 16:08:20.288158+00	0		
5398	27065	9290134	3501634	0	2011-05-16 16:08:20.288158+00	0		
5469	27065	9290135	3501635	0	2011-05-16 16:08:20.288158+00	0		
920	27065	9420211	7703460	0	2011-05-16 16:08:20.288158+00	0		
7575	27065	9596413	9757271	0	2011-05-16 16:08:20.288158+00	0		
7808	27065	9596419	9391390	0	2011-05-16 16:08:20.288158+00	0		
12018	27065	9611210	9079255	0	2011-05-16 16:08:20.288158+00	0		
12083	27065	9611211	9079256	0	2011-05-16 16:08:20.288158+00	0		
12153	27065	9611212	9079257	0	2011-05-16 16:08:20.288158+00	0		
12482	27065	9611213	9079263	0	2011-05-16 16:08:20.288158+00	0		
12283	27065	9611214	9079259	0	2011-05-16 16:08:20.288158+00	0		
12339	27065	9611215	9079260	0	2011-05-16 16:08:20.288158+00	0		
12632	27065	9611216	9079261	0	2011-05-16 16:08:20.288158+00	0		
12408	27065	9611217	9079262	0	2011-05-16 16:08:20.288158+00	0		
12216	27065	9611218	9079258	0	2011-05-16 16:08:20.288158+00	0		
12562	27065	9611219	9079264	0	2011-05-16 16:08:20.288158+00	0		
3115	27065	9651042	9068992	0	2011-05-16 16:08:20.288158+00	0		
1702	27065	9666474	9666723	0	2011-05-16 16:08:20.288158+00	0		
1797	27065	9666481	9666718	0	2011-05-16 16:08:20.288158+00	0		
31656	27065	9693262	11962223	0	2011-05-16 16:08:20.288158+00	0		
5450	27065	9726614	9907113	0	2011-05-16 16:08:20.288158+00	0		
5523	27065	9726619	9907114	0	2011-05-16 16:08:20.288158+00	0		
5599	27065	9726626	9907112	0	2011-05-16 16:08:20.288158+00	0		
40286	27067	7826363	2492596	0	2013-11-13 22:00:35.061776+00	0		
40285	27071	11182641	11182643	0	2012-07-31 17:00:17.447453+00	0		
8201	27065	9770164	2964489	0	2011-05-16 16:08:20.288158+00	0		
9956	27065	9803018	9821695	0	2011-05-16 16:08:20.288158+00	0		
9873	27065	9803025	9821708	0	2011-05-16 16:08:20.288158+00	0		
7340	27065	9817950	4576443	0	2011-05-16 16:08:20.288158+00	0		
9559	27065	9821699	9688116	0	2011-05-16 16:08:20.288158+00	0		
9793	27065	9821704	9660777	0	2011-05-16 16:08:20.288158+00	0		
54075	27066	485689	430107	0	2014-01-18 14:17:34.826983+00	0		
21291	27065	9922927	9815589	0	2011-05-16 16:08:20.288158+00	0		
21358	27065	9922928	9815590	0	2011-05-16 16:08:20.288158+00	0		
54079	27066	15618607	14046425	0	2014-01-19 10:01:36.371707+00	0		
54274	27073	5823243	14629227	0	2014-01-24 14:04:01.82798+00	0		
34392	27071	12089582	12089585	0	2011-07-24 23:41:55.248939+00	0		
61921	27066	11751918	13557250	0	2014-11-17 23:09:58.909926+00	0		
35607	27067	12925160	9584341	0	2011-11-23 05:00:08.426319+00	0		
34279	27070	5444819	191666	0	2011-07-27 17:00:27.285969+00	0		
34595	27067	1875385	10769296	0	2011-08-28 12:00:22.156367+00	0		
61923	27066	11751918	11753982	0	2014-11-17 23:09:58.992433+00	0		
61924	27066	11751918	7608673	0	2014-11-17 23:09:59.036779+00	0		
3959	27065	9766318	4821742	0	2012-04-24 21:07:46.453089+00	0		
34420	27071	9943911	12367109	0	2011-07-30 17:02:28.669506+00	0		
61926	27066	11751918	3619995	0	2014-11-17 23:09:59.153075+00	0		
1536	27065	9766336	385453	0	2015-10-09 02:01:58.960857+00	0		
61927	27066	11751918	181011	0	2014-11-17 23:09:59.188323+00	0		
34545	27065	7933106	2385967	0	2011-08-08 12:21:17.867569+00	0		
34455	27067	12193792	10989074	0	2011-08-12 16:00:14.543205+00	0		
3918	27065	9766319	216500	0	2012-12-03 13:01:31.783143+00	0		
61929	27066	11751919	14766013	0	2014-11-17 23:09:59.258705+00	0		
34486	27070	12440525	5883310	0	2011-08-12 18:00:07.738165+00	0		
34515	27071	8170063	8170066	0	2011-08-17 09:00:06.944875+00	0		
34629	27067	12652744	12652736	0	2011-08-29 03:00:07.299141+00	0		
2506	27065	9766345	8796865	0	2012-04-12 14:00:14.094387+00	0		
61930	27066	11751919	11978975	0	2014-11-17 23:09:59.275411+00	0		
61931	27066	11751919	11978974	0	2014-11-17 23:09:59.348868+00	0		
2860	27065	9766352	171916	0	2012-04-27 20:05:18.012316+00	0		
61932	27066	11751919	741147	0	2014-11-17 23:09:59.368926+00	0		
61933	27066	11751919	2572342	0	2014-11-17 23:09:59.410362+00	0		
61934	27066	11751919	1576551	0	2014-11-17 23:09:59.459632+00	0		
61935	27066	11751919	9255499	0	2014-11-17 23:09:59.480734+00	0		
61936	27066	11751919	13086269	0	2014-11-17 23:09:59.50176+00	0		
61937	27066	11751919	167806	0	2014-11-17 23:09:59.555658+00	0		
61938	27066	11751919	14643666	0	2014-11-17 23:09:59.574132+00	0		
61939	27066	11751919	12177372	0	2014-11-17 23:09:59.593872+00	0		
61940	27066	11751919	11303597	0	2014-11-17 23:09:59.67856+00	0		
61941	27066	11751919	14566514	0	2014-11-17 23:09:59.747256+00	0		
61942	27066	11751919	11161045	0	2014-11-17 23:09:59.783335+00	0		
61943	27066	11751919	1056874	0	2014-11-17 23:09:59.798764+00	0		
61944	27066	11751919	8985819	0	2014-11-17 23:09:59.860458+00	0		
61946	27066	11751919	16366881	0	2014-11-17 23:09:59.986326+00	0		
61947	27066	11751919	570494	0	2014-11-17 23:10:00.021845+00	0		
61948	27066	11751919	1447533	0	2014-11-17 23:10:51.751115+00	0		
61949	27066	11751919	1323305	0	2014-11-17 23:10:51.966221+00	0		
61950	27066	11751919	784160	0	2014-11-17 23:10:52.02175+00	0		
62455	27067	6258473	85016	0	2014-12-09 23:01:45.304954+00	0		
3531	27065	9766320	171917	0	2012-04-24 21:07:51.068334+00	0		
34579	27067	12553395	12553394	0	2011-08-17 05:56:38.272682+00	0		
34606	27073	7066987	3579583	0	2011-10-21 18:59:35.576055+00	0		
2497	27065	9766351	810061	0	2012-04-24 21:07:34.221666+00	0		
3702	27065	9766323	3573390	0	2012-04-24 21:07:52.485358+00	0		
3785	27065	9766328	5458227	0	2012-04-24 21:07:53.747779+00	0		
4202	27065	9766333	3756578	0	2012-04-24 21:08:48.035322+00	0		
4268	27065	9766334	1594894	0	2012-04-24 21:08:48.304719+00	0		
34474	27067	9717268	9148659	0	2012-04-25 21:00:29.229551+00	0		
48267	27067	9441875	12877715	0	2013-04-24 17:00:25.391472+00	0		
2227	27065	9766342	3796502	0	2012-04-27 20:05:13.287459+00	0		
54323	27070	15757253	11918575	0	2014-02-02 21:00:29.239898+00	0		
2502	27065	9766348	844857	0	2012-04-27 20:05:16.728854+00	0		
2673	27065	9766349	1143549	0	2012-04-27 20:05:17.413434+00	0		
54693	27071	13027197	13027199	0	2014-02-24 05:00:41.21408+00	0		
54692	27071	13027194	13027196	0	2014-02-24 05:00:36.675482+00	0		
34393	27071	12089583	12089586	0	2011-07-24 23:42:10.316404+00	0		
5098	27065	11195444	6678918	0	2013-04-26 11:00:30.531992+00	0		
63683	27071	5416607	5038161	0	2015-01-12 18:10:27.543998+00	0		
64235	27073	13920683	11535450	0	2015-02-04 00:01:11.085171+00	0		
12414	27065	10264217	7172260	0	2011-05-16 16:08:20.288158+00	0		
16525	27065	10270002	2047	0	2011-05-16 16:08:20.288158+00	0		
16532	27065	10270006	3529	0	2011-05-16 16:08:20.288158+00	0		
16806	27065	10270008	3527	0	2011-05-16 16:08:20.288158+00	0		
16881	27065	10270009	2048	0	2011-05-16 16:08:20.288158+00	0		
7264	27065	10272085	10272162	0	2011-05-16 16:08:20.288158+00	0		
7351	27065	10272086	10272166	0	2011-05-16 16:08:20.288158+00	0		
7433	27065	10272087	10272158	0	2011-05-16 16:08:20.288158+00	0		
7508	27065	10272088	10272157	0	2011-05-16 16:08:20.288158+00	0		
14201	27065	10280844	317431	0	2011-05-16 16:08:20.288158+00	0		
14285	27065	10280845	317432	0	2011-05-16 16:08:20.288158+00	0		
13753	27065	10280846	317433	0	2011-05-16 16:08:20.288158+00	0		
13933	27065	10280847	317434	0	2011-05-16 16:08:20.288158+00	0		
14639	27065	10280848	317435	0	2011-05-16 16:08:20.288158+00	0		
14373	27065	10280849	317436	0	2011-05-16 16:08:20.288158+00	0		
14105	27065	10280850	317437	0	2011-05-16 16:08:20.288158+00	0		
13751	27065	10280867	316984	0	2011-05-16 16:08:20.288158+00	0		
13853	27065	10280868	316985	0	2011-05-16 16:08:20.288158+00	0		
13922	27065	10280869	316986	0	2011-05-16 16:08:20.288158+00	0		
14022	27065	10280870	316987	0	2011-05-16 16:08:20.288158+00	0		
14103	27065	10280871	316988	0	2011-05-16 16:08:20.288158+00	0		
14189	27065	10280872	316989	0	2011-05-16 16:08:20.288158+00	0		
13932	27065	10280873	316990	0	2011-05-16 16:08:20.288158+00	0		
14281	27065	10280874	316991	0	2011-05-16 16:08:20.288158+00	0		
14282	27065	10280875	316992	0	2011-05-16 16:08:20.288158+00	0		
14267	27065	10360884	8277078	0	2011-05-16 16:08:20.288158+00	0		
14357	27065	10360885	8277079	0	2011-05-16 16:08:20.288158+00	0		
14454	27065	10360886	8277080	0	2011-05-16 16:08:20.288158+00	0		
14535	27065	10360887	8277081	0	2011-05-16 16:08:20.288158+00	0		
14630	27065	10360888	8277082	0	2011-05-16 16:08:20.288158+00	0		
14698	27065	10360889	8277083	0	2011-05-16 16:08:20.288158+00	0		
14533	27065	10360890	8277084	0	2011-05-16 16:08:20.288158+00	0		
61945	27066	11751919	14391549	0	2015-04-03 04:01:52.413734+00	0		
2401	27065	9766344	163587	0	2015-04-15 10:02:28.236596+00	0		
64196	27067	17351541	11304398	0	2015-02-02 09:01:37.03321+00	0		
64236	27073	13920683	12286716	0	2015-02-04 00:01:11.106712+00	0		
61922	27066	11751918	9813600	0	2015-05-01 20:01:58.746312+00	0		
34519	27070	12440533	9813600	0	2015-05-01 20:01:58.746312+00	0		
14355	27065	10360891	8277085	0	2011-05-16 16:08:20.288158+00	0		
14770	27065	10360892	8277086	0	2011-05-16 16:08:20.288158+00	0		
14832	27065	10360893	8277087	0	2011-05-16 16:08:20.288158+00	0		
14906	27065	10360894	8277189	0	2011-05-16 16:08:20.288158+00	0		
14629	27065	10360895	8277190	0	2011-05-16 16:08:20.288158+00	0		
14979	27065	10360896	8277191	0	2011-05-16 16:08:20.288158+00	0		
15056	27065	10360898	8277193	0	2011-05-16 16:08:20.288158+00	0		
14769	27065	10360899	8277194	0	2011-05-16 16:08:20.288158+00	0		
15135	27065	10360900	8277195	0	2011-05-16 16:08:20.288158+00	0		
15133	27065	10360901	8277196	0	2011-05-16 16:08:20.288158+00	0		
15207	27065	10360902	8277197	0	2011-05-16 16:08:20.288158+00	0		
15295	27065	10360903	8277198	0	2011-05-16 16:08:20.288158+00	0		
15128	27065	10360904	8277524	0	2011-05-16 16:08:20.288158+00	0		
15465	27065	10367673	8277393	0	2011-05-16 16:08:20.288158+00	0		
31659	27065	10517391	11962223	0	2011-05-16 16:08:20.288158+00	0		
2148	27065	10543588	10267066	0	2011-05-16 16:08:20.288158+00	0		
61925	27066	11751918	12276765	0	2015-06-26 15:01:44.073749+00	0		
61928	27066	11751918	384728	0	2015-10-19 12:03:18.545172+00	0		
11661	27065	10543589	10543824	0	2011-05-16 16:08:20.288158+00	0		
11743	27065	10543590	10543827	0	2011-05-16 16:08:20.288158+00	0		
3044	27065	10543591	10544074	0	2011-05-16 16:08:20.288158+00	0		
53565	27073	8824274	15675916	0	2014-01-14 02:00:36.18213+00	0		
36081	27071	5355434	5355437	0	2011-12-21 01:18:13.474203+00	0		
42764	27065	14193963	513835	0	2012-11-13 21:54:56.037397+00	0		
14708	27065	10280851	317438	0	2011-07-25 17:00:20.79824+00	0		
54076	27066	15618606	6766289	0	2014-01-19 10:01:36.341464+00	0		
34487	27070	12440525	6935270	0	2011-08-12 18:00:07.757994+00	0		
12716	27065	10824313	8264085	0	2011-05-16 16:08:20.288158+00	0		
12785	27065	10824314	8264086	0	2011-05-16 16:08:20.288158+00	0		
19000	27065	10831634	10831633	0	2011-05-16 16:08:20.288158+00	0		
8296	27065	10879526	9814830	0	2011-05-16 16:08:20.288158+00	0		
19390	27065	10900252	11362257	0	2011-05-16 16:08:20.288158+00	0		
61994	27067	7596181	4330862	0	2014-11-18 17:00:46.937108+00	0		
61996	106123	4649658	4649601	0	2014-11-18 17:00:47.022482+00	0		
62000	27071	2453285	2453287	0	2014-11-18 17:01:13.362545+00	0		
62941	27071	17183857	17183860	0	2014-12-18 16:31:48.180725+00	0		
63685	27071	9294637	6406191	0	2015-01-12 18:10:23.398379+00	0		
62001	106123	3685363	3998224	0	2014-11-18 22:02:09.586793+00	0		
62004	27070	17050165	15083571	0	2014-11-19 07:00:26.041871+00	0		
62103	27071	16793328	16793331	0	2014-11-19 21:25:17.103016+00	0		
62104	27071	16793329	16793332	0	2014-11-19 21:25:17.632008+00	0		
62105	27071	16793330	16793333	0	2014-11-19 21:25:19.707664+00	0		
62101	27067	17068661	555180	0	2014-11-25 04:00:33.88445+00	0		
62102	150182	16985745	450000	0	2014-11-25 11:01:10.089506+00	0		
64624	106123	16637558	4063356	0	2015-02-17 07:00:49.73453+00	0		
2074	27065	10953242	10897455	0	2011-05-16 16:08:20.288158+00	0		
2162	27065	10953243	10897456	0	2011-05-16 16:08:20.288158+00	0		
2246	27065	10953244	10897457	0	2011-05-16 16:08:20.288158+00	0		
2328	27065	10953245	10897458	0	2011-05-16 16:08:20.288158+00	0		
2425	27065	10953246	10897459	0	2011-05-16 16:08:20.288158+00	0		
2523	27065	10953247	10897460	0	2011-05-16 16:08:20.288158+00	0		
2160	27065	10953248	10897461	0	2011-05-16 16:08:20.288158+00	0		
2521	27065	10953249	10897462	0	2011-05-16 16:08:20.288158+00	0		
2423	27065	10953250	10897463	0	2011-05-16 16:08:20.288158+00	0		
2607	27065	10953251	10897464	0	2011-05-16 16:08:20.288158+00	0		
2694	27065	10953252	10897465	0	2011-05-16 16:08:20.288158+00	0		
2605	27065	10953253	10897466	0	2011-05-16 16:08:20.288158+00	0		
31660	27065	11207498	11962223	0	2011-05-16 16:08:20.288158+00	0		
23502	27065	11242218	9033548	0	2011-05-16 16:08:20.288158+00	0		
13397	27065	11263903	11263812	0	2011-05-16 16:08:20.288158+00	0		
17587	27065	11359882	10197986	0	2011-05-16 16:08:20.288158+00	0		
12427	27065	11395944	189967	0	2011-05-16 16:08:20.288158+00	0		
12507	27065	11395945	189968	0	2011-05-16 16:08:20.288158+00	0		
12584	27065	11395946	189969	0	2011-05-16 16:08:20.288158+00	0		
12648	27065	11395947	189970	0	2011-05-16 16:08:20.288158+00	0		
12724	27065	11395948	189971	0	2011-05-16 16:08:20.288158+00	0		
12431	27065	11395949	189972	0	2011-05-16 16:08:20.288158+00	0		
12800	27065	11395950	189973	0	2011-05-16 16:08:20.288158+00	0		
34516	27071	8170062	8170065	0	2011-08-17 09:00:06.95115+00	0		
8293	27065	10478175	275730	0	2011-09-18 23:01:56.773587+00	0		
26152	27070	4036494	6393549	0	2013-06-08 08:01:48.761588+00	0		
54275	27073	5823243	14629226	0	2014-01-24 14:04:07.18661+00	0		
54324	27070	15757253	14681050	0	2014-02-02 21:00:30.435567+00	0		
12874	27065	11395951	189974	0	2011-05-16 16:08:20.288158+00	0		
12951	27065	11395952	189975	0	2011-05-16 16:08:20.288158+00	0		
12728	27065	11395953	189976	0	2011-05-16 16:08:20.288158+00	0		
13018	27065	11395954	189977	0	2011-05-16 16:08:20.288158+00	0		
12508	27065	11395955	189978	0	2011-05-16 16:08:20.288158+00	0		
12589	27065	11395956	189979	0	2011-05-16 16:08:20.288158+00	0		
13092	27065	11395957	189980	0	2011-05-16 16:08:20.288158+00	0		
12514	27065	11395958	189981	0	2011-05-16 16:08:20.288158+00	0		
12516	27065	11395959	189982	0	2011-05-16 16:08:20.288158+00	0		
13174	27065	11395960	189983	0	2011-05-16 16:08:20.288158+00	0		
12433	27065	11395961	189984	0	2011-05-16 16:08:20.288158+00	0		
13241	27065	11395962	189985	0	2011-05-16 16:08:20.288158+00	0		
12880	27065	11395963	189986	0	2011-05-16 16:08:20.288158+00	0		
12590	27065	11395964	189987	0	2011-05-16 16:08:20.288158+00	0		
13323	27065	11395965	189988	0	2011-05-16 16:08:20.288158+00	0		
13325	27065	11395966	189989	0	2011-05-16 16:08:20.288158+00	0		
13398	27065	11395967	190897	0	2011-05-16 16:08:20.288158+00	0		
13486	27065	11395968	190898	0	2011-05-16 16:08:20.288158+00	0		
13563	27065	11395969	190899	0	2011-05-16 16:08:20.288158+00	0		
13643	27065	11395970	190900	0	2011-05-16 16:08:20.288158+00	0		
13744	27065	11395971	190901	0	2011-05-16 16:08:20.288158+00	0		
13491	27065	11395972	190902	0	2011-05-16 16:08:20.288158+00	0		
13843	27065	11395973	190903	0	2011-05-16 16:08:20.288158+00	0		
13492	27065	11395974	190904	0	2011-05-16 16:08:20.288158+00	0		
13404	27065	11395975	190905	0	2011-05-16 16:08:20.288158+00	0		
13926	27065	11395976	190906	0	2011-05-16 16:08:20.288158+00	0		
13093	27065	11395977	190907	0	2011-05-16 16:08:20.288158+00	0		
14021	27065	11395978	190908	0	2011-05-16 16:08:20.288158+00	0		
13931	27065	11395979	190909	0	2011-05-16 16:08:20.288158+00	0		
14102	27065	11395980	190910	0	2011-05-16 16:08:20.288158+00	0		
13746	27065	11395981	190911	0	2011-05-16 16:08:20.288158+00	0		
13096	27065	11395982	190912	0	2011-05-16 16:08:20.288158+00	0		
13569	27065	11395983	190913	0	2011-05-16 16:08:20.288158+00	0		
13571	27065	11395984	190914	0	2011-05-16 16:08:20.288158+00	0		
13493	27065	11395985	190915	0	2011-05-16 16:08:20.288158+00	0		
14190	27065	11395986	190916	0	2011-05-16 16:08:20.288158+00	0		
64237	27073	13920683	11535452	0	2015-02-04 00:01:11.114175+00	0		
64238	27073	13920683	11535453	0	2015-02-04 00:01:11.128387+00	0		
64239	27073	13920683	11535454	0	2015-02-04 00:01:11.137064+00	0		
64240	27073	13920683	11535455	0	2015-02-04 00:01:11.144711+00	0		
64881	27067	15279245	448605	0	2015-02-22 23:46:49.851516+00	0		
64577	27067	17401757	17025920	0	2015-02-15 01:01:55.936484+00	0		
65106	27067	17506209	594403	0	2015-03-11 01:01:43.812256+00	0		
64890	27067	17469352	15559612	0	2015-03-02 23:00:59.164149+00	0		
62003	27070	17050165	16386621	0	2015-04-14 11:00:28.082623+00	0		
13098	27065	11395987	190917	0	2011-05-16 16:08:20.288158+00	0		
13102	27065	11395988	190918	0	2011-05-16 16:08:20.288158+00	0		
14278	27065	11395989	190919	0	2011-05-16 16:08:20.288158+00	0		
14365	27065	11395990	376340	0	2011-05-16 16:08:20.288158+00	0		
13850	27065	11395991	376341	0	2011-05-16 16:08:20.288158+00	0		
13405	27065	11395992	376342	0	2011-05-16 16:08:20.288158+00	0		
13646	27065	11395993	376343	0	2011-05-16 16:08:20.288158+00	0		
14367	27065	11395994	376344	0	2011-05-16 16:08:20.288158+00	0		
14193	27065	11395995	376345	0	2011-05-16 16:08:20.288158+00	0		
13651	27065	11395996	376346	0	2011-05-16 16:08:20.288158+00	0		
13574	27065	11395997	376347	0	2011-05-16 16:08:20.288158+00	0		
13103	27065	11395998	376348	0	2011-05-16 16:08:20.288158+00	0		
13652	27065	11395999	376349	0	2011-05-16 16:08:20.288158+00	0		
14468	27065	11396000	376350	0	2011-05-16 16:08:20.288158+00	0		
13851	27065	11396001	376351	0	2011-05-16 16:08:20.288158+00	0		
13749	27065	11396002	376352	0	2011-05-16 16:08:20.288158+00	0		
13406	27065	11396003	376353	0	2011-05-16 16:08:20.288158+00	0		
14469	27065	11396004	376354	0	2011-05-16 16:08:20.288158+00	0		
65059	27067	17191938	11462374	0	2015-10-17 02:00:20.404493+00	0		
13852	27065	11396005	376355	0	2011-05-16 16:08:20.288158+00	0		
14470	27065	11396006	376356	0	2011-05-16 16:08:20.288158+00	0		
14279	27065	11396007	376357	0	2011-05-16 16:08:20.288158+00	0		
13750	27065	11396008	376358	0	2011-05-16 16:08:20.288158+00	0		
14559	27065	11396009	376359	0	2011-05-16 16:08:20.288158+00	0		
14371	27065	11396010	376360	0	2011-05-16 16:08:20.288158+00	0		
13653	27065	11396011	376361	0	2011-05-16 16:08:20.288158+00	0		
13104	27065	11396012	376362	0	2011-05-16 16:08:20.288158+00	0		
53567	27067	15675912	10480020	0	2014-01-14 03:00:15.605308+00	0		
12811	27065	11729247	9726712	0	2011-05-16 16:08:20.288158+00	0		
13037	27065	11729250	9726716	0	2011-05-16 16:08:20.288158+00	0		
22451	27065	11760550	8362031	0	2011-05-16 16:08:20.288158+00	0		
22527	27065	11760551	8362032	0	2011-05-16 16:08:20.288158+00	0		
22615	27065	11760552	8362033	0	2011-05-16 16:08:20.288158+00	0		
22700	27065	11760553	8362034	0	2011-05-16 16:08:20.288158+00	0		
22789	27065	11760554	8362035	0	2011-05-16 16:08:20.288158+00	0		
22865	27065	11760555	8362036	0	2011-05-16 16:08:20.288158+00	0		
22952	27065	11760556	8362037	0	2011-05-16 16:08:20.288158+00	0		
31661	27065	11839441	11962223	0	2011-05-16 16:08:20.288158+00	0		
32000	27065	11847337	363899	0	2011-05-16 16:08:20.288158+00	0		
31440	27065	11916713	11916662	0	2011-05-16 16:08:20.288158+00	0		
31439	27065	11916714	11916663	0	2011-05-16 16:08:20.288158+00	0		
31438	27065	11916715	11916664	0	2011-05-16 16:08:20.288158+00	0		
31437	27065	11916716	11916665	0	2011-05-16 16:08:20.288158+00	0		
31436	27065	11916717	11916666	0	2011-05-16 16:08:20.288158+00	0		
31091	27065	11916718	11916667	0	2011-05-16 16:08:20.288158+00	0		
31357	27065	11916719	11912396	0	2011-05-16 16:08:20.288158+00	0		
31356	27065	11916720	11912397	0	2011-05-16 16:08:20.288158+00	0		
31548	27065	11916721	11912398	0	2011-05-16 16:08:20.288158+00	0		
31547	27065	11916722	11912399	0	2011-05-16 16:08:20.288158+00	0		
31546	27065	11916723	11912400	0	2011-05-16 16:08:20.288158+00	0		
31545	27065	11916724	11912401	0	2011-05-16 16:08:20.288158+00	0		
31544	27065	11916725	11912402	0	2011-05-16 16:08:20.288158+00	0		
31543	27065	11916726	11912403	0	2011-05-16 16:08:20.288158+00	0		
31542	27065	11916727	11912404	0	2011-05-16 16:08:20.288158+00	0		
31541	27065	11916728	11912405	0	2011-05-16 16:08:20.288158+00	0		
31586	27065	11940458	11940260	0	2011-05-16 16:08:20.288158+00	0		
31585	27065	11940459	11940262	0	2011-05-16 16:08:20.288158+00	0		
31584	27065	11940460	11940220	0	2011-05-16 16:08:20.288158+00	0		
31162	27065	11945770	11945935	0	2011-05-16 16:08:20.288158+00	0		
31232	27065	11945771	11945940	0	2011-05-16 16:08:20.288158+00	0		
31163	27065	11945772	11945941	0	2011-05-16 16:08:20.288158+00	0		
31164	27065	11945773	11945942	0	2011-05-16 16:08:20.288158+00	0		
31233	27065	11945981	6135003	0	2011-05-16 16:08:20.288158+00	0		
31165	27065	11945982	6135004	0	2011-05-16 16:08:20.288158+00	0		
31166	27065	11945985	11946104	0	2011-05-16 16:08:20.288158+00	0		
32366	27065	12208161	11202781	0	2011-05-16 16:08:20.288158+00	0		
32376	27065	12208162	11202782	0	2011-05-16 16:08:20.288158+00	0		
14574	27065	12208163	11202783	0	2011-05-16 16:08:20.288158+00	0		
27688	27065	12208164	11202784	0	2011-05-16 16:08:20.288158+00	0		
31742	27065	12208165	11202785	0	2011-05-16 16:08:20.288158+00	0		
32185	27065	12208166	11202786	0	2011-05-16 16:08:20.288158+00	0		
32368	27065	12208167	11202787	0	2011-05-16 16:08:20.288158+00	0		
32378	27065	12208168	11202788	0	2011-05-16 16:08:20.288158+00	0		
53566	27073	8824274	318191	0	2014-01-14 02:00:36.217665+00	0		
14052	27066	17	8559798	0	2011-05-16 16:08:20.288158+00	0		
38	27066	323	572290	0	2011-05-16 16:08:20.288158+00	0		
29393	27066	2077	7087946	0	2011-05-16 16:08:20.288158+00	0		
29486	27066	2079	7087991	0	2011-05-16 16:08:20.288158+00	0		
18627	27066	3526	1661495	0	2011-05-16 16:08:20.288158+00	0		
29365	27066	3527	527557	0	2011-05-16 16:08:20.288158+00	0		
29485	27066	3527	7137259	0	2011-05-16 16:08:20.288158+00	0		
18474	27066	3529	1206753	0	2011-05-16 16:08:20.288158+00	0		
18553	27066	3530	9276791	0	2011-05-16 16:08:20.288158+00	0		
282	27066	7151	7339287	0	2011-05-16 16:08:20.288158+00	0		
18977	27066	11512	8912283	0	2011-05-16 16:08:20.288158+00	0		
480	27065	387209	11589470	0	2015-02-04 14:04:32.510533+00	0		
562	27065	387215	11589476	0	2015-02-04 14:04:33.89103+00	0		
18701	27066	11512	9276885	0	2011-05-16 16:08:20.288158+00	0		
18826	27066	11512	9276919	0	2011-05-16 16:08:20.288158+00	0		
18901	27066	11512	9276981	0	2011-05-16 16:08:20.288158+00	0		
18142	27066	13590	477140	0	2011-05-16 16:08:20.288158+00	0		
15051	27066	13590	658261	0	2011-05-16 16:08:20.288158+00	0		
16355	27066	13592	286004	0	2011-05-16 16:08:20.288158+00	0		
16483	27066	13592	599976	0	2011-05-16 16:08:20.288158+00	0		
16558	27066	13592	862183	0	2011-05-16 16:08:20.288158+00	0		
16406	27066	13592	8669566	0	2011-05-16 16:08:20.288158+00	0		
28959	27066	18919	7959863	0	2013-05-20 21:03:15.833659+00	0		
15945	27066	13593	6399392	0	2011-05-16 16:08:20.288158+00	0		
16045	27066	13593	8669194	0	2011-05-16 16:08:20.288158+00	0		
18088	27066	13594	4806670	0	2011-05-16 16:08:20.288158+00	0		
4897	27066	85262	933460	0	2013-06-30 12:00:28.197637+00	0		
28680	27066	19096	626211	0	2011-05-16 16:08:20.288158+00	0		
15723	27066	19199	214169	0	2011-05-16 16:08:20.288158+00	0		
