8288	3	406687	406689	0	2015-07-16 23:18:28.014075+00	0		
57828	3	72664	628981	0	2015-07-16 23:22:13.500206+00	0		
101594	3	428600	1171377	0	2015-07-17 08:14:34.600393+00	0		
101592	3	1170526	1039048	0	2015-07-17 08:14:47.041233+00	0		
101165	2	1056616	118267	0	2011-09-25 16:12:27.367542+00	0		
101232	3	1089661	1089657	0	2011-11-17 04:00:34.792957+00	0		
101588	3	97534	1168606	0	2015-07-17 08:15:11.146151+00	0		
101304	26	1104849	752938	0	2011-12-21 22:45:08.050916+00	0		
101203	26	1083166	1068342	0	2011-11-03 19:00:03.994972+00	0		
14627	3	463454	463451	0	2011-12-16 17:00:15.342482+00	0		
101593	2	1170922	1170915	0	2012-07-09 18:00:16.960191+00	0		
101195	2	1056608	2410	0	2011-10-17 01:09:33.317486+00	0		
89569	2	772691	423994	0	2011-11-08 22:00:16.540167+00	0		
101201	3	1084784	1085472	0	2011-10-19 23:52:53.594541+00	0		
89568	2	772691	424021	0	2011-11-08 22:00:16.540167+00	0		
101178	2	752548	141532	0	2011-10-20 11:00:09.965367+00	0		
101181	26	1081836	929532	0	2011-10-22 14:00:15.769208+00	0		
101182	26	1082189	29273	0	2011-10-23 12:00:16.738928+00	0		
101016	3	1054732	1054733	0	2011-07-19 09:00:10.45036+00	0		
724	3	463454	464031	0	2011-12-16 17:00:15.342482+00	0		
89566	2	772691	555388	0	2011-11-08 22:00:16.540167+00	0		
101191	2	475313	1083189	0	2011-10-24 17:00:42.904972+00	0		
101235	3	1090306	1089213	0	2011-11-19 12:00:12.63663+00	0		
101239	3	1090811	514892	0	2011-11-20 22:00:10.453851+00	0		
89388	2	772691	689771	0	2011-11-08 22:00:16.540167+00	0		
101224	3	1085785	1088392	0	2011-10-30 10:25:36.160651+00	0		
89392	2	772691	689798	0	2011-11-08 22:00:16.540167+00	0		
101295	3	1101783	172818	0	2011-12-25 17:00:17.145597+00	0		
101263	3	256426	1095491	0	2011-12-06 01:00:02.728685+00	0		
101213	2	1087427	143669	0	2011-11-10 07:00:08.19147+00	0		
101265	3	1095501	1095500	0	2011-12-06 02:00:06.874485+00	0		
725	3	463454	463460	0	2011-12-16 17:00:15.342482+00	0		
101591	26	1170100	1167217	0	2012-06-23 01:03:16.075585+00	0		
101254	2	1093034	683552	0	2011-11-13 03:01:22.096904+00	0		
101251	2	1092769	1019161	0	2011-11-14 23:02:38.093365+00	0		
101229	2	1088175	13854	0	2011-11-15 04:00:20.426335+00	0		
101230	5	857893	857896	0	2011-11-15 15:00:07.782438+00	0		
101240	3	1091974	1091963	0	2011-11-24 01:00:15.587487+00	0		
13661	2	362301	1092199	0	2011-11-24 17:00:07.660676+00	0		
101242	3	1092514	1092512	0	2011-11-25 14:00:11.374265+00	0		
101596	3	1168602	1168605	0	2012-07-12 00:00:19.313415+00	0		
101269	3	1042318	1096590	0	2011-11-26 10:07:00.499529+00	0		
101252	3	1092806	1092804	0	2011-11-26 11:00:20.429453+00	0		
101311	2	1107348	1107346	0	2011-12-29 18:50:09.629013+00	0		
101301	3	1104309	1103833	0	2011-12-19 23:19:57.977873+00	0		
101272	2	1097105	1097099	0	2011-12-01 11:02:14.639327+00	0		
101257	2	1094194	457257	0	2011-12-01 15:00:08.661284+00	0		
101299	2	1101924	4501	0	2011-12-27 17:00:13.702001+00	0		
4525	2	553226	456226	0	2011-12-02 19:00:06.688842+00	0		
4297	2	553226	523071	0	2011-12-02 19:00:06.688842+00	0		
4527	2	553226	676316	0	2011-12-02 19:00:06.688842+00	0		
101262	3	1094599	1094610	0	2011-12-02 19:00:09.030702+00	0		
101267	3	1096291	354919	0	2011-12-09 06:00:07.595471+00	0		
101285	2	1098748	1098749	0	2011-12-02 22:16:51.853484+00	0		
101302	3	1104304	1103832	0	2011-12-19 23:20:21.26258+00	0		
101271	2	1096919	209052	0	2011-12-11 14:00:09.472568+00	0		
101290	3	1096871	1096872	0	2011-12-20 05:00:07.345324+00	0		
101312	3	1107961	1107968	0	2011-12-31 13:47:12.750222+00	0		
101273	3	1097740	1097737	0	2011-12-13 23:00:07.008708+00	0		
101308	3	1107031	1107034	0	2011-12-28 23:31:30.868628+00	0		
101313	3	1107975	497009	0	2011-12-31 14:14:44.006067+00	0		
17199	2	47608	821324	0	2011-12-31 23:00:05.561063+00	0		
17200	2	47608	821325	0	2011-12-31 23:00:05.561063+00	0		
101337	3	1110463	581954	0	2012-01-07 21:27:31.358387+00	0		
101332	3	1110115	406159	0	2012-01-06 23:11:06.824865+00	0		
101335	3	1110431	406157	0	2012-01-07 19:52:16.228048+00	0		
101587	50638	1168584	302992	0	2012-07-02 00:00:13.526438+00	0		
25599	3	438452	226840	0	2013-12-31 23:01:07.127456+00	0		
102231	2	293671	394401	0	2013-05-23 11:00:09.326335+00	0		
100625	2	500033	833601	0	2013-08-21 07:00:21.41243+00	0		
101310	3	1107199	287612	0	2012-01-12 14:00:06.768344+00	0		
101355	3	840703	1112335	0	2012-01-27 05:00:05.797072+00	0		
101357	36538	1112568	1112620	0	2012-01-28 00:00:16.985448+00	0		
101354	3	407193	1112307	0	2015-04-08 10:02:16.080761+00	0		
97266	3	559795	825788	0	2015-07-16 21:32:15.542197+00	0		
101160	3	564165	807675	0	2015-07-16 21:32:19.787418+00	0		
101169	3	1078734	1077523	0	2015-07-16 21:32:28.13009+00	0		
101173	3	360812	1079379	0	2015-07-16 21:32:29.330375+00	0		
101256	3	558404	1093297	0	2015-07-16 21:32:33.509558+00	0		
101234	3	1090244	406511	0	2015-07-16 21:32:37.470134+00	0		
101211	3	1044973	1086169	0	2015-07-16 21:32:41.525841+00	0		
101170	3	1079160	862665	0	2015-07-16 21:32:45.941896+00	0		
101212	3	623606	1085044	0	2015-07-16 21:32:50.204164+00	0		
101176	3	1080068	961585	0	2015-07-16 21:44:14.37868+00	0		
101184	3	1082676	1082678	0	2015-07-16 21:44:18.009911+00	0		
101187	3	113508	1082720	0	2015-07-16 21:44:19.250955+00	0		
101040	3	540469	1056468	0	2015-07-16 21:44:20.464075+00	0		
101189	3	1082746	1082747	0	2015-07-16 21:44:21.687204+00	0		
101289	3	1099112	1099410	0	2015-07-16 21:44:22.903333+00	0		
101202	3	623618	1085045	0	2015-07-16 21:44:24.124884+00	0		
41020	3	440272	560885	0	2015-07-16 21:44:25.298072+00	0		
101294	3	670571	1101569	0	2015-07-16 21:44:29.285078+00	0		
101298	3	431555	1101945	0	2015-07-16 21:44:30.472194+00	0		
101250	3	1092715	139682	0	2015-07-16 21:44:31.711747+00	0		
101215	3	1043011	1087357	0	2015-07-16 21:44:35.778542+00	0		
10012	3	463454	463459	0	2015-07-16 21:44:40.125028+00	0		
101226	3	413221	413223	0	2015-07-16 21:44:44.504653+00	0		
10013	3	463454	464028	0	2015-07-16 21:44:45.705401+00	0		
101241	3	1091873	1092166	0	2015-07-16 21:44:46.872693+00	0		
101253	3	1092920	1092921	0	2015-07-16 21:44:50.795895+00	0		
101307	3	574194	1103984	0	2015-07-16 21:44:52.003278+00	0		
101292	3	1100705	54448	0	2015-07-16 21:44:53.179197+00	0		
101258	3	1094338	1094392	0	2015-07-16 21:44:54.362589+00	0		
101286	3	1098844	965855	0	2015-07-16 21:44:58.494552+00	0		
101293	3	1101490	168640	0	2015-07-16 21:45:02.421641+00	0		
101270	3	694145	1096781	0	2015-07-16 21:45:06.756351+00	0		
101296	3	803337	1101913	0	2015-07-16 21:45:10.896352+00	0		
101303	3	1104582	571578	0	2015-07-16 21:45:14.801629+00	0		
101300	3	527788	235640	0	2015-07-16 21:45:19.57033+00	0		
101314	3	1109211	644995	0	2015-07-16 21:45:21.02948+00	0		
101338	3	1110912	562071	0	2015-07-16 21:45:25.640048+00	0		
101353	3	663591	1111854	0	2015-07-16 21:45:26.820304+00	0		
101342	3	906548	1111365	0	2015-07-16 21:45:31.922481+00	0		
101344	3	1111426	1111486	0	2015-07-16 21:45:33.141855+00	0		
20377	3	173087	65818	0	2015-07-16 21:45:45.940451+00	0		
75722	3	646111	706015	0	2015-07-16 21:45:47.106272+00	0		
8319	3	406723	1011656	0	2015-07-16 23:18:29.20797+00	0		
6293	3	419837	43699	0	2015-07-16 23:20:32.746763+00	0		
2237	2	18630	10663	0	2012-01-14 13:04:28.760066+00	0		
101360	2	1113647	1113654	0	2012-01-30 23:00:07.30825+00	0		
101361	2	1114403	1017266	0	2012-02-02 11:00:16.366861+00	0		
102739	2	377763	262848	0	2014-04-17 12:00:23.499147+00	0		
77972	3	715754	851308	0	2015-07-17 07:38:03.255683+00	0		
20096	2	7293	271812	0	2011-09-23 11:00:07.126035+00	0		
102471	3	1108101	1318188	0	2015-07-17 07:51:25.098309+00	0		
101197	2	424620	98916	0	2011-10-31 09:35:56.053236+00	0		
101233	3	1089627	1089214	0	2011-11-17 04:00:34.818928+00	0		
101179	26	1081270	1081012	0	2011-10-06 11:41:44.106+00	0		
103944	3	1406374	715898	0	2015-07-17 08:01:38.683308+00	0		
101309	3	1107031	1107039	0	2011-12-28 23:36:20.721373+00	0		
101204	26	1083166	1068339	0	2011-11-03 19:00:07.291138+00	0		
101175	26	584158	583933	0	2011-10-14 09:00:06.524242+00	0		
101595	3	10037	1171380	0	2015-07-17 08:14:35.783149+00	0		
101597	3	473913	555901	0	2015-07-17 08:14:49.695915+00	0		
101614	3	516696	522374	0	2015-07-17 08:15:04.105675+00	0		
101616	3	1172525	893258	0	2015-07-17 08:15:06.772117+00	0		
101236	3	1090315	1090313	0	2011-11-19 12:00:14.58054+00	0		
101194	2	1084210	430705	0	2011-10-30 04:00:07.381097+00	0		
101214	2	1087427	295380	0	2011-11-10 07:00:08.234883+00	0		
101225	3	1085785	1088394	0	2011-10-30 10:31:06.077831+00	0		
101589	3	1162031	1168608	0	2015-07-17 08:15:12.315779+00	0		
101333	3	1110154	406159	0	2012-01-06 23:11:11.510439+00	0		
101255	2	965208	971059	0	2011-11-13 03:56:51.127788+00	0		
101243	3	1092483	1092476	0	2011-11-25 14:00:11.610152+00	0		
101259	3	1094338	1094396	0	2011-12-02 03:00:08.608666+00	0		
101264	3	256424	1095496	0	2011-12-06 01:00:05.854447+00	0		
101336	3	1110241	406157	0	2012-01-07 19:52:20.288599+00	0		
101339	3	1109636	1110916	0	2012-01-08 23:51:33.879152+00	0		
101297	3	803337	1101923	0	2011-12-11 21:34:45.241531+00	0		
101806	2	241109	240963	0	2012-10-09 16:06:56.931444+00	0		
101677	3	180211	1182308	0	2015-07-17 08:15:33.587611+00	0		
101349	3	1111608	1111618	0	2012-01-25 06:00:05.88641+00	0		
101351	3	1111631	1111641	0	2012-01-25 14:00:21.296763+00	0		
101362	2	466877	671371	0	2012-02-03 18:00:10.378145+00	0		
102232	2	530116	1290525	0	2013-05-23 14:00:23.290955+00	0		
102233	2	530117	1290525	0	2013-05-23 14:00:23.328346+00	0		
101237	3	1090333	1090322	0	2011-11-19 14:00:09.111832+00	0		
101180	26	1081271	1081012	0	2011-10-06 11:42:10.9634+00	0		
101205	26	1083166	1068343	0	2011-11-03 19:00:07.298802+00	0		
101244	3	1090760	1090759	0	2011-11-25 14:00:11.82153+00	0		
101198	2	475314	1083189	0	2011-10-24 09:29:51.810106+00	0		
101414	2	1130894	1128859	0	2012-03-18 00:00:12.316286+00	0		
101464	2	1140470	581089	0	2012-04-13 08:00:10.56206+00	0		
101369	2	328755	336178	0	2012-01-28 12:42:50.24654+00	0		
101371	2	1118534	231803	0	2012-01-30 20:23:33.779439+00	0		
101408	30376	1082784	1082785	0	2012-03-07 16:00:06.014235+00	0		
101410	2	1127674	1127675	0	2012-03-08 12:00:15.626101+00	0		
101376	2	32228	1120703	0	2012-02-05 19:01:58.441097+00	0		
101484	3	1139802	1146735	0	2012-04-29 00:00:08.162783+00	0		
101380	3	796968	1121933	0	2012-02-08 15:20:56.943226+00	0		
101370	2	1087173	207512	0	2012-02-13 12:00:08.688978+00	0		
102234	2	628260	527959	0	2013-05-23 16:00:18.339018+00	0		
101398	3	643504	1124403	0	2012-02-13 23:28:41.788478+00	0		
101426	2	751116	337116	0	2012-03-11 13:28:27.361042+00	0		
38210	2	542088	546241	0	2012-03-11 21:07:34.227807+00	0		
101406	3	1125235	1125233	0	2012-02-16 14:28:17.374557+00	0		
101492	3	1120081	1148429	0	2012-05-03 15:00:07.713117+00	0		
74185	3	694012	694010	0	2012-02-16 20:09:27.000153+00	0		
101374	2	189409	748301	0	2012-02-17 07:00:07.49704+00	0		
101375	3	755149	1120207	0	2012-02-18 18:00:12.609554+00	0		
38212	2	542088	616403	0	2012-03-11 21:07:34.227807+00	0		
101419	2	1132298	98505	0	2012-03-23 00:00:13.556841+00	0		
101391	3	793790	1124025	0	2012-02-27 03:00:06.786963+00	0		
101471	3	603508	856581	0	2013-05-20 06:00:20.999031+00	0		
101403	3	717737	1124805	0	2012-02-29 05:00:05.362797+00	0		
101465	26	762065	762215	0	2012-04-14 06:00:27.779895+00	0		
101413	3	1130284	1130288	0	2012-03-16 21:00:06.506324+00	0		
101372	2	546181	1118700	0	2014-10-19 12:00:44.921968+00	0		
19732	3	647763	85245	0	2012-03-26 14:00:08.422002+00	0		
101485	3	1146892	1146893	0	2012-04-29 08:00:10.805676+00	0		
101469	3	549948	1141377	0	2012-04-02 02:53:51.398681+00	0		
101316	3	727797	1087297	0	2015-07-16 21:45:35.588038+00	0		
101161	3	1056916	807678	0	2015-07-16 21:45:40.278028+00	0		
101334	3	274999	1042112	0	2015-07-16 21:45:48.298172+00	0		
101431	3	1136010	1136016	0	2015-07-16 21:45:52.35379+00	0		
101188	3	1082729	1082731	0	2015-07-16 21:45:54.735167+00	0		
101190	3	1082749	1082750	0	2015-07-16 21:45:55.917009+00	0		
101216	3	1043018	1087361	0	2015-07-16 21:45:57.166663+00	0		
101356	3	856534	1056216	0	2015-07-16 21:45:58.398484+00	0		
101317	3	727820	1092837	0	2015-07-16 21:46:02.420985+00	0		
101162	3	1077375	807673	0	2015-07-16 21:46:03.65484+00	0		
101167	3	1077980	628064	0	2015-07-16 21:46:04.809804+00	0		
101186	3	1076621	1082698	0	2015-07-16 21:46:08.762477+00	0		
101217	3	1043019	1087372	0	2015-07-16 21:46:13.06965+00	0		
101227	3	1060958	586690	0	2015-07-16 21:46:14.231777+00	0		
101352	3	11442	11441	0	2015-07-16 21:46:15.406645+00	0		
101318	3	727819	1092835	0	2015-07-16 21:46:16.558915+00	0		
101415	3	1131040	1049885	0	2015-07-16 21:46:21.678872+00	0		
101407	3	323915	1126380	0	2015-07-16 21:46:22.858088+00	0		
101416	3	629670	1131508	0	2015-07-16 21:46:24.047625+00	0		
101433	3	1136061	148970	0	2015-07-16 21:46:25.244825+00	0		
101417	3	565678	1131808	0	2015-07-16 21:46:31.731831+00	0		
101367	3	754201	1115323	0	2015-07-16 21:46:32.931154+00	0		
101377	3	763963	1120808	0	2015-07-16 21:46:34.09217+00	0		
101368	3	1116023	1116026	0	2015-07-16 21:46:35.257115+00	0		
101434	3	625252	1136422	0	2015-07-16 21:46:36.407946+00	0		
101490	3	1147499	1086907	0	2015-07-16 21:46:37.559864+00	0		
101412	3	1128957	1128960	0	2015-07-16 21:46:41.938991+00	0		
101400	3	1124567	766260	0	2015-07-16 21:46:43.106755+00	0		
101401	3	1124673	538631	0	2015-07-16 21:46:44.306222+00	0		
101035	3	540460	1056464	0	2015-07-16 21:46:45.792618+00	0		
101402	3	1124709	75829	0	2015-07-16 21:46:50.150164+00	0		
101427	3	1133150	945267	0	2015-07-16 21:46:51.298652+00	0		
101436	3	1133137	640243	0	2015-07-16 21:46:52.480118+00	0		
101378	3	1120835	1120840	0	2015-07-16 21:46:53.660562+00	0		
101379	3	689108	1121185	0	2015-07-16 21:46:54.864776+00	0		
101437	3	1137131	793186	0	2015-07-16 21:46:58.890837+00	0		
101424	3	780726	785447	0	2015-07-16 21:47:04.133767+00	0		
101429	3	882106	1134240	0	2015-07-16 21:47:08.533542+00	0		
101466	3	1141111	370433	0	2015-07-16 21:47:09.745784+00	0		
101425	3	48682	1132961	0	2015-07-16 21:47:10.969091+00	0		
102248	3	95762	95761	0	2015-07-16 21:47:13.384806+00	0		
20938	3	33590	241783	0	2015-07-16 22:06:23.735229+00	0		
101432	26	1134143	1132318	0	2012-04-02 04:00:19.455915+00	0		
10340	3	420007	122996	0	2015-07-16 23:20:26.41886+00	0		
101810	2	1207819	1207815	0	2012-10-27 14:00:13.063769+00	0		
101428	3	517238	1134225	0	2012-03-28 14:00:08.182418+00	0		
101435	26	1062465	1060124	0	2012-04-04 01:00:23.663947+00	0		
102741	3	1374932	1374937	0	2015-07-17 07:49:22.494193+00	0		
101604	3	377011	377012	0	2015-07-17 08:13:53.996133+00	0		
101430	2	596309	5242	0	2012-03-29 01:00:08.153083+00	0		
101491	3	1148337	1148339	0	2012-05-03 10:00:11.101081+00	0		
101467	2	1045630	35760	0	2012-04-15 11:00:31.815494+00	0		
101473	26	1144019	1144022	0	2012-04-22 17:00:19.910836+00	0		
101541	3	1154978	1159677	0	2015-07-17 08:14:11.850447+00	0		
101540	3	1159604	769358	0	2015-07-17 08:14:18.798488+00	0		
101476	5	966061	877458	0	2012-04-23 12:00:06.884761+00	0		
101481	3	1122880	1146193	0	2012-04-27 21:00:08.275788+00	0		
101599	3	381383	381381	0	2015-07-17 08:14:21.127747+00	0		
101598	3	1042889	1042892	0	2015-07-17 08:14:50.841819+00	0		
101590	3	180287	1168609	0	2015-07-17 08:15:13.491405+00	0		
101460	3	371024	1140204	0	2012-04-12 13:00:08.823042+00	0		
101807	3	84131	84132	0	2015-07-17 08:16:48.887864+00	0		
101849	3	1220800	901242	0	2015-07-17 08:16:59.036608+00	0		
101916	3	306490	1240883	0	2015-07-17 08:17:44.103075+00	0		
101486	3	641247	479664	0	2012-04-15 14:15:49.707541+00	0		
101488	2	1147107	24958	0	2012-04-15 18:15:01.600572+00	0		
101501	26	429293	1149108	0	2012-05-16 21:04:54.605298+00	0		
101470	3	1127781	1141420	0	2012-04-16 09:00:10.764034+00	0		
101815	2	605717	119882	0	2012-11-05 02:00:13.049086+00	0		
101915	26	1240526	1240516	0	2013-01-21 05:00:14.623374+00	0		
36752	2	546562	308355	0	2012-04-21 18:02:59.256875+00	0		
36753	2	546562	546558	0	2012-04-21 18:02:59.256875+00	0		
36755	2	546562	546560	0	2012-04-21 18:02:59.256875+00	0		
38224	2	546562	318589	0	2012-04-21 18:02:59.256875+00	0		
38225	2	546562	515956	0	2012-04-21 18:02:59.256875+00	0		
38223	2	546562	546564	0	2012-04-21 18:02:59.256875+00	0		
38226	2	546562	546565	0	2012-04-21 18:02:59.256875+00	0		
38352	2	546562	546567	0	2012-04-21 18:02:59.256875+00	0		
38353	2	546562	546568	0	2012-04-21 18:02:59.256875+00	0		
38354	2	546562	546569	0	2012-04-21 18:02:59.256875+00	0		
36760	2	546562	546572	0	2012-04-21 18:02:59.256875+00	0		
36761	2	546562	546573	0	2012-04-21 18:02:59.256875+00	0		
36762	2	546562	546574	0	2012-04-21 18:02:59.256875+00	0		
37028	2	546562	546578	0	2012-04-21 18:02:59.256875+00	0		
37029	2	546562	546579	0	2012-04-21 18:02:59.256875+00	0		
37030	2	546562	546580	0	2012-04-21 18:02:59.256875+00	0		
38365	2	546562	546584	0	2012-04-21 18:02:59.256875+00	0		
38366	2	546562	546585	0	2012-04-21 18:02:59.256875+00	0		
36812	2	546562	546588	0	2012-04-21 18:02:59.256875+00	0		
36813	2	546562	546589	0	2012-04-21 18:02:59.256875+00	0		
36814	2	546562	546590	0	2012-04-21 18:02:59.256875+00	0		
101814	3	444959	124934	0	2012-10-23 22:10:26.81238+00	0		
101238	3	1090339	1090337	0	2011-11-19 14:00:22.150525+00	0		
101245	3	1090546	1090545	0	2011-11-25 14:00:11.829249+00	0		
101420	2	1132300	1132297	0	2012-03-23 00:00:13.836887+00	0		
101366	3	1111608	1115295	0	2012-02-04 19:00:11.62915+00	0		
101381	3	1121924	1121933	0	2012-02-08 15:21:00.737268+00	0		
101387	3	677855	1122926	0	2012-02-10 21:53:18.52151+00	0		
101399	3	18160	1124403	0	2012-02-13 23:28:42.77502+00	0		
102235	2	1290608	137954	0	2013-05-23 19:00:12.086096+00	0		
101404	3	1124449	1124451	0	2012-02-29 05:00:05.56305+00	0		
101418	3	565678	1131807	0	2012-03-07 03:40:12.004451+00	0		
101816	3	685753	1209575	0	2012-10-22 21:51:56.230642+00	0		
101813	2	371736	1057759	0	2012-11-01 01:00:26.8404+00	0		
101451	3	1139669	1139794	0	2012-04-11 14:00:14.76011+00	0		
101468	2	1122905	35760	0	2012-04-15 11:00:32.55777+00	0		
101394	13	810992	1093843	0	2013-05-11 09:00:15.924356+00	0		
101487	3	1147035	479664	0	2012-04-15 14:18:12.186276+00	0		
37035	2	546562	415750	0	2012-04-21 18:02:59.256875+00	0		
37034	2	546562	546596	0	2012-04-21 18:02:59.256875+00	0		
38274	2	546562	546603	0	2012-04-21 18:02:59.256875+00	0		
38275	2	546562	546604	0	2012-04-21 18:02:59.256875+00	0		
38276	2	546562	546605	0	2012-04-21 18:02:59.256875+00	0		
38277	2	546562	817025	0	2012-04-21 18:02:59.256875+00	0		
37057	2	546562	546612	0	2012-04-21 18:02:59.256875+00	0		
37058	2	546562	546613	0	2012-04-21 18:02:59.256875+00	0		
8749	2	257167	647296	0	2011-07-06 06:00:15.81825+00	0		
37059	2	546562	546614	0	2012-04-21 18:02:59.256875+00	0		
37063	2	546562	546621	0	2012-04-21 18:02:59.256875+00	0		
37064	2	546562	546622	0	2012-04-21 18:02:59.256875+00	0		
38382	2	546562	546625	0	2012-04-21 18:02:59.256875+00	0		
38383	2	546562	546626	0	2012-04-21 18:02:59.256875+00	0		
101477	5	966061	1128131	0	2012-04-23 12:00:06.987081+00	0		
101493	2	1148358	618766	0	2012-05-03 15:00:12.741785+00	0		
65215	3	747379	493652	0	2011-07-09 01:00:11.040498+00	0		
101246	3	1092519	1090281	0	2011-11-25 14:00:11.980908+00	0		
101421	2	1132300	98505	0	2012-03-23 00:00:13.875178+00	0		
101207	26	734429	735229	0	2011-11-03 19:00:07.305861+00	0		
101382	3	409832	1121942	0	2012-02-08 15:38:45.559044+00	0		
101388	3	1122929	1122931	0	2012-02-10 21:57:18.697114+00	0		
101405	3	1048571	1123525	0	2012-02-29 05:00:05.72768+00	0		
101545	3	1161034	1161039	0	2012-06-08 13:00:11.150237+00	0		
101548	3	1161389	1161390	0	2012-06-09 11:00:11.951093+00	0		
101873	3	478437	1235053	0	2013-01-06 20:00:30.903997+00	0		
101478	5	910753	840526	0	2012-04-23 12:00:09.993222+00	0		
101489	3	42263	1147214	0	2015-07-16 21:47:14.564313+00	0		
101459	3	1139480	763109	0	2015-07-16 21:47:19.10629+00	0		
101474	3	744779	1144157	0	2015-07-16 21:47:21.398073+00	0		
101445	3	729870	1139271	0	2015-07-16 21:47:25.340274+00	0		
101447	3	1137339	1139621	0	2015-07-16 21:47:26.615332+00	0		
101453	3	138167	1140023	0	2015-07-16 21:47:27.801476+00	0		
101462	3	1044902	1140356	0	2015-07-16 21:47:31.81625+00	0		
101463	3	57980	1140422	0	2015-07-16 21:47:32.968694+00	0		
101502	3	1104194	1149151	0	2015-07-16 21:47:34.163362+00	0		
101163	3	1044120	807671	0	2015-07-16 21:47:35.335488+00	0		
101218	3	1043023	1087383	0	2015-07-16 21:47:36.581306+00	0		
101319	3	727803	1087294	0	2015-07-16 21:47:38.999175+00	0		
101454	3	760992	1140025	0	2015-07-16 21:47:40.164852+00	0		
101475	3	1144158	1144161	0	2015-07-16 21:47:41.334357+00	0		
102249	3	1157173	1292477	0	2015-07-16 21:47:42.529683+00	0		
101320	3	1094679	1100636	0	2015-07-16 21:47:44.879662+00	0		
101219	3	1087559	1087419	0	2015-07-16 21:47:46.0573+00	0		
101449	3	351830	1139623	0	2015-07-16 21:47:50.630568+00	0		
101443	3	64619	1139258	0	2015-07-16 21:47:51.796562+00	0		
101455	3	622327	1140027	0	2015-07-16 21:47:52.949101+00	0		
75631	3	509309	1144264	0	2015-07-16 21:47:57.225613+00	0		
101392	3	154915	28185	0	2015-07-16 21:48:26.29467+00	0		
101442	3	774444	1139253	0	2015-07-16 21:49:05.462226+00	0		
333	3	421713	177587	0	2015-07-16 23:20:51.292512+00	0		
101552	3	1164475	1164478	0	2012-06-19 12:00:10.157701+00	0		
101602	3	754196	1143384	0	2015-07-17 08:14:26.559227+00	0		
101836	71145	24812	1216365	0	2012-11-19 11:00:28.517017+00	0		
101516	3	1152364	1152366	0	2012-04-30 01:29:46.201099+00	0		
101494	2	1148358	618765	0	2012-05-03 15:00:12.795507+00	0		
101558	50154	154505	154504	0	2012-06-24 04:00:17.954563+00	0		
101503	3	1149405	1149406	0	2012-05-06 03:00:08.884877+00	0		
101549	3	1161731	1161732	0	2012-06-10 16:00:12.159909+00	0		
101559	3	1164876	1166081	0	2015-07-17 08:14:40.885651+00	0		
101533	3	1154982	1154999	0	2012-05-07 19:21:40.936586+00	0		
101506	2	1150270	13264	0	2012-05-07 21:00:15.085169+00	0		
101560	3	1164859	1166094	0	2015-07-17 08:14:42.062359+00	0		
101874	2	1235249	1228692	0	2013-01-07 11:00:08.698401+00	0		
101579	3	1166855	246757	0	2015-07-17 08:14:48.361501+00	0		
101610	3	377013	377014	0	2015-07-17 08:14:56.141554+00	0		
101562	3	1166157	1166161	0	2012-06-24 18:00:11.31147+00	0		
101525	3	1154385	1154387	0	2012-05-19 23:00:23.507081+00	0		
101565	3	1166230	1166232	0	2012-06-24 23:00:09.774943+00	0		
101840	3	1182789	1182794	0	2015-07-17 08:16:41.87688+00	0		
101566	3	967946	1166265	0	2012-06-25 03:00:22.918698+00	0		
101528	3	1154552	88140	0	2012-05-20 23:00:24.452276+00	0		
16427	2	20902	55232	0	2012-05-21 19:08:52.953997+00	0		
16429	2	20902	649727	0	2012-05-21 19:08:52.953997+00	0		
16430	2	20902	710346	0	2012-05-21 19:08:52.953997+00	0		
101543	26	1160320	527038	0	2012-05-23 08:08:22.421159+00	0		
101535	2	375392	49886	0	2012-05-24 03:00:13.570688+00	0		
101536	3	1156303	1156304	0	2012-05-25 08:00:10.833803+00	0		
101567	3	1166235	1166277	0	2012-06-25 06:00:07.200629+00	0		
101544	3	723752	1160955	0	2012-05-25 14:07:01.844222+00	0		
101569	3	1166285	1166286	0	2012-06-25 07:00:07.093393+00	0		
101572	3	1166494	1166497	0	2012-06-25 21:00:16.868963+00	0		
101546	48825	1159126	127919	0	2012-05-27 11:06:47.103816+00	0		
101580	26	1127176	514375	0	2012-06-26 23:00:10.437353+00	0		
101581	26	1167609	1163467	0	2012-06-28 21:00:21.345608+00	0		
101551	3	599552	1161917	0	2012-05-28 08:10:51.090336+00	0		
101537	47939	1117800	1157422	0	2012-05-28 13:00:16.33425+00	0		
101825	3	1213701	1213735	0	2015-07-17 08:16:44.234077+00	0		
101809	3	84133	84134	0	2015-07-17 08:16:55.528133+00	0		
101876	2	274250	285811	0	2013-01-08 15:00:18.192879+00	0		
101837	3	375508	1217676	0	2012-11-22 21:00:31.444803+00	0		
101584	3	1168010	1168012	0	2012-06-30 05:00:12.941627+00	0		
101586	26	1168056	15630	0	2012-06-30 10:00:11.654639+00	0		
101600	3	1125257	1142612	0	2012-08-25 00:05:48.700569+00	0		
69505	2	731516	88	0	2012-11-06 22:00:12.352195+00	0		
101877	2	1235703	522812	0	2013-01-08 23:00:16.905026+00	0		
101878	3	1138003	1138041	0	2013-01-09 05:00:18.792228+00	0		
102236	26	1290936	1234104	0	2013-05-24 17:00:11.505705+00	0		
69936	2	731516	91	0	2012-11-06 22:00:12.352195+00	0		
101860	3	1200022	1226754	0	2012-12-17 06:00:19.10313+00	0		
101880	26	1236494	1170393	0	2013-01-10 21:00:33.308367+00	0		
101868	26	1230252	1229939	0	2012-12-27 00:00:17.999722+00	0		
101817	2	731516	84	0	2012-11-09 10:00:13.408439+00	0		
101819	66831	1212797	1212793	0	2012-11-09 13:00:16.32961+00	0		
101820	2	1046503	328410	0	2012-11-09 18:00:10.100903+00	0		
101881	2	690405	1236398	0	2013-01-11 19:00:31.181074+00	0		
101846	2	382051	806084	0	2012-11-14 20:28:07.655359+00	0		
101829	70322	957255	1214777	0	2012-11-15 01:00:24.416473+00	0		
101830	3	1215506	635885	0	2012-11-17 09:00:08.106526+00	0		
101841	2	1046492	32830	0	2012-11-11 16:05:59.937847+00	0		
101831	71145	1215756	24810	0	2012-11-17 22:00:18.149119+00	0		
101835	3	1215789	1216114	0	2012-11-18 16:00:08.648086+00	0		
101842	2	605715	767922	0	2012-11-26 18:00:25.885804+00	0		
101843	3	901240	1165685	0	2012-11-27 23:00:08.554219+00	0		
101847	3	1219989	600729	0	2012-11-28 21:00:24.83161+00	0		
101866	2	133118	11556	0	2012-12-21 08:00:28.096781+00	0		
101871	3	643501	1233547	0	2012-12-20 09:04:19.726659+00	0		
101852	3	1222506	1222508	0	2012-12-05 18:00:07.805287+00	0		
101853	26	1175243	1224194	0	2012-12-10 13:00:43.561755+00	0		
101884	3	1238208	539956	0	2013-01-15 17:00:08.533042+00	0		
101854	3	1084542	1100618	0	2012-12-13 00:00:23.124186+00	0		
101861	3	802430	1226859	0	2012-12-17 13:00:35.111525+00	0		
101870	2	582401	103	0	2012-12-22 06:18:12.762649+00	0		
101885	3	1238219	539780	0	2013-01-15 17:01:03.157153+00	0		
101395	13	810992	1093845	0	2013-05-11 09:00:16.043187+00	0		
101862	2	1227109	1227110	0	2012-12-26 22:13:26.252674+00	0		
101879	3	1236011	1236028	0	2012-12-26 21:23:29.61921+00	0		
101869	2	1230654	933975	0	2012-12-28 11:00:15.369136+00	0		
101883	26	1237567	496071	0	2012-12-30 16:54:07.479331+00	0		
101247	3	1092525	1090269	0	2011-11-25 15:00:05.598432+00	0		
101208	26	734429	735230	0	2011-11-03 19:00:07.314047+00	0		
101422	2	1132298	1132297	0	2012-03-23 00:00:13.941164+00	0		
101848	3	1220612	990556	0	2015-07-17 08:16:56.718167+00	0		
101845	3	1219894	1040511	0	2015-07-17 08:16:57.875573+00	0		
101322	3	1087312	1087313	0	2012-01-19 22:00:07.307411+00	0		
101554	3	5388	1165659	0	2012-06-23 14:00:21.343677+00	0		
101383	3	683711	1121942	0	2012-02-08 15:39:04.819642+00	0		
101557	26	1159393	43607	0	2012-06-24 01:00:07.034498+00	0		
101521	3	636255	1154084	0	2015-01-21 01:55:24.444083+00	0		
101839	3	801311	795862	0	2015-02-24 00:02:52.390674+00	0		
101563	3	1166166	1166168	0	2012-06-24 18:00:12.42528+00	0		
101882	3	319180	1237555	0	2015-07-17 08:17:00.214995+00	0		
101568	3	1166280	1166283	0	2012-06-25 07:00:06.769335+00	0		
101832	3	723073	1215843	0	2015-07-17 08:17:02.495507+00	0		
101570	3	1166288	1166289	0	2012-06-25 07:00:07.433289+00	0		
101573	3	1166499	1166501	0	2012-06-25 21:00:17.801967+00	0		
101513	3	17150	1151052	0	2015-07-16 21:47:59.574429+00	0		
101504	3	1149929	1149944	0	2015-07-16 21:48:04.696426+00	0		
101514	3	1115581	1152301	0	2015-07-16 21:48:07.070269+00	0		
101515	3	1152337	1152338	0	2015-07-16 21:48:08.233149+00	0		
101220	3	164939	1066222	0	2015-07-16 21:48:09.709501+00	0		
101321	3	727817	1087304	0	2015-07-16 21:48:13.720612+00	0		
101456	3	765367	1140028	0	2015-07-16 21:48:14.865085+00	0		
101444	3	700153	1139261	0	2015-07-16 21:48:16.040071+00	0		
101527	3	1154628	1154631	0	2015-07-16 21:48:55.990054+00	0		
101538	3	726347	1157574	0	2015-07-16 21:48:59.972485+00	0		
101539	3	1105930	1157591	0	2015-07-16 21:49:01.182315+00	0		
101833	3	1216023	55387	0	2015-07-17 08:17:03.628438+00	0		
101851	3	1159618	1221916	0	2015-07-17 08:17:05.965965+00	0		
101856	3	1225995	986567	0	2015-07-17 08:17:07.145298+00	0		
101838	3	1218386	1218392	0	2015-07-17 08:17:11.152539+00	0		
101863	3	1227079	1227326	0	2015-07-17 08:17:12.322615+00	0		
101858	3	369304	1226466	0	2015-07-17 08:17:13.520777+00	0		
101859	3	637217	1226684	0	2015-07-17 08:17:17.564357+00	0		
101864	3	798713	132859	0	2015-07-17 08:17:18.728801+00	0		
101865	3	1227425	567736	0	2015-07-17 08:17:19.869615+00	0		
101479	5	840536	840542	0	2012-04-23 12:00:11.445393+00	0		
101576	3	1166532	1166533	0	2012-06-25 23:00:08.755637+00	0		
101582	26	1167601	1163467	0	2012-06-28 21:00:21.403194+00	0		
101495	2	1148358	618767	0	2012-05-03 15:00:12.820105+00	0		
101601	3	694148	1143382	0	2012-06-30 02:56:40.46705+00	0		
5504	3	423726	425189	0	2015-07-16 23:21:27.962801+00	0		
101542	3	133024	1159690	0	2015-07-17 08:14:13.009984+00	0		
101660	3	1181152	1181157	0	2015-07-17 08:14:28.853472+00	0		
101585	3	1168015	1168017	0	2012-06-30 05:00:13.061162+00	0		
101764	3	1190281	1193453	0	2012-09-14 21:00:07.95271+00	0		
101547	48827	823784	77757	0	2012-05-27 11:06:47.214033+00	0		
101751	2	879664	329284	0	2012-09-02 00:00:09.165772+00	0		
101765	3	416289	1193629	0	2012-09-15 10:00:08.849985+00	0		
101700	3	564347	1183505	0	2012-08-17 00:00:09.001103+00	0		
101646	2	1179053	639648	0	2012-08-02 17:00:10.7152+00	0		
101617	3	1173081	923608	0	2012-07-01 09:59:14.729588+00	0		
70933	3	1103780	669114	0	2012-07-03 21:45:01.229238+00	0		
101619	3	535944	1174281	0	2012-07-05 11:46:25.168638+00	0		
101762	3	1024368	1193127	0	2012-09-13 18:00:15.229792+00	0		
101767	3	413047	1193641	0	2012-09-15 11:00:07.69399+00	0		
101768	3	229400	1193649	0	2012-09-15 11:00:15.010003+00	0		
101769	3	1161291	1194239	0	2012-09-17 00:00:08.15835+00	0		
101821	2	714137	441344	0	2012-11-09 18:00:11.388181+00	0		
101778	3	1194923	301978	0	2012-09-18 21:00:17.053689+00	0		
101752	26	1188991	940108	0	2012-09-02 02:00:11.388914+00	0		
101827	2	1214063	209523	0	2012-11-12 22:00:20.422078+00	0		
101730	3	518602	1185440	0	2012-08-22 07:00:09.848715+00	0		
101647	3	1179480	591258	0	2015-07-17 08:15:15.770487+00	0		
101649	3	354581	1009519	0	2012-07-21 16:57:45.75937+00	0		
101734	2	1185254	25301	0	2012-08-22 19:00:08.563409+00	0		
101658	3	1180566	1180729	0	2012-08-08 01:00:12.970725+00	0		
101850	3	1220800	1220838	0	2012-12-01 14:00:03.779149+00	0		
101656	26	1180293	1180291	0	2012-07-23 16:43:34.496069+00	0		
101621	2	1167575	544496	0	2012-07-23 18:00:18.621049+00	0		
101624	2	820657	285387	0	2012-07-25 17:00:16.939348+00	0		
101678	2	1181622	594167	0	2012-08-13 16:00:15.281448+00	0		
101671	3	1181734	1181737	0	2012-07-28 02:48:33.297358+00	0		
101674	3	1182015	1181977	0	2012-07-28 22:34:09.731691+00	0		
101675	3	1182079	1182081	0	2012-07-29 06:37:56.569192+00	0		
101680	3	1182535	1068671	0	2012-07-30 21:02:46.051227+00	0		
101742	3	252484	1185908	0	2012-08-23 18:00:09.783075+00	0		
102237	2	1291129	1290655	0	2013-05-25 11:00:11.494866+00	0		
101718	3	498951	1184303	0	2012-08-19 13:00:20.413353+00	0		
101818	2	731516	87	0	2012-11-09 10:00:13.485185+00	0		
101650	2	1179778	55733	0	2012-08-05 05:00:18.292473+00	0		
101722	3	1182275	1184488	0	2012-08-19 21:00:17.471476+00	0		
101726	3	1132226	1184713	0	2012-08-20 17:01:07.581708+00	0		
101651	2	1179988	289780	0	2012-08-05 19:00:11.95279+00	0		
101652	2	1180007	4459	0	2012-08-05 19:00:21.375336+00	0		
101725	3	564694	1184555	0	2012-08-06 00:23:45.443494+00	0		
101659	3	1181126	1181124	0	2012-08-08 23:00:10.739417+00	0		
101672	3	680772	1181811	0	2012-08-11 11:00:07.058206+00	0		
101673	2	1177022	26951	0	2012-08-11 14:00:20.555717+00	0		
101684	3	1087970	1182795	0	2012-08-14 20:00:09.266739+00	0		
101693	3	1182819	1182825	0	2012-08-14 22:00:13.586741+00	0		
101698	3	11200	844221	0	2012-08-15 03:00:13.106483+00	0		
101746	2	1188258	941666	0	2012-08-16 12:32:12.001356+00	0		
101844	3	1165666	1165651	0	2012-11-27 23:00:12.09511+00	0		
101704	3	305241	205242	0	2012-08-17 10:00:15.236825+00	0		
101705	3	1183691	23834	0	2012-08-17 18:00:17.88812+00	0		
101707	3	1182433	1183843	0	2012-08-18 12:00:18.695383+00	0		
101750	2	71757	1188896	0	2012-09-01 18:00:22.587467+00	0		
101727	3	656563	1184716	0	2012-08-20 17:01:18.854507+00	0		
101721	3	1184420	1184428	0	2012-08-19 19:00:28.409168+00	0		
101743	2	1187329	810236	0	2012-08-27 09:00:28.67142+00	0		
101529	3	1154217	88141	0	2012-08-30 16:07:42.546015+00	0		
101748	3	1141991	447992	0	2012-09-01 04:00:12.787227+00	0		
101749	26	1188821	30329	0	2012-09-01 14:00:11.997412+00	0		
101872	3	643502	1233547	0	2012-12-20 09:04:20.297255+00	0		
101757	26	1189782	1122701	0	2012-09-04 01:00:15.125609+00	0		
101886	3	1238223	235887	0	2013-01-15 17:01:26.308213+00	0		
101631	2	1177018	224555	0	2012-09-05 10:23:27.95037+00	0		
101629	3	680427	1176990	0	2012-09-05 10:23:27.95037+00	0		
101720	3	1184335	1184339	0	2013-03-20 19:00:50.987507+00	0		
101248	3	449018	1092521	0	2011-11-25 15:00:07.979871+00	0		
101209	26	734429	770455	0	2011-11-03 19:00:07.33073+00	0		
101221	3	164939	1066225	0	2011-11-12 23:00:09.330414+00	0		
101654	3	1137942	1180066	0	2015-07-17 08:15:16.907353+00	0		
101564	3	1166172	1166174	0	2012-06-24 18:00:13.68162+00	0		
101384	3	189078	1121944	0	2012-02-08 15:44:07.861614+00	0		
101620	3	705240	1175723	0	2015-07-17 08:15:18.032603+00	0		
101574	3	1166502	1166503	0	2012-06-25 22:00:12.488297+00	0		
101577	3	1166536	1166537	0	2012-06-25 23:00:08.875796+00	0		
101480	5	840531	840534	0	2012-04-23 12:00:12.841228+00	0		
101508	3	835340	1150687	0	2015-07-16 21:48:18.328306+00	0		
101517	3	1125675	1152374	0	2015-07-16 21:48:22.54493+00	0		
101457	3	832589	1140031	0	2015-07-16 21:48:25.099811+00	0		
103359	3	1435494	1526950	0	2015-07-16 21:49:15.405081+00	0		
101655	3	180204	1180073	0	2015-07-17 08:15:19.167798+00	0		
101669	3	531452	1181347	0	2015-07-17 08:15:30.105205+00	0		
101670	3	1181600	940101	0	2015-07-17 08:15:31.273107+00	0		
101709	3	1151077	1184055	0	2015-07-17 08:15:41.780879+00	0		
101724	3	97538	1184549	0	2015-07-17 08:15:44.130798+00	0		
101758	3	290727	225363	0	2015-07-17 08:15:45.28891+00	0		
101759	3	1191206	604631	0	2015-07-17 08:15:46.499508+00	0		
101744	3	1187582	656358	0	2015-07-17 08:15:47.649513+00	0		
101745	3	1039511	1187833	0	2015-07-17 08:15:48.789545+00	0		
101681	3	1182586	135118	0	2015-07-17 08:15:57.120604+00	0		
101682	3	1182677	930947	0	2015-07-17 08:15:58.256416+00	0		
101683	3	1182682	918574	0	2015-07-17 08:15:59.434826+00	0		
101753	3	385000	1189286	0	2015-07-17 08:16:02.890563+00	0		
101699	3	452896	725615	0	2015-07-17 08:16:04.029523+00	0		
101703	3	18698	1183551	0	2015-07-17 08:16:06.331358+00	0		
101735	3	1170749	969561	0	2015-07-17 08:16:07.470812+00	0		
101738	3	1169682	969560	0	2015-07-17 08:16:09.815969+00	0		
101739	3	1174747	945938	0	2015-07-17 08:16:11.06709+00	0		
101740	3	1169816	969562	0	2015-07-17 08:16:12.213347+00	0		
101776	3	1187423	1194286	0	2015-07-17 08:16:13.396088+00	0		
101626	3	669698	1176965	0	2015-07-17 08:16:15.944424+00	0		
101630	3	1176993	1176994	0	2015-07-17 08:16:17.092382+00	0		
101637	3	674270	1177097	0	2015-07-17 08:16:22.482935+00	0		
101834	3	1216026	1081609	0	2015-07-17 08:17:04.794529+00	0		
101917	3	312190	1240896	0	2015-07-17 08:17:45.309645+00	0		
101583	26	1167589	1163467	0	2012-06-28 21:00:21.414384+00	0		
101496	2	1148358	685055	0	2012-05-03 15:00:13.099113+00	0		
13027	3	423941	1041807	0	2015-07-16 23:21:32.618732+00	0		
101661	3	667679	1181143	0	2015-07-17 08:14:33.456164+00	0		
101523	3	1119047	1154100	0	2012-05-18 20:00:28.538641+00	0		
101927	2	1237850	289934	0	2013-01-23 14:00:13.842661+00	0		
101822	2	582385	498281	0	2012-11-09 18:00:12.197751+00	0		
101828	2	1214063	24045	0	2012-11-12 22:00:20.796906+00	0		
101953	2	1244390	108344	0	2013-02-01 04:00:14.731119+00	0		
101657	26	1180293	1180290	0	2012-07-23 16:44:00.780457+00	0		
101622	2	749760	1167047	0	2012-07-23 18:00:18.689596+00	0		
102241	3	1197062	1290005	0	2013-05-29 09:00:10.133226+00	0		
101653	2	1180015	4459	0	2012-08-05 20:00:10.276334+00	0		
102250	2	1293562	323813	0	2013-06-01 13:00:10.711467+00	0		
101954	3	1244696	1244693	0	2013-01-18 22:03:49.969275+00	0		
101685	3	1182700	969557	0	2012-08-14 20:00:09.730334+00	0		
101694	3	1182814	1182828	0	2012-08-14 22:00:14.619793+00	0		
101711	3	649907	1184096	0	2012-08-19 02:00:09.68292+00	0		
101719	3	1136897	1184306	0	2012-08-19 13:00:22.976194+00	0		
101957	3	1245326	316402	0	2013-02-03 16:00:16.90453+00	0		
101723	3	1164506	1184492	0	2012-08-19 21:00:21.249864+00	0		
101728	3	656565	1184717	0	2012-08-20 18:00:10.263733+00	0		
101736	3	627472	1185737	0	2012-08-23 00:00:06.668461+00	0		
101632	2	1177024	326093	0	2012-09-05 10:23:27.95037+00	0		
101643	3	1177740	156176	0	2012-09-05 10:23:27.95037+00	0		
101766	3	416290	1193632	0	2012-09-15 10:00:09.96532+00	0		
101770	3	663598	1194244	0	2012-09-17 00:00:08.729426+00	0		
101779	3	1190048	1194931	0	2012-09-18 21:00:26.30436+00	0		
101970	3	432440	1248326	0	2013-01-28 12:43:22.979448+00	0		
101920	3	691541	867421	0	2013-01-08 14:11:18.034397+00	0		
101936	2	189413	493445	0	2013-01-24 21:00:29.48023+00	0		
101923	3	352257	884214	0	2013-01-08 22:36:32.53326+00	0		
101925	3	692134	1241275	0	2013-01-09 01:20:01.431861+00	0		
101937	2	189413	1236351	0	2013-01-24 21:00:29.489275+00	0		
101919	3	691515	480498	0	2013-01-09 14:17:07.968761+00	0		
101941	2	782090	1238062	0	2013-01-25 09:00:17.084018+00	0		
101930	3	692755	477994	0	2013-01-10 12:08:04.677552+00	0		
101945	2	149319	206820	0	2013-01-26 15:00:13.228852+00	0		
101946	2	402061	14493	0	2013-01-26 18:00:16.313648+00	0		
101966	2	1239295	234989	0	2013-01-28 20:23:33.639859+00	0		
101938	3	569041	1241851	0	2013-01-10 21:04:53.475413+00	0		
101971	3	1248346	1248104	0	2013-02-11 15:00:08.797231+00	0		
101887	3	1238243	520614	0	2013-01-15 19:00:27.311516+00	0		
101888	2	1210267	8390	0	2013-01-16 02:00:19.473724+00	0		
101891	2	819739	108413	0	2013-01-16 03:00:22.47762+00	0		
101892	3	1238414	539921	0	2013-01-16 03:00:28.221566+00	0		
101894	3	1238467	541417	0	2013-01-16 08:00:21.164927+00	0		
101896	3	1238475	539900	0	2013-01-16 09:00:13.35268+00	0		
101899	3	1238486	540308	0	2013-01-16 10:00:09.76923+00	0		
101900	3	1238490	541397	0	2013-01-16 10:00:15.826778+00	0		
101901	3	1238515	541411	0	2013-01-16 12:00:15.155539+00	0		
101902	3	1238525	540278	0	2013-01-16 12:00:20.1413+00	0		
101903	2	753679	292424	0	2013-01-16 15:00:09.590764+00	0		
101904	2	753655	538040	0	2013-01-16 15:00:15.249037+00	0		
101911	2	189879	1238636	0	2013-01-16 18:02:41.256717+00	0		
101912	3	1238647	541249	0	2013-01-16 19:00:16.314377+00	0		
101955	3	1245296	897182	0	2013-02-03 15:00:10.472328+00	0		
101949	3	1243997	262135	0	2013-01-16 20:29:30.220335+00	0		
101913	26	1238691	1206142	0	2013-01-16 21:00:38.596363+00	0		
101924	3	196134	194809	0	2013-01-22 23:00:31.420548+00	0		
101926	2	539323	1236824	0	2013-01-23 06:00:18.912579+00	0		
101929	2	1241647	191055	0	2013-01-24 12:00:15.866704+00	0		
101933	2	1241725	421795	0	2013-01-24 15:00:34.092258+00	0		
101934	2	1237912	289936	0	2013-01-24 16:00:13.667757+00	0		
101935	3	1241763	1220769	0	2013-01-24 17:00:15.491409+00	0		
101964	2	1246956	45405	0	2013-01-24 20:19:08.175319+00	0		
101942	2	1238091	289929	0	2013-01-26 10:00:27.504126+00	0		
101944	2	1238211	289939	0	2013-01-26 13:00:11.830035+00	0		
101965	2	941837	289928	0	2013-01-28 20:24:29.155663+00	0		
48933	2	607173	511537	0	2013-01-30 21:01:04.062275+00	0		
101959	2	1238253	289924	0	2013-01-28 20:29:08.261086+00	0		
48935	2	607173	514718	0	2013-01-30 21:01:04.062275+00	0		
101995	2	1250506	285480	0	2013-02-16 16:00:32.235937+00	0		
101998	3	1152982	1251232	0	2013-02-18 14:00:24.867415+00	0		
101999	2	359054	77494	0	2013-02-18 15:00:52.130134+00	0		
101963	2	253125	9260	0	2013-02-03 07:00:27.502633+00	0		
102172	2	1278802	162622	0	2013-04-21 07:00:26.958559+00	0		
102173	2	1095874	303742	0	2013-04-23 17:00:24.386208+00	0		
102002	3	1251686	1250888	0	2013-02-05 23:33:17.200194+00	0		
102174	3	1279857	1279867	0	2013-04-23 18:00:22.941376+00	0		
101967	2	1247319	484362	0	2013-02-08 20:00:10.726152+00	0		
101968	2	1247703	172722	0	2013-02-10 01:00:29.919819+00	0		
101249	3	1092546	1092543	0	2011-11-25 16:00:06.112615+00	0		
101210	26	734429	791580	0	2011-11-03 19:00:07.338468+00	0		
101618	3	1103780	799831	0	2015-07-17 08:15:14.632336+00	0		
101777	3	1042423	1194293	0	2015-07-17 08:15:38.266686+00	0		
101578	3	1166538	1166539	0	2012-06-25 23:00:08.927485+00	0		
101385	3	683719	1121944	0	2012-02-08 15:44:11.883319+00	0		
101763	3	1024368	1193129	0	2015-07-17 08:15:49.935718+00	0		
101222	3	1088257	1088260	0	2015-07-16 21:48:29.807137+00	0		
101324	3	727774	1087299	0	2015-07-16 21:48:31.062001+00	0		
101458	3	1062914	1140032	0	2015-07-16 21:48:32.528979+00	0		
101761	3	411100	292482	0	2015-07-17 08:15:54.809702+00	0		
101754	3	1117931	1189295	0	2015-07-17 08:15:55.977158+00	0		
101627	3	669284	1176968	0	2015-07-17 08:16:14.74567+00	0		
101642	3	1177590	1177588	0	2015-07-17 08:16:18.268958+00	0		
101638	3	670686	1177308	0	2015-07-17 08:16:24.752999+00	0		
101639	3	677073	1177313	0	2015-07-17 08:16:25.912085+00	0		
101625	3	1176961	1176962	0	2015-07-17 08:16:27.07762+00	0		
101855	3	1224782	1225820	0	2015-07-17 08:17:21.022992+00	0		
101950	3	1244347	219221	0	2015-07-17 08:17:22.172264+00	0		
101951	3	1137150	328701	0	2015-07-17 08:17:23.318275+00	0		
101947	3	86004	1243045	0	2015-07-17 08:17:24.480651+00	0		
101952	3	1137154	328699	0	2015-07-17 08:17:28.484305+00	0		
101918	3	64910	1240898	0	2015-07-17 08:17:47.078078+00	0		
101921	3	1233195	1241043	0	2015-07-17 08:17:51.093215+00	0		
101928	3	375817	1241550	0	2015-07-17 08:17:53.406278+00	0		
101931	3	1218694	1223319	0	2015-07-17 08:17:54.561315+00	0		
101989	3	1248739	1249989	0	2015-07-17 08:18:04.921396+00	0		
101961	3	1245916	1245920	0	2015-07-17 08:18:14.740487+00	0		
102000	3	793093	894536	0	2015-07-17 08:18:17.052934+00	0		
101973	3	1246120	1249145	0	2015-07-17 08:18:24.460621+00	0		
102170	3	1278195	1278199	0	2015-07-17 08:19:52.430922+00	0		
101792	3	1201119	1201125	0	2012-10-06 14:00:13.825295+00	0		
101497	2	618768	71480	0	2012-05-03 15:00:13.382716+00	0		
5742	3	425251	425262	0	2015-07-16 23:22:22.095017+00	0		
103584	3	1066781	761200	0	2015-07-17 08:09:11.504317+00	0		
101531	3	1154529	88148	0	2012-05-20 23:00:24.537412+00	0		
101793	3	1050593	1201331	0	2012-10-07 01:00:14.705797+00	0		
102273	3	2836	1296508	0	2014-01-13 21:00:33.96107+00	0		
101623	2	1167575	1167047	0	2012-07-23 18:00:18.718983+00	0		
101798	2	1204189	57428	0	2012-10-15 20:00:11.825225+00	0		
102261	2	1294340	53869	0	2013-06-03 18:00:09.527083+00	0		
101799	3	169044	1204205	0	2012-10-15 22:00:11.601619+00	0		
101804	3	1195055	1205863	0	2012-10-21 03:00:07.136407+00	0		
101695	3	1182817	1182830	0	2012-08-14 22:00:15.219595+00	0		
101712	3	1096886	1184101	0	2012-08-19 02:00:10.529232+00	0		
101729	3	1142674	1184722	0	2012-08-20 18:00:12.903124+00	0		
101732	3	589403	1185442	0	2012-08-22 07:00:10.501816+00	0		
101755	3	1045939	1189301	0	2012-09-02 20:00:08.653029+00	0		
101605	3	592784	1143377	0	2015-07-17 08:14:30.025894+00	0		
101640	3	677072	1177315	0	2012-09-05 10:23:27.95037+00	0		
101889	2	1234144	8390	0	2013-01-16 02:00:19.53818+00	0		
101893	3	1238419	539752	0	2013-01-16 04:00:11.643711+00	0		
101781	2	1195203	1105736	0	2012-09-06 09:17:51.982208+00	0		
101895	3	1238470	539934	0	2013-01-16 09:00:12.991853+00	0		
101897	3	1238479	539853	0	2013-01-16 09:00:15.696697+00	0		
101905	2	753667	5723	0	2013-01-16 15:00:15.445749+00	0		
101771	3	1194254	1194256	0	2012-09-17 00:00:12.563956+00	0		
101823	2	582403	104	0	2012-11-09 18:00:12.364686+00	0		
103360	2	1527146	1527441	0	2014-11-27 09:03:04.109306+00	0		
101780	2	1195128	7390	0	2012-09-19 12:00:11.960684+00	0		
101782	26	1196954	1190253	0	2012-09-24 19:00:08.658476+00	0		
101783	2	1195765	1195767	0	2012-09-25 13:00:10.322302+00	0		
101784	3	1197545	1197547	0	2012-09-26 00:00:16.490577+00	0		
101795	3	480332	735099	0	2012-09-26 11:29:42.23491+00	0		
101607	3	629391	1143379	0	2015-07-17 08:14:32.314207+00	0		
101796	2	1202499	744425	0	2012-09-26 17:07:28.830293+00	0		
101785	3	1196871	1197837	0	2012-09-27 01:00:09.733493+00	0		
101786	2	1198554	1197397	0	2012-09-28 21:00:17.909017+00	0		
101797	3	1203346	1201926	0	2012-09-29 07:21:14.667491+00	0		
101788	3	1199619	1199621	0	2012-10-02 09:00:07.488442+00	0		
101789	3	1075877	1199787	0	2012-10-02 19:00:06.91938+00	0		
101800	26	1204647	1182124	0	2012-10-03 07:55:03.646001+00	0		
101940	2	1237959	289937	0	2013-01-25 08:00:16.930219+00	0		
101662	3	667707	1181145	0	2015-07-17 08:15:23.145544+00	0		
102270	2	1296433	198244	0	2013-06-10 00:00:11.058672+00	0		
101956	3	1173492	475980	0	2013-02-03 15:00:10.80838+00	0		
101958	3	1245326	339883	0	2013-02-03 16:00:22.238002+00	0		
102005	3	660435	1253210	0	2013-02-09 07:24:03.918044+00	0		
101996	2	820799	285467	0	2013-02-16 16:00:42.334608+00	0		
102271	2	1296433	1296429	0	2013-06-10 00:00:11.095055+00	0		
102240	2	1292343	1248875	0	2013-05-28 22:00:31.919179+00	0		
101710	3	452896	1184089	0	2015-07-17 08:15:39.453999+00	0		
102298	2	1180237	262617	0	2013-06-16 16:00:11.869029+00	0		
102272	2	1296436	564796	0	2013-06-10 01:00:11.537885+00	0		
101686	3	1161294	1182796	0	2015-07-17 08:16:05.194511+00	0		
102254	2	1293896	1251178	0	2013-06-02 11:00:10.513759+00	0		
102255	2	1293959	1293960	0	2013-06-02 14:00:19.796508+00	0		
102293	2	1286108	209564	0	2013-06-11 15:00:08.063927+00	0		
101737	3	1182611	135427	0	2015-07-17 08:16:08.642396+00	0		
102256	2	1294215	193463	0	2013-06-03 09:00:07.55869+00	0		
101628	3	669277	1176971	0	2015-07-17 08:16:23.619166+00	0		
101633	3	667534	1177025	0	2015-07-17 08:16:33.596421+00	0		
102326	2	1302490	1302239	0	2013-06-30 16:00:22.498599+00	0		
102262	2	1294632	53738	0	2013-06-04 12:00:20.383002+00	0		
102303	2	1296440	328333	0	2013-06-17 10:00:16.222383+00	0		
102263	2	1294682	35505	0	2013-06-04 15:00:21.813738+00	0		
101794	3	1100999	1202069	0	2015-07-17 08:16:43.036396+00	0		
101801	3	491943	826694	0	2015-07-17 08:16:50.042178+00	0		
102266	2	1294958	211433	0	2013-06-05 12:00:17.375773+00	0		
101802	3	491938	826681	0	2015-07-17 08:16:51.20908+00	0		
101974	3	1246134	1249147	0	2015-07-17 08:17:29.682423+00	0		
102268	2	1295789	10019	0	2013-06-07 20:00:21.776611+00	0		
102269	26	1296152	1284186	0	2013-06-09 08:00:12.946993+00	0		
101985	3	1248339	1249973	0	2015-07-17 08:17:32.075552+00	0		
101922	3	1206032	1204854	0	2015-07-17 08:17:52.247966+00	0		
101932	3	1241709	219200	0	2015-07-17 08:17:55.713447+00	0		
101977	3	1246130	1249159	0	2015-07-17 08:17:56.858148+00	0		
102327	2	1302490	1300564	0	2013-06-30 16:00:22.571629+00	0		
102318	26	1301057	1301054	0	2013-06-18 10:59:03.056445+00	0		
102321	26	1283533	194753	0	2013-06-29 16:00:24.06081+00	0		
102320	2	1302154	1266477	0	2013-06-29 10:00:12.275532+00	0		
101987	3	1248694	1249980	0	2015-07-17 08:18:02.612744+00	0		
102324	26	1283583	194752	0	2013-06-29 18:00:16.721428+00	0		
101990	3	1247286	1249994	0	2015-07-17 08:18:06.060394+00	0		
101993	3	1248312	1250003	0	2015-07-17 08:18:12.418643+00	0		
102319	3	1301345	635461	0	2013-06-26 13:00:16.123917+00	0		
101498	2	618768	71478	0	2012-05-03 15:00:13.404503+00	0		
101510	3	575985	1150690	0	2015-07-16 21:48:36.469249+00	0		
101325	3	727766	1087301	0	2015-07-16 21:48:40.541952+00	0		
101524	3	768380	1154103	0	2015-07-16 21:48:51.949461+00	0		
102264	3	1294867	1294869	0	2015-07-16 21:49:44.264516+00	0		
102253	3	299995	1293571	0	2015-07-16 21:49:52.509353+00	0		
73226	3	665843	665848	0	2015-07-16 21:49:59.544714+00	0		
73227	3	665844	665848	0	2015-07-16 21:50:03.488543+00	0		
102274	3	172715	1296751	0	2015-07-16 21:50:17.02238+00	0		
102275	3	172718	1296757	0	2015-07-16 21:50:18.2326+00	0		
102276	3	122678	172748	0	2015-07-16 21:50:19.418182+00	0		
102278	3	172723	1296767	0	2015-07-16 21:50:27.979487+00	0		
102289	3	1296787	1162153	0	2015-07-16 21:51:10.607728+00	0		
102290	3	1296793	1296795	0	2015-07-16 21:51:24.349298+00	0		
102291	3	1296796	1296797	0	2015-07-16 21:51:37.398471+00	0		
102292	3	1296806	1296810	0	2015-07-16 21:51:41.693951+00	0		
102296	3	1297409	1297416	0	2015-07-16 21:51:51.720927+00	0		
102304	3	217876	11859	0	2015-07-16 21:52:09.146863+00	0		
102307	3	1248691	959778	0	2015-07-16 21:52:10.330102+00	0		
102328	3	1302793	1302796	0	2015-07-16 21:52:37.729275+00	0		
102329	3	1302803	1302805	0	2015-07-16 21:52:41.192784+00	0		
102331	3	1302821	1302823	0	2015-07-16 21:52:43.538292+00	0		
102332	3	1302829	1302830	0	2015-07-16 21:52:50.257269+00	0		
102334	3	1302885	934418	0	2015-07-16 21:52:51.432387+00	0		
102335	3	1302988	1302990	0	2015-07-16 21:52:57.840685+00	0		
102339	3	156230	156487	0	2015-07-16 21:53:49.092234+00	0		
102340	3	1199440	1303193	0	2015-07-16 21:53:55.401344+00	0		
102342	3	1303204	1303205	0	2015-07-16 21:54:12.029481+00	0		
102344	3	1303213	1303214	0	2015-07-16 22:13:34.377794+00	0		
102345	3	1303226	1303228	0	2015-07-16 22:30:13.85183+00	0		
101532	3	1154532	88139	0	2012-05-20 23:00:24.546454+00	0		
101890	2	1238380	8390	0	2013-01-16 02:00:19.58619+00	0		
101824	2	582366	328333	0	2012-11-09 18:00:13.340439+00	0		
102040	2	137085	188132	0	2013-03-01 22:00:39.462464+00	0		
102042	3	1259351	1259360	0	2013-03-02 10:00:17.964496+00	0		
101687	3	1064311	1182798	0	2012-08-14 20:00:13.928255+00	0		
101713	3	636729	1184116	0	2012-08-19 02:00:15.694812+00	0		
101733	3	1107801	1185454	0	2012-08-22 11:18:32.563571+00	0		
101898	3	1238481	539884	0	2013-01-16 09:00:20.43827+00	0		
101772	3	510610	1194261	0	2012-09-17 00:00:13.496727+00	0		
101906	2	754543	8157	0	2013-01-16 15:00:15.620122+00	0		
102277	3	172758	1296766	0	2013-06-11 04:00:13.551538+00	0		
102105	2	275839	1267712	0	2013-03-23 16:00:22.766336+00	0		
102107	2	1264188	136856	0	2013-03-25 19:00:10.259775+00	0		
7061	3	425558	425557	0	2015-07-16 23:22:23.276802+00	0		
102071	2	1054250	436854	0	2013-03-12 12:00:16.185621+00	0		
102008	3	660435	1254121	0	2013-02-10 05:16:49.780133+00	0		
102072	3	555394	1264133	0	2013-03-13 07:00:13.521208+00	0		
102108	2	1264548	37937	0	2013-03-25 19:00:18.223344+00	0		
102104	3	135617	1219753	0	2013-03-13 12:44:48.326071+00	0		
102035	26	1256816	107944	0	2013-02-17 03:48:16.720857+00	0		
102078	3	1264304	1126324	0	2013-03-13 19:00:19.045731+00	0		
102330	3	1291409	1302807	0	2015-07-17 07:49:07.267881+00	0		
102004	107137	1252706	1252708	0	2013-02-21 23:00:13.097777+00	0		
102135	2	819414	17013	0	2013-04-14 20:00:13.250209+00	0		
102041	26	1257205	1165082	0	2013-02-23 06:54:57.095321+00	0		
102083	2	1265698	1265696	0	2013-03-17 11:00:10.077671+00	0		
102034	3	1256433	1256441	0	2013-02-23 15:03:51.086479+00	0		
102006	2	1253498	1253484	0	2013-02-23 16:02:11.291133+00	0		
102084	2	1194477	1175726	0	2013-03-17 14:00:13.78678+00	0		
102007	26	1253977	1063469	0	2013-02-24 03:00:40.239844+00	0		
102043	2	582400	430646	0	2013-02-26 07:01:12.195772+00	0		
102014	3	59466	1254949	0	2013-02-26 09:00:14.543236+00	0		
102109	26	1268620	603860	0	2013-03-25 21:00:28.359338+00	0		
102047	3	1260719	1260722	0	2013-02-26 10:16:57.642495+00	0		
102036	2	1258053	643029	0	2013-02-26 20:00:21.653379+00	0		
102106	3	814742	745917	0	2013-03-18 01:39:55.137361+00	0		
102037	2	638534	148132	0	2013-02-27 17:00:11.117396+00	0		
102038	26	1258414	1063469	0	2013-02-27 18:00:12.947607+00	0		
102136	2	1276396	376	0	2013-04-17 22:00:49.344346+00	0		
102122	2	1199908	42060	0	2013-04-06 14:00:11.170605+00	0		
102070	3	1263787	1263800	0	2013-03-05 09:49:01.46781+00	0		
102110	3	651786	173728	0	2013-03-25 23:00:14.174312+00	0		
102048	2	1260997	1260994	0	2013-03-05 22:00:08.888665+00	0		
102050	2	1261215	1248875	0	2013-03-06 19:00:13.210812+00	0		
102056	3	1261794	1261795	0	2013-03-08 02:00:08.168777+00	0		
102058	3	1262077	804506	0	2013-03-08 21:00:20.497052+00	0		
102059	2	376010	30284	0	2013-03-09 13:00:14.006454+00	0		
102063	3	1262170	1262178	0	2013-03-10 02:00:26.634915+00	0		
102064	3	1262147	1262152	0	2013-03-10 02:00:41.821891+00	0		
102067	2	1260600	1263026	0	2013-03-10 17:00:45.095093+00	0		
102068	2	1263018	599097	0	2013-03-11 10:00:09.143827+00	0		
102069	2	8617	7663	0	2013-03-11 15:00:10.885462+00	0		
102309	3	1118399	1239749	0	2013-06-23 11:00:09.50661+00	0		
102246	2	1291700	209564	0	2013-05-29 22:00:07.7342+00	0		
102115	2	1269667	1265403	0	2013-03-28 18:00:08.36714+00	0		
102257	2	1205332	193463	0	2013-06-03 09:00:07.602396+00	0		
102119	3	639016	626364	0	2013-04-02 02:00:19.259339+00	0		
102305	2	1299841	1284728	0	2013-06-21 10:00:13.63482+00	0		
101790	3	397932	1199800	0	2013-06-05 02:00:37.812478+00	0		
102137	2	1276903	12193	0	2013-04-09 12:14:11.367107+00	0		
102123	3	329877	1274354	0	2013-04-10 14:00:21.404266+00	0		
102126	2	1266097	739320	0	2013-04-12 10:00:22.502567+00	0		
102128	2	101663	101662	0	2013-04-12 14:00:56.77437+00	0		
102133	2	819415	17013	0	2013-04-14 18:00:57.863172+00	0		
102346	3	156267	1303229	0	2015-07-17 07:53:46.389171+00	0		
102299	2	1180237	33253	0	2013-06-16 16:00:12.73488+00	0		
102325	26	1299467	194752	0	2013-06-29 18:00:16.741108+00	0		
101612	3	251977	413197	0	2015-07-17 08:15:01.608062+00	0		
101663	3	1181150	1181155	0	2015-07-17 08:15:24.313929+00	0		
102316	2	133114	11551	0	2013-06-24 09:00:10.806484+00	0		
101756	3	281896	140118	0	2015-07-17 08:15:42.981729+00	0		
101696	3	1182831	865346	0	2015-07-17 08:16:00.587024+00	0		
101634	3	671419	1177029	0	2015-07-17 08:16:31.284121+00	0		
101975	3	1246150	1249150	0	2015-07-17 08:17:34.385831+00	0		
102015	3	1241923	1255019	0	2015-07-17 08:17:36.670473+00	0		
102322	26	1283472	194753	0	2013-06-29 16:00:24.255481+00	0		
102747	3	1377794	1377798	0	2014-01-26 12:00:46.182466+00	0		
102754	26	72791	11945	0	2014-01-31 07:00:14.042373+00	0		
102745	3	1187478	1376992	0	2014-01-24 21:00:25.804739+00	0		
102746	2	1377768	517039	0	2014-01-26 12:00:24.894042+00	0		
102120	2	1265373	1165260	0	2015-06-07 10:01:04.843737+00	0		
102279	3	172738	1296769	0	2015-07-16 21:50:20.606401+00	0		
102314	3	816148	1149241	0	2015-07-16 21:52:05.149181+00	0		
102333	3	1264108	1302834	0	2015-07-16 21:52:45.87757+00	0		
102336	3	1302999	1303003	0	2015-07-16 21:52:59.016+00	0		
102338	3	1267771	1303021	0	2015-07-16 21:53:01.697722+00	0		
102341	3	1303198	1303202	0	2015-07-16 21:54:10.841014+00	0		
102343	3	1303207	1303210	0	2015-07-16 21:54:13.221345+00	0		
102349	3	156265	1303244	0	2015-07-16 23:01:49.61059+00	0		
101988	3	1248320	1249981	0	2015-07-17 08:18:03.75913+00	0		
101991	3	1247317	1249999	0	2015-07-17 08:18:07.222528+00	0		
102018	3	1254671	1255433	0	2015-07-17 08:18:15.89982+00	0		
102016	3	1241921	1255039	0	2015-07-17 08:18:18.219977+00	0		
102017	3	1255337	466229	0	2015-07-17 08:18:25.623921+00	0		
102028	3	1254993	1255718	0	2015-07-17 08:18:39.271477+00	0		
102030	3	1090216	1255943	0	2015-07-17 08:18:44.300208+00	0		
102032	3	471452	1255996	0	2015-07-17 08:18:46.595291+00	0		
102049	3	1244177	1261135	0	2015-07-17 08:18:48.898679+00	0		
102039	3	1258690	734156	0	2015-07-17 08:18:51.214883+00	0		
102111	3	770482	1268727	0	2015-07-17 08:18:52.367659+00	0		
102044	3	1259767	43741	0	2015-07-17 08:18:54.657943+00	0		
102046	3	1259938	1227536	0	2015-07-17 08:18:55.826336+00	0		
102051	3	1258691	1261581	0	2015-07-17 08:18:56.979275+00	0		
102057	3	642681	1261860	0	2015-07-17 08:19:02.766314+00	0		
102118	3	565789	1271361	0	2015-07-17 08:19:05.138961+00	0		
102065	3	1185546	1262914	0	2015-07-17 08:19:06.322987+00	0		
102086	3	1260737	1266381	0	2015-07-17 08:19:07.522113+00	0		
102066	3	1262996	1262998	0	2015-07-17 08:19:12.638401+00	0		
102114	3	664951	1269449	0	2015-07-17 08:19:13.826164+00	0		
102076	3	1264229	84544	0	2015-07-17 08:19:16.163951+00	0		
102079	3	1258705	1261593	0	2015-07-17 08:19:18.499229+00	0		
102101	3	1258661	1266437	0	2015-07-17 08:19:46.509413+00	0		
102116	3	1250950	1077916	0	2015-07-17 08:19:48.8846+00	0		
102131	3	72030	1276274	0	2015-07-17 08:19:53.576399+00	0		
102247	3	303010	1255047	0	2015-07-17 08:19:58.225435+00	0		
11882	3	426380	426381	0	2015-07-16 23:22:37.760271+00	0		
101499	3	1148353	1148447	0	2012-05-03 15:00:16.033951+00	0		
102375	3	139069	1304049	0	2015-07-17 07:47:52.863038+00	0		
101907	2	753700	5724	0	2013-01-16 16:00:16.667633+00	0		
101688	3	1181354	1182800	0	2012-08-14 20:00:14.824961+00	0		
101714	3	798285	1184120	0	2012-08-19 02:00:18.706273+00	0		
101773	3	269290	1194263	0	2012-09-17 01:00:08.308218+00	0		
102009	3	1253219	1253297	0	2013-02-10 05:35:04.980933+00	0		
102258	2	1205332	963214	0	2013-06-03 09:00:08.113122+00	0		
102468	3	1297413	1297416	0	2015-07-17 07:48:00.822313+00	0		
102300	2	1180237	3948	0	2013-06-16 16:00:15.578473+00	0		
102045	3	1259767	43740	0	2013-03-03 02:00:13.908059+00	0		
102463	3	1057695	1316724	0	2015-07-17 07:48:05.955478+00	0		
102749	2	811281	1378096	0	2014-01-21 10:00:22.668382+00	0		
102061	3	1146194	1262133	0	2013-03-09 23:00:36.840582+00	0		
102317	2	1300602	785338	0	2013-06-24 09:00:13.33555+00	0		
102073	3	552148	1264136	0	2013-03-13 07:00:14.029097+00	0		
102085	2	1265745	1175726	0	2013-03-17 14:00:14.666353+00	0		
102389	2	1123966	1123914	0	2013-07-13 20:00:30.137477+00	0		
102121	2	259622	419279	0	2013-04-06 09:00:11.19244+00	0		
102408	2	67181	1309197	0	2013-07-22 14:00:19.984236+00	0		
102127	2	1266097	739322	0	2013-04-12 10:00:22.530345+00	0		
102134	2	819416	17009	0	2013-04-14 18:00:59.209902+00	0		
102390	2	1123963	1306916	0	2013-07-14 00:00:13.129464+00	0		
102414	2	1311162	155817	0	2013-07-28 03:00:20.594266+00	0		
102415	26	1285763	1285766	0	2013-07-29 00:00:16.190329+00	0		
102323	26	1283466	194753	0	2013-06-29 17:00:14.998562+00	0		
102379	3	540873	1029922	0	2013-07-08 08:00:17.872554+00	0		
102337	3	1303013	1303015	0	2013-07-01 17:00:17.911474+00	0		
102416	3	517411	938744	0	2015-07-17 07:48:18.69347+00	0		
102417	3	1057691	1314088	0	2015-07-17 07:48:19.83768+00	0		
102380	2	644073	1305178	0	2013-07-08 21:00:21.726971+00	0		
102419	3	1314234	246149	0	2013-08-06 14:00:20.200553+00	0		
103361	2	1527144	1527451	0	2014-11-27 10:00:39.580373+00	0		
102373	2	1303973	253812	0	2013-07-04 20:00:23.121302+00	0		
102755	3	1380211	558113	0	2014-02-01 12:00:20.407975+00	0		
102395	26	1307568	1150125	0	2013-07-09 12:07:02.021231+00	0		
102381	2	1305459	1305467	0	2013-07-09 18:00:15.272651+00	0		
102382	2	1305705	1123977	0	2013-07-10 10:00:14.351352+00	0		
102385	2	1305735	22956	0	2013-07-11 12:00:25.175391+00	0		
102398	26	1308169	952619	0	2013-07-11 16:36:06.095489+00	0		
102399	26	1308190	952619	0	2013-07-11 18:35:41.0632+00	0		
102386	123996	749225	91767	0	2013-07-12 07:00:14.072092+00	0		
102401	3	1308350	1308351	0	2013-07-12 10:51:08.53491+00	0		
102388	26	1306686	1296250	0	2013-07-12 23:00:42.330285+00	0		
102402	3	50784	50783	0	2013-07-20 09:00:29.407304+00	0		
102404	3	1308702	1308710	0	2013-07-20 20:00:25.623516+00	0		
102405	26	1308839	240708	0	2013-07-21 10:00:24.453425+00	0		
102406	26	1308842	240708	0	2013-07-21 11:00:15.797875+00	0		
102407	3	814964	1309036	0	2013-07-21 22:00:29.158679+00	0		
102444	2	907770	223929	0	2013-08-01 09:47:27.563673+00	0		
102472	26	240119	482087	0	2013-08-18 16:00:56.736018+00	0		
102462	2	1315927	482958	0	2013-08-11 17:00:22.777465+00	0		
102470	2	1317993	1257854	0	2013-08-12 04:01:16.983851+00	0		
102480	3	1205585	1205745	0	2013-08-20 13:00:31.920632+00	0		
103509	3	1281276	1542070	0	2015-01-02 12:00:30.45383+00	0		
103585	3	1551173	1429775	0	2015-01-15 20:02:27.819258+00	0		
102387	3	1240387	1240391	0	2015-01-22 11:53:43.448539+00	0		
102488	3	819465	1184125	0	2013-08-21 22:00:30.723637+00	0		
102418	2	1312510	44934	0	2013-09-02 05:00:24.194308+00	0		
102503	3	1320114	1320102	0	2013-08-23 18:00:13.765267+00	0		
102497	26	1319260	24	0	2013-08-16 03:52:59.318181+00	0		
102499	26	1319295	28312	0	2013-08-16 04:20:42.589045+00	0		
101512	3	559188	1150693	0	2015-07-16 21:48:46.803188+00	0		
102280	3	172760	1296770	0	2015-07-16 21:50:24.494425+00	0		
102347	3	156252	1303232	0	2015-07-16 22:39:17.559682+00	0		
102350	3	156263	1303246	0	2015-07-16 23:09:58.150439+00	0		
102358	3	37061	1303271	0	2015-07-17 07:49:08.452372+00	0		
102359	3	37060	1303278	0	2015-07-17 07:49:09.60595+00	0		
102376	3	204917	1304052	0	2015-07-17 07:49:11.934558+00	0		
102377	3	156490	1304065	0	2015-07-17 07:49:16.137383+00	0		
102420	3	567848	436549	0	2015-07-17 07:49:23.666252+00	0		
102466	3	630614	1316746	0	2015-07-17 07:49:24.819225+00	0		
102469	3	1086629	1317742	0	2015-07-17 07:49:26.008354+00	0		
102362	3	1303292	1042599	0	2015-07-17 07:49:42.7856+00	0		
102378	3	581774	1304085	0	2015-07-17 07:49:46.98954+00	0		
102397	3	376924	1308062	0	2015-07-17 07:49:48.124343+00	0		
102481	3	1077849	1318964	0	2015-07-17 07:50:01.622753+00	0		
