1876	166980	3265	3122310	0	2015-05-28 12:11:17.853138+00	0		
1877	167006	3265	3122311	0	2015-05-28 12:11:17.853138+00	0		
100	166980	182	2518439	0	2014-05-15 15:38:06.164922+00	0		
1881	166999	1579	3123155	0	2015-05-29 03:47:43.416275+00	0		
1885	167006	3266	3123773	0	2015-05-29 17:12:04.358096+00	0		
14	166980	18	2516514	0	2014-05-14 17:31:37.228061+00	0		
5	166980	1	2516492	0	2014-05-14 17:11:06.814456+00	0		
41	166980	88	2517636	0	2014-05-14 22:05:03.608614+00	0		
26	166999	33	2516531	0	2014-05-14 18:03:23.562198+00	0		
1911	166980	3298	3135265	0	2015-06-07 00:37:31.421967+00	0		
10	166999	13	2516499	0	2014-05-14 17:16:50.796885+00	0		
1893	166999	3276	3125933	0	2015-05-31 00:13:35.994468+00	0		
11	167006	2	2516500	0	2014-05-14 17:18:49.028662+00	0		
42	166980	94	2517684	0	2014-05-14 22:51:40.00804+00	0		
12	167015	7	2516503	0	2014-05-14 17:20:31.255505+00	0		
16	166980	21	2516520	0	2014-05-14 17:41:35.773618+00	0		
913	167006	843	2673151	0	2014-09-13 23:28:14.614359+00	0		
27	166980	33	2516532	0	2014-05-14 18:03:23.562198+00	0		
1888	166999	3273	3124597	0	2015-05-30 10:34:09.224314+00	0		
19	166980	24	1161088	0	2014-05-14 17:50:38.252413+00	0		
1889	166999	2306	3124751	0	2015-05-30 12:45:58.038342+00	0		
78	166999	145	2517931	0	2014-05-15 04:19:41.615581+00	0		
1890	167006	3261	3125418	0	2015-05-30 22:06:21.253708+00	0		
1892	167006	589	2302473	0	2015-05-30 23:29:53.545072+00	0		
22	167006	25	2516525	0	2014-05-14 17:51:19.031385+00	0		
23	166962	26	2516526	0	2014-05-14 17:51:30.485415+00	0		
24	166980	26	188895	0	2014-05-14 17:51:30.485415+00	0		
936	167006	1425	2673170	0	2014-09-13 23:30:18.776237+00	0		
1897	166999	3279	3127685	0	2015-06-01 10:14:59.761832+00	0		
51	167006	104	1832607	0	2014-05-15 01:00:59.363948+00	0		
28	166980	41	2516537	0	2014-05-14 18:14:23.737927+00	0		
29	166980	44	697047	0	2014-05-14 18:16:59.563136+00	0		
30	167006	12	2516539	0	2014-05-14 18:24:23.708223+00	0		
46	167006	96	2517689	0	2014-05-14 23:06:01.180643+00	0		
94	166999	151	2518406	0	2014-05-15 11:24:39.875562+00	0		
32	166980	50	697047	0	2014-05-14 18:39:03.278382+00	0		
88	166999	165	2518535	0	2014-05-15 09:43:57.849825+00	0		
33	166999	54	2516842	0	2014-05-14 19:04:27.255919+00	0		
1895	199483	245	3125936	0	2015-05-31 00:22:37.388252+00	0		
34	166980	60	2517235	0	2014-05-14 19:46:42.180985+00	0		
36	166980	66	2517556	0	2014-05-14 20:47:06.220395+00	0		
48	166999	102	2517754	0	2014-05-15 00:24:25.030998+00	0		
1899	199483	3280	3127932	0	2015-06-01 13:49:52.905224+00	0		
38	166999	66	2517571	0	2014-05-14 20:59:35.226918+00	0		
103	166980	179	2518462	0	2014-05-15 16:10:00.321728+00	0		
39	166980	80	2517607	0	2014-05-14 21:27:14.939718+00	0		
40	166980	82	2517614	0	2014-05-14 21:31:44.948546+00	0		
104	166999	179	2518463	0	2014-05-15 16:10:00.321728+00	0		
1925	167006	3317	3147396	0	2015-06-15 20:45:40.463446+00	0		
15	166980	11	2516515	0	2014-05-14 17:31:45.085584+00	0		
68	166999	129	2517822	0	2014-05-15 02:06:32.772894+00	0		
79	166999	125	2517932	0	2014-05-15 04:23:30.96528+00	0		
69	166999	112	2517898	0	2014-05-15 03:56:12.117344+00	0		
1904	166999	3287	3130349	0	2015-06-03 04:48:40.840829+00	0		
70	166999	113	2517899	0	2014-05-15 03:56:42.912798+00	0		
1906	166999	3289	3130953	0	2015-06-03 16:17:04.92776+00	0		
1064	166980	2334	2767223	0	2014-11-17 22:30:53.937684+00	0		
87	166999	157	2518008	0	2014-05-15 09:15:26.168013+00	0		
80	166999	149	2517936	0	2014-05-15 04:42:45.744986+00	0		
72	166999	114	2517904	0	2014-05-15 03:59:31.73835+00	0		
73	166999	144	2517911	0	2014-05-15 04:03:02.817142+00	0		
941	167006	1920	2673174	0	2014-09-13 23:30:43.951484+00	0		
74	166999	128	2517919	0	2014-05-15 04:06:32.478777+00	0		
96	166999	175	2518356	0	2014-05-15 12:07:08.457092+00	0		
75	166999	117	2517926	0	2014-05-15 04:10:22.342464+00	0		
76	166999	124	2517930	0	2014-05-15 04:13:42.604474+00	0		
82	166999	116	2517940	0	2014-05-15 04:55:51.513487+00	0		
83	166980	151	2517941	0	2014-05-15 04:59:49.780072+00	0		
92	166999	169	2518049	0	2014-05-15 10:10:56.238587+00	0		
84	166980	151	2517942	0	2014-05-15 05:05:01.584403+00	0		
85	166999	152	2517943	0	2014-05-15 05:09:19.152381+00	0		
86	166999	133	2518006	0	2014-05-15 09:07:12.823065+00	0		
1065	199483	2334	2767224	0	2014-11-17 22:30:53.937684+00	0		
1917	166999	3311	3142635	0	2015-06-12 10:35:10.305814+00	0		
93	166999	170	2518071	0	2014-05-15 10:35:33.62127+00	0		
90	166999	168	2518040	0	2014-05-15 10:05:54.470629+00	0		
1356	166999	2592	2825993	0	2014-12-19 20:57:22.697852+00	0		
99	167006	16	2518364	0	2014-05-15 14:06:28.110991+00	0		
1905	166999	3288	1400642	0	2015-06-03 10:59:11.373207+00	0		
1918	199483	981	3143794	0	2015-06-13 11:21:21.388647+00	0		
97	166999	176	2517900	0	2014-05-15 12:10:30.60121+00	0		
81	166999	150	2517938	0	2014-05-15 04:48:59.359227+00	0		
1357	166980	2597	1473418	0	2014-12-20 11:24:32.362702+00	0		
1907	167006	3277	3131304	0	2015-06-03 21:39:56.402098+00	0		
1908	166999	3290	3131572	0	2015-06-03 23:11:19.641259+00	0		
1886	166999	3270	3124104	0	2015-05-29 22:55:53.138295+00	0		
109	166980	203	2518655	0	2014-05-15 20:23:49.275911+00	0		
110	166999	203	2518656	0	2014-05-15 20:23:49.275911+00	0		
111	166980	204	2518661	0	2014-05-15 20:26:42.563164+00	0		
112	166980	214	2518757	0	2014-05-15 21:37:08.040127+00	0		
18	166980	23	2516522	0	2014-05-14 17:47:20.970524+00	0		
113	166980	218	2518766	0	2014-05-15 21:49:27.275782+00	0		
1887	166999	3272	3124414	0	2015-05-30 07:08:37.269993+00	0		
175	166980	318	2521081	0	2014-05-17 19:08:40.802853+00	0		
1910	166999	3296	3134561	0	2015-06-06 15:35:08.898506+00	0		
198	167015	260	2523138	0	2014-05-19 06:46:13.461106+00	0		
117	167015	230	2518885	0	2014-05-16 02:00:58.311033+00	0		
118	166980	150	2518889	0	2014-05-16 02:19:21.50495+00	0		
1066	199483	2334	2767225	0	2014-11-17 22:30:53.937684+00	0		
1912	166999	3301	3137022	0	2015-06-07 22:16:48.493298+00	0		
1898	166980	3280	3127931	0	2015-06-01 13:49:52.905224+00	0		
1900	199559	3280	3127933	0	2015-06-01 13:49:52.905224+00	0		
1919	166980	3314	3144425	0	2015-06-13 20:13:10.927324+00	0		
1921	166999	3316	3144783	0	2015-06-14 03:39:07.684692+00	0		
1901	167006	3282	3129020	0	2015-06-02 09:25:33.030611+00	0		
1923	166980	3320	3146404	0	2015-06-15 03:35:39.393054+00	0		
1902	166999	3283	3129767	0	2015-06-02 19:00:48.778439+00	0		
1903	166980	3283	3129768	0	2015-06-02 19:00:48.778439+00	0		
1909	166999	3295	3134286	0	2015-06-06 11:25:27.11813+00	0		
1894	258443	245	3125935	0	2015-05-31 00:22:37.388252+00	0		
1924	167006	3306	1886198	0	2015-06-15 11:35:46.236617+00	0		
1913	166980	3303	3138025	0	2015-06-08 17:38:49.319044+00	0		
140	166999	259	2519979	0	2014-05-16 23:01:30.398789+00	0		
914	167006	894	2673152	0	2014-09-13 23:28:19.966235+00	0		
121	166980	236	2519025	0	2014-05-16 05:55:34.927022+00	0		
122	166980	238	1970630	0	2014-05-16 08:27:17.954959+00	0		
1879	166980	3266	3122316	0	2015-05-28 12:21:55.974485+00	0		
213	166999	16	2525041	0	2014-05-20 18:27:18.857541+00	0		
124	167006	239	2519183	0	2014-05-16 09:33:33.257422+00	0		
1882	166980	1579	3123158	0	2015-05-29 03:48:50.201544+00	0		
125	167006	10	2519206	0	2014-05-16 10:14:31.912382+00	0		
1891	167006	3262	3125419	0	2015-05-30 22:06:27.376201+00	0		
126	167006	7	2519213	0	2014-05-16 10:21:26.669726+00	0		
174	166999	315	2520981	0	2014-05-17 17:51:14.416115+00	0		
127	167006	8	2519229	0	2014-05-16 10:55:45.60773+00	0		
128	166980	241	2519297	0	2014-05-16 12:45:06.697358+00	0		
2146	166980	3600	3267743	0	2015-09-08 06:26:26.458142+00	0		
157	166999	288	2520594	0	2014-05-17 13:45:33.438572+00	0		
131	166980	242	2519297	0	2014-05-16 12:52:22.769748+00	0		
132	166980	243	2519341	0	2014-05-16 13:22:53.483842+00	0		
200	167006	260	1780211	0	2014-05-19 06:46:13.461106+00	0		
133	166999	6	2519659	0	2014-05-16 16:46:56.221377+00	0		
1914	166980	3304	3138213	0	2015-06-08 20:52:47.78045+00	0		
134	166980	245	2519675	0	2014-05-16 17:01:25.921042+00	0		
1915	199483	3304	3138218	0	2015-06-08 20:52:47.78045+00	0		
136	167006	245	2003458	0	2014-05-16 17:01:25.921042+00	0		
159	166980	298	2520673	0	2014-05-17 14:51:51.087986+00	0		
1920	166980	3315	3144425	0	2015-06-13 20:13:25.166758+00	0		
138	166980	248	2519688	0	2014-05-16 17:25:25.111637+00	0		
189	166999	347	2521983	0	2014-05-18 12:53:18.096655+00	0		
2142	166980	3595	3263026	0	2015-09-04 18:06:04.644162+00	0		
143	166999	269	2520370	0	2014-05-17 10:02:08.108012+00	0		
141	166999	261	2520213	0	2014-05-17 06:17:35.993501+00	0		
176	166999	322	2521101	0	2014-05-17 19:31:55.892137+00	0		
161	166999	303	2520725	0	2014-05-17 15:20:19.153452+00	0		
142	166999	262	2520303	0	2014-05-17 06:48:38.855004+00	0		
144	166999	265	2520374	0	2014-05-17 10:05:18.631787+00	0		
146	166980	273	2520437	0	2014-05-17 11:15:15.388862+00	0		
148	166980	277	1262326	0	2014-05-17 11:53:58.250008+00	0		
2145	167006	3598	3266154	0	2015-09-07 02:54:12.016824+00	0		
147	166999	276	2520461	0	2014-05-17 11:45:36.480267+00	0		
2122	166999	3580	3255968	0	2015-08-30 10:51:26.150553+00	0		
153	167006	287	2520589	0	2014-05-17 13:30:37.581412+00	0		
150	166999	283	2520531	0	2014-05-17 12:54:59.077753+00	0		
151	166999	286	2520586	0	2014-05-17 13:25:00.171196+00	0		
177	166999	323	2521146	0	2014-05-17 20:21:43.699272+00	0		
163	166999	304	2520831	0	2014-05-17 16:32:01.313617+00	0		
164	166999	197	2520832	0	2014-05-17 16:34:03.060278+00	0		
165	166999	202	2520836	0	2014-05-17 16:35:19.86993+00	0		
178	166980	326	1297368	0	2014-05-17 21:03:30.939196+00	0		
167	166999	307	2520839	0	2014-05-17 16:38:59.785274+00	0		
190	166999	348	2521996	0	2014-05-18 13:02:52.500409+00	0		
168	166999	308	2520841	0	2014-05-17 16:43:29.637914+00	0		
179	166999	326	2521203	0	2014-05-17 21:06:31.32192+00	0		
169	166980	309	2520842	0	2014-05-17 16:45:00.210081+00	0		
170	166999	310	2520844	0	2014-05-17 16:49:03.183285+00	0		
171	166980	314	2520861	0	2014-05-17 17:04:14.164209+00	0		
180	166980	327	2521210	0	2014-05-17 21:11:28.64555+00	0		
2148	199483	3600	3267745	0	2015-09-08 06:26:26.458142+00	0		
173	166999	317	2520926	0	2014-05-17 17:23:42.491789+00	0		
214	166980	16	2525042	0	2014-05-20 18:27:18.857541+00	0		
181	166999	331	2521340	0	2014-05-17 22:17:40.307442+00	0		
191	166999	292	2522009	0	2014-05-18 13:12:30.383783+00	0		
183	166999	338	2521649	0	2014-05-18 07:08:06.024424+00	0		
201	166980	363	2523146	0	2014-05-19 06:50:26.905621+00	0		
2149	166999	3604	3269024	0	2015-09-09 01:33:43.909646+00	0		
186	166999	280	2521743	0	2014-05-18 09:27:53.551578+00	0		
192	166999	293	2522017	0	2014-05-18 13:18:52.256098+00	0		
187	166999	344	2521902	0	2014-05-18 11:43:37.067959+00	0		
188	166999	345	2521923	0	2014-05-18 11:53:05.41659+00	0		
193	166999	302	2522021	0	2014-05-18 13:20:25.821683+00	0		
194	166980	349	2522030	0	2014-05-18 13:33:03.399751+00	0		
1355	166999	2583	2824762	0	2014-12-18 20:35:08.608212+00	0		
196	166980	359	2522322	0	2014-05-18 17:38:28.153802+00	0		
197	166999	28	1364832	0	2014-05-18 21:55:58.438254+00	0		
202	166999	366	2523715	0	2014-05-19 16:57:31.18481+00	0		
205	166999	370	2523747	0	2014-05-19 17:23:03.609947+00	0		
203	166999	367	2523720	0	2014-05-19 16:59:06.462273+00	0		
204	166999	369	2523737	0	2014-05-19 17:15:15.011534+00	0		
208	166999	376	2523931	0	2014-05-19 20:09:09.839421+00	0		
206	166999	371	2523752	0	2014-05-19 17:26:32.611579+00	0		
2151	166980	3606	3270479	0	2015-09-10 05:14:40.48413+00	0		
210	166980	379	2524220	0	2014-05-20 01:07:13.799802+00	0		
209	166999	377	2523939	0	2014-05-19 20:16:15.250547+00	0		
195	166999	358	2522300	0	2014-05-18 17:25:20.730788+00	0		
212	166999	238	1463691	0	2014-05-20 10:21:31.982781+00	0		
215	166999	385	2525094	0	2014-05-20 19:05:13.280259+00	0		
216	166999	388	2525117	0	2014-05-20 19:20:56.951588+00	0		
217	166980	388	2525120	0	2014-05-20 19:21:23.41093+00	0		
218	166999	389	2525125	0	2014-05-20 19:25:11.861408+00	0		
219	166999	390	2525154	0	2014-05-20 19:49:09.172936+00	0		
220	166999	391	2525168	0	2014-05-20 19:56:17.471007+00	0		
221	166999	392	2525178	0	2014-05-20 20:18:49.156467+00	0		
222	166999	394	2525185	0	2014-05-20 20:26:41.685412+00	0		
120	166980	234	2518960	0	2014-05-16 03:48:18.929346+00	0		
145	166999	267	2520378	0	2014-05-17 10:09:10.050855+00	0		
223	166999	395	2525186	0	2014-05-20 20:34:05.465591+00	0		
224	166999	397	2525229	0	2014-05-20 21:02:46.534129+00	0		
225	166999	398	2525254	0	2014-05-20 21:16:16.207058+00	0		
2152	166980	3607	3270653	0	2015-09-10 07:35:56.155182+00	0		
228	166980	407	2525819	0	2014-05-21 09:13:24.061785+00	0		
288	166999	594	2535386	0	2014-05-28 20:45:48.052309+00	0		
2150	166999	3605	3269745	0	2015-09-09 18:22:13.588664+00	0		
2153	166980	3608	326977	0	2015-09-10 14:02:39.022091+00	0		
915	167006	957	2673153	0	2014-09-13 23:28:24.906223+00	0		
240	167006	436	2527105	0	2014-05-22 09:36:47.085157+00	0		
300	166999	610	2535925	0	2014-05-29 10:27:35.910117+00	0		
243	166999	476	2527816	0	2014-05-23 00:31:38.027888+00	0		
272	167006	447	2533007	0	2014-05-26 16:14:52.793308+00	0		
242	166980	469	2527709	0	2014-05-22 21:55:52.503342+00	0		
260	166980	549	2530209	0	2014-05-24 16:40:06.245393+00	0		
2154	167006	3608	2038198	0	2015-09-10 14:02:39.022091+00	0		
2161	167006	3614	3271841	0	2015-09-10 23:24:56.212079+00	0		
2156	166980	3609	3271431	0	2015-09-10 19:24:38.727257+00	0		
2157	166980	3610	3271660	0	2015-09-10 20:58:44.413281+00	0		
2159	166980	3612	3271737	0	2015-09-10 21:49:19.619784+00	0		
2160	166980	3613	3271763	0	2015-09-10 22:05:10.091146+00	0		
2144	167006	3597	3265066	0	2015-09-06 07:12:09.693838+00	0		
2147	199483	3600	3267744	0	2015-09-08 06:26:26.458142+00	0		
273	166999	574	2533354	0	2014-05-26 20:28:17.701621+00	0		
245	167006	479	2527880	0	2014-05-23 02:33:32.353096+00	0		
247	166999	484	2528605	0	2014-05-23 11:13:03.750143+00	0		
1880	166999	3266	3122318	0	2015-05-28 12:23:42.142866+00	0		
248	166999	484	2528721	0	2014-05-23 13:17:15.270256+00	0		
249	166999	487	2529106	0	2014-05-23 19:04:07.175352+00	0		
284	166980	587	2534757	0	2014-05-28 05:23:56.056247+00	0		
1883	199483	1579	3123159	0	2015-05-29 03:49:39.015805+00	0		
251	166980	470	2529393	0	2014-05-23 23:05:24.67019+00	0		
291	166980	602	2535422	0	2014-05-28 21:30:21.960347+00	0		
1884	199483	1579	3123160	0	2015-05-29 03:49:39.015805+00	0		
292	166980	603	2535444	0	2014-05-28 21:58:14.9035+00	0		
1928	166980	3326	3149856	0	2015-06-17 12:11:06.697202+00	0		
289	166999	595	2535389	0	2014-05-28 20:48:33.438811+00	0		
1975	166999	3380	3163346	0	2015-06-25 17:45:22.177795+00	0		
154	166999	287	2520590	0	2014-05-17 13:30:37.581412+00	0		
258	166999	547	2530132	0	2014-05-24 15:02:52.641951+00	0		
932	167006	1292	2610153	0	2014-09-13 23:29:57.228551+00	0		
261	166980	471	2530222	0	2014-05-24 16:49:38.22747+00	0		
1933	166999	3329	3153234	0	2015-06-19 14:27:14.743492+00	0		
264	166980	265	2530514	0	2014-05-24 20:52:18.473754+00	0		
301	166999	615	2535939	0	2014-05-29 10:54:13.117358+00	0		
1932	167006	3328	3151979	0	2015-06-18 21:07:37.838278+00	0		
290	166999	598	2535397	0	2014-05-28 21:01:11.199785+00	0		
277	166980	578	2533897	0	2014-05-27 09:40:05.757275+00	0		
279	166980	584	2534167	0	2014-05-27 17:35:10.737645+00	0		
1068	167006	2334	2767227	0	2014-11-17 22:30:53.937684+00	0		
25	166980	27	2516538	0	2014-05-14 17:52:32.427566+00	0		
1980	166980	3388	3167700	0	2015-06-28 09:17:41.436485+00	0		
226	166999	60	2525296	0	2014-05-20 21:50:36.699517+00	0		
1934	166980	3328	3153275	0	2015-06-19 14:56:25.503109+00	0		
227	166999	399	2525340	0	2014-05-20 22:38:11.998487+00	0		
283	166980	586	2534633	0	2014-05-28 03:13:51.61451+00	0		
1358	199559	2597	2826584	0	2014-12-20 11:24:32.362702+00	0		
1937	166980	3334	3156218	0	2015-06-21 11:07:40.715067+00	0		
230	166999	417	2526233	0	2014-05-21 16:31:58.657521+00	0		
285	166999	591	2535353	0	2014-05-28 20:24:28.947099+00	0		
234	166980	428	2526998	0	2014-05-22 07:31:50.173793+00	0		
286	166999	592	2535359	0	2014-05-28 20:27:35.657742+00	0		
287	166999	593	2535362	0	2014-05-28 20:31:29.856194+00	0		
235	166980	51	2527001	0	2014-05-22 07:38:11.40746+00	0		
236	166980	52	2527002	0	2014-05-22 07:39:06.747063+00	0		
237	166980	231	2527003	0	2014-05-22 07:40:01.068827+00	0		
238	166980	432	2527004	0	2014-05-22 07:46:36.060176+00	0		
1938	199483	3334	3156219	0	2015-06-21 11:07:40.715067+00	0		
294	166999	606	2535849	0	2014-05-29 08:40:25.196356+00	0		
1943	167006	3336	3156462	0	2015-06-21 14:04:44.889965+00	0		
308	166999	619	2536147	0	2014-05-29 14:08:37.227392+00	0		
1944	199483	3337	3156715	0	2015-06-21 18:01:16.482424+00	0		
1945	166980	3337	3156716	0	2015-06-21 18:01:16.482424+00	0		
299	166999	608	2535875	0	2014-05-29 09:14:27.180948+00	0		
303	166999	616	2535946	0	2014-05-29 11:00:24.173476+00	0		
309	166999	620	2536175	0	2014-05-29 14:41:54.809303+00	0		
1946	199483	3338	3156778	0	2015-06-21 18:41:34.937912+00	0		
1947	166980	3338	3156779	0	2015-06-21 18:41:34.937912+00	0		
246	166980	480	2527928	0	2014-05-23 03:12:21.385117+00	0		
306	166999	618	2535992	0	2014-05-29 11:38:50.430064+00	0		
310	166999	621	2536197	0	2014-05-29 15:11:16.603433+00	0		
1949	199483	3340	3156827	0	2015-06-21 19:11:58.369264+00	0		
311	166999	630	2536537	0	2014-05-29 21:20:25.728396+00	0		
314	166999	650	2537110	0	2014-05-30 07:52:52.869689+00	0		
280	166962	584	2538112	0	2014-05-27 17:42:27.595644+00	0		
315	166999	679	2537211	0	2014-05-30 10:39:26.566436+00	0		
1962	166980	3200	3159586	0	2015-06-23 14:13:52.533384+00	0		
318	166980	693	2538033	0	2014-05-31 03:19:40.302079+00	0		
320	166962	709	2538259	0	2014-05-31 09:33:32.709388+00	0		
319	166999	695	2538225	0	2014-05-31 07:55:12.169815+00	0		
321	166999	709	2538260	0	2014-05-31 09:38:25.399566+00	0		
322	166980	709	2538261	0	2014-05-31 09:38:25.399566+00	0		
323	166999	710	2538280	0	2014-05-31 10:09:05.328259+00	0		
1952	166980	3345	3158008	0	2015-06-22 12:35:18.589708+00	0		
326	166999	711	2538286	0	2014-05-31 10:17:57.065424+00	0		
328	166999	712	2538354	0	2014-05-31 11:47:51.869734+00	0		
1926	199483	3322	3148192	0	2015-06-16 04:00:10.526528+00	0		
1961	199483	3367	3159422	0	2015-06-23 10:33:35.853859+00	0		
331	167006	337	2538979	0	2014-06-01 06:11:42.033855+00	0		
332	167006	226	2538980	0	2014-06-01 06:11:58.606392+00	0		
333	167006	380	2538982	0	2014-06-01 06:16:12.099646+00	0		
334	167006	53	2538984	0	2014-06-01 06:16:55.248063+00	0		
395	166999	813	2549643	0	2014-06-10 21:42:08.903785+00	0		
335	166999	715	2539050	0	2014-06-01 07:52:02.984174+00	0		
1929	166999	3327	3150046	0	2015-06-17 15:27:04.667757+00	0		
336	166999	717	2539128	0	2014-06-01 09:55:05.981208+00	0		
337	166999	716	2539138	0	2014-06-01 10:02:24.414528+00	0		
360	166980	609	2541407	0	2014-06-03 13:12:21.708175+00	0		
338	166999	720	2539317	0	2014-06-01 13:17:14.202788+00	0		
374	166999	761	1470055	0	2014-06-04 13:23:18.336178+00	0		
339	166999	721	2539345	0	2014-06-01 13:38:53.576742+00	0		
1963	167006	3334	3162037	0	2015-06-25 05:51:59.293399+00	0		
341	166962	720	2539425	0	2014-06-01 14:56:07.29077+00	0		
396	166980	816	2551614	0	2014-06-12 14:23:46.869526+00	0		
375	166999	80	2542732	0	2014-06-04 13:42:14.967753+00	0		
1976	166999	853	3164822	0	2015-06-26 16:28:15.082309+00	0		
1931	166999	2189	3151873	0	2015-06-18 19:58:33.696939+00	0		
1359	199483	2597	2826585	0	2014-12-20 11:24:32.362702+00	0		
1977	166999	3385	3164822	0	2015-06-26 18:35:23.6036+00	0		
347	166999	730	1105569	0	2014-06-02 09:14:48.820218+00	0		
376	166999	766	2542960	0	2014-06-04 18:55:41.551194+00	0		
348	166999	731	2540291	0	2014-06-02 09:32:58.864171+00	0		
349	166980	733	2539400	0	2014-06-02 12:26:34.130851+00	0		
380	166980	782	2543931	0	2014-06-05 18:24:59.90766+00	0		
407	166999	857	2552712	0	2014-06-13 19:24:55.68829+00	0		
353	166999	735	2540621	0	2014-06-02 17:07:31.328104+00	0		
1978	166980	3387	3167270	0	2015-06-28 01:22:34.794478+00	0		
1993	166999	3418	3172692	0	2015-07-01 14:50:29.283165+00	0		
1981	166999	3389	3167718	0	2015-06-28 09:36:36.266649+00	0		
1982	166980	3391	3168413	0	2015-06-28 18:12:50.874144+00	0		
1983	199483	3391	3168421	0	2015-06-28 18:12:50.874144+00	0		
1984	199483	3391	3168422	0	2015-06-28 18:12:50.874144+00	0		
1950	166999	3343	3157382	0	2015-06-22 02:26:35.141267+00	0		
1994	166999	3420	3173654	0	2015-07-02 03:05:28.028216+00	0		
1995	166999	2485	3173905	0	2015-07-02 07:11:43.422676+00	0		
1973	166999	3378	3163129	0	2015-06-25 15:12:00.991704+00	0		
377	166999	771	2542968	0	2014-06-04 19:21:38.100882+00	0		
354	166999	736	2540667	0	2014-06-02 17:44:45.066485+00	0		
355	166999	737	2540672	0	2014-06-02 17:54:00.084988+00	0		
356	166999	738	2540722	0	2014-06-02 18:47:53.316941+00	0		
378	166999	773	2542987	0	2014-06-04 19:38:56.255255+00	0		
357	166999	740	2540801	0	2014-06-02 20:49:11.571823+00	0		
358	166999	742	2540833	0	2014-06-02 21:24:15.354697+00	0		
408	166999	872	2553102	0	2014-06-13 20:35:10.83927+00	0		
361	166962	745	2541412	0	2014-06-03 13:17:53.064873+00	0		
362	166999	746	2541600	0	2014-06-03 16:24:20.314273+00	0		
363	166999	747	2541612	0	2014-06-03 16:44:00.520475+00	0		
364	166999	748	2541615	0	2014-06-03 17:01:25.823465+00	0		
398	166999	826	2551877	0	2014-06-12 20:14:12.983994+00	0		
365	166999	749	2541624	0	2014-06-03 17:17:01.871191+00	0		
366	166999	750	2541630	0	2014-06-03 17:35:25.307362+00	0		
367	166999	751	2541652	0	2014-06-03 17:51:54.535475+00	0		
417	166999	905	2554574	0	2014-06-14 13:20:39.130074+00	0		
368	166999	754	2541678	0	2014-06-03 18:23:19.278467+00	0		
1964	167006	3345	3162038	0	2015-06-25 05:52:02.092684+00	0		
409	166999	879	2554221	0	2014-06-14 07:46:50.740051+00	0		
370	166999	15	2541690	0	2014-06-03 18:49:16.671419+00	0		
372	166980	255	525589	0	2014-06-04 05:51:32.759687+00	0		
1465	166999	2791	2891905	0	2015-01-15 23:00:05.300652+00	0		
410	166999	887	2554415	0	2014-06-14 10:33:57.902093+00	0		
387	166999	792	2545635	0	2014-06-07 10:44:08.420366+00	0		
399	166999	836	2551901	0	2014-06-12 20:49:45.813732+00	0		
388	166999	794	2546206	0	2014-06-07 21:08:08.092434+00	0		
1936	199483	3333	3156033	0	2015-06-21 08:37:54.908116+00	0		
342	166980	723	2539510	0	2014-06-01 16:11:00.801647+00	0		
1941	166980	3335	3156233	0	2015-06-21 11:22:46.759544+00	0		
1942	199483	3335	3156234	0	2015-06-21 11:22:46.759544+00	0		
345	166980	728	2540148	0	2014-06-02 05:48:18.740956+00	0		
351	166980	734	2540407	0	2014-06-02 12:26:46.980995+00	0		
1523	167006	2848	2915075	0	2015-01-30 23:52:37.685476+00	0		
400	166999	837	2551903	0	2014-06-12 20:51:09.112454+00	0		
391	166980	90	2548111	0	2014-06-09 15:45:37.266816+00	0		
352	166980	719	2540498	0	2014-06-02 15:15:54.639635+00	0		
359	166980	743	2540868	0	2014-06-02 21:45:12.546012+00	0		
394	166980	371	2549107	0	2014-06-10 13:11:23.440776+00	0		
427	166999	5	2555136	0	2014-06-15 01:40:55.684458+00	0		
393	166999	811	2548848	0	2014-06-10 10:22:20.913473+00	0		
401	166999	838	2551910	0	2014-06-12 21:02:52.623897+00	0		
411	166999	888	2554422	0	2014-06-14 10:45:40.821033+00	0		
402	166999	839	2551911	0	2014-06-12 21:09:11.068644+00	0		
382	167006	785	2544270	0	2014-06-06 00:56:45.137292+00	0		
1948	199483	3339	3156796	0	2015-06-21 18:49:39.039107+00	0		
1927	199483	3323	3148193	0	2015-06-16 04:06:49.55018+00	0		
404	166999	847	2552693	0	2014-06-13 18:45:25.538769+00	0		
418	166999	906	2554577	0	2014-06-14 13:24:49.03938+00	0		
405	166999	850	2552695	0	2014-06-13 18:56:19.53503+00	0		
1974	199483	3379	3163138	0	2015-06-25 15:22:55.172418+00	0		
412	166999	889	2554425	0	2014-06-14 10:51:18.286338+00	0		
406	166999	856	2552704	0	2014-06-13 19:20:31.611758+00	0		
423	166980	921	2554853	0	2014-06-14 18:05:04.092583+00	0		
424	166999	927	2554919	0	2014-06-14 19:28:12.805567+00	0		
414	166999	899	2554494	0	2014-06-14 12:27:37.423157+00	0		
419	166999	910	2554603	0	2014-06-14 13:45:38.6507+00	0		
415	166999	901	2554504	0	2014-06-14 12:35:10.069066+00	0		
416	166999	903	2554570	0	2014-06-14 13:11:11.700929+00	0		
420	166999	911	2554609	0	2014-06-14 13:51:06.77884+00	0		
421	166999	917	2554768	0	2014-06-14 16:09:18.765301+00	0		
425	166999	928	2554960	0	2014-06-14 20:10:58.245326+00	0		
422	166999	920	2554778	0	2014-06-14 16:21:56.23651+00	0		
426	166999	929	2554968	0	2014-06-14 20:19:51.904411+00	0		
432	166999	957	2555365	0	2014-06-15 09:10:51.544588+00	0		
428	166999	948	2555296	0	2014-06-15 07:41:08.234807+00	0		
431	166999	958	2555351	0	2014-06-15 09:06:16.010764+00	0		
429	166999	949	2555303	0	2014-06-15 07:51:07.963676+00	0		
430	166999	955	2555308	0	2014-06-15 08:11:04.242181+00	0		
434	166999	964	2555400	0	2014-06-15 09:58:41.878324+00	0		
435	166999	969	2555406	0	2014-06-15 10:16:34.042692+00	0		
436	166999	974	2555599	0	2014-06-15 13:43:42.040098+00	0		
1997	166999	3421	3174359	0	2015-07-02 15:20:07.377569+00	0		
438	166999	976	2555664	0	2014-06-15 14:27:46.479834+00	0		
439	166999	978	2555666	0	2014-06-15 14:36:21.928473+00	0		
441	166980	978	2555674	0	2014-06-15 14:50:03.994533+00	0		
443	166999	979	2555725	0	2014-06-15 15:59:25.604258+00	0		
389	166980	801	2547060	0	2014-06-08 16:21:13.789001+00	0		
445	166999	992	2555987	0	2014-06-15 20:52:41.318221+00	0		
916	167006	974	2673154	0	2014-09-13 23:28:29.720786+00	0		
1979	166999	3387	3167273	0	2015-06-28 01:24:26.052033+00	0		
482	166999	1082	2559924	0	2014-06-19 13:36:06.530904+00	0		
449	166999	997	2557042	0	2014-06-16 17:25:10.155364+00	0		
450	166999	998	2557052	0	2014-06-16 17:32:34.885616+00	0		
504	166999	1135	2561209	0	2014-06-20 13:14:52.477604+00	0		
483	166999	1084	2560352	0	2014-06-19 19:35:28.376281+00	0		
452	166999	1000	2557084	0	2014-06-16 18:20:04.298137+00	0		
453	166999	1003	2557112	0	2014-06-16 18:47:13.752563+00	0		
454	166999	1005	2557163	0	2014-06-16 19:19:43.870238+00	0		
484	166999	1085	2560362	0	2014-06-19 19:42:54.4788+00	0		
455	166999	734	2557383	0	2014-06-16 22:20:24.373238+00	0		
456	166999	1009	2557387	0	2014-06-16 22:23:23.221572+00	0		
448	166980	996	793465	0	2014-06-16 14:48:41.869731+00	0		
528	166999	1193	2562611	0	2014-06-21 20:15:52.047392+00	0		
2162	166980	3614	3271842	0	2015-09-10 23:24:56.212079+00	0		
485	166999	1086	2560386	0	2014-06-19 20:02:14.291432+00	0		
459	166999	1016	2558249	0	2014-06-17 18:04:56.933477+00	0		
460	166999	1019	2558332	0	2014-06-17 19:40:06.730592+00	0		
505	166999	1137	2561215	0	2014-06-20 13:20:24.86667+00	0		
461	166980	1019	2558341	0	2014-06-17 20:01:56.113317+00	0		
486	166999	1089	2560417	0	2014-06-19 20:22:04.327851+00	0		
462	166999	1020	2558362	0	2014-06-17 20:29:28.665593+00	0		
463	166999	1024	2558381	0	2014-06-17 20:52:49.778606+00	0		
464	166999	1025	2558386	0	2014-06-17 20:59:01.147534+00	0		
487	166999	1090	2560420	0	2014-06-19 20:25:32.645568+00	0		
465	166999	1026	2558400	0	2014-06-17 21:29:02.287708+00	0		
466	166999	1031	2559069	0	2014-06-18 18:51:28.207185+00	0		
520	166999	1179	2562522	0	2014-06-21 18:59:09.086694+00	0		
447	167006	996	1800085	0	2014-06-16 14:48:41.869731+00	0		
488	166999	1091	2560435	0	2014-06-19 20:31:29.825093+00	0		
468	166999	1034	2559121	0	2014-06-18 19:16:27.237977+00	0		
469	166999	1036	2559136	0	2014-06-18 19:32:06.499299+00	0		
2135	166980	3591	3261975	0	2015-09-03 20:41:04.897209+00	0		
2178	167006	3628	3277018	0	2015-09-14 04:49:24.187093+00	0		
2179	199559	3578	3277341	0	2015-09-14 13:14:01.401279+00	0		
2155	166980	2787	65977	0	2015-09-10 14:05:31.913278+00	0		
2177	199483	3627	3276696	0	2015-09-14 01:28:44.477665+00	0		
506	166999	1139	2561222	0	2014-06-20 13:24:35.666606+00	0		
470	166999	1037	2559144	0	2014-06-18 19:38:55.092057+00	0		
489	166999	1093	2560441	0	2014-06-19 20:35:31.277235+00	0		
471	166999	1042	2559195	0	2014-06-18 20:27:32.037104+00	0		
472	166999	1056	2559529	0	2014-06-19 03:09:52.570227+00	0		
473	166999	1057	2559621	0	2014-06-19 05:09:52.423105+00	0		
474	166999	1066	2559830	0	2014-06-19 11:35:04.855356+00	0		
475	166999	1067	2559839	0	2014-06-19 11:43:10.167984+00	0		
476	166999	1068	2559847	0	2014-06-19 11:47:52.080159+00	0		
491	166999	1095	2560451	0	2014-06-19 20:49:23.174143+00	0		
477	166999	1069	2559854	0	2014-06-19 11:55:47.972194+00	0		
478	166999	177	2559861	0	2014-06-19 12:03:15.903983+00	0		
507	166999	1140	2561229	0	2014-06-20 13:30:21.341803+00	0		
479	166999	1070	2559863	0	2014-06-19 12:05:27.541818+00	0		
492	166999	1097	2549485	0	2014-06-19 20:55:08.123677+00	0		
480	166999	1074	2559882	0	2014-06-19 12:40:06.166128+00	0		
481	166999	1077	2559885	0	2014-06-19 12:47:44.560283+00	0		
493	166999	1099	2560463	0	2014-06-19 21:04:52.421214+00	0		
494	166999	1101	2560473	0	2014-06-19 21:39:16.41795+00	0		
508	166999	1141	2561232	0	2014-06-20 13:32:40.440631+00	0		
1965	167006	3346	3162039	0	2015-06-25 05:52:04.252248+00	0		
496	166999	1105	2560507	0	2014-06-19 22:23:15.594513+00	0		
521	166999	1180	2562533	0	2014-06-21 19:04:43.030572+00	0		
497	166999	1107	2560526	0	2014-06-19 22:50:35.499549+00	0		
509	166999	1151	2561354	0	2014-06-20 15:13:25.602649+00	0		
498	166999	1109	2560865	0	2014-06-20 07:56:59.829301+00	0		
499	166999	1112	2560876	0	2014-06-20 08:11:16.689665+00	0		
500	166999	1117	2560893	0	2014-06-20 08:30:17.71123+00	0		
510	166999	1152	2561364	0	2014-06-20 15:19:00.152672+00	0		
501	166999	1121	2560923	0	2014-06-20 08:59:23.702517+00	0		
531	166999	1205	2562945	0	2014-06-22 02:38:31.454488+00	0		
511	166999	1158	2561406	0	2014-06-20 16:11:14.494573+00	0		
503	166999	1125	2560954	0	2014-06-20 09:27:25.137828+00	0		
918	167006	1015	1731352	0	2014-09-13 23:28:41.564847+00	0		
1968	167006	3349	3162042	0	2015-06-25 05:52:11.510571+00	0		
922	167006	1158	2673159	0	2014-09-13 23:29:03.956123+00	0		
937	167006	1603	2673171	0	2014-09-13 23:30:23.903972+00	0		
522	166999	1181	2562542	0	2014-06-21 19:10:36.891869+00	0		
516	166999	1160	2562019	0	2014-06-21 08:41:24.607062+00	0		
529	166999	1194	2562614	0	2014-06-21 20:19:37.691689+00	0		
517	166999	1171	2562327	0	2014-06-21 14:26:34.445946+00	0		
523	166999	1182	2562544	0	2014-06-21 19:16:37.001707+00	0		
518	166999	1173	2562456	0	2014-06-21 18:10:54.096175+00	0		
519	166999	1178	2562509	0	2014-06-21 18:52:46.948588+00	0		
535	166999	1221	2563313	0	2014-06-22 10:34:10.724767+00	0		
524	166999	1183	2562548	0	2014-06-21 19:21:18.756776+00	0		
530	166999	1200	2562648	0	2014-06-21 20:41:11.636187+00	0		
525	166999	1184	2562552	0	2014-06-21 19:28:57.036725+00	0		
1998	166999	3422	3174447	0	2015-07-02 16:30:25.97588+00	0		
947	167006	2022	2673180	0	2014-09-13 23:31:15.698191+00	0		
527	166999	1191	2562603	0	2014-06-21 20:10:27.241624+00	0		
550	166999	1270	2678449	0	2014-06-24 11:49:39.480403+00	0		
533	166999	1218	2563276	0	2014-06-22 10:13:22.301654+00	0		
536	166999	1222	2563333	0	2014-06-22 10:48:58.275237+00	0		
534	166980	1218	2563281	0	2014-06-22 10:14:46.566415+00	0		
539	166999	1232	2563369	0	2014-06-22 11:42:35.237413+00	0		
537	166999	1223	2563342	0	2014-06-22 10:57:37.570926+00	0		
538	166999	1229	2563367	0	2014-06-22 11:32:54.539901+00	0		
543	166999	1250	2564128	0	2014-06-23 02:02:32.826978+00	0		
540	166999	1233	2563371	0	2014-06-22 11:47:34.871388+00	0		
541	166999	693	2563475	0	2014-06-22 13:44:18.821937+00	0		
976	167006	2116	2683235	0	2014-09-22 20:35:29.693092+00	0		
2002	166999	3430	3178165	0	2015-07-05 15:19:22.309716+00	0		
2000	166999	3427	3177228	0	2015-07-04 20:45:29.746628+00	0		
2001	167006	3427	3177229	0	2015-07-04 20:45:29.746628+00	0		
548	166999	1256	2564964	0	2014-06-23 19:19:06.0571+00	0		
549	166999	1257	2564985	0	2014-06-23 19:42:15.50157+00	0		
457	166999	1013	2558208	0	2014-06-17 16:55:16.973375+00	0		
1033	167006	2253	2724529	0	2014-10-27 21:35:18.249249+00	0		
2012	166980	3436	3182226	0	2015-07-08 07:01:12.29839+00	0		
1049	167006	2263	2733268	0	2014-11-03 21:09:49.038658+00	0		
2003	167006	3407	3179796	0	2015-07-06 21:36:33.531586+00	0		
553	167006	1270	2565793	0	2014-06-24 11:49:39.480403+00	0		
554	166980	1288	2328620	0	2014-06-24 20:48:56.093232+00	0		
555	166999	1292	2567186	0	2014-06-25 13:30:06.123094+00	0		
2014	167006	3416	3182537	0	2015-07-08 14:24:22.946509+00	0		
557	166999	1297	2567420	0	2014-06-25 17:20:29.116929+00	0		
2018	166999	82	3182624	0	2015-07-08 15:23:49.690926+00	0		
558	166999	1301	2567441	0	2014-06-25 17:40:48.877914+00	0		
559	166999	1306	2567482	0	2014-06-25 18:07:38.353033+00	0		
649	166999	1590	2585295	0	2014-07-08 18:02:09.066439+00	0		
560	166999	1307	2567492	0	2014-06-25 18:10:52.90187+00	0		
561	166999	1308	2567570	0	2014-06-25 19:10:42.102398+00	0		
647	166999	1587	2585280	0	2014-07-08 17:52:16.213626+00	0		
562	166999	1312	2567585	0	2014-06-25 19:22:55.259078+00	0		
563	166999	1314	2567604	0	2014-06-25 19:35:24.839617+00	0		
564	166999	1316	2567608	0	2014-06-25 19:40:56.412929+00	0		
565	166999	1321	2567620	0	2014-06-25 19:57:27.517471+00	0		
566	166999	1329	2567631	0	2014-06-25 20:24:04.917623+00	0		
599	166999	1384	2578462	0	2014-07-01 20:28:25.079728+00	0		
567	166999	1333	2567646	0	2014-06-25 20:39:54.232064+00	0		
568	166999	1336	2567660	0	2014-06-25 20:56:11.320332+00	0		
615	166999	1453	2581551	0	2014-07-05 11:02:35.801945+00	0		
569	166999	1337	2567661	0	2014-06-25 20:56:52.135809+00	0		
575	166980	1352	1778262	0	2014-06-28 14:27:53.582054+00	0		
576	166999	1353	2575533	0	2014-06-28 20:00:52.485259+00	0		
660	166980	1626	1952276	0	2014-07-10 13:52:56.846227+00	0		
573	166999	1348	2574638	0	2014-06-28 02:19:49.1833+00	0		
627	166999	1519	2582968	0	2014-07-06 20:32:41.860122+00	0		
635	166999	1556	2583928	0	2014-07-07 18:13:02.611624+00	0		
577	166999	85	2575942	0	2014-06-29 06:14:23.689383+00	0		
628	166999	1524	2582982	0	2014-07-06 20:45:32.230811+00	0		
580	166999	1357	2576153	0	2014-06-29 10:55:50.990642+00	0		
601	166999	1394	2579205	0	2014-07-02 18:54:15.065835+00	0		
581	166980	1357	2576154	0	2014-06-29 10:55:50.990642+00	0		
582	166999	1359	2576314	0	2014-06-29 13:41:14.207309+00	0		
583	166999	1361	2576386	0	2014-06-29 14:57:15.224973+00	0		
629	166999	1528	2582999	0	2014-07-06 20:58:43.652033+00	0		
602	166999	1399	2579312	0	2014-07-02 20:07:19.03588+00	0		
585	166999	1364	2576400	0	2014-06-29 15:19:44.638919+00	0		
586	166999	1365	2576410	0	2014-06-29 15:33:43.188141+00	0		
616	166999	1454	2581977	0	2014-07-05 22:50:46.523484+00	0		
587	166999	1367	2576506	0	2014-06-29 17:53:24.311425+00	0		
2011	167006	3435	3181986	0	2015-07-07 23:16:06.503093+00	0		
2019	166980	3437	3183653	0	2015-07-09 07:35:07.174182+00	0		
2020	166980	3437	3183654	0	2015-07-09 07:35:07.174182+00	0		
603	166999	1404	2579375	0	2014-07-02 21:20:10.016856+00	0		
588	166999	245	2576619	0	2014-06-29 19:50:03.838788+00	0		
636	166999	1557	2583930	0	2014-07-07 18:14:35.504559+00	0		
642	166999	1571	2584034	0	2014-07-07 20:43:19.352263+00	0		
604	166999	1405	2579379	0	2014-07-02 21:22:28.192692+00	0		
644	167006	1578	2584144	0	2014-07-07 21:48:49.849408+00	0		
605	166999	1406	2579381	0	2014-07-02 21:29:22.325519+00	0		
606	166999	1409	2579396	0	2014-07-02 21:47:39.981251+00	0		
570	166980	1345	2573779	0	2014-06-27 08:28:30.770679+00	0		
618	166999	1458	2582182	0	2014-07-06 06:27:38.858473+00	0		
609	166999	1430	2580958	0	2014-07-04 18:34:40.316162+00	0		
610	166980	1430	2580959	0	2014-07-04 18:34:40.316162+00	0		
637	166999	1558	2583932	0	2014-07-07 18:16:12.280319+00	0		
611	166999	1432	2580964	0	2014-07-04 18:41:07.045991+00	0		
619	166999	1463	2582256	0	2014-07-06 07:51:12.167981+00	0		
612	166999	1436	2581015	0	2014-07-04 19:26:05.809769+00	0		
613	166999	1438	2581080	0	2014-07-04 20:29:06.141251+00	0		
571	167006	979	1800446	0	2014-06-27 21:24:19.357884+00	0		
572	167006	978	2574376	0	2014-06-27 21:33:43.984767+00	0		
630	166999	1530	2583355	0	2014-07-07 05:00:59.453177+00	0		
614	166999	1443	2581486	0	2014-07-05 07:52:34.253541+00	0		
620	166999	1468	2582293	0	2014-07-06 08:33:54.573342+00	0		
589	167006	1373	1987662	0	2014-06-30 10:56:14.057506+00	0		
621	166999	1471	2582297	0	2014-07-06 08:43:41.43624+00	0		
1966	167006	3347	3162040	0	2015-06-25 05:52:06.348881+00	0		
622	166999	1472	2582306	0	2014-07-06 08:49:25.237965+00	0		
623	166999	1477	2582314	0	2014-07-06 09:02:39.432333+00	0		
2004	167006	3410	3179797	0	2015-07-06 21:36:35.947063+00	0		
579	166962	1356	2576142	0	2014-06-29 10:46:50.222636+00	0		
592	167006	1374	2577298	0	2014-06-30 15:45:07.254163+00	0		
624	166999	1503	2582596	0	2014-07-06 15:31:53.44249+00	0		
584	166980	1363	2576396	0	2014-06-29 15:06:48.353683+00	0		
625	166999	1505	2582896	0	2014-07-06 19:47:43.77055+00	0		
626	166999	1507	2582908	0	2014-07-06 19:52:30.319526+00	0		
631	166999	1546	2583891	0	2014-07-07 17:40:09.764886+00	0		
632	166999	1548	2583893	0	2014-07-07 17:44:57.285651+00	0		
638	166999	1561	2584005	0	2014-07-07 19:58:38.389856+00	0		
633	166999	1550	2583896	0	2014-07-07 17:52:04.458726+00	0		
634	166999	1249	2583917	0	2014-07-07 18:05:48.593954+00	0		
639	166999	1564	2584021	0	2014-07-07 20:14:05.347334+00	0		
643	166999	1573	2584045	0	2014-07-07 20:46:55.103611+00	0		
640	166999	1567	2584029	0	2014-07-07 20:24:11.856208+00	0		
645	166980	1581	2584882	0	2014-07-08 11:32:11.984135+00	0		
641	166999	1568	2584031	0	2014-07-07 20:30:10.193325+00	0		
2158	166980	3611	3271680	0	2015-09-10 21:19:57.013052+00	0		
594	167006	1376	2577894	0	2014-07-01 07:01:07.48432+00	0		
595	166999	1377	2577916	0	2014-07-01 07:27:21.716598+00	0		
648	166999	1588	2585285	0	2014-07-08 17:55:52.202046+00	0		
646	166999	1586	2585275	0	2014-07-08 17:49:03.949492+00	0		
600	166999	1390	2578585	0	2014-07-01 22:56:33.700551+00	0		
650	166999	1591	2585298	0	2014-07-08 18:04:35.891292+00	0		
651	166999	1597	2585330	0	2014-07-08 18:35:40.846362+00	0		
652	166999	1599	2585337	0	2014-07-08 18:42:41.838218+00	0		
654	166999	1607	2586565	0	2014-07-09 19:29:51.377683+00	0		
655	166999	1608	2586576	0	2014-07-09 19:41:24.647675+00	0		
656	166999	1609	2586588	0	2014-07-09 19:44:25.550163+00	0		
657	166999	1613	2586634	0	2014-07-09 20:06:58.530515+00	0		
607	166980	1411	2579534	0	2014-07-03 00:56:25.887895+00	0		
658	166999	1616	2586658	0	2014-07-09 20:19:40.986168+00	0		
659	166999	1619	2586667	0	2014-07-09 20:26:01.030779+00	0		
2015	167006	115	3182538	0	2015-07-08 14:24:32.665305+00	0		
574	166980	1351	2662643	0	2014-06-28 14:11:27.238827+00	0		
1070	167006	2336	2767510	0	2014-11-18 00:10:09.052396+00	0		
617	166980	1457	2582151	0	2014-07-06 05:03:08.948235+00	0		
2021	166980	3438	3183881	0	2015-07-09 10:28:18.917847+00	0		
664	166999	1650	2589096	0	2014-07-12 02:05:10.417771+00	0		
917	167006	998	2673155	0	2014-09-13 23:28:35.50201+00	0		
665	166980	1650	2589097	0	2014-07-12 02:05:10.417771+00	0		
666	166999	1662	2589369	0	2014-07-12 12:12:17.673495+00	0		
1360	166999	2598	2826654	0	2014-12-20 11:35:28.791677+00	0		
667	166999	1668	2590438	0	2014-07-13 09:15:39.636674+00	0		
2013	166980	3436	3182227	0	2015-07-08 07:03:39.797283+00	0		
668	166999	1669	2590451	0	2014-07-13 09:22:30.963196+00	0		
669	166999	1674	2590516	0	2014-07-13 10:26:01.233699+00	0		
670	166999	1685	2590585	0	2014-07-13 11:31:58.530245+00	0		
704	166999	1784	2595967	0	2014-07-17 18:54:28.126552+00	0		
671	166999	1691	2590733	0	2014-07-13 13:54:25.765301+00	0		
672	166999	1692	2590736	0	2014-07-13 13:56:00.383685+00	0		
750	166999	1954	2617920	0	2014-08-03 00:09:53.274069+00	0		
673	166999	1695	2590746	0	2014-07-13 14:06:00.296427+00	0		
705	166999	1790	2595980	0	2014-07-17 19:09:24.197852+00	0		
674	166999	1697	2590753	0	2014-07-13 14:16:18.595137+00	0		
675	166999	1698	2590766	0	2014-07-13 14:22:28.976875+00	0		
727	166999	1885	2598772	0	2014-07-20 12:43:42.639694+00	0		
676	166999	1701	2590780	0	2014-07-13 14:28:15.282895+00	0		
706	166999	1796	2596010	0	2014-07-17 19:24:13.573456+00	0		
677	166999	1702	2590781	0	2014-07-13 14:29:40.071228+00	0		
678	166999	1704	2590787	0	2014-07-13 14:34:04.654992+00	0		
679	166999	1709	2590791	0	2014-07-13 14:46:12.570938+00	0		
707	166999	1805	2596016	0	2014-07-17 19:44:21.140447+00	0		
681	166980	1723	2592005	0	2014-07-14 14:13:24.83697+00	0		
682	166999	1725	2592242	0	2014-07-14 18:45:08.030684+00	0		
683	166999	1727	2592270	0	2014-07-14 19:06:53.842477+00	0		
708	166999	1809	2596029	0	2014-07-17 20:00:04.011408+00	0		
684	166999	1731	2592276	0	2014-07-14 19:18:24.172789+00	0		
726	166999	1873	2598390	0	2014-07-19 23:47:52.560768+00	0		
686	167006	1738	2262670	0	2014-07-15 14:37:29.17593+00	0		
687	166999	1738	2593122	0	2014-07-15 14:38:46.337301+00	0		
688	166999	1745	2593408	0	2014-07-15 20:08:36.909306+00	0		
689	166999	1747	2593417	0	2014-07-15 20:18:17.150509+00	0		
690	166999	1750	2593428	0	2014-07-15 20:27:58.735477+00	0		
732	166999	1902	2599848	0	2014-07-21 13:42:21.837717+00	0		
691	166999	1752	2593433	0	2014-07-15 20:32:50.282533+00	0		
692	166999	1753	2593440	0	2014-07-15 20:36:16.527677+00	0		
693	166999	1755	2593448	0	2014-07-15 20:41:52.828902+00	0		
694	166999	1764	2594633	0	2014-07-16 19:33:23.313205+00	0		
728	166999	1887	2598779	0	2014-07-20 12:48:20.486295+00	0		
695	166999	1765	2594641	0	2014-07-16 19:35:10.573162+00	0		
713	166999	1814	2597190	0	2014-07-18 19:41:47.747256+00	0		
696	166999	1766	2594643	0	2014-07-16 19:37:23.410491+00	0		
697	166999	1769	2594650	0	2014-07-16 19:45:17.332752+00	0		
698	166999	1773	2594667	0	2014-07-16 20:08:16.506447+00	0		
743	166999	1937	2608370	0	2014-07-29 00:52:28.411627+00	0		
1637	167006	2761	2999751	0	2015-03-06 06:07:08.811428+00	0		
714	166999	1815	2597191	0	2014-07-18 19:44:00.109246+00	0		
729	166999	1896	2598806	0	2014-07-20 13:14:08.926482+00	0		
715	166999	1816	2597194	0	2014-07-18 19:47:33.789744+00	0		
2163	167006	3615	3272042	0	2015-09-11 03:34:54.046246+00	0		
716	166999	1823	2597260	0	2014-07-18 21:29:34.841811+00	0		
717	166999	1825	2597261	0	2014-07-18 21:30:38.312887+00	0		
730	166999	1274	2599091	0	2014-07-20 17:58:21.489716+00	0		
718	166999	1827	2597264	0	2014-07-18 21:33:55.087525+00	0		
680	166999	1716	2591314	0	2014-07-13 21:05:03.645181+00	0		
719	166999	1831	2597274	0	2014-07-18 21:49:24.208982+00	0		
663	166980	1649	2588895	0	2014-07-11 21:51:57.3596+00	0		
720	166999	1834	2597589	0	2014-07-19 07:17:34.840773+00	0		
751	166999	1955	2618316	0	2014-08-03 07:42:26.091193+00	0		
721	166999	1846	2597605	0	2014-07-19 08:22:00.983478+00	0		
731	166980	1901	2599828	0	2014-07-21 13:02:08.278242+00	0		
722	166999	1853	2597611	0	2014-07-19 08:40:08.302993+00	0		
723	166999	1855	2597612	0	2014-07-19 08:44:46.049424+00	0		
724	166999	1870	2597632	0	2014-07-19 09:25:17.030524+00	0		
733	166980	1905	2600655	0	2014-07-22 05:56:38.108225+00	0		
1967	167006	3348	3162041	0	2015-06-25 05:52:08.883586+00	0		
699	166999	932	1270130	0	2014-07-16 20:34:50.188221+00	0		
752	166999	1957	2618324	0	2014-08-03 07:52:37.145763+00	0		
709	166999	1810	2596032	0	2014-07-17 20:04:33.320877+00	0		
710	167006	1810	2596033	0	2014-07-17 20:04:33.320877+00	0		
712	166980	1810	2596035	0	2014-07-17 20:04:33.320877+00	0		
2005	167006	3411	3179798	0	2015-07-06 21:36:38.073406+00	0		
737	166999	1912	2603414	0	2014-07-24 22:31:46.570114+00	0		
745	166999	1272	2609168	0	2014-07-29 21:55:13.110888+00	0		
2008	167006	3415	3179801	0	2015-07-06 21:36:44.971018+00	0		
2016	167006	120	3182539	0	2015-07-08 14:24:33.253479+00	0		
764	167006	980	2624473	0	2014-08-07 16:20:48.585522+00	0		
734	166980	1911	2603186	0	2014-07-24 19:55:41.382849+00	0		
1815	167006	1356	3097908	0	2015-05-11 18:48:58.798904+00	0		
753	166999	1959	2618332	0	2014-08-03 07:59:56.325869+00	0		
747	166999	1946	2614785	0	2014-08-01 20:15:25.419319+00	0		
739	166980	1927	2605312	0	2014-07-26 13:05:09.120897+00	0		
1603	166999	2941	2982088	0	2015-02-25 00:12:19.661143+00	0		
741	166999	1930	2605865	0	2014-07-26 23:30:21.567932+00	0		
754	166999	1959	2618333	0	2014-08-03 07:59:56.325869+00	0		
755	166999	1960	2618343	0	2014-08-03 08:39:23.683067+00	0		
762	166980	1975	2603186	0	2014-08-07 15:55:08.87576+00	0		
746	166980	398	2612692	0	2014-07-31 12:58:34.201273+00	0		
2023	167006	2969	3185619	0	2015-07-10 20:23:29.771559+00	0		
766	166999	1982	2625858	0	2014-08-08 18:31:35.238479+00	0		
748	166980	1947	2614876	0	2014-08-01 21:30:02.940154+00	0		
770	166999	1992	2629018	0	2014-08-11 09:43:25.461214+00	0		
749	166999	1952	2617574	0	2014-08-02 18:26:36.189962+00	0		
768	166999	1988	2627425	0	2014-08-10 03:00:22.497308+00	0		
756	166999	1968	2619377	0	2014-08-03 18:26:50.023301+00	0		
769	166999	1990	1589599	0	2014-08-10 14:45:34.648758+00	0		
772	166980	1999	2629957	0	2014-08-12 04:26:11.258125+00	0		
758	166999	1970	2620568	0	2014-08-04 12:52:31.195957+00	0		
771	166999	1994	2629136	0	2014-08-11 12:58:04.10462+00	0		
774	166980	2005	2631154	0	2014-08-13 00:08:43.325758+00	0		
773	166999	2002	2630509	0	2014-08-12 13:31:19.215218+00	0		
759	166980	1974	2623676	0	2014-08-06 20:43:22.835951+00	0		
761	166980	1267	2623768	0	2014-08-06 22:34:55.70111+00	0		
775	166999	2014	2636324	0	2014-08-16 04:43:47.113076+00	0		
767	166999	1987	2626932	0	2014-08-09 18:17:10.098749+00	0		
777	166980	2015	2636581	0	2014-08-16 09:55:51.360434+00	0		
815	166999	2084	2657399	0	2014-09-01 16:22:22.025036+00	0		
2025	166999	3445	3188567	0	2015-07-12 18:37:19.551509+00	0		
819	167015	2088	2659515	0	2014-09-03 13:08:23.150134+00	0		
2032	166980	3458	3195534	0	2015-07-17 14:25:31.292069+00	0		
821	166999	2102	2662989	0	2014-09-06 00:54:16.026399+00	0		
1071	166980	2337	2767548	0	2014-11-18 00:24:48.410273+00	0		
786	166999	2026	2638484	0	2014-08-17 23:58:37.025619+00	0		
787	166980	2029	2639798	0	2014-08-18 23:50:22.472581+00	0		
802	166962	2052	2647935	0	2014-08-26 08:12:09.925557+00	0		
788	166999	2029	2639802	0	2014-08-18 23:57:20.445188+00	0		
822	166980	2105	454858	0	2014-09-07 13:23:33.506109+00	0		
2027	166980	3448	3190459	0	2015-07-14 04:33:51.614305+00	0		
2026	166999	3447	3189298	0	2015-07-13 10:01:23.361184+00	0		
826	166980	2119	2672650	0	2014-09-13 16:14:29.304798+00	0		
794	166980	2035	2641364	0	2014-08-20 07:48:30.304819+00	0		
2034	166999	3460	3195792	0	2015-07-17 17:48:33.380862+00	0		
2030	166980	3453	224899	0	2015-07-16 05:30:51.768316+00	0		
799	166999	2047	2644599	0	2014-08-22 23:01:23.978551+00	0		
779	166999	2019	2636833	0	2014-08-16 14:01:17.384118+00	0		
780	166980	2019	2636834	0	2014-08-16 14:01:17.384118+00	0		
828	167006	9	2673063	0	2014-09-13 23:20:40.559697+00	0		
783	166999	2023	2638096	0	2014-08-17 14:34:11.407049+00	0		
784	166999	2024	2638141	0	2014-08-17 15:49:59.101178+00	0		
785	166999	2025	2638173	0	2014-08-17 16:27:44.394566+00	0		
829	167006	14	2673064	0	2014-09-13 23:20:46.008083+00	0		
2022	166999	3439	3184611	0	2015-07-09 22:24:20.015316+00	0		
804	166980	2055	2648421	0	2014-08-26 18:04:14.664352+00	0		
1072	199483	2337	2767549	0	2014-11-18 00:24:48.410273+00	0		
790	166980	2033	2641346	0	2014-08-20 07:31:51.365003+00	0		
792	166980	2034	2641346	0	2014-08-20 07:42:09.078518+00	0		
793	166980	2034	2641358	0	2014-08-20 07:42:09.078518+00	0		
795	166980	2033	2641358	0	2014-08-20 10:32:23.273802+00	0		
830	167006	26	1854759	0	2014-09-13 23:20:51.272158+00	0		
806	166999	2060	2574587	0	2014-08-27 12:39:17.286447+00	0		
796	166999	2041	2642942	0	2014-08-21 12:08:18.866255+00	0		
2042	166999	3477	3201441	0	2015-07-21 15:30:23.201957+00	0		
831	167006	60	2673065	0	2014-09-13 23:20:56.606555+00	0		
1141	166980	2373	2769767	0	2014-11-19 16:09:14.024838+00	0		
810	166999	2069	2652291	0	2014-08-30 04:42:55.090749+00	0		
832	167006	66	2673066	0	2014-09-13 23:21:01.557106+00	0		
811	166980	2072	2655260	0	2014-08-31 06:06:04.892428+00	0		
812	166999	2073	2644809	0	2014-08-31 06:13:45.834446+00	0		
813	166999	2048	2655658	0	2014-08-31 09:51:11.708597+00	0		
833	167006	102	2673067	0	2014-09-13 23:21:07.358792+00	0		
814	166999	2079	2655933	0	2014-08-31 12:37:56.642024+00	0		
801	166999	2051	2647083	0	2014-08-25 11:22:35.92177+00	0		
805	166980	582	2648923	0	2014-08-27 04:45:25.742742+00	0		
843	167006	150	2673078	0	2014-09-13 23:21:54.862151+00	0		
807	166999	2062	2649924	0	2014-08-28 00:22:09.73521+00	0		
2038	166980	3465	3197466	0	2015-07-18 16:53:34.3717+00	0		
1142	199483	2373	2769768	0	2014-11-19 16:09:14.024838+00	0		
1361	166999	2599	2826713	0	2014-12-20 11:57:18.072223+00	0		
2039	166999	3472	3199215	0	2015-07-19 22:31:48.032414+00	0		
2036	166999	3462	3196211	0	2015-07-18 00:36:37.020079+00	0		
2037	166999	1984	3196698	0	2015-07-18 10:11:37.601691+00	0		
2040	166980	3473	3200181	0	2015-07-20 19:03:42.873489+00	0		
2024	166999	3444	3187358	0	2015-07-11 22:38:08.676703+00	0		
2041	166999	1646	3200449	0	2015-07-20 22:03:12.451347+00	0		
2043	166980	3478	3201596	0	2015-07-21 19:51:09.306808+00	0		
817	167006	2085	2657968	0	2014-09-02 01:44:57.383053+00	0		
1143	199483	2373	2769769	0	2014-11-19 16:09:14.024838+00	0		
834	167006	103	2673068	0	2014-09-13 23:21:10.339643+00	0		
835	167006	113	2673069	0	2014-09-13 23:21:16.209132+00	0		
836	167006	114	2673070	0	2014-09-13 23:21:21.442221+00	0		
1144	199559	2373	2769770	0	2014-11-19 16:09:14.024838+00	0		
837	167006	117	2673071	0	2014-09-13 23:21:26.58972+00	0		
838	167006	119	2673072	0	2014-09-13 23:21:31.995721+00	0		
1417	166980	2665	2792296	0	2015-01-03 17:37:09.411279+00	0		
839	167006	121	2673074	0	2014-09-13 23:21:36.921996+00	0		
1234	167015	2425	2780015	0	2014-11-26 23:42:06.441119+00	0		
840	167006	122	2673075	0	2014-09-13 23:21:42.076251+00	0		
841	167006	127	2673076	0	2014-09-13 23:21:47.285266+00	0		
1370	166999	2605	2827980	0	2014-12-21 06:35:08.23556+00	0		
842	167006	128	2673077	0	2014-09-13 23:21:49.592929+00	0		
844	167006	168	2673079	0	2014-09-13 23:22:00.071659+00	0		
1235	166980	2425	2780016	0	2014-11-26 23:42:06.441119+00	0		
845	167006	176	2673084	0	2014-09-13 23:22:06.409555+00	0		
846	167006	179	2673085	0	2014-09-13 23:22:11.634165+00	0		
847	167006	182	2673086	0	2014-09-13 23:22:17.075889+00	0		
1969	167006	3350	3162043	0	2015-06-25 05:52:13.583082+00	0		
1256	166980	2443	2783169	0	2014-11-29 15:40:38.86137+00	0		
1371	166999	2606	2828406	0	2014-12-21 11:29:45.190248+00	0		
1325	167006	2470	2806013	0	2014-12-12 17:28:37.761023+00	0		
1396	167015	2633	2840907	0	2014-12-28 04:35:42.078457+00	0		
1378	167006	2519	2793553	0	2014-12-24 07:17:39.35579+00	0		
1383	166999	2622	2835028	0	2014-12-25 16:25:38.196849+00	0		
1387	166980	2626	2837209	0	2014-12-27 03:16:39.864172+00	0		
1390	166980	1302	634276	0	2014-12-27 15:23:10.122718+00	0		
1397	166980	2635	2841050	0	2014-12-28 08:35:33.996404+00	0		
2006	167006	3413	3179799	0	2015-07-06 21:36:40.545532+00	0		
2017	167006	3173	3182540	0	2015-07-08 14:25:30.432263+00	0		
1408	167006	2649	2854587	0	2014-12-31 12:32:48.300476+00	0		
2044	199483	3478	3201597	0	2015-07-21 19:51:09.306808+00	0		
1419	166980	2670	2676495	0	2015-01-04 14:04:24.205588+00	0		
1413	166980	2656	2868540	0	2015-01-01 21:31:51.048276+00	0		
1414	199483	2656	2868541	0	2015-01-01 21:31:51.048276+00	0		
1384	166999	2624	2836591	0	2014-12-26 18:50:11.297984+00	0		
1418	166980	2667	2872937	0	2015-01-03 22:02:47.520728+00	0		
2045	199483	3478	3201598	0	2015-07-21 19:51:09.306808+00	0		
1420	167006	1302	2874721	0	2015-01-04 23:00:04.189215+00	0		
1424	166999	2686	2876325	0	2015-01-06 00:15:25.879283+00	0		
848	167006	190	2673087	0	2014-09-13 23:22:22.618492+00	0		
919	167006	1025	2673156	0	2014-09-13 23:28:47.578076+00	0		
938	167006	2567	1800689	0	2014-09-13 23:30:28.613503+00	0		
921	167006	1101	2673158	0	2014-09-13 23:28:58.2583+00	0		
948	167006	2031	2673181	0	2014-09-13 23:31:21.113147+00	0		
977	167006	2118	2683237	0	2014-09-22 20:35:35.838781+00	0		
1050	167006	2266	2733269	0	2014-11-03 21:09:54.520991+00	0		
1074	167006	2337	2767556	0	2014-11-18 00:28:30.192212+00	0		
1362	166999	536	2826744	0	2014-12-20 12:13:13.409616+00	0		
2180	199483	3578	3277342	0	2015-09-14 13:14:01.401279+00	0		
1146	166980	2374	2769881	0	2014-11-19 17:23:32.639396+00	0		
1645	167006	2976	3005370	0	2015-03-09 08:16:35.472494+00	0		
1149	166980	2359	2770186	0	2014-11-19 23:20:07.482759+00	0		
1151	166980	2378	2770732	0	2014-11-20 11:08:25.907514+00	0		
1373	166980	2608	2828525	0	2014-12-21 13:42:56.644676+00	0		
1155	167006	2382	2771933	0	2014-11-21 09:21:32.780895+00	0		
1156	166980	2382	2771934	0	2014-11-21 09:21:32.780895+00	0		
1157	199483	2382	2771935	0	2014-11-21 09:21:32.780895+00	0		
1158	199483	2382	2771936	0	2014-11-21 09:21:32.780895+00	0		
1159	199483	2382	2771937	0	2014-11-21 09:21:32.780895+00	0		
1160	199483	2382	2771938	0	2014-11-21 09:21:32.780895+00	0		
2031	166980	3454	3187924	0	2015-07-16 05:56:00.412157+00	0		
1161	199483	2382	2771939	0	2014-11-21 09:21:32.780895+00	0		
1162	199483	2382	2771940	0	2014-11-21 09:21:32.780895+00	0		
1675	166999	3028	3025906	0	2015-03-23 10:18:40.181313+00	0		
1163	199559	2382	2771941	0	2014-11-21 09:21:32.780895+00	0		
1376	199483	2608	2828528	0	2014-12-21 13:42:56.644676+00	0		
2033	166999	3459	3195549	0	2015-07-17 14:41:27.608537+00	0		
1176	166980	2390	2773511	0	2014-11-22 08:50:24.41594+00	0		
1177	199483	2392	2773649	0	2014-11-22 10:48:56.00676+00	0		
1379	167006	2556	2833522	0	2014-12-24 07:17:49.188094+00	0		
1676	166999	3029	3026008	0	2015-03-23 11:19:24.713865+00	0		
1392	166980	2630	2839309	0	2014-12-27 18:05:49.448958+00	0		
1652	166999	2989	3008487	0	2015-03-10 22:47:34.016831+00	0		
1415	167006	2612	2869458	0	2015-01-01 22:30:55.503532+00	0		
1185	166980	2396	2773987	0	2014-11-22 15:56:52.552192+00	0		
1385	166980	2625	2836610	0	2014-12-26 19:17:07.954655+00	0		
1199	166999	1718	2775862	0	2014-11-23 19:18:10.014807+00	0		
1388	199483	2431	2837384	0	2014-12-27 08:20:32.628369+00	0		
1398	166980	2636	2841071	0	2014-12-28 09:18:13.500206+00	0		
1421	167006	2632	2874722	0	2015-01-04 23:00:10.6818+00	0		
1400	166980	2345	2845194	0	2014-12-30 00:53:51.468384+00	0		
1401	199483	2345	2845273	0	2014-12-30 02:04:44.109251+00	0		
1404	166980	2641	2845423	0	2014-12-30 07:38:07.241722+00	0		
1425	166980	2687	2876439	0	2015-01-06 03:02:06.902138+00	0		
1592	166999	2934	2981415	0	2015-02-24 13:10:25.544439+00	0		
1622	166999	2961	2998739	0	2015-03-05 13:54:47.401507+00	0		
1656	166999	2998	3011150	0	2015-03-13 01:12:01.791772+00	0		
1658	167006	210	3013617	0	2015-03-15 10:19:25.293717+00	0		
1643	166999	314	3004961	0	2015-03-09 00:11:38.326339+00	0		
2046	199483	3478	3201767	0	2015-07-21 19:51:09.306808+00	0		
1616	166980	2947	2988391	0	2015-02-26 23:39:24.469248+00	0		
1618	166999	1375	2990393	0	2015-02-27 23:18:37.822223+00	0		
2047	167015	3478	3201768	0	2015-07-21 19:51:09.306808+00	0		
1619	167006	2916	2995962	0	2015-03-03 15:58:53.527265+00	0		
1604	166999	830	2982579	0	2015-02-25 11:10:19.313008+00	0		
1605	167006	2945	2983850	0	2015-02-25 23:58:41.580365+00	0		
2190	166980	3629	3277421	0	2015-09-14 14:44:57.045534+00	0		
1612	199483	2362	2984008	0	2015-02-26 02:12:32.349269+00	0		
1613	199483	2362	2984009	0	2015-02-26 02:12:32.349269+00	0		
1614	199483	2362	2984010	0	2015-02-26 02:12:32.349269+00	0		
1615	199559	2362	2984011	0	2015-02-26 02:12:32.349269+00	0		
1677	167015	171	3028198	0	2015-03-25 01:08:58.367192+00	0		
1623	167006	2731	2999737	0	2015-03-06 06:05:50.574876+00	0		
1628	167006	2748	2999742	0	2015-03-06 06:06:19.54674+00	0		
1638	167006	2762	2999751	0	2015-03-06 06:07:15.601491+00	0		
2192	199483	3629	3277423	0	2015-09-14 14:44:57.045534+00	0		
2194	199559	3585	3277463	0	2015-09-14 15:13:46.699868+00	0		
2195	199483	3585	3277464	0	2015-09-14 15:13:46.699868+00	0		
2196	199483	3585	3277465	0	2015-09-14 15:13:46.699868+00	0		
2164	166980	3615	3272043	0	2015-09-11 03:34:54.046246+00	0		
2181	199483	3578	3277343	0	2015-09-14 13:14:01.401279+00	0		
2191	199483	3629	3277422	0	2015-09-14 14:44:57.045534+00	0		
1641	166999	2971	3004188	0	2015-03-08 15:09:47.896815+00	0		
1678	166999	3032	3028247	0	2015-03-25 02:21:21.183649+00	0		
1647	167006	2983	3007394	0	2015-03-10 07:51:47.908152+00	0		
1648	166980	2983	5781	0	2015-03-10 07:51:47.908152+00	0		
1649	166980	2985	3007537	0	2015-03-10 10:34:43.091279+00	0		
1660	166999	3008	3018293	0	2015-03-17 22:38:25.533522+00	0		
1686	166980	3040	330844	0	2015-03-27 14:11:27.227926+00	0		
1662	166999	3015	3020201	0	2015-03-19 10:25:58.00384+00	0		
1687	199483	3040	3033610	0	2015-03-27 14:11:27.227926+00	0		
1970	167006	3351	3162044	0	2015-06-25 05:52:15.809201+00	0		
1668	166980	3019	3022718	0	2015-03-21 04:28:00.651159+00	0		
1701	199483	3075	3045789	0	2015-04-04 13:36:03.652379+00	0		
1670	166999	3023	3023888	0	2015-03-21 22:33:34.069513+00	0		
1672	166999	3026	3024975	0	2015-03-22 17:08:59.006314+00	0		
1673	167015	240	3024996	0	2015-03-22 17:26:24.342245+00	0		
1679	166999	3033	3028351	0	2015-03-25 03:55:54.002983+00	0		
1680	166999	49	3029374	0	2015-03-25 12:11:32.494342+00	0		
1682	167006	2999	2305807	0	2015-03-25 20:33:58.986587+00	0		
1684	166999	3036	3031280	0	2015-03-26 02:58:07.118506+00	0		
1661	166999	3013	3020050	0	2015-03-19 07:21:56.938925+00	0		
1666	166962	3016	3020357	0	2015-03-19 12:37:29.915038+00	0		
1667	199483	3017	3020850	0	2015-03-19 18:56:57.684768+00	0		
1688	166999	3041	3033725	0	2015-03-27 15:53:11.950995+00	0		
1689	166999	3042	3034297	0	2015-03-27 22:14:22.48719+00	0		
2007	167006	3414	3179800	0	2015-07-06 21:36:42.74833+00	0		
1669	166962	2066	3022946	0	2015-03-21 10:55:38.951693+00	0		
1702	166999	3076	3045912	0	2015-04-04 15:27:15.231991+00	0		
1692	166980	3044	3035978	0	2015-03-28 23:56:02.664559+00	0		
1694	166999	3046	522739	0	2015-03-29 15:20:37.594631+00	0		
1671	166980	3024	3024699	0	2015-03-22 14:23:58.775174+00	0		
1695	166999	3048	3038330	0	2015-03-30 12:58:21.174251+00	0		
1674	166999	3027	3025440	0	2015-03-22 23:33:30.195047+00	0		
1696	166980	3054	3041155	0	2015-04-01 01:24:14.915465+00	0		
1697	166980	3056	3041259	0	2015-04-01 03:42:35.926378+00	0		
1681	166999	2294	3029888	0	2015-03-25 19:49:54.603491+00	0		
1699	166980	3064	3042511	0	2015-04-02 03:14:29.054944+00	0		
1700	166999	3067	3042954	0	2015-04-02 13:50:16.427914+00	0		
1685	166999	3039	3033420	0	2015-03-27 11:11:18.70574+00	0		
1691	167006	1163	2050155	0	2015-03-28 12:28:01.787204+00	0		
1703	166999	1259	3046561	0	2015-04-04 22:49:24.705836+00	0		
849	167006	197	2673088	0	2014-09-13 23:22:28.305108+00	0		
853	167006	255	2025689	0	2014-09-13 23:22:47.450523+00	0		
2048	250261	2334	3201841	0	2015-07-21 20:28:16.378145+00	0		
869	167006	466	2673111	0	2014-09-13 23:24:10.654071+00	0		
920	167006	1094	2673157	0	2014-09-13 23:28:52.599976+00	0		
1489	166980	2815	2899545	0	2015-01-20 17:52:32.793188+00	0		
939	167006	1649	2673172	0	2014-09-13 23:30:33.795545+00	0		
1076	166980	2338	2767806	0	2014-11-18 06:22:37.908174+00	0		
949	167006	2041	1702004	0	2014-09-13 23:31:26.245293+00	0		
1051	167006	2269	2733270	0	2014-11-03 21:09:59.6737+00	0		
1363	166999	2600	2826751	0	2014-12-20 12:21:27.261606+00	0		
1077	167006	2338	2767807	0	2014-11-18 06:22:37.908174+00	0		
1099	199483	2352	2768095	0	2014-11-18 12:56:01.198013+00	0		
1380	167006	2558	2833523	0	2014-12-24 07:17:58.983959+00	0		
1490	166999	2817	2899768	0	2015-01-20 21:39:04.525302+00	0		
1113	166980	2361	2769138	0	2014-11-19 08:43:18.676232+00	0		
1386	167006	2582	2836720	0	2014-12-26 20:20:12.508109+00	0		
1115	199483	2361	2769140	0	2014-11-19 08:43:18.676232+00	0		
1117	166980	2362	2769192	0	2014-11-19 10:07:45.636865+00	0		
2029	167006	3450	3193426	0	2015-07-15 20:13:03.674528+00	0		
1393	167006	116	2839644	0	2014-12-27 18:41:31.94236+00	0		
1150	199483	2359	2770188	0	2014-11-19 23:20:39.742773+00	0		
1164	166980	2385	2771956	0	2014-11-21 09:44:34.241128+00	0		
2052	166999	3490	3205570	0	2015-07-24 20:41:13.244672+00	0		
1166	167006	2385	2771958	0	2014-11-21 09:44:34.241128+00	0		
1389	166980	2627	2386959	0	2014-12-27 09:04:23.873995+00	0		
1399	199483	2635	2841085	0	2014-12-28 09:33:58.56708+00	0		
1422	167006	2665	2793554	0	2015-01-04 23:00:16.63016+00	0		
1403	166980	2640	2845404	0	2014-12-30 06:26:01.30402+00	0		
1405	166980	2642	2845444	0	2014-12-30 08:17:37.011744+00	0		
1426	166980	2701	2878432	0	2015-01-07 10:08:26.186305+00	0		
2053	166999	3386	3206124	0	2015-07-25 07:07:46.417053+00	0		
1112	167006	1627	2768851	0	2014-11-19 01:07:56.545674+00	0		
1236	166980	2428	2780558	0	2014-11-27 11:44:34.915858+00	0		
1529	166980	2861	2920192	0	2015-02-02 05:03:19.073024+00	0		
2054	166999	3492	3207870	0	2015-07-26 10:24:29.033162+00	0		
1435	166999	2729	2885651	0	2015-01-12 10:28:11.484549+00	0		
