1451	192764	225	12531732	0	2014-05-17 22:29:25.573868+00	13		
14419	167286	3527	492974	0	2015-08-14 07:46:09.272816+00	1		
14422	166981	3527	12628328	0	2015-08-14 07:46:09.272816+00	2		
14421	166982	3527	12868017	0	2015-08-14 07:46:09.272816+00	3		
14420	166983	3527	12868019	0	2015-08-14 07:46:09.272816+00	4		
14537	180450	778	12436660	0	2015-08-28 14:11:05.517753+00	137		
14587	167191	239	12457430	0	2015-09-07 09:17:29.114127+00	34		
1484	192768	225	12515368	0	2014-05-17 22:33:48.164225+00	20		
5738	176014	25	11754132	0	2014-06-11 11:38:21.565838+00	682		
4238	172836	550	12727284	0	2014-05-24 18:30:19.772657+00	1		
4193	172791	550	8898007	0	2014-05-24 18:11:16.332896+00	2		
8140	183693	550	12755260	0	2014-08-05 18:35:43.518043+00	3		
4191	172784	550	9455925	0	2014-05-24 17:41:13.729124+00	4		
4194	172792	550	12702114	0	2014-05-24 18:11:16.332896+00	5		
8138	183691	550	12755239	0	2014-08-05 18:28:44.966744+00	6		
4195	172793	550	12675990	0	2014-05-24 18:11:16.332896+00	7		
4197	172795	550	12560028	0	2014-05-24 18:11:16.332896+00	8		
4198	172796	550	12691461	0	2014-05-24 18:11:16.332896+00	9		
4196	172794	550	12702115	0	2014-05-24 18:11:16.332896+00	10		
851	192769	225	12530894	0	2014-05-16 01:18:22.310915+00	22		
8142	183696	550	12755262	0	2014-08-05 18:41:00.918075+00	12		
8143	183697	550	12755263	0	2014-08-05 18:42:43.974635+00	13		
4200	172798	550	12669730	0	2014-05-24 18:11:16.332896+00	14		
4187	172780	550	9364598	0	2014-05-24 17:41:13.729124+00	15		
4199	172797	550	12675989	0	2014-05-24 18:11:16.332896+00	16		
4201	172799	550	12718953	0	2014-05-24 18:11:16.332896+00	17		
4189	172782	550	11273465	0	2014-05-24 17:41:13.729124+00	18		
4202	172800	550	12718951	0	2014-05-24 18:17:20.822522+00	19		
4203	172801	550	12486551	0	2014-05-24 18:17:20.822522+00	20		
4204	172802	550	12718952	0	2014-05-24 18:17:20.822522+00	21		
8135	183688	550	12755236	0	2014-08-05 18:22:01.70956+00	22		
4205	172803	550	12486545	0	2014-05-24 18:17:20.822522+00	23		
4206	172804	550	12560968	0	2014-05-24 18:17:20.822522+00	24		
4237	172835	550	12214066	0	2014-05-24 18:30:19.772657+00	25		
4207	172805	550	12486563	0	2014-05-24 18:17:20.822522+00	26		
4208	172806	550	12535095	0	2014-05-24 18:17:20.822522+00	27		
8141	183695	550	12755261	0	2014-08-05 18:38:18.590415+00	28		
8139	183692	550	12755259	0	2014-08-05 18:31:23.632387+00	29		
8144	183698	550	12690363	0	2014-08-05 18:43:15.054462+00	30		
4192	172790	550	11880967	0	2014-05-24 18:11:16.332896+00	31		
4209	172807	550	12548229	0	2014-05-24 18:17:20.822522+00	32		
4214	172812	550	12694819	0	2014-05-24 18:17:20.822522+00	33		
4210	172808	550	12525840	0	2014-05-24 18:17:20.822522+00	34		
4211	172809	550	12487014	0	2014-05-24 18:17:20.822522+00	35		
4215	172813	550	12561031	0	2014-05-24 18:17:20.822522+00	36		
4216	172814	550	12559262	0	2014-05-24 18:17:20.822522+00	37		
4217	172815	550	12450783	0	2014-05-24 18:17:20.822522+00	38		
1469	192770	225	12531738	0	2014-05-17 22:29:25.573868+00	24		
4190	172783	550	10365105	0	2014-05-24 17:41:13.729124+00	40		
4212	172810	550	12473686	0	2014-05-24 18:17:20.822522+00	41		
4218	172816	550	12487121	0	2014-05-24 18:22:40.332276+00	42		
4213	172811	550	12473697	0	2014-05-24 18:17:20.822522+00	43		
4219	172817	550	12561005	0	2014-05-24 18:22:40.332276+00	44		
4220	172818	550	12529175	0	2014-05-24 18:22:40.332276+00	45		
4188	172781	550	12214070	0	2014-05-24 17:41:13.729124+00	46		
4221	172819	550	12485283	0	2014-05-24 18:22:40.332276+00	47		
4222	172820	550	7608232	0	2014-05-24 18:22:40.332276+00	48		
14400	252099	550	12863547	0	2015-08-03 02:44:36.660753+00	11		
1050	192771	225	12530896	0	2014-05-16 18:29:09.718852+00	25		
14586	169157	239	12876538	0	2015-09-07 08:19:44.129474+00	95		
14564	168033	778	1621461	0	2015-08-28 14:27:28.623037+00	153		
14536	180450	12	12436660	0	2015-08-28 14:11:05.517753+00	201		
5212	175029	778	12510555	0	2014-06-05 15:35:53.144382+00	57		
5213	175030	778	7399988	0	2014-06-05 15:36:16.182843+00	33		
14437	167119	2511	12868876	0	2015-08-15 21:28:20.155181+00	16		
5196	174963	778	12735365	0	2014-06-04 23:31:36.262136+00	24		
5673	175789	25	12489187	0	2014-06-09 22:04:10.008957+00	714		
5968	176399	25	10464404	0	2014-06-12 19:51:15.842938+00	715		
14761	264069	2317	12861285	0	2015-10-11 13:53:20.681261+00	47		
1468	192774	225	12530710	0	2014-05-17 22:29:25.573868+00	27		
1272	192775	225	12530899	0	2014-05-16 23:59:28.939992+00	28		
1270	192776	225	12531735	0	2014-05-16 23:59:28.939992+00	29		
1180	192777	225	12531736	0	2014-05-16 21:45:04.648992+00	30		
7780	167286	1627	12748971	0	2014-07-10 18:19:48.643196+00	1		
9880	166981	1627	12426690	0	2014-11-19 01:15:03.007009+00	2		
9883	166982	1627	12748994	0	2014-11-19 01:17:38.690142+00	3		
10144	166983	1627	12786090	0	2014-12-10 19:31:35.364353+00	4		
11322	166992	1627	12795255	0	2015-01-14 01:38:20.453282+00	5		
10114	167121	2511	12603292	0	2014-12-09 15:54:52.730916+00	17		
10138	167135	2511	12786067	0	2014-12-10 16:46:04.584974+00	18		
10133	167136	2511	12786040	0	2014-12-10 12:03:30.917635+00	19		
10130	167138	2511	12785944	0	2014-12-09 16:03:40.408999+00	20		
14318	166984	2511	12860718	0	2015-07-27 07:45:50.25582+00	21		
10102	167142	2511	12557584	0	2014-12-09 15:54:52.730916+00	23		
10115	167182	2511	12603294	0	2014-12-09 15:54:52.730916+00	27		
10095	167150	2511	12785915	0	2014-12-09 15:54:52.730916+00	28		
10116	167357	2511	12603241	0	2014-12-09 15:54:52.730916+00	29		
10093	167188	2511	12785914	0	2014-12-09 15:54:52.730916+00	30		
10100	167002	2511	12557610	0	2014-12-09 15:54:52.730916+00	32		
10137	167359	2511	12786066	0	2014-12-10 16:46:04.584974+00	33		
10117	167356	2511	12603291	0	2014-12-09 15:54:52.730916+00	34		
10118	167195	2511	12603288	0	2014-12-09 15:54:52.730916+00	35		
10108	167004	2511	12785938	0	2014-12-09 15:54:52.730916+00	36		
10119	166996	2511	12603295	0	2014-12-09 15:54:52.730916+00	37		
10126	167198	2511	12733125	0	2014-12-09 15:54:52.730916+00	38		
10143	167199	2511	12786086	0	2014-12-10 17:53:16.895793+00	39		
10127	167203	2511	12785872	0	2014-12-09 15:54:52.730916+00	40		
10120	167207	2511	12603284	0	2014-12-09 15:54:52.730916+00	41		
10092	167143	2511	12557614	0	2014-12-09 15:54:52.730916+00	42		
10109	167338	2511	12785939	0	2014-12-09 15:54:52.730916+00	43		
10141	167220	2511	12786073	0	2014-12-10 17:26:39.252402+00	44		
10142	167222	2511	12786078	0	2014-12-10 17:33:51.933267+00	45		
10121	167223	2511	12603228	0	2014-12-09 15:54:52.730916+00	46		
10122	167227	2511	12603290	0	2014-12-09 15:54:52.730916+00	47		
4223	172821	550	12504536	0	2014-05-24 18:22:40.332276+00	49		
4224	172822	550	12669728	0	2014-05-24 18:22:40.332276+00	50		
4225	172823	550	12548288	0	2014-05-24 18:22:40.332276+00	51		
4226	172824	550	7936303	0	2014-05-24 18:22:40.332276+00	52		
4227	172825	550	12529181	0	2014-05-24 18:22:40.332276+00	53		
4228	172826	550	12625365	0	2014-05-24 18:22:40.332276+00	54		
8137	183690	550	12755238	0	2014-08-05 18:26:36.491905+00	55		
4229	172827	550	698134	0	2014-05-24 18:22:40.332276+00	56		
4230	172828	550	12435135	0	2014-05-24 18:22:40.332276+00	57		
4231	172829	550	12529170	0	2014-05-24 18:22:40.332276+00	58		
8136	183689	550	12755237	0	2014-08-05 18:24:04.725294+00	59		
4232	172830	550	7114845	0	2014-05-24 18:22:40.332276+00	60		
14538	168361	778	12515028	0	2015-08-28 14:12:08.948491+00	56		
4233	172831	550	6662604	0	2014-05-24 18:22:40.332276+00	61		
4234	172832	550	12076250	0	2014-05-24 18:22:40.332276+00	62		
4235	172833	550	12558264	0	2014-05-24 18:22:40.332276+00	63		
4236	172834	550	12561007	0	2014-05-24 18:22:40.332276+00	64		
14539	168361	12	12515028	0	2015-08-28 14:12:08.948491+00	110		
1238	192778	225	12529799	0	2014-05-16 21:57:29.715215+00	31		
14401	252164	550	12863568	0	2015-08-03 05:39:34.599099+00	39		
4789	173764	25	12482726	0	2014-05-28 21:02:05.900924+00	4		
14356	167113	3500	12526517	0	2015-07-31 07:49:50.440907+00	4		
14438	167181	2511	12868883	0	2015-08-15 21:43:51.150396+00	26		
367	167137	48	12508092	0	2014-05-14 20:22:28.61268+00	48		
2009	170704	225	12515349	0	2014-05-20 22:24:42.854869+00	32		
902	192779	225	11545195	0	2014-05-16 01:26:11.078775+00	33		
904	192780	225	12530900	0	2014-05-16 01:26:11.078775+00	34		
1197	192781	225	12529870	0	2014-05-16 21:50:13.131657+00	35		
1104	192782	225	12531095	0	2014-05-16 18:35:57.01134+00	36		
14644	261355	225	12529958	0	2015-09-22 21:34:08.025007+00	40		
831	192790	225	12529964	0	2014-05-16 01:16:07.075956+00	46		
6345	167417	1015	165499	0	2014-06-17 18:00:25.526068+00	0		
6346	167417	1015	165512	0	2014-06-17 18:00:25.526068+00	1		
368	167138	48	12508067	0	2014-05-14 20:22:28.61268+00	49		
6347	167417	1015	8260512	0	2014-06-17 18:00:25.526068+00	2		
829	192791	225	12724879	0	2014-05-16 01:16:07.075956+00	47		
1228	192792	225	12530763	0	2014-05-16 21:57:29.715215+00	48		
1061	192793	225	12530764	0	2014-05-16 18:29:09.718852+00	49		
859	192795	225	12531229	0	2014-05-16 01:18:22.310915+00	50		
1088	192796	225	12531415	0	2014-05-16 18:35:57.01134+00	51		
13880	245466	225	12846823	0	2015-06-14 10:19:14.681051+00	52		
369	166984	48	12508077	0	2014-05-14 20:22:28.61268+00	50		
13881	245468	225	12846824	0	2015-06-14 10:19:14.681051+00	53		
370	167139	48	12728047	0	2014-05-14 20:22:28.61268+00	51		
371	167141	48	12728049	0	2014-05-14 20:22:28.61268+00	52		
372	167142	48	12728050	0	2014-05-14 20:22:28.61268+00	53		
373	167340	48	12570298	0	2014-05-14 20:22:28.61268+00	54		
234	169506	53	12598123	0	2014-05-14 19:04:06.994625+00	6		
1283	192797	225	12530599	0	2014-05-17 00:03:16.712514+00	54		
235	175158	53	12568203	0	2014-05-14 19:04:06.994625+00	7		
5315	175155	53	12735775	0	2014-06-06 09:59:03.671479+00	8		
252	169508	53	12678248	0	2014-05-14 19:11:07.987869+00	9		
10123	167230	2511	12603293	0	2014-12-09 15:54:52.730916+00	48		
10106	167238	2511	12603220	0	2014-12-09 15:54:52.730916+00	49		
10125	167242	2511	12733126	0	2014-12-09 15:54:52.730916+00	50		
10110	167244	2511	12785940	0	2014-12-09 15:54:52.730916+00	51		
10098	167247	2511	12785941	0	2014-12-09 15:54:52.730916+00	52		
10124	167251	2511	12603285	0	2014-12-09 15:54:52.730916+00	53		
10101	167277	2511	12557585	0	2014-12-09 15:54:52.730916+00	54		
10099	167420	2511	12785942	0	2014-12-09 15:54:52.730916+00	55		
8337	167022	1627	12492073	0	2014-08-08 23:03:24.548848+00	12		
864	192798	225	12530765	0	2014-05-16 01:18:22.310915+00	55		
907	192799	225	12530766	0	2014-05-16 01:26:11.078775+00	56		
8805	192800	225	7159367	0	2014-09-21 16:04:17.589473+00	57		
7778	167023	1627	12748588	0	2014-07-10 18:19:48.643196+00	13		
13340	167024	1627	12824034	0	2015-03-27 23:04:35.377437+00	14		
13341	167025	1627	12824037	0	2015-03-27 23:16:39.436943+00	15		
13344	167315	1627	12824038	0	2015-03-27 23:21:50.136473+00	16		
13345	167026	1627	12824039	0	2015-03-27 23:40:24.052888+00	17		
13348	167027	1627	12824040	0	2015-03-27 23:49:26.152103+00	18		
9860	167000	2317	12606779	0	2014-11-12 01:54:49.58495+00	50		
9847	167185	2317	12727449	0	2014-11-12 01:54:49.58495+00	52		
14565	168367	778	12523958	0	2015-08-28 14:27:37.242003+00	156		
6399	167632	778	12689328	0	2014-06-17 19:53:24.953136+00	92		
14353	251829	239	12862127	0	2015-07-30 20:49:19.177574+00	144		
5675	175791	25	12489183	0	2014-06-09 22:05:36.252561+00	717		
8094	183237	25	12612335	0	2014-08-01 18:29:56.266171+00	721		
1613	169773	25	12438631	0	2014-05-18 20:17:24.402617+00	722		
1614	169774	25	12438630	0	2014-05-18 20:17:24.402617+00	723		
14762	167228	2317	12573324	0	2015-10-11 13:53:20.681261+00	49		
14763	166990	2317	12606613	0	2015-10-11 13:53:20.681261+00	51		
873	192801	225	12530919	0	2014-05-16 01:20:24.965657+00	58		
7573	192802	225	12531213	0	2014-07-06 14:03:10.321663+00	59		
1497	192803	225	12531408	0	2014-05-17 22:42:22.423618+00	60		
1223	192804	225	12531217	0	2014-05-16 21:57:29.715215+00	61		
14660	261445	225	12515352	0	2015-09-23 21:58:35.095913+00	62		
1111	192805	225	12530657	0	2014-05-16 18:35:57.01134+00	63		
12935	232398	225	12818354	0	2015-03-13 09:20:52.872529+00	64		
1436	192806	225	12531194	0	2014-05-17 22:22:49.861905+00	65		
1282	192807	225	12531222	0	2014-05-17 00:03:16.712514+00	67		
1435	192808	225	12530723	0	2014-05-17 22:22:49.861905+00	68		
887	192809	225	12531094	0	2014-05-16 01:26:11.078775+00	69		
6673	178453	25	12488202	0	2014-06-24 12:40:40.138134+00	7		
14357	167135	3500	12562531	0	2015-07-31 07:53:05.719275+00	13		
1259	192810	225	12530722	0	2014-05-16 23:59:28.939992+00	70		
14354	251830	239	12862128	0	2015-07-30 20:50:31.836374+00	101		
14317	251322	2511	12860705	0	2015-07-27 05:40:35.650637+00	22		
1206	192811	225	12530719	0	2014-05-16 21:50:13.131657+00	71		
14566	167110	778	6431196	0	2015-08-28 14:28:45.043442+00	157		
11615	212552	25	12437219	0	2015-01-18 09:22:10.453309+00	718		
1615	169775	25	7263812	0	2014-05-18 20:17:24.402617+00	724		
13583	166995	2722	12832392	0	2015-04-25 21:29:47.32451+00	5		
11233	167137	2722	12516265	0	2015-01-11 10:33:56.400209+00	6		
11222	167138	2722	12785411	0	2015-01-11 10:33:56.400209+00	7		
11722	167148	2722	12798011	0	2015-01-21 19:51:03.79111+00	8		
11226	167181	2722	12557159	0	2015-01-11 10:33:56.400209+00	9		
13590	167184	2722	12832401	0	2015-04-25 21:43:35.037333+00	10		
11229	167000	2722	12509719	0	2015-01-11 10:33:56.400209+00	11		
13605	167188	2722	12832759	0	2015-04-26 15:01:30.580142+00	12		
11220	167002	2722	12714895	0	2015-01-11 10:33:56.400209+00	13		
11235	167359	2722	12714896	0	2015-01-11 10:33:56.400209+00	14		
13591	167190	2722	12832403	0	2015-04-25 21:44:13.849279+00	15		
11224	167192	2722	3931200	0	2015-01-11 10:33:56.400209+00	16		
11219	210924	2722	12714892	0	2015-01-11 10:33:56.400209+00	17		
13588	167418	2722	12832397	0	2015-04-25 21:38:44.078199+00	18		
11221	167210	2722	12540075	0	2015-01-11 10:33:56.400209+00	19		
13595	167226	2722	12832407	0	2015-04-25 21:50:22.255558+00	20		
13584	167244	2722	12832393	0	2015-04-25 21:31:20.776331+00	21		
13611	167252	2722	12833157	0	2015-04-27 08:26:32.545616+00	22		
11237	210929	2722	12507099	0	2015-01-11 10:33:56.400209+00	23		
11218	167282	2722	12715259	0	2015-01-11 10:33:56.400209+00	24		
11238	210930	2722	12594154	0	2015-01-11 10:33:56.400209+00	25		
13612	238452	2722	12833167	0	2015-04-27 08:27:21.908943+00	26		
11230	210925	2722	12509548	0	2015-01-11 10:33:56.400209+00	27		
11231	210926	2722	12509547	0	2015-01-11 10:33:56.400209+00	28		
11232	210927	2722	12619104	0	2015-01-11 10:33:56.400209+00	29		
11721	167260	2722	12798006	0	2015-01-21 19:45:01.720928+00	30		
11223	167321	2722	12715260	0	2015-01-11 10:33:56.400209+00	31		
13596	167327	2722	12832408	0	2015-04-25 21:51:11.657661+00	32		
13566	238263	2722	12831442	0	2015-04-21 13:25:51.156674+00	34		
13597	169250	2722	12832409	0	2015-04-25 21:52:06.19137+00	35		
11228	168895	2722	12535701	0	2015-01-11 10:33:56.400209+00	36		
14589	169249	2722	12876928	0	2015-09-08 07:52:31.87849+00	37		
879	192812	225	12530724	0	2014-05-16 01:20:24.965657+00	72		
1304	192813	225	12531059	0	2014-05-17 15:00:46.284682+00	73		
871	192814	225	12530600	0	2014-05-16 01:20:24.965657+00	74		
894	192815	225	12530725	0	2014-05-16 01:26:11.078775+00	75		
885	192816	225	12530768	0	2014-05-16 01:26:11.078775+00	76		
14645	261356	225	12530001	0	2015-09-22 21:36:12.279489+00	77		
1056	192817	225	12530770	0	2014-05-16 18:29:09.718852+00	78		
1218	192818	225	12530771	0	2014-05-16 21:57:29.715215+00	79		
11608	194064	451	12796360	0	2015-01-17 16:51:49.690169+00	1		
11609	194057	451	12796362	0	2015-01-17 16:52:06.109246+00	2		
13835	176870	797	12840806	0	2015-05-23 04:36:05.785362+00	1		
14593	170848	797	12798883	0	2015-09-08 20:49:14.174789+00	2		
5481	170920	797	12566056	0	2014-06-08 11:40:46.586476+00	3		
5489	170961	797	12737021	0	2014-06-08 11:43:10.487012+00	4		
5476	170857	797	12670158	0	2014-06-08 11:40:46.586476+00	5		
5490	170905	797	12737022	0	2014-06-08 11:43:43.008608+00	6		
13836	170847	797	12840815	0	2015-05-23 04:50:36.715316+00	7		
5485	170965	797	12731270	0	2014-06-08 11:40:46.586476+00	8		
5482	170965	797	12681818	0	2014-06-08 11:40:46.586476+00	9		
5479	170867	797	12567687	0	2014-06-08 11:40:46.586476+00	10		
14320	167144	2511	12860720	0	2015-07-27 07:49:12.153485+00	24		
14319	167145	2511	12860719	0	2015-07-27 07:47:51.005429+00	25		
14540	167426	12	12515030	0	2015-08-28 14:13:49.26743+00	92		
236	169511	53	12678252	0	2014-05-14 19:07:11.133968+00	12		
5491	170861	797	12737023	0	2014-06-08 11:44:21.122982+00	11		
5487	170816	797	12574609	0	2014-06-08 11:40:46.586476+00	12		
5484	170902	797	12529480	0	2014-06-08 11:40:46.586476+00	13		
5486	170838	797	12574610	0	2014-06-08 11:40:46.586476+00	14		
5488	175495	797	12427209	0	2014-06-08 11:40:46.586476+00	15		
5478	170829	797	12508684	0	2014-06-08 11:40:46.586476+00	16		
13834	170896	797	12840773	0	2015-05-22 23:51:23.384888+00	17		
5480	170866	797	12567686	0	2014-06-08 11:40:46.586476+00	18		
5483	170855	797	12681819	0	2014-06-08 11:40:46.586476+00	19		
5477	170865	797	11491500	0	2014-06-08 11:40:46.586476+00	20		
11236	210928	2722	12715165	0	2015-01-11 10:33:56.400209+00	39		
11225	175075	2722	12715180	0	2015-01-11 10:33:56.400209+00	40		
13582	168076	2722	12832391	0	2015-04-25 21:26:54.893609+00	41		
11724	168211	2722	12798014	0	2015-01-21 19:53:35.32345+00	42		
11725	173989	2722	12798017	0	2015-01-21 19:54:42.460916+00	43		
13589	168046	2722	12832398	0	2015-04-25 21:40:01.585188+00	44		
11227	180037	2722	12715157	0	2015-01-11 10:33:56.400209+00	45		
13598	168085	2722	12832410	0	2015-04-25 21:52:45.879315+00	46		
11720	167411	2722	12798003	0	2015-01-21 19:41:43.35837+00	47		
13586	167887	2722	12832395	0	2015-04-25 21:35:02.859675+00	48		
13592	169144	2722	12832404	0	2015-04-25 21:47:37.998356+00	49		
13593	168894	2722	12832405	0	2015-04-25 21:48:26.459064+00	50		
11723	167734	2722	12798013	0	2015-01-21 19:52:45.14472+00	51		
13568	180067	2722	12831729	0	2015-04-22 19:51:04.828806+00	52		
11239	167607	2722	12715265	0	2015-01-11 10:33:56.400209+00	53		
14591	167625	2722	12876949	0	2015-09-08 08:12:59.323759+00	54		
13604	180273	2722	12832597	0	2015-04-26 11:07:32.710794+00	55		
13600	168209	2722	12832389	0	2015-04-25 21:58:44.198119+00	56		
13599	168070	2722	12832414	0	2015-04-25 21:58:29.691893+00	57		
1310	192819	225	12530743	0	2014-05-17 15:00:46.284682+00	80		
14592	169174	2722	12876951	0	2015-09-08 08:18:27.78578+00	33		
14590	167151	2722	12876937	0	2015-09-08 08:05:08.875042+00	38		
1442	192831	225	12531221	0	2014-05-17 22:22:49.861905+00	93		
1110	192832	225	12530729	0	2014-05-16 18:35:57.01134+00	94		
1549	192833	225	10309261	0	2014-05-17 22:52:11.914167+00	95		
1501	170701	225	12531223	0	2014-05-17 22:42:22.423618+00	96		
1434	192842	225	12530730	0	2014-05-17 22:22:49.861905+00	105		
1092	192843	225	12530597	0	2014-05-16 18:35:57.01134+00	106		
1545	192844	225	12531210	0	2014-05-17 22:52:11.914167+00	107		
1105	192845	225	12531427	0	2014-05-16 18:35:57.01134+00	108		
1200	192846	225	12531624	0	2014-05-16 21:50:13.131657+00	109		
1226	192847	225	12531627	0	2014-05-16 21:57:29.715215+00	110		
1230	192848	225	12531626	0	2014-05-16 21:57:29.715215+00	111		
1536	192849	225	8037727	0	2014-05-17 22:52:11.914167+00	112		
1077	192850	225	12531628	0	2014-05-16 18:29:09.718852+00	113		
1071	192864	225	12531216	0	2014-05-16 18:29:09.718852+00	119		
14680	261635	225	12530093	0	2015-09-25 07:21:59.225037+00	179		
1201	192951	225	8541384	0	2014-05-16 21:50:13.131657+00	215		
1483	192952	225	12530923	0	2014-05-17 22:33:48.164225+00	216		
14358	167134	3500	12562532	0	2015-07-31 07:56:39.200813+00	14		
1520	192953	225	12531820	0	2014-05-17 22:42:22.423618+00	217		
895	192976	225	12531117	0	2014-05-16 01:26:11.078775+00	241		
838	192977	225	12531161	0	2014-05-16 01:16:07.075956+00	242		
1540	192978	225	12531120	0	2014-05-17 22:52:11.914167+00	243		
866	192979	225	12531116	0	2014-05-16 01:18:22.310915+00	244		
14439	167189	2511	12868887	0	2015-08-15 21:46:06.21545+00	31		
849	192980	225	12531989	0	2014-05-16 01:16:07.075956+00	245		
1265	192981	225	8541367	0	2014-05-16 23:59:28.939992+00	246		
14683	261653	225	12582975	0	2015-09-25 09:30:19.207983+00	376		
1312	192714	225	12531191	0	2014-05-17 15:00:46.284682+00	391		
14693	170879	2197	12881512	0	2015-09-26 11:28:09.519935+00	48		
868	193106	225	12531193	0	2014-05-16 01:20:24.965657+00	392		
14699	261752	225	12881537	0	2015-09-26 12:46:43.639977+00	176		
1503	193107	225	12531701	0	2014-05-17 22:42:22.423618+00	393		
9019	170819	2197	12435471	0	2014-10-02 22:26:34.669191+00	90		
8936	170884	2197	12583068	0	2014-10-02 21:55:51.255765+00	79		
8937	192286	2197	1805726	0	2014-10-02 21:55:51.255765+00	85		
9013	170878	2197	12437273	0	2014-10-02 22:23:06.965923+00	152		
11800	189992	2197	12799220	0	2015-01-24 11:29:18.379179+00	15		
9006	170921	2197	12529522	0	2014-10-02 22:23:06.965923+00	133		
9011	170941	2197	12436207	0	2014-10-02 22:23:06.965923+00	148		
9007	170823	2197	12582120	0	2014-10-02 22:23:06.965923+00	142		
9008	170866	2197	12583452	0	2014-10-02 22:23:06.965923+00	143		
8985	170902	2197	12529521	0	2014-10-02 22:15:25.518002+00	118		
8958	170948	2197	12441103	0	2014-10-02 22:06:26.585884+00	104		
8932	170913	2197	12528409	0	2014-10-02 21:55:51.255765+00	80		
8935	170818	2197	12573043	0	2014-10-02 21:55:51.255765+00	95		
9014	170943	2197	12582812	0	2014-10-02 22:23:06.965923+00	154		
9015	170828	2197	12583607	0	2014-10-02 22:23:06.965923+00	150		
9016	170946	2197	12583578	0	2014-10-02 22:23:06.965923+00	144		
9017	170901	2197	12583589	0	2014-10-02 22:23:06.965923+00	145		
8974	170907	2197	12583180	0	2014-10-02 22:06:26.585884+00	106		
8975	170854	2197	12583186	0	2014-10-02 22:06:26.585884+00	107		
8916	170834	2197	10222392	0	2014-10-02 21:47:39.853928+00	67		
8925	170847	2197	12436219	0	2014-10-02 21:55:51.255765+00	66		
8928	192285	2197	12582945	0	2014-10-02 21:55:51.255765+00	62		
8976	170845	2197	12436216	0	2014-10-02 22:15:25.518002+00	114		
8969	170880	2197	12583124	0	2014-10-02 22:06:26.585884+00	93		
11798	190008	2197	12799218	0	2015-01-24 11:25:55.745462+00	18		
11799	192299	2197	12799219	0	2015-01-24 11:27:43.479232+00	20		
11801	213609	2197	12799221	0	2015-01-24 11:31:22.190228+00	14		
11802	213611	2197	12799222	0	2015-01-24 11:32:37.311376+00	16		
11803	190015	2197	12799223	0	2015-01-24 11:33:50.063418+00	19		
1266	192982	225	12531331	0	2014-05-16 23:59:28.939992+00	247		
1193	192983	225	12531329	0	2014-05-16 21:50:13.131657+00	248		
8817	192984	225	12531326	0	2014-09-21 16:16:03.477273+00	249		
1229	192985	225	12531334	0	2014-05-16 21:57:29.715215+00	250		
2794	171773	451	12684106	0	2014-05-22 18:29:36.305186+00	107		
2827	171806	451	12684107	0	2014-05-22 18:29:36.305186+00	108		
2825	171804	451	12684223	0	2014-05-22 18:29:36.305186+00	109		
2826	171805	451	12684266	0	2014-05-22 18:29:36.305186+00	110		
14424	255002	25	12489312	0	2015-08-14 07:55:47.810192+00	567		
903	193109	225	12530666	0	2014-05-16 01:26:11.078775+00	394		
1299	193110	225	12531702	0	2014-05-17 15:00:46.284682+00	395		
8819	193111	225	11723930	0	2014-09-21 16:16:03.477273+00	396		
8822	193115	225	12531704	0	2014-09-21 16:16:03.477273+00	401		
1262	193118	225	12531707	0	2014-05-16 23:59:28.939992+00	404		
2551	171327	225	12514585	0	2014-05-21 18:55:14.85531+00	424		
1254	193129	225	12304311	0	2014-05-16 21:57:29.715215+00	425		
8826	193130	225	12490648	0	2014-09-21 16:16:03.477273+00	426		
1444	192721	225	12529838	0	2014-05-17 22:22:49.861905+00	427		
14691	167119	239	12881441	0	2015-09-26 08:12:46.848766+00	23		
1306	193131	225	12530706	0	2014-05-17 15:00:46.284682+00	428		
884	192986	225	12304324	0	2014-05-16 01:26:11.078775+00	251		
14689	261712	239	12461342	0	2015-09-26 01:47:51.580941+00	130		
14352	168078	239	10776724	0	2015-07-30 18:58:24.842461+00	88		
14355	176327	239	12862130	0	2015-07-30 20:54:14.44731+00	78		
14690	261726	239	12881438	0	2015-09-26 07:52:40.692916+00	104		
14692	168309	239	12881452	0	2015-09-26 08:58:20.454244+00	92		
14702	261755	25	12881543	0	2015-09-26 13:03:18.008537+00	744		
14706	261760	25	12881559	0	2015-09-26 13:10:32.037451+00	748		
1177	167330	48	12728674	0	2014-05-16 20:54:00.617612+00	8		
5766	176042	25	11754134	0	2014-06-11 11:38:21.565838+00	781		
5767	176043	25	11754135	0	2014-06-11 11:38:21.565838+00	782		
7613	180444	25	12747782	0	2014-07-06 21:25:25.733991+00	783		
5866	176504	25	4558931	0	2014-06-11 23:05:14.798236+00	784		
14374	251859	25	12862237	0	2015-07-31 09:11:22.513885+00	785		
6623	178406	25	12743552	0	2014-06-24 09:36:04.979574+00	786		
14707	261761	25	12881560	0	2015-09-26 13:12:25.759813+00	750		
1242	192822	225	12530773	0	2014-05-16 21:57:29.715215+00	83		
1101	192865	225	12531423	0	2014-05-16 18:35:57.01134+00	120		
897	192866	225	12531061	0	2014-05-16 01:26:11.078775+00	121		
1251	192867	225	12530775	0	2014-05-16 21:57:29.715215+00	122		
898	192868	225	12531424	0	2014-05-16 01:26:11.078775+00	123		
836	192869	225	12531198	0	2014-05-16 01:16:07.075956+00	124		
222	167020	48	12508038	0	2014-05-14 19:02:07.336929+00	11		
223	167021	48	12504949	0	2014-05-14 19:02:07.336929+00	12		
14294	189993	2197	12859523	0	2015-07-23 20:10:17.505431+00	4		
11804	213612	2197	12799224	0	2015-01-24 11:34:37.622237+00	17		
11814	213624	2197	12799231	0	2015-01-24 12:26:30.26567+00	24		
11124	210309	2197	6562967	0	2015-01-08 08:47:31.860864+00	3		
11128	190003	2197	9141459	0	2015-01-08 08:48:57.801847+00	6		
8996	170900	2197	12583385	0	2014-10-02 22:15:25.518002+00	127		
8997	170971	2197	12436184	0	2014-10-02 22:23:06.965923+00	132		
11614	190004	2197	12796615	0	2015-01-18 06:04:27.83847+00	5		
14359	167125	3500	12562533	0	2015-07-31 07:59:49.628433+00	15		
8920	170906	2197	9140615	0	2014-10-02 21:55:51.255765+00	50		
8959	170969	2197	12583117	0	2014-10-02 22:06:26.585884+00	92		
14228	170970	541	12857866	0	2015-07-16 12:09:36.560683+00	2		
14224	170832	541	12857842	0	2015-07-16 10:53:49.924153+00	3		
8960	170853	2197	12583142	0	2014-10-02 22:06:26.585884+00	94		
8989	170875	2197	12436217	0	2014-10-02 22:15:25.518002+00	131		
8990	170873	2197	12583338	0	2014-10-02 22:15:25.518002+00	123		
3951	170958	541	12539779	0	2014-05-24 08:19:18.383585+00	4		
8900	170960	2197	12582763	0	2014-10-02 21:36:09.550862+00	36		
8903	170848	2197	12582764	0	2014-10-02 21:36:09.550862+00	37		
8998	170924	2197	12436187	0	2014-10-02 22:23:06.965923+00	140		
8971	170827	2197	12712675	0	2014-10-02 22:06:26.585884+00	96		
9012	170863	2197	12436202	0	2014-10-02 22:23:06.965923+00	151		
8910	170920	2197	9674853	0	2014-10-02 21:44:00.141836+00	38		
224	167022	48	12571180	0	2014-05-14 19:02:07.336929+00	13		
343	169543	53	12601124	0	2014-05-14 20:16:18.240658+00	43		
8911	170961	2197	9674863	0	2014-10-02 21:44:00.141836+00	39		
344	169551	53	12702846	0	2014-05-14 20:20:59.924626+00	44		
603	169559	53	12580091	0	2014-05-15 15:09:18.860776+00	53		
8915	170833	2197	12569130	0	2014-10-02 21:47:39.853928+00	51		
8918	170915	2197	12573552	0	2014-10-02 21:55:51.255765+00	52		
8921	170916	2197	12583052	0	2014-10-02 21:55:51.255765+00	53		
8904	170824	2197	12441313	0	2014-10-02 21:36:09.550862+00	44		
8902	170837	2197	12504472	0	2014-10-02 21:36:09.550862+00	41		
8973	170965	2197	12581863	0	2014-10-02 22:06:26.585884+00	105		
8933	170826	2197	9086870	0	2014-10-02 21:55:51.255765+00	83		
8949	170964	2197	12583058	0	2014-10-02 22:00:07.416132+00	75		
8981	170951	2197	12583295	0	2014-10-02 22:15:25.518002+00	115		
8982	170816	2197	12583300	0	2014-10-02 22:15:25.518002+00	116		
8977	170815	2197	12439624	0	2014-10-02 22:15:25.518002+00	111		
610	169577	53	12580090	0	2014-05-15 15:45:28.238323+00	62		
611	169578	53	12486104	0	2014-05-15 15:45:28.238323+00	63		
8978	170861	2197	9617218	0	2014-10-02 22:15:25.518002+00	112		
6161	170854	55	12740141	0	2014-06-16 08:58:53.587409+00	77		
8964	170868	2197	12436179	0	2014-10-02 22:06:26.585884+00	109		
8965	170959	2197	12583204	0	2014-10-02 22:06:26.585884+00	110		
8966	170851	2197	12583094	0	2014-10-02 22:06:26.585884+00	87		
8967	170910	2197	12583095	0	2014-10-02 22:06:26.585884+00	88		
8968	170836	2197	12583156	0	2014-10-02 22:06:26.585884+00	100		
11210	210905	2197	12793619	0	2015-01-10 23:54:38.236504+00	1		
8957	170877	2197	12583104	0	2014-10-02 22:06:26.585884+00	89		
8988	170949	2197	11925021	0	2014-10-02 22:15:25.518002+00	130		
8938	170950	2197	12583059	0	2014-10-02 21:55:51.255765+00	74		
8939	170858	2197	12549386	0	2014-10-02 21:55:51.255765+00	77		
8962	170955	2197	12470221	0	2014-10-02 22:06:26.585884+00	102		
8963	170867	2197	1687083	0	2014-10-02 22:06:26.585884+00	108		
8986	170968	2197	12440805	0	2014-10-02 22:15:25.518002+00	121		
8987	192291	2197	12583368	0	2014-10-02 22:15:25.518002+00	125		
9004	170939	2197	12470300	0	2014-10-02 22:23:06.965923+00	139		
8999	170829	2197	12571356	0	2014-10-02 22:23:06.965923+00	134		
9000	170953	2197	12528482	0	2014-10-02 22:23:06.965923+00	135		
9005	170940	2197	12583448	0	2014-10-02 22:23:06.965923+00	141		
442	170904	55	12740368	0	2014-05-14 20:41:32.822245+00	92		
277	170881	55	12740382	0	2014-05-14 19:25:03.576818+00	97		
408	170830	55	12722855	0	2014-05-14 20:30:19.817513+00	98		
6228	170867	55	12528408	0	2014-06-16 20:58:24.11063+00	78		
4792	173767	25	12488187	0	2014-05-28 21:03:45.224542+00	5		
4793	173768	25	12488201	0	2014-05-28 21:04:22.354996+00	6		
5829	176128	25	1803500	0	2014-06-11 16:02:42.870496+00	378		
14423	255001	25	12438717	0	2015-08-14 07:55:00.450655+00	566		
12624	219850	25	10465552	0	2015-02-27 02:56:38.253153+00	671		
12625	219851	25	10465553	0	2015-02-27 02:57:18.454958+00	672		
2937	171916	451	12679941	0	2014-05-22 18:59:55.978494+00	13		
2869	171848	451	12679939	0	2014-05-22 18:29:36.305186+00	14		
825	192722	225	12120100	0	2014-05-16 01:12:38.346144+00	430		
1093	192723	225	12531096	0	2014-05-16 18:35:57.01134+00	431		
1225	192724	225	11545196	0	2014-05-16 21:57:29.715215+00	432		
1314	192725	225	12529777	0	2014-05-17 15:00:46.284682+00	433		
1479	193133	225	12531860	0	2014-05-17 22:33:48.164225+00	434		
1557	193134	225	12530416	0	2014-05-17 22:52:11.914167+00	435		
1187	192726	225	10989477	0	2014-05-16 21:45:04.648992+00	436		
1452	193135	225	12304320	0	2014-05-17 22:29:25.573868+00	437		
14765	167186	2317	12436948	0	2015-10-11 13:53:20.681261+00	53		
5033	167238	12	12641915	0	2014-06-04 17:23:20.554204+00	81		
14226	170897	541	12857843	0	2015-07-16 10:53:49.924153+00	5		
226	166982	48	12728026	0	2014-05-14 19:02:07.336929+00	3		
247	167023	48	12715762	0	2014-05-14 19:08:47.100684+00	14		
248	167024	48	12728031	0	2014-05-14 19:08:47.100684+00	15		
333	169533	53	12598119	0	2014-05-14 20:16:18.240658+00	33		
335	169535	53	12700488	0	2014-05-14 20:16:18.240658+00	35		
336	169536	53	12598108	0	2014-05-14 20:16:18.240658+00	36		
337	169537	53	12676756	0	2014-05-14 20:16:18.240658+00	37		
341	169541	53	12532072	0	2014-05-14 20:16:18.240658+00	41		
1122	169584	53	12728640	0	2014-05-16 19:29:10.560291+00	69		
1598	169655	53	12729173	0	2014-05-18 17:59:59.58567+00	107		
4146	172737	451	12731856	0	2014-05-24 17:10:03.374228+00	45		
11605	212274	451	12796354	0	2015-01-17 16:10:50.591855+00	46		
1599	169656	53	12729174	0	2014-05-18 17:59:59.58567+00	108		
3901	172489	451	12682532	0	2014-05-23 23:43:39.75166+00	47		
3139	172043	451	12682513	0	2014-05-22 19:36:58.54685+00	48		
11122	210205	2197	12792861	0	2015-01-08 07:37:21.666897+00	12		
8912	170909	2197	12582144	0	2014-10-02 21:44:00.141836+00	46		
8913	170905	2197	12582861	0	2014-10-02 21:44:00.141836+00	47		
8930	170945	2197	12440806	0	2014-10-02 21:55:51.255765+00	68		
8931	170918	2197	12522970	0	2014-10-02 21:55:51.255765+00	73		
11123	173371	2197	12440967	0	2015-01-08 08:45:22.721395+00	2		
11106	210062	2197	12792539	0	2015-01-07 06:07:44.786452+00	13		
8929	170849	2197	12441316	0	2014-10-02 21:55:51.255765+00	64		
3950	170960	541	12731534	0	2014-05-24 08:19:18.383585+00	6		
3953	170848	541	12602783	0	2014-05-24 08:19:18.383585+00	7		
14360	167357	3500	12524463	0	2015-07-31 08:09:01.669237+00	19		
1770	170049	101	12713219	0	2014-05-19 02:05:43.849491+00	141		
3960	170920	541	12731540	0	2014-05-24 08:19:18.383585+00	8		
3954	170961	541	12536955	0	2014-05-24 08:19:18.383585+00	9		
8940	170944	2197	12583155	0	2014-10-02 21:55:51.255765+00	98		
8953	170814	2197	12583060	0	2014-10-02 22:00:07.416132+00	78		
11107	210063	2197	9459564	0	2015-01-07 06:16:36.757646+00	11		
8954	170850	2197	12583071	0	2014-10-02 22:00:07.416132+00	84		
591	166983	153	12713861	0	2014-05-15 05:36:29.475951+00	4		
8955	192287	2197	9140616	0	2014-10-02 22:00:07.416132+00	86		
8956	170817	2197	12441317	0	2014-10-02 22:00:07.416132+00	99		
8994	170903	2197	12573042	0	2014-10-02 22:15:25.518002+00	126		
8995	192292	2197	12583370	0	2014-10-02 22:15:25.518002+00	124		
8943	170917	2197	12582119	0	2014-10-02 21:55:51.255765+00	65		
8991	170830	2197	12583393	0	2014-10-02 22:15:25.518002+00	129		
8992	170904	2197	12583207	0	2014-10-02 22:15:25.518002+00	122		
8993	170881	2197	12583379	0	2014-10-02 22:15:25.518002+00	128		
8881	170898	2197	12436215	0	2014-10-01 19:41:00.218614+00	28		
9009	170972	2197	12441327	0	2014-10-02 22:23:06.965923+00	147		
9010	170855	2197	12439678	0	2014-10-02 22:23:06.965923+00	146		
8895	170832	2197	12582147	0	2014-10-02 21:36:09.550862+00	33		
8896	170957	2197	12582145	0	2014-10-02 21:36:09.550862+00	29		
8899	170970	2197	12582146	0	2014-10-02 21:36:09.550862+00	32		
8901	170856	2197	12436198	0	2014-10-02 21:36:09.550862+00	31		
8907	170958	2197	12582761	0	2014-10-02 21:44:00.141836+00	34		
11214	189970	2197	12793695	0	2015-01-11 02:10:16.964787+00	21		
8906	170857	2197	12582782	0	2014-10-02 21:36:09.550862+00	43		
11215	210915	2197	12793732	0	2015-01-11 07:01:50.278388+00	9		
11216	210916	2197	12793733	0	2015-01-11 07:05:37.671033+00	10		
8908	170831	2197	12582760	0	2014-10-02 21:44:00.141836+00	27		
8909	170869	2197	12474283	0	2014-10-02 21:44:00.141836+00	42		
8924	170839	2197	12582946	0	2014-10-02 21:55:51.255765+00	61		
12615	219479	25	10465545	0	2015-02-26 23:51:04.176561+00	661		
2015	170791	25	9806417	0	2014-05-21 06:35:59.318332+00	662		
3188	172101	451	12514660	0	2014-05-22 20:05:27.698736+00	49		
4169	172760	451	10353244	0	2014-05-24 17:10:03.374228+00	50		
2944	171923	451	12683984	0	2014-05-22 18:59:55.978494+00	51		
14726	262264	225	12882367	0	2015-09-30 18:44:24.448357+00	200		
14600	176315	2586	12758461	0	2015-09-11 02:50:57.330313+00	4		
1449	193055	225	12531852	0	2014-05-17 22:22:49.861905+00	326		
832	193056	225	12531805	0	2014-05-16 01:16:07.075956+00	327		
1288	193057	225	12531667	0	2014-05-17 00:03:16.712514+00	328		
1450	193058	225	12531855	0	2014-05-17 22:29:25.573868+00	329		
1250	193059	225	12531664	0	2014-05-16 21:57:29.715215+00	330		
833	193060	225	12529908	0	2014-05-16 01:16:07.075956+00	331		
1542	193061	225	12529907	0	2014-05-17 22:52:11.914167+00	332		
1107	193062	225	12531665	0	2014-05-16 18:35:57.01134+00	333		
1072	193064	225	12530754	0	2014-05-16 18:29:09.718852+00	334		
888	193065	225	12530627	0	2014-05-16 01:26:11.078775+00	335		
2134	170931	225	12530914	0	2014-05-21 07:07:25.694954+00	336		
1550	193066	225	12529909	0	2014-05-17 22:52:11.914167+00	337		
1551	193067	225	12529910	0	2014-05-17 22:52:11.914167+00	338		
1552	193068	225	12529911	0	2014-05-17 22:52:11.914167+00	339		
1553	193069	225	12529912	0	2014-05-17 22:52:11.914167+00	340		
1116	193070	225	12531711	0	2014-05-16 18:35:57.01134+00	341		
1478	193116	225	11783958	0	2014-05-17 22:33:48.164225+00	402		
8823	193117	225	12531706	0	2014-09-21 16:16:03.477273+00	403		
1464	171075	225	12530493	0	2014-05-17 22:29:25.573868+00	466		
1298	192823	225	12530774	0	2014-05-17 15:00:46.284682+00	84		
9665	196753	225	7159357	0	2014-10-30 18:06:36.782817+00	85		
1522	192824	225	12531212	0	2014-05-17 22:42:22.423618+00	86		
1091	192826	225	12531153	0	2014-05-16 18:35:57.01134+00	87		
3955	170837	541	12536936	0	2014-05-24 08:19:18.383585+00	10		
8926	170899	2197	12582938	0	2014-10-02 21:55:51.255765+00	59		
11212	171013	2197	12712659	0	2015-01-11 00:05:58.568395+00	155		
11859	192302	2197	12799709	0	2015-01-25 06:29:44.538819+00	25		
8882	170864	2197	12438354	0	2014-10-01 19:45:57.26865+00	149		
8883	170846	2197	6825294	0	2014-10-01 19:50:20.442606+00	30		
8079	183009	25	12754055	0	2014-07-31 12:31:10.91845+00	28		
1725	169886	25	10313450	0	2014-05-18 20:37:55.947279+00	264		
1726	169887	25	7633528	0	2014-05-18 20:37:55.947279+00	265		
1627	169788	25	9348569	0	2014-05-18 20:27:30.212246+00	266		
6014	176502	25	4558548	0	2014-06-13 10:28:12.743139+00	451		
5734	176010	25	4558764	0	2014-06-11 11:38:21.565838+00	471		
5775	176058	25	7952706	0	2014-06-11 11:55:16.905519+00	472		
5721	175994	25	11754195	0	2014-06-11 11:06:28.619889+00	507		
506	167377	25	11468239	0	2014-05-14 23:01:18.711987+00	508		
9879	167286	2333	12781124	0	2014-11-17 13:08:40.932853+00	1		
5712	175985	25	4558919	0	2014-06-11 11:06:28.619889+00	509		
8841	191148	225	12529758	0	2014-09-21 16:16:03.477273+00	535		
2555	171331	225	12529519	0	2014-05-21 18:55:14.85531+00	536		
1247	169712	225	12531779	0	2014-05-16 21:57:29.715215+00	537		
1215	169713	225	12443482	0	2014-05-16 21:57:29.715215+00	538		
1257	169714	225	11545188	0	2014-05-16 21:57:29.715215+00	539		
14727	262415	25	12882656	0	2015-10-02 12:20:26.44402+00	527		
14435	255004	25	12781096	0	2015-08-15 10:33:41.926619+00	577		
2019	170795	25	10465560	0	2014-05-21 06:35:59.318332+00	666		
2020	170796	25	10465561	0	2014-05-21 06:35:59.318332+00	667		
12616	219480	25	10465549	0	2015-02-26 23:52:16.337696+00	668		
12617	219481	25	10465550	0	2015-02-26 23:53:20.892347+00	669		
12623	219849	25	10465551	0	2015-02-27 02:55:37.774817+00	670		
12627	219969	25	12813617	0	2015-02-27 03:06:00.790266+00	683		
12628	219970	25	11756808	0	2015-02-27 03:08:40.790792+00	684		
2029	170805	25	10465546	0	2014-05-21 06:35:59.318332+00	685		
12716	230173	25	11756757	0	2015-03-03 03:53:28.951302+00	686		
4617	173368	25	12438715	0	2014-05-26 19:51:09.384756+00	687		
10749	209345	25	12489291	0	2015-01-05 11:43:39.61831+00	688		
12720	230188	25	12815100	0	2015-03-03 05:21:37.166058+00	689		
514	167385	25	12438634	0	2014-05-14 23:01:18.711987+00	690		
513	167384	25	9774335	0	2014-05-14 23:01:18.711987+00	691		
1477	169715	225	6293468	0	2014-05-17 22:33:48.164225+00	540		
2990	171969	451	12608037	0	2014-05-22 18:59:55.978494+00	67		
3110	172014	451	12440032	0	2014-05-22 19:28:19.219831+00	68		
3109	172013	451	12663867	0	2014-05-22 19:28:19.219831+00	69		
3194	172107	451	12605374	0	2014-05-22 20:05:27.698736+00	70		
2821	171800	451	12684274	0	2014-05-22 18:29:36.305186+00	71		
2767	171746	451	11933250	0	2014-05-22 18:29:36.305186+00	72		
3216	172129	451	12682363	0	2014-05-22 20:05:27.698736+00	73		
3868	172456	451	12682366	0	2014-05-23 23:43:39.75166+00	74		
2835	171814	451	12682377	0	2014-05-22 18:29:36.305186+00	75		
2770	171749	451	12684249	0	2014-05-22 18:29:36.305186+00	76		
3203	172116	451	12679922	0	2014-05-22 20:05:27.698736+00	77		
2857	171836	451	12682396	0	2014-05-22 18:29:36.305186+00	78		
2777	171756	451	12681424	0	2014-05-22 18:29:36.305186+00	79		
465	167193	48	12698184	0	2014-05-14 22:27:42.273201+00	86		
3115	172019	451	12681431	0	2014-05-22 19:36:58.54685+00	80		
817	169716	225	12530533	0	2014-05-16 01:12:38.346144+00	541		
1621	169781	25	12438714	0	2014-05-18 20:17:24.402617+00	693		
1620	169780	25	11756878	0	2014-05-18 20:17:24.402617+00	694		
12618	219482	25	10465537	0	2015-02-26 23:55:16.77926+00	695		
7837	181086	25	12489265	0	2014-07-10 23:59:42.53763+00	696		
466	167281	48	12728088	0	2014-05-14 22:27:42.273201+00	87		
467	167194	48	12728103	0	2014-05-14 22:27:42.273201+00	88		
472	167004	48	12711646	0	2014-05-14 22:27:42.273201+00	90		
461	167003	48	12728082	0	2014-05-14 20:54:56.761935+00	82		
462	167191	48	12704630	0	2014-05-14 20:54:56.761935+00	83		
463	167356	48	12700736	0	2014-05-14 20:54:56.761935+00	84		
2504	171276	25	471408	0	2014-05-21 17:26:50.67556+00	698		
2508	171280	25	11762071	0	2014-05-21 17:26:50.67556+00	699		
7756	180808	25	12489262	0	2014-07-09 07:17:53.079117+00	700		
7828	181051	25	12489051	0	2014-07-10 22:26:39.153389+00	701		
473	167369	48	12728106	0	2014-05-14 22:27:42.273201+00	91		
225	166981	48	12728025	0	2014-05-14 19:02:07.336929+00	2		
7829	181052	25	12489049	0	2014-07-10 22:26:44.940776+00	702		
3863	172451	451	12684095	0	2014-05-23 23:43:39.75166+00	81		
2912	171891	451	12684096	0	2014-05-22 18:39:16.711341+00	82		
14601	167614	2586	12705512	0	2015-09-11 02:51:03.410454+00	3		
14599	168896	2586	12758460	0	2015-09-11 02:50:54.601901+00	5		
14598	179452	2586	12758459	0	2015-09-11 02:50:46.628389+00	6		
14597	168328	2586	12758458	0	2015-09-11 02:50:39.856435+00	7		
14595	259179	2586	12877865	0	2015-09-10 22:57:06.06611+00	8		
14596	259180	2586	12727165	0	2015-09-10 23:13:06.423985+00	35		
14594	259178	2586	12877866	0	2015-09-10 22:44:39.141155+00	37		
14652	261398	2586	12880769	0	2015-09-23 11:49:46.779317+00	36		
880	192851	225	12530740	0	2014-05-16 01:20:24.965657+00	114		
1286	192852	225	12531226	0	2014-05-17 00:03:16.712514+00	115		
1082	192853	225	12531412	0	2014-05-16 18:29:09.718852+00	116		
1109	192872	225	12530733	0	2014-05-16 18:35:57.01134+00	125		
1106	192870	225	12531230	0	2014-05-16 18:35:57.01134+00	126		
1084	192873	225	12531404	0	2014-05-16 18:29:09.718852+00	127		
876	192871	225	12530732	0	2014-05-16 01:20:24.965657+00	128		
1494	192874	225	12531414	0	2014-05-17 22:42:22.423618+00	129		
911	192875	225	12531428	0	2014-05-16 01:26:11.078775+00	130		
1433	192876	225	12530744	0	2014-05-17 22:22:49.861905+00	131		
1289	192877	225	12530746	0	2014-05-17 00:03:16.712514+00	132		
1115	192878	225	12530714	0	2014-05-16 18:35:57.01134+00	133		
1546	192879	225	11545198	0	2014-05-17 22:52:11.914167+00	134		
2824	171803	451	12684111	0	2014-05-22 18:29:36.305186+00	122		
2829	171808	451	12684112	0	2014-05-22 18:29:36.305186+00	123		
2817	171796	451	12684115	0	2014-05-22 18:29:36.305186+00	124		
2809	171788	451	12684117	0	2014-05-22 18:29:36.305186+00	125		
2808	171787	451	12684256	0	2014-05-22 18:29:36.305186+00	126		
2778	171757	451	12684204	0	2014-05-22 18:29:36.305186+00	127		
2790	171769	451	12684228	0	2014-05-22 18:29:36.305186+00	128		
2799	171778	451	12684260	0	2014-05-22 18:29:36.305186+00	129		
4161	172752	451	12684188	0	2014-05-24 17:10:03.374228+00	130		
3228	172141	451	12684189	0	2014-05-22 20:05:27.698736+00	131		
3900	172488	451	12684191	0	2014-05-23 23:43:39.75166+00	132		
14662	261581	2586	12881071	0	2015-09-25 02:38:02.227766+00	16		
2831	171810	451	12684272	0	2014-05-22 18:29:36.305186+00	137		
5818	176117	25	4558887	0	2014-06-11 16:02:42.870496+00	389		
14541	167426	778	12515030	0	2015-08-28 14:13:49.26743+00	42		
14362	166997	3500	12562535	0	2015-07-31 08:13:55.347436+00	25		
14700	261753	25	12881541	0	2015-09-26 12:59:53.658827+00	742		
5159	174950	778	7721814	0	2014-06-04 22:19:34.168188+00	1		
14701	261754	25	12881542	0	2015-09-26 13:01:46.36994+00	743		
3952	170824	541	12731535	0	2014-05-24 08:19:18.383585+00	11		
14441	255379	542	12869195	0	2015-08-16 15:00:30.949319+00	21		
14223	249556	542	12857841	0	2015-07-16 10:53:49.924153+00	3		
14225	249557	542	12857842	0	2015-07-16 10:53:49.924153+00	9		
14227	249558	542	12857843	0	2015-07-16 10:53:49.924153+00	10		
14231	249560	542	12857867	0	2015-07-16 12:10:16.625514+00	59		
3990	172605	542	12539782	0	2014-05-24 08:52:51.242141+00	38		
4015	172630	542	12633401	0	2014-05-24 08:52:51.242141+00	72		
4016	172631	542	12731543	0	2014-05-24 08:52:51.242141+00	19		
4017	172632	542	12539779	0	2014-05-24 08:52:51.242141+00	1		
4018	172633	542	12731535	0	2014-05-24 08:52:51.242141+00	20		
4012	172627	542	12494113	0	2014-05-24 08:52:51.242141+00	61		
3980	170909	541	12731544	0	2014-05-24 08:50:47.007341+00	12		
14232	170879	541	12857868	0	2015-07-16 12:11:05.538623+00	13		
3956	170833	541	12731536	0	2014-05-24 08:19:18.383585+00	14		
3961	170916	541	12493215	0	2014-05-24 08:19:18.383585+00	15		
13145	170874	541	12539782	0	2015-03-19 01:46:32.574343+00	16		
14236	170962	541	12857870	0	2015-07-16 12:46:23.669224+00	17		
3962	170899	541	12602785	0	2014-05-24 08:19:18.383585+00	18		
3963	170820	541	12572247	0	2014-05-24 08:19:18.383585+00	19		
3964	170839	541	12478262	0	2014-05-24 08:19:18.383585+00	20		
14440	170911	541	12869195	0	2015-08-16 15:00:30.949319+00	21		
5492	170911	541	12737024	0	2014-06-08 11:46:26.663576+00	21		
3979	170917	541	12731543	0	2014-05-24 08:46:06.50597+00	22		
3965	170834	541	12610154	0	2014-05-24 08:19:18.383585+00	23		
3966	170871	541	12684668	0	2014-05-24 08:19:18.383585+00	24		
3967	170821	541	12681833	0	2014-05-24 08:19:18.383585+00	25		
3968	170967	541	12572249	0	2014-05-24 08:19:18.383585+00	26		
3957	170858	541	12731537	0	2014-05-24 08:19:18.383585+00	27		
14230	170850	541	12857867	0	2015-07-16 12:10:16.625514+00	28		
3969	170877	541	12539783	0	2014-05-24 08:19:18.383585+00	29		
3958	170969	541	12731538	0	2014-05-24 08:19:18.383585+00	30		
13146	170880	541	12820687	0	2015-03-19 02:14:41.442196+00	31		
3970	170818	541	12523248	0	2014-05-24 08:19:18.383585+00	32		
3971	170817	541	12731541	0	2014-05-24 08:19:18.383585+00	33		
3959	170844	541	12731539	0	2014-05-24 08:19:18.383585+00	34		
3972	170860	541	12427852	0	2014-05-24 08:19:18.383585+00	35		
3973	170948	541	12478214	0	2014-05-24 08:19:18.383585+00	36		
3978	170965	541	12478245	0	2014-05-24 08:41:25.751595+00	37		
6153	170819	55	12740061	0	2014-06-15 23:05:18.63881+00	61		
3976	170907	541	12731542	0	2014-05-24 08:19:18.383585+00	38		
3977	170867	541	12629398	0	2014-05-24 08:27:30.262+00	39		
3974	170868	541	12681006	0	2014-05-24 08:19:18.383585+00	40		
3975	170959	541	12427855	0	2014-05-24 08:19:18.383585+00	41		
14234	170861	541	12857869	0	2015-07-16 12:44:19.658869+00	42		
4013	172628	542	12536937	0	2014-05-24 08:52:51.242141+00	17		
4014	172629	542	12731540	0	2014-05-24 08:52:51.242141+00	11		
4026	172641	542	12687512	0	2014-05-24 08:52:51.242141+00	22		
14229	249559	542	12857866	0	2015-07-16 12:09:36.560683+00	4		
4036	172651	542	12731531	0	2014-05-24 08:52:51.242141+00	28		
4037	172652	542	12731529	0	2014-05-24 08:52:51.242141+00	27		
4038	172653	542	12731530	0	2014-05-24 08:52:51.242141+00	30		
396	170949	55	12740384	0	2014-05-14 20:25:53.931593+00	99		
6154	170852	55	12740062	0	2014-06-15 23:05:18.63881+00	62		
311	170921	55	12580584	0	2014-05-14 20:01:55.683549+00	102		
2814	171793	451	12684273	0	2014-05-22 18:29:36.305186+00	138		
2787	171766	451	12684269	0	2014-05-22 18:29:36.305186+00	139		
14542	168303	778	12436662	0	2015-08-28 14:15:14.250162+00	107		
5921	176327	778	7708112	0	2014-06-12 18:31:42.927528+00	127		
430	170829	55	12580590	0	2014-05-14 20:37:09.967486+00	103		
14543	168303	12	12436662	0	2015-08-28 14:15:14.250162+00	173		
14703	261756	25	12881555	0	2015-09-26 13:04:47.104768+00	745		
2800	171779	451	12684135	0	2014-05-22 18:29:36.305186+00	140		
2801	171780	451	12684136	0	2014-05-22 18:29:36.305186+00	141		
2802	171781	451	12684137	0	2014-05-22 18:29:36.305186+00	142		
14705	261759	25	12881558	0	2015-09-26 13:08:50.714362+00	747		
5674	175790	25	12489185	0	2014-06-09 22:04:58.335932+00	716		
8880	192125	25	12435947	0	2014-10-01 14:26:33.61151+00	720		
1616	169776	25	12438661	0	2014-05-18 20:17:24.402617+00	725		
14494	257747	25	12438705	0	2015-08-28 11:45:01.674507+00	734		
14498	257751	25	12650899	0	2015-08-28 11:51:38.993277+00	737		
14499	257752	25	12650900	0	2015-08-28 11:52:19.422801+00	738		
14501	257754	25	12516705	0	2015-08-28 11:52:53.330754+00	740		
14568	257797	778	817153	0	2015-08-28 14:36:20.564301+00	41		
1313	192765	225	12530888	0	2014-05-17 15:00:46.284682+00	14		
4039	172654	542	12731533	0	2014-05-24 08:52:51.242141+00	32		
4040	172655	542	12731528	0	2014-05-24 08:52:51.242141+00	31		
4000	172615	542	12536939	0	2014-05-24 08:52:51.242141+00	36		
4001	172616	542	12478245	0	2014-05-24 08:52:51.242141+00	37		
3985	172600	542	12731542	0	2014-05-24 08:52:51.242141+00	39		
3988	172603	542	12602785	0	2014-05-24 08:52:51.242141+00	43		
3997	172612	542	12684669	0	2014-05-24 08:52:51.242141+00	51		
5493	175499	542	12737024	0	2014-06-08 11:46:26.663576+00	44		
3999	172614	542	12539783	0	2014-05-24 08:52:51.242141+00	60		
3984	172599	542	12523248	0	2014-05-24 08:52:51.242141+00	64		
3991	172606	542	12629398	0	2014-05-24 08:52:51.242141+00	66		
4002	172617	542	12427855	0	2014-05-24 08:52:51.242141+00	68		
3994	172609	542	12672870	0	2014-05-24 08:52:51.242141+00	71		
4004	172619	542	12536948	0	2014-05-24 08:52:51.242141+00	8		
4035	172650	542	12731532	0	2014-05-24 08:52:51.242141+00	29		
14233	249561	542	12857868	0	2015-07-16 12:11:05.538623+00	13		
4019	172634	542	12731539	0	2014-05-24 08:52:51.242141+00	70		
4020	172635	542	12427852	0	2014-05-24 08:52:51.242141+00	65		
4021	172636	542	12681006	0	2014-05-24 08:52:51.242141+00	67		
4022	172637	542	12478262	0	2014-05-24 08:52:51.242141+00	55		
4023	172638	542	12731538	0	2014-05-24 08:52:51.242141+00	62		
4024	172639	542	12681802	0	2014-05-24 08:52:51.242141+00	69		
14363	167200	3500	12562537	0	2015-07-31 08:19:12.501234+00	27		
3995	172610	542	12536942	0	2014-05-24 08:52:51.242141+00	12		
2797	171776	451	12684259	0	2014-05-22 18:29:36.305186+00	146		
3989	172604	542	12536938	0	2014-05-24 08:52:51.242141+00	14		
3983	172598	542	12536949	0	2014-05-24 08:52:51.242141+00	16		
3992	172607	542	12536940	0	2014-05-24 08:52:51.242141+00	18		
3981	172596	542	12684670	0	2014-05-24 08:52:51.242141+00	52		
3998	172613	542	12572249	0	2014-05-24 08:52:51.242141+00	57		
4005	172620	542	12681837	0	2014-05-24 08:52:51.242141+00	46		
4006	172621	542	12681838	0	2014-05-24 08:52:51.242141+00	48		
4007	172622	542	12681835	0	2014-05-24 08:52:51.242141+00	47		
4008	172623	542	12681839	0	2014-05-24 08:52:51.242141+00	50		
9953	201140	542	12782308	0	2014-11-25 11:24:22.184715+00	7		
4025	172640	542	11727744	0	2014-05-24 08:52:51.242141+00	34		
4030	172645	542	12731544	0	2014-05-24 08:52:51.242141+00	6		
4031	172646	542	12684671	0	2014-05-24 08:52:51.242141+00	53		
4032	172647	542	12572247	0	2014-05-24 08:52:51.242141+00	40		
4033	172648	542	12536951	0	2014-05-24 08:52:51.242141+00	24		
4034	172649	542	12536941	0	2014-05-24 08:52:51.242141+00	15		
3993	172608	542	12536950	0	2014-05-24 08:52:51.242141+00	23		
13191	233717	542	12820996	0	2015-03-20 12:43:56.866801+00	5		
4009	172624	542	12681834	0	2014-05-24 08:52:51.242141+00	45		
4010	172625	542	12681836	0	2014-05-24 08:52:51.242141+00	49		
4011	172626	542	12684672	0	2014-05-24 08:52:51.242141+00	54		
4027	172642	542	12731536	0	2014-05-24 08:52:51.242141+00	41		
4028	172643	542	12610154	0	2014-05-24 08:52:51.242141+00	56		
4029	172644	542	12731537	0	2014-05-24 08:52:51.242141+00	58		
3996	172611	542	12536953	0	2014-05-24 08:52:51.242141+00	25		
3987	172602	542	12602783	0	2014-05-24 08:52:51.242141+00	26		
3982	172597	542	12539781	0	2014-05-24 08:52:51.242141+00	33		
13147	233510	542	12820687	0	2015-03-19 02:14:41.442196+00	63		
14235	249562	542	12857869	0	2015-07-16 12:44:19.658869+00	73		
14237	249563	542	12857870	0	2015-07-16 12:46:23.669224+00	42		
3986	172601	542	12493215	0	2014-05-24 08:52:51.242141+00	35		
4003	172618	542	12536947	0	2014-05-24 08:52:51.242141+00	2		
2805	171784	451	12684255	0	2014-05-22 18:29:36.305186+00	147		
2815	171794	451	12684275	0	2014-05-22 18:29:36.305186+00	148		
2806	171785	451	12684268	0	2014-05-22 18:29:36.305186+00	149		
14585	258701	451	12684299	0	2015-09-05 22:50:24.131865+00	171		
3887	172475	451	12679710	0	2014-05-23 23:43:39.75166+00	179		
3888	172476	451	12682387	0	2014-05-23 23:43:39.75166+00	180		
3889	172477	451	12682388	0	2014-05-23 23:43:39.75166+00	181		
3869	172457	451	9437662	0	2014-05-23 23:43:39.75166+00	182		
2751	171730	451	12556560	0	2014-05-22 18:29:36.305186+00	183		
3890	172478	451	12680190	0	2014-05-23 23:43:39.75166+00	184		
2945	171924	451	12680222	0	2014-05-22 18:59:55.978494+00	185		
3086	171992	451	12514619	0	2014-05-22 19:28:19.219831+00	186		
5933	176336	778	12739015	0	2014-06-12 18:31:42.927528+00	134		
14728	167330	2220	12529550	0	2015-10-03 22:01:51.362465+00	1		
9144	166994	2220	12440807	0	2014-10-06 13:04:27.100189+00	2		
1445	192921	225	12531098	0	2014-05-17 22:22:49.861905+00	182		
13983	167021	2220	12848081	0	2015-06-20 08:07:31.558057+00	3		
1276	192922	225	12531107	0	2014-05-16 23:59:28.939992+00	183		
13981	167023	2220	12848078	0	2015-06-20 08:07:31.558057+00	4		
3098	172002	451	12680074	0	2014-05-22 19:28:19.219831+00	187		
3090	171996	451	12680071	0	2014-05-22 19:28:19.219831+00	188		
5864	176200	778	8434168	0	2014-06-11 23:02:37.044771+00	74		
3885	172473	451	12683201	0	2014-05-23 23:43:39.75166+00	189		
12770	230685	451	6792196	0	2015-03-05 04:19:02.882687+00	190		
12865	169247	778	12525260	0	2015-03-07 21:14:29.011087+00	60		
14663	261583	2586	12881070	0	2015-09-25 02:38:10.246712+00	15		
5886	168310	778	6871083	0	2014-06-11 23:06:02.255738+00	154		
5198	174964	778	12641253	0	2014-06-04 23:31:36.262136+00	26		
13027	232866	56	12819038	0	2015-03-15 16:30:03.988456+00	2		
14403	252547	56	12512944	0	2015-08-05 16:21:21.788982+00	34		
13023	232862	56	12819034	0	2015-03-15 16:18:32.350349+00	3		
8073	182172	25	12747547	0	2014-07-21 17:14:18.504155+00	55		
13984	167024	2220	12848082	0	2015-06-20 08:07:31.558057+00	5		
14544	168342	12	12820744	0	2015-08-28 14:15:59.893284+00	117		
14545	168342	778	12820744	0	2015-08-28 14:15:59.893284+00	61		
13982	167029	2220	12848079	0	2015-06-20 08:07:31.558057+00	6		
13979	167031	2220	12436077	0	2015-06-20 08:07:31.558057+00	7		
13980	167030	2220	12848076	0	2015-06-20 08:07:31.558057+00	8		
10277	205490	25	12769026	0	2014-12-15 22:33:47.103177+00	56		
13161	233547	778	7402581	0	2015-03-19 11:17:38.696073+00	183		
5233	168289	778	12591989	0	2014-06-05 18:36:43.254976+00	164		
14704	261757	25	12881557	0	2015-09-26 13:07:02.582311+00	746		
9142	167032	2220	12711584	0	2014-10-06 12:54:28.459798+00	9		
9143	167333	2220	12476169	0	2014-10-06 12:56:13.592061+00	10		
13987	167339	2220	12467406	0	2015-06-20 08:14:39.199246+00	11		
13988	167132	2220	3699995	0	2015-06-20 08:14:39.199246+00	12		
13986	167133	2220	12516130	0	2015-06-20 08:14:39.199246+00	13		
13464	167183	2220	12827238	0	2015-04-06 22:02:33.634759+00	14		
14729	262622	1293	12526770	0	2015-10-04 01:51:26.292459+00	12		
6753	178733	1293	12744086	0	2014-06-25 16:27:43.315169+00	15		
6751	178732	1293	12744087	0	2014-06-25 16:25:50.980775+00	16		
14664	261584	2586	12881068	0	2015-09-25 02:38:31.754289+00	13		
1653	169814	25	11892912	0	2014-05-18 20:27:30.212246+00	381		
5836	176135	25	10485036	0	2014-06-11 16:02:42.870496+00	382		
4072	172674	544	12496060	0	2014-05-24 09:25:00.52094+00	38		
5835	176134	25	10485037	0	2014-06-11 16:02:42.870496+00	383		
14442	170816	534	12869524	0	2015-08-17 10:09:27.584713+00	56		
3832	170905	534	12436928	0	2014-05-23 23:16:31.888201+00	7		
5834	176133	25	10485038	0	2014-06-11 16:02:42.870496+00	384		
13601	171158	534	12832432	0	2015-04-25 23:27:52.177791+00	89		
13448	171089	534	12826064	0	2015-04-04 11:56:44.042568+00	91		
3805	170829	534	12703772	0	2014-05-23 23:16:31.888201+00	65		
3806	170953	534	12470916	0	2014-05-23 23:16:31.888201+00	66		
3807	170825	534	12585806	0	2014-05-23 23:16:31.888201+00	68		
3849	170956	534	12588053	0	2014-05-23 23:16:31.888201+00	26		
3799	170845	534	8769760	0	2014-05-23 23:16:31.888201+00	54		
3800	170951	534	12671058	0	2014-05-23 23:16:31.888201+00	55		
5840	176139	25	10485039	0	2014-06-11 16:02:42.870496+00	385		
3801	170838	534	4323286	0	2014-05-23 23:16:31.888201+00	58		
3802	170873	534	12484665	0	2014-05-23 23:16:31.888201+00	59		
3840	170820	534	767753	0	2014-05-23 23:16:31.888201+00	15		
3827	170923	534	12695938	0	2014-05-23 23:16:31.888201+00	3		
3788	170969	534	12732420	0	2014-05-23 23:16:31.888201+00	39		
3781	170913	534	12588050	0	2014-05-23 23:16:31.888201+00	32		
3782	170835	534	12671065	0	2014-05-23 23:16:31.888201+00	33		
3783	170826	534	12588076	0	2014-05-23 23:16:31.888201+00	34		
3784	170850	534	12555049	0	2014-05-23 23:16:31.888201+00	35		
3797	170854	534	4323106	0	2014-05-23 23:16:31.888201+00	49		
3798	170868	534	12442477	0	2014-05-23 23:16:31.888201+00	51		
3851	170858	534	12671773	0	2014-05-23 23:16:31.888201+00	30		
3831	170824	534	12484664	0	2014-05-23 23:16:31.888201+00	6		
3803	170830	534	12588049	0	2014-05-23 23:16:31.888201+00	61		
3804	170921	534	12686685	0	2014-05-23 23:16:31.888201+00	64		
3829	170869	534	12701563	0	2014-05-23 23:16:31.888201+00	4		
307	173302	4	12615254	0	2014-05-14 19:44:22.348119+00	1		
3830	170857	534	12588057	0	2014-05-23 23:16:31.888201+00	5		
3842	170849	534	12603613	0	2014-05-23 23:16:31.888201+00	18		
3843	170917	534	12466520	0	2014-05-23 23:16:31.888201+00	19		
5842	176141	25	10485040	0	2014-06-11 16:02:42.870496+00	386		
5819	176118	25	10485041	0	2014-06-11 16:02:42.870496+00	387		
14364	167205	3500	12562538	0	2015-07-31 08:23:29.462866+00	30		
5817	176116	25	10485042	0	2014-06-11 16:02:42.870496+00	388		
14426	255004	25	10465281	0	2015-08-14 08:04:26.562032+00	576		
13370	235705	1293	12824968	0	2015-03-31 21:18:39.710723+00	17		
14465	256622	1293	12871600	0	2015-08-21 15:33:36.169764+00	19		
6756	178737	1293	12610730	0	2014-06-25 16:30:16.130892+00	20		
14478	256656	1293	12871625	0	2015-08-21 16:33:30.117821+00	21		
3844	170834	534	8965649	0	2014-05-23 23:16:31.888201+00	21		
12868	231162	1293	12816537	0	2015-03-07 21:41:19.746252+00	22		
6767	178759	1293	12744120	0	2014-06-25 19:42:31.706959+00	23		
2	173293	4	12614907	0	2014-05-14 17:12:21.309595+00	2		
12870	231165	1293	12816548	0	2015-03-07 22:03:23.17494+00	24		
6769	178761	1293	12744121	0	2014-06-25 19:46:34.044022+00	25		
3	173294	4	12598518	0	2014-05-14 17:12:21.309595+00	3		
4	173295	4	12598517	0	2014-05-14 17:12:21.309595+00	4		
12871	231169	1293	12816572	0	2015-03-07 22:23:19.42171+00	26		
14476	256638	1293	12871622	0	2015-08-21 16:27:11.182528+00	27		
6741	178708	1293	12442470	0	2014-06-25 14:23:12.63517+00	28		
13369	235703	1293	12824967	0	2015-03-31 21:15:18.920459+00	29		
14730	170837	1315	12526770	0	2015-10-04 01:51:26.292459+00	6		
8	173296	4	12614904	0	2014-05-14 17:15:41.799186+00	5		
9	173297	4	12615258	0	2014-05-14 17:15:41.799186+00	6		
548	173298	4	12598532	0	2014-05-15 00:12:07.279526+00	7		
14546	180429	778	12515026	0	2015-08-28 14:16:32.388196+00	116		
10	173299	4	12598519	0	2014-05-14 17:15:41.799186+00	8		
14569	167873	778	1621467	0	2015-08-28 14:37:28.518323+00	138		
23	173292	4	12602074	0	2014-05-14 17:21:34.445759+00	11		
14571	167633	778	3916844	0	2015-08-28 14:38:10.435615+00	93		
14547	180429	12	12515026	0	2015-08-28 14:16:32.388196+00	180		
843	192727	225	12529752	0	2014-05-16 01:16:07.075956+00	441		
1062	193137	225	12529872	0	2014-05-16 18:29:09.718852+00	442		
1513	192728	225	12531065	0	2014-05-17 22:42:22.423618+00	443		
14694	261747	225	12881518	0	2015-09-26 11:55:06.370917+00	469		
14685	261665	225	12881293	0	2015-09-25 18:23:12.310529+00	564		
3833	170912	534	12588055	0	2014-05-23 23:16:31.888201+00	8		
3834	170916	534	12694630	0	2014-05-23 23:16:31.888201+00	9		
3835	170962	534	12581241	0	2014-05-23 23:16:31.888201+00	10		
3836	170922	534	12588054	0	2014-05-23 23:16:31.888201+00	11		
3839	170899	534	12558025	0	2014-05-23 23:16:31.888201+00	14		
3785	170910	534	12588077	0	2014-05-23 23:16:31.888201+00	36		
3786	170819	534	12506662	0	2014-05-23 23:16:31.888201+00	37		
3787	170852	534	12436229	0	2014-05-23 23:16:31.888201+00	38		
3789	170880	534	12506679	0	2014-05-23 23:16:31.888201+00	40		
3790	170853	534	12557931	0	2014-05-23 23:16:31.888201+00	41		
3791	170818	534	12483701	0	2014-05-23 23:16:31.888201+00	42		
3792	170817	534	12671050	0	2014-05-23 23:16:31.888201+00	44		
13512	170847	534	12828988	0	2015-04-12 22:30:25.941084+00	20		
3793	170844	534	4323285	0	2014-05-23 23:16:31.888201+00	45		
641	177197	57	12666936	0	2014-05-15 16:03:39.072974+00	45		
728	184033	57	12619034	0	2014-05-15 18:29:21.631083+00	100		
647	177201	57	12666940	0	2014-05-15 16:04:34.779977+00	49		
646	177202	57	12666941	0	2014-05-15 16:04:25.932749+00	50		
748	184011	57	12664621	0	2014-05-15 18:50:22.941803+00	82		
649	184035	57	12619037	0	2014-05-15 16:05:29.432529+00	103		
24	173303	4	12615240	0	2014-05-14 17:21:34.445759+00	12		
881	192880	225	7159362	0	2014-05-16 01:26:11.078775+00	135		
1063	192881	225	12530626	0	2014-05-16 18:29:09.718852+00	136		
25	173304	4	12609554	0	2014-05-14 17:21:34.445759+00	13		
14665	261585	2586	12881077	0	2015-09-25 02:38:47.666157+00	22		
6667	178447	25	12488204	0	2014-06-24 12:16:38.924201+00	8		
7762	180872	25	12488205	0	2014-07-09 20:26:04.175848+00	9		
6694	178516	25	12488206	0	2014-06-24 19:20:18.113227+00	10		
7763	180874	25	12488475	0	2014-07-09 20:27:13.100641+00	11		
7764	180878	25	12488488	0	2014-07-09 20:31:27.646853+00	12		
7765	180881	25	12488491	0	2014-07-09 20:36:06.556023+00	13		
12719	230176	25	11756877	0	2015-03-03 03:56:18.362803+00	676		
3794	170955	534	12671061	0	2014-05-23 23:16:31.888201+00	46		
3795	170948	534	4323284	0	2014-05-23 23:16:31.888201+00	47		
3845	170945	534	8965650	0	2014-05-23 23:16:31.888201+00	22		
3846	170871	534	12695935	0	2014-05-23 23:16:31.888201+00	23		
3847	170821	534	12588071	0	2014-05-23 23:16:31.888201+00	24		
3848	170876	534	12433467	0	2014-05-23 23:16:31.888201+00	25		
6039	171090	534	12739592	0	2014-06-14 18:54:43.195694+00	90		
6057	172421	534	12739633	0	2014-06-14 20:22:17.611727+00	86		
12634	170952	534	12813715	0	2015-02-27 15:12:49.04476+00	53		
2032	170808	25	11756876	0	2014-05-21 06:35:59.318332+00	677		
2031	170807	25	11756826	0	2014-05-21 06:35:59.318332+00	678		
2028	170804	25	10465547	0	2014-05-21 06:35:59.318332+00	679		
2030	170806	25	10465298	0	2014-05-21 06:35:59.318332+00	680		
12626	219968	25	11756806	0	2015-02-27 03:04:49.217808+00	681		
14510	168059	12	12515068	0	2015-08-28 13:40:10.140358+00	121		
5087	167021	12	12735252	0	2014-06-04 18:33:45.587266+00	13		
73	167150	12	12525290	0	2014-05-14 17:37:16.993864+00	54		
13157	167279	12	7610673	0	2015-03-19 11:02:03.054892+00	87		
13153	167268	12	12820767	0	2015-03-19 10:38:07.194297+00	91		
26	173305	4	12624306	0	2014-05-14 17:21:34.445759+00	14		
14513	168080	12	12515064	0	2015-08-28 13:41:04.491376+00	119		
5047	168227	12	1621460	0	2014-06-04 17:23:20.554204+00	134		
13154	180164	12	12820768	0	2015-03-19 10:41:56.516884+00	141		
14514	168214	12	12485625	0	2015-08-28 13:42:09.225247+00	137		
4383	170898	442	9953272	0	2014-05-25 21:23:24.751821+00	1		
4384	170958	442	10521822	0	2014-05-25 21:23:24.751821+00	4		
9890	166993	1627	12781424	0	2014-11-19 11:58:12.080465+00	6		
14361	167186	3500	12562534	0	2015-07-31 08:11:38.256903+00	20		
14365	167204	3500	12562540	0	2015-07-31 08:26:24.304193+00	34		
