48	207972	3189	3190	0	2015-05-07 15:15:32.621794+00	0		
49	207972	3200	898	0	2015-05-09 08:16:43.645385+00	0		
50	207972	3200	3201	0	2015-05-09 08:17:28.620386+00	0		
1	207972	2640	2641	0	2014-12-30 07:37:00.144614+00	0		
2	207972	2640	2642	0	2014-12-30 08:17:37.011744+00	0		
3	207972	2649	2670	0	2015-01-04 14:08:17.773332+00	0		
4	207972	2649	2671	0	2015-01-04 14:08:17.773332+00	0		
51	207972	3200	3202	0	2015-05-09 08:25:11.99235+00	0		
52	207972	3200	3203	0	2015-05-09 08:30:35.10256+00	0		
53	207972	3200	3204	0	2015-05-09 08:30:35.10256+00	0		
54	207972	3200	3205	0	2015-05-09 08:30:35.10256+00	0		
55	207972	3200	3206	0	2015-05-09 08:30:35.10256+00	0		
56	207972	3200	3207	0	2015-05-09 08:30:35.10256+00	0		
33	207972	2285	2942	0	2015-02-28 10:52:54.964466+00	0		
34	207972	2285	2951	0	2015-02-28 13:33:38.377023+00	0		
35	207972	2930	2934	0	2015-03-10 19:21:18.585341+00	0		
36	207972	3056	3055	0	2015-04-01 02:27:30.343747+00	0		
37	207972	3056	3054	0	2015-04-01 02:27:30.343747+00	0		
38	207972	3056	3057	0	2015-04-01 02:35:20.666183+00	0		
39	207972	2285	3069	0	2015-04-03 05:58:38.096917+00	0		
40	207972	3119	3120	0	2015-04-18 17:19:56.931571+00	0		
62	207972	3290	3294	0	2015-06-05 22:35:35.634584+00	0		
63	207972	3290	3307	0	2015-06-09 18:28:47.591354+00	0		
64	207972	3290	3310	0	2015-06-11 21:17:37.032348+00	0		
65	207972	3314	3315	0	2015-06-13 20:14:45.845495+00	0		
66	207972	3345	3354	0	2015-06-22 13:41:54.321455+00	0		
67	207972	3345	3355	0	2015-06-22 14:19:52.353822+00	0		
68	207972	3345	3356	0	2015-06-22 14:21:31.252744+00	0		
69	207972	3345	3357	0	2015-06-22 14:28:21.888665+00	0		
70	207972	3345	3358	0	2015-06-22 14:44:06.068767+00	0		
71	207972	3345	3359	0	2015-06-22 14:47:30.270525+00	0		
72	207972	3345	3360	0	2015-06-22 14:59:02.18909+00	0		
73	207972	3347	3361	0	2015-06-22 15:12:45.20387+00	0		
74	207972	3345	3362	0	2015-06-22 15:15:25.122946+00	0		
75	207972	3345	3363	0	2015-06-22 15:22:25.548121+00	0		
76	207972	3345	3396	0	2015-07-01 05:15:15.300632+00	0		
77	207972	3345	3397	0	2015-07-01 05:21:02.129022+00	0		
78	207972	3345	3398	0	2015-07-01 05:27:41.98425+00	0		
79	207972	3345	3399	0	2015-07-01 05:31:42.280083+00	0		
80	207972	3345	3400	0	2015-07-01 05:40:23.514922+00	0		
81	207972	3345	3401	0	2015-07-01 06:09:00.674414+00	0		
82	207972	3345	3402	0	2015-07-01 06:12:37.239208+00	0		
83	207972	3345	3403	0	2015-07-01 06:15:36.196573+00	0		
84	207972	3345	3404	0	2015-07-01 06:18:59.621295+00	0		
85	207972	2336	3405	0	2015-07-01 06:48:51.275097+00	0		
86	207972	2336	3406	0	2015-07-01 07:53:52.416023+00	0		
87	207972	3407	3408	0	2015-07-01 08:11:40.276578+00	0		
88	207972	3411	3412	0	2015-07-01 08:39:48.254504+00	0		
47	207972	3137	3139	0	2015-04-26 13:23:54.503395+00	0		
89	207972	3716	3717	0	2015-09-30 17:30:57.586727+00	0		
91	207972	3723	3725	0	2015-10-05 11:09:33.386052+00	0		
93	207972	3743	3741	0	2015-10-08 10:37:58.066202+00	0		
95	207972	3723	3744	0	2015-10-09 10:49:54.164272+00	0		
96	207972	3747	3746	0	2015-10-09 17:53:54.148936+00	0		
97	207972	3747	3712	0	2015-10-09 17:53:54.148936+00	0		
98	207972	3747	3577	0	2015-10-09 17:53:54.148936+00	0		
100	207972	3119	3784	0	2015-10-20 05:54:40.061319+00	0		
101	207972	3119	3791	1	2015-10-23 10:06:23.877873+00	0		
99	207972	3723	3773	0	2015-10-16 12:51:33.338534+00	0		
