2856	27101	699050	10	0	2011-05-16 16:31:52.155025+00	0		
8023	27229	934267	1053272	0	2011-07-13 05:25:37.75223+00	0		
2592	27101	699046	15	0	2011-05-16 16:31:52.155025+00	0		
2462	27101	699052	16	0	2011-05-16 16:31:52.155025+00	0		
2463	27101	699051	17	0	2011-05-16 16:31:52.155025+00	0		
2464	27101	699045	18	0	2011-05-16 16:31:52.155025+00	0		
2938	27101	797022	8953	0	2011-05-16 16:31:52.155025+00	0		
1202	27101	699108	10375	0	2011-05-16 16:31:52.155025+00	0		
397	27101	699070	10447	0	2011-05-16 16:31:52.155025+00	0		
517	27101	699072	10448	0	2011-05-16 16:31:52.155025+00	0		
1093	27101	699097	10788	0	2011-05-16 16:31:52.155025+00	0		
1445	27101	699103	10790	0	2011-05-16 16:31:52.155025+00	0		
2986	27101	699055	11665	0	2011-05-16 16:31:52.155025+00	0		
2329	27101	699044	19	0	2012-08-19 18:00:14.589305+00	0		
1196	27101	700167	12108	0	2011-05-16 16:31:52.155025+00	0		
1322	27101	699102	12389	0	2011-05-16 16:31:52.155025+00	0		
2691	27101	699100	12390	0	2011-05-16 16:31:52.155025+00	0		
1567	27101	699104	12391	0	2011-05-16 16:31:52.155025+00	0		
606	27101	699106	12392	0	2011-05-16 16:31:52.155025+00	0		
2824	27101	699105	12393	0	2011-05-16 16:31:52.155025+00	0		
5024	27101	797624	257732	0	2012-05-12 20:06:44.871348+00	0		
2952	27101	698376	13420	0	2011-05-16 16:31:52.155025+00	0		
5026	27101	790636	16500	0	2011-05-16 16:31:52.155025+00	0		
5097	27101	790637	16501	0	2011-05-16 16:31:52.155025+00	0		
4779	27101	790638	16502	0	2011-05-16 16:31:52.155025+00	0		
4874	27101	790639	16503	0	2011-05-16 16:31:52.155025+00	0		
5208	27101	790641	16504	0	2011-05-16 16:31:52.155025+00	0		
4873	27101	790642	16505	0	2011-05-16 16:31:52.155025+00	0		
4777	27101	790643	16506	0	2011-05-16 16:31:52.155025+00	0		
5025	27101	790644	16507	0	2011-05-16 16:31:52.155025+00	0		
5095	27101	790646	16508	0	2011-05-16 16:31:52.155025+00	0		
5207	27101	790647	16509	0	2011-05-16 16:31:52.155025+00	0		
38	27101	699057	16849	0	2011-05-16 16:31:52.155025+00	0		
154	27101	699058	16850	0	2011-05-16 16:31:52.155025+00	0		
372	27101	699098	18516	0	2011-05-16 16:31:52.155025+00	0		
2435	27101	698349	19099	0	2011-05-16 16:31:52.155025+00	0		
4867	27101	797021	19152	0	2011-05-16 16:31:52.155025+00	0		
2353	27101	709517	12526819	0	2013-04-13 10:00:39.083678+00	0		
5096	27101	790640	21090	0	2011-05-16 16:31:52.155025+00	0		
435	27101	719175	22008	0	2011-05-16 16:31:52.155025+00	0		
664	27101	719178	22010	0	2011-05-16 16:31:52.155025+00	0		
6414	27101	865827	50620	0	2011-05-16 16:31:52.155025+00	0		
6443	27101	865829	50621	0	2011-05-16 16:31:52.155025+00	0		
6416	27101	865830	50622	0	2011-05-16 16:31:52.155025+00	0		
6480	27101	865831	50623	0	2011-05-16 16:31:52.155025+00	0		
6509	27101	865832	50624	0	2011-05-16 16:31:52.155025+00	0		
6540	27101	865833	50625	0	2011-05-16 16:31:52.155025+00	0		
6485	27101	865835	50626	0	2011-05-16 16:31:52.155025+00	0		
6571	27101	865836	50627	0	2011-05-16 16:31:52.155025+00	0		
6542	27101	865837	50628	0	2011-05-16 16:31:52.155025+00	0		
6449	27101	865838	50629	0	2011-05-16 16:31:52.155025+00	0		
6511	27101	865839	50630	0	2011-05-16 16:31:52.155025+00	0		
6601	27101	865840	50631	0	2011-05-16 16:31:52.155025+00	0		
6630	27101	865841	50632	0	2011-05-16 16:31:52.155025+00	0		
6447	27101	865834	50633	0	2011-05-16 16:31:52.155025+00	0		
2694	27101	703923	55047	0	2011-05-16 16:31:52.155025+00	0		
1259	27101	709498	64638	0	2011-05-16 16:31:52.155025+00	0		
1378	27101	709499	64639	0	2011-05-16 16:31:52.155025+00	0		
419	27101	709500	64640	0	2011-05-16 16:31:52.155025+00	0		
650	27101	709501	64641	0	2011-05-16 16:31:52.155025+00	0		
1503	27101	709503	64643	0	2011-05-16 16:31:52.155025+00	0		
1847	27101	709505	64644	0	2011-05-16 16:31:52.155025+00	0		
1753	27101	709506	64645	0	2011-05-16 16:31:52.155025+00	0		
2493	27101	709516	64701	0	2011-05-16 16:31:52.155025+00	0		
2239	27101	709518	64703	0	2011-05-16 16:31:52.155025+00	0		
1505	27101	709519	64704	0	2011-05-16 16:31:52.155025+00	0		
2241	27101	709521	64705	0	2011-05-16 16:31:52.155025+00	0		
1618	27101	709522	64706	0	2011-05-16 16:31:52.155025+00	0		
1756	27101	709523	64707	0	2011-05-16 16:31:52.155025+00	0		
2354	27101	709524	64708	0	2011-05-16 16:31:52.155025+00	0		
1508	27101	709527	64710	0	2011-05-16 16:31:52.155025+00	0		
2495	27101	709528	64711	0	2011-05-16 16:31:52.155025+00	0		
3875	27101	731702	75855	0	2011-05-16 16:31:52.155025+00	0		
3998	27101	731703	75856	0	2011-05-16 16:31:52.155025+00	0		
4142	27101	731704	75857	0	2011-05-16 16:31:52.155025+00	0		
3873	27101	731706	75858	0	2011-05-16 16:31:52.155025+00	0		
1072	27101	731707	75859	0	2011-05-16 16:31:52.155025+00	0		
212	27101	731708	75860	0	2011-05-16 16:31:52.155025+00	0		
3871	27101	731709	75861	0	2011-05-16 16:31:52.155025+00	0		
464	27101	731711	75863	0	2011-05-16 16:31:52.155025+00	0		
3869	27101	731713	75864	0	2011-05-16 16:31:52.155025+00	0		
693	27101	731712	75865	0	2011-05-16 16:31:52.155025+00	0		
3867	27101	731714	75866	0	2011-05-16 16:31:52.155025+00	0		
139	27101	699387	78065	0	2011-05-16 16:31:52.155025+00	0		
285	27101	699388	78066	0	2011-05-16 16:31:52.155025+00	0		
409	27101	699389	78067	0	2011-05-16 16:31:52.155025+00	0		
527	27101	699390	78068	0	2011-05-16 16:31:52.155025+00	0		
604	27101	699391	78069	0	2011-05-16 16:31:52.155025+00	0		
525	27101	699392	78070	0	2011-05-16 16:31:52.155025+00	0		
749	27101	699393	78071	0	2011-05-16 16:31:52.155025+00	0		
854	27101	699394	78072	0	2011-05-16 16:31:52.155025+00	0		
965	27101	699395	78073	0	2011-05-16 16:31:52.155025+00	0		
1083	27101	699396	78074	0	2011-05-16 16:31:52.155025+00	0		
852	27101	699398	78075	0	2011-05-16 16:31:52.155025+00	0		
1209	27101	699399	78076	0	2011-05-16 16:31:52.155025+00	0		
743	27101	699400	78077	0	2011-05-16 16:31:52.155025+00	0		
1329	27101	699401	78078	0	2011-05-16 16:31:52.155025+00	0		
408	27101	699402	78079	0	2011-05-16 16:31:52.155025+00	0		
407	27101	699403	78080	0	2011-05-16 16:31:52.155025+00	0		
1456	27101	699404	78081	0	2011-05-16 16:31:52.155025+00	0		
1454	27101	699405	78082	0	2011-05-16 16:31:52.155025+00	0		
1579	27101	699406	78083	0	2011-05-16 16:31:52.155025+00	0		
1448	27101	699407	78084	0	2011-05-16 16:31:52.155025+00	0		
734	27101	699408	78085	0	2011-05-16 16:31:52.155025+00	0		
1205	27101	699409	78086	0	2011-05-16 16:31:52.155025+00	0		
850	27101	699410	78087	0	2011-05-16 16:31:52.155025+00	0		
1733	27101	699411	78088	0	2011-05-16 16:31:52.155025+00	0		
1080	27101	699412	78089	0	2011-05-16 16:31:52.155025+00	0		
1572	27101	699413	78090	0	2011-05-16 16:31:52.155025+00	0		
1820	27101	699414	78091	0	2011-05-16 16:31:52.155025+00	0		
1968	27101	699415	78092	0	2011-05-16 16:31:52.155025+00	0		
848	27101	699417	78093	0	2011-05-16 16:31:52.155025+00	0		
2062	27101	699418	78094	0	2011-05-16 16:31:52.155025+00	0		
2218	27101	699419	78095	0	2011-05-16 16:31:52.155025+00	0		
2238	27101	709515	8065591	0	2011-05-19 14:00:13.642021+00	0		
1757	27101	709537	12245	0	2011-05-19 14:00:13.873908+00	0		
2613	27101	709526	8065595	0	2011-05-19 14:00:14.226355+00	0		
1520	27101	719258	14937	0	2011-06-08 13:00:13.049184+00	0		
1002	27101	719251	14981	0	2011-06-08 13:00:13.127005+00	0		
1772	27101	719262	9387185	0	2011-06-08 13:00:13.436076+00	0		
1140	27101	719252	20505	0	2011-06-08 13:00:13.524726+00	0		
2855	27101	699065	2087	0	2011-06-11 15:01:56.360952+00	0		
152	27101	699062	14557	0	2011-06-12 21:00:15.479764+00	0		
2724	27101	699048	11	0	2011-06-12 21:00:15.808077+00	0		
2590	27101	699049	5624442	0	2011-06-12 21:00:15.916591+00	0		
2965	27101	698377	305119	0	2011-06-17 02:01:41.987215+00	0		
2985	27101	699066	5624439	0	2011-06-21 09:00:12.338662+00	0		
2591	27101	699047	8559822	0	2011-06-21 10:00:06.8426+00	0		
2328	27101	699063	3592	0	2011-06-21 10:00:07.471524+00	0		
551	27101	719176	368097	0	2011-06-23 16:01:07.057239+00	0		
4872	27101	790645	9416329	0	2011-07-01 16:02:25.834412+00	0		
866	27101	699109	12394	0	2011-07-03 22:02:11.801941+00	0		
1816	27101	699420	78096	0	2011-05-16 16:31:52.155025+00	0		
1730	27101	699421	78097	0	2011-05-16 16:31:52.155025+00	0		
1325	27101	699422	78098	0	2011-05-16 16:31:52.155025+00	0		
2058	27101	699423	78099	0	2011-05-16 16:31:52.155025+00	0		
1710	27101	699424	78100	0	2011-05-16 16:31:52.155025+00	0		
730	27101	699425	78101	0	2011-05-16 16:31:52.155025+00	0		
2216	27101	699426	78102	0	2011-05-16 16:31:52.155025+00	0		
72	27101	727922	140837	0	2011-05-16 16:31:52.155025+00	0		
444	27101	727923	140838	0	2011-05-16 16:31:52.155025+00	0		
88	27101	727927	140839	0	2011-05-16 16:31:52.155025+00	0		
810	27101	727928	140840	0	2011-05-16 16:31:52.155025+00	0		
808	27101	727930	140841	0	2011-05-16 16:31:52.155025+00	0		
1150	27101	727932	140842	0	2011-05-16 16:31:52.155025+00	0		
1292	27101	727937	140843	0	2011-05-16 16:31:52.155025+00	0		
1405	27101	727938	140844	0	2011-05-16 16:31:52.155025+00	0		
1648	27101	727939	140845	0	2011-05-16 16:31:52.155025+00	0		
1400	27101	727940	140846	0	2011-05-16 16:31:52.155025+00	0		
1885	27101	727941	140847	0	2011-05-16 16:31:52.155025+00	0		
17	27101	698379	152516	0	2011-05-16 16:31:52.155025+00	0		
2981	27101	701001	152724	0	2011-05-16 16:31:52.155025+00	0		
40	27101	701002	152725	0	2011-05-16 16:31:52.155025+00	0		
8024	27375	934269	1053272	0	2011-07-13 05:26:21.401644+00	0		
277	27101	701004	152727	0	2011-05-16 16:31:52.155025+00	0		
4821	27101	792304	412984	0	2011-07-22 22:02:36.631923+00	0		
498	27101	701007	152729	0	2011-05-16 16:31:52.155025+00	0		
623	27101	701008	152730	0	2011-05-16 16:31:52.155025+00	0		
389	27101	701009	152731	0	2011-05-16 16:31:52.155025+00	0		
84	27101	728615	153271	0	2011-05-16 16:31:52.155025+00	0		
216	27101	728616	153272	0	2011-05-16 16:31:52.155025+00	0		
331	27101	728617	153273	0	2011-05-16 16:31:52.155025+00	0		
2913	27101	728613	153274	0	2011-05-16 16:31:52.155025+00	0		
2393	27101	728609	153275	0	2011-05-16 16:31:52.155025+00	0		
2786	27101	728611	153276	0	2011-05-16 16:31:52.155025+00	0		
1277	27101	719255	154168	0	2011-05-16 16:31:52.155025+00	0		
1632	27101	719260	154171	0	2011-05-16 16:31:52.155025+00	0		
6840	27101	895293	159749	0	2011-05-16 16:31:52.155025+00	0		
6646	27101	895294	159749	0	2011-05-16 16:31:52.155025+00	0		
6690	27101	895291	159750	0	2011-05-16 16:31:52.155025+00	0		
6806	27101	895292	159750	0	2011-05-16 16:31:52.155025+00	0		
6867	27101	895290	159751	0	2011-05-16 16:31:52.155025+00	0		
6845	27101	895289	159752	0	2011-05-16 16:31:52.155025+00	0		
6749	27101	895287	159753	0	2011-05-16 16:31:52.155025+00	0		
6814	27101	895288	159753	0	2011-05-16 16:31:52.155025+00	0		
6563	27101	895286	159754	0	2011-05-16 16:31:52.155025+00	0		
6564	27101	895285	159755	0	2011-05-16 16:31:52.155025+00	0		
6695	27101	895284	159756	0	2011-05-16 16:31:52.155025+00	0		
6651	27101	895283	159757	0	2011-05-16 16:31:52.155025+00	0		
877	27101	698421	159855	0	2011-05-16 16:31:52.155025+00	0		
5064	27101	792289	160855	0	2011-05-16 16:31:52.155025+00	0		
5061	27101	792293	160859	0	2011-05-16 16:31:52.155025+00	0		
60456	28615	2339048	12688338	0	2014-01-06 21:38:45.715541+00	0		
13122	28615	983974	11423804	0	2011-11-13 14:00:09.366847+00	0		
13196	28615	984070	11942606	0	2011-11-13 17:00:09.973893+00	0		
874	27101	701249	165506	0	2013-10-19 13:00:17.055005+00	0		
979	27101	700453	166362	0	2012-01-14 13:02:11.880734+00	0		
1333	27101	700901	162661	0	2011-05-16 16:31:52.155025+00	0		
2052	27101	700905	162663	0	2011-05-16 16:31:52.155025+00	0		
1091	27101	698422	164806	0	2011-05-16 16:31:52.155025+00	0		
4757	27101	792294	214861	0	2011-07-22 22:02:37.147417+00	0		
876	27101	701236	165497	0	2011-05-16 16:31:52.155025+00	0		
975	27101	701238	165498	0	2011-05-16 16:31:52.155025+00	0		
1105	27101	701241	165499	0	2011-05-16 16:31:52.155025+00	0		
1234	27101	701243	165500	0	2011-05-16 16:31:52.155025+00	0		
1103	27101	701242	165501	0	2011-05-16 16:31:52.155025+00	0		
1101	27101	701244	165502	0	2011-05-16 16:31:52.155025+00	0		
1471	27101	701246	165504	0	2011-05-16 16:31:52.155025+00	0		
1573	27101	701248	165505	0	2011-05-16 16:31:52.155025+00	0		
1718	27101	701251	165507	0	2011-05-16 16:31:52.155025+00	0		
4866	27101	792296	160861	0	2011-07-22 22:02:37.394856+00	0		
2692	27101	702737	165510	0	2011-05-16 16:31:52.155025+00	0		
2961	27101	702739	165512	0	2011-05-16 16:31:52.155025+00	0		
2826	27101	702740	165513	0	2011-05-16 16:31:52.155025+00	0		
6	27101	702741	165514	0	2011-05-16 16:31:52.155025+00	0		
128	27101	702742	165515	0	2011-05-16 16:31:52.155025+00	0		
252	27101	702743	165516	0	2011-05-16 16:31:52.155025+00	0		
375	27101	702744	165517	0	2011-05-16 16:31:52.155025+00	0		
366	27101	702746	165518	0	2011-05-16 16:31:52.155025+00	0		
488	27101	702747	165519	0	2011-05-16 16:31:52.155025+00	0		
2959	27101	702748	165520	0	2011-05-16 16:31:52.155025+00	0		
2956	27101	702749	165521	0	2011-05-16 16:31:52.155025+00	0		
614	27101	700450	166359	0	2011-05-16 16:31:52.155025+00	0		
726	27101	700451	166360	0	2011-05-16 16:31:52.155025+00	0		
843	27101	700452	166361	0	2011-05-16 16:31:52.155025+00	0		
392	27101	700455	166363	0	2011-05-16 16:31:52.155025+00	0		
869	27101	700456	166364	0	2011-05-16 16:31:52.155025+00	0		
1097	27101	700457	166365	0	2011-05-16 16:31:52.155025+00	0		
29	27101	700438	166949	0	2011-05-16 16:31:52.155025+00	0		
134	27101	700440	166950	0	2011-05-16 16:31:52.155025+00	0		
258	27101	700441	166951	0	2011-05-16 16:31:52.155025+00	0		
26	27101	700442	166953	0	2011-05-16 16:31:52.155025+00	0		
11	27101	700446	166955	0	2011-05-16 16:31:52.155025+00	0		
378	27101	700448	166957	0	2011-05-16 16:31:52.155025+00	0		
5170	27101	783000	167277	0	2011-05-16 16:31:52.155025+00	0		
5141	27101	783007	167278	0	2011-05-16 16:31:52.155025+00	0		
5267	27101	783003	167282	0	2011-05-16 16:31:52.155025+00	0		
5065	27101	782993	167283	0	2011-05-16 16:31:52.155025+00	0		
2461	27101	699071	168554	0	2011-05-16 16:31:52.155025+00	0		
2207	27101	699056	171081	0	2011-05-16 16:31:52.155025+00	0		
1690	27101	701255	171944	0	2011-05-16 16:31:52.155025+00	0		
1930	27101	701257	171945	0	2011-05-16 16:31:52.155025+00	0		
1340	27101	701258	171946	0	2011-05-16 16:31:52.155025+00	0		
1229	27101	701259	171947	0	2011-05-16 16:31:52.155025+00	0		
2055	27101	701260	171948	0	2011-05-16 16:31:52.155025+00	0		
871	27101	701261	171949	0	2011-05-16 16:31:52.155025+00	0		
834	27101	701262	171950	0	2011-05-16 16:31:52.155025+00	0		
2181	27101	701263	171951	0	2011-05-16 16:31:52.155025+00	0		
2306	27101	701264	171952	0	2011-05-16 16:31:52.155025+00	0		
2303	27101	701265	171953	0	2011-05-16 16:31:52.155025+00	0		
4477	27101	792297	153975	0	2012-09-20 06:01:16.887301+00	0		
2829	27101	702738	165511	0	2011-05-27 02:01:07.595182+00	0		
924	27101	719248	154167	0	2011-06-08 13:00:12.817764+00	0		
918	27101	719264	154169	0	2011-06-08 13:00:13.216293+00	0		
1276	27101	719257	154170	0	2011-06-08 13:00:13.289852+00	0		
1396	27101	719256	152571	0	2011-06-08 13:00:13.614443+00	0		
1344	27101	700898	162659	0	2011-06-14 16:01:46.779232+00	0		
492	27101	700447	166956	0	2011-06-14 16:01:58.533784+00	0		
2962	27101	700436	166948	0	2011-06-27 20:01:11.40381+00	0		
1214	27101	700907	162666	0	2011-06-14 16:02:03.664022+00	0		
391	27101	701005	5601843	0	2011-06-14 16:02:03.828922+00	0		
2175	27101	700906	162664	0	2011-06-14 16:02:03.966031+00	0		
4751	27101	792306	160867	0	2011-07-22 22:02:37.558612+00	0		
385	27101	700444	166954	0	2011-06-14 16:02:04.509067+00	0		
1933	27101	700904	162662	0	2011-06-14 16:02:04.908564+00	0		
2589	27101	699053	171078	0	2011-06-21 10:00:07.375312+00	0		
273	27101	699059	171079	0	2011-06-21 10:00:08.692795+00	0		
2857	27101	701000	152723	0	2011-06-27 20:01:11.049658+00	0		
2559	27101	702736	3086293	0	2011-06-27 20:01:11.600626+00	0		
126	27101	701003	5601850	0	2011-06-27 20:01:12.933409+00	0		
5166	27101	792290	412998	0	2011-07-22 22:02:37.7323+00	0		
2932	27101	688321	164807	0	2011-08-21 08:00:22.255057+00	0		
2278	27101	728608	153279	0	2011-10-25 12:00:10.46922+00	0		
4754	27101	792300	412985	0	2012-10-19 18:03:28.215839+00	0		
1452	27101	701266	171954	0	2011-05-16 16:31:52.155025+00	0		
2432	27101	701267	171955	0	2011-05-16 16:31:52.155025+00	0		
1206	27101	701268	171956	0	2011-05-16 16:31:52.155025+00	0		
5014	27101	784702	172228	0	2011-05-16 16:31:52.155025+00	0		
5083	27101	784703	172229	0	2011-05-16 16:31:52.155025+00	0		
5080	27101	784704	172230	0	2011-05-16 16:31:52.155025+00	0		
5159	27101	784705	172231	0	2011-05-16 16:31:52.155025+00	0		
5256	27101	784706	172232	0	2011-05-16 16:31:52.155025+00	0		
4758	27101	792286	214871	0	2011-07-22 22:02:36.049111+00	0		
4581	27101	763320	232537	0	2011-07-23 23:02:48.022198+00	0		
4443	27101	763311	232528	0	2011-07-23 23:02:48.144666+00	0		
5036	27101	784714	172240	0	2011-05-16 16:31:52.155025+00	0		
4446	27101	763316	232533	0	2011-07-23 23:02:48.293347+00	0		
35	27101	700162	175415	0	2011-05-16 16:31:52.155025+00	0		
963	27101	700164	175416	0	2011-05-16 16:31:52.155025+00	0		
1095	27101	700165	175417	0	2011-05-16 16:31:52.155025+00	0		
497	27101	700166	175418	0	2011-05-16 16:31:52.155025+00	0		
1323	27101	700169	175420	0	2011-05-16 16:31:52.155025+00	0		
1078	27101	700170	175421	0	2011-05-16 16:31:52.155025+00	0		
485	27101	700171	175422	0	2011-05-16 16:31:52.155025+00	0		
1353	27101	700172	175423	0	2011-05-16 16:31:52.155025+00	0		
5370	27101	782915	177257	0	2011-05-16 16:31:52.155025+00	0		
4842	27101	782916	177258	0	2011-05-16 16:31:52.155025+00	0		
5176	27101	782917	177259	0	2011-05-16 16:31:52.155025+00	0		
5277	27101	782918	177260	0	2011-05-16 16:31:52.155025+00	0		
5174	27101	782919	177261	0	2011-05-16 16:31:52.155025+00	0		
5369	27101	782920	177262	0	2011-05-16 16:31:52.155025+00	0		
5005	27101	782921	177263	0	2011-05-16 16:31:52.155025+00	0		
4479	27101	782922	177264	0	2011-05-16 16:31:52.155025+00	0		
4720	27101	782923	177265	0	2011-05-16 16:31:52.155025+00	0		
5367	27101	782924	177266	0	2011-05-16 16:31:52.155025+00	0		
4718	27101	782925	177267	0	2011-05-16 16:31:52.155025+00	0		
4716	27101	782927	177268	0	2011-05-16 16:31:52.155025+00	0		
5750	27101	834481	179436	0	2011-05-16 16:31:52.155025+00	0		
5710	27101	826635	179437	0	2011-05-16 16:31:52.155025+00	0		
576	27101	729728	179631	0	2011-05-16 16:31:52.155025+00	0		
2804	27101	729732	179634	0	2011-05-16 16:31:52.155025+00	0		
1177	27101	729734	179636	0	2011-05-16 16:31:52.155025+00	0		
2408	27101	729736	179638	0	2011-05-16 16:31:52.155025+00	0		
13197	28615	984075	11735072	0	2011-11-13 17:00:10.028484+00	0		
2405	27101	729738	179640	0	2011-05-16 16:31:52.155025+00	0		
2628	27101	729739	179641	0	2011-05-16 16:31:52.155025+00	0		
3	27101	699101	179941	0	2011-05-16 16:31:52.155025+00	0		
2822	27101	699107	179942	0	2011-05-16 16:31:52.155025+00	0		
2723	27101	699069	179955	0	2011-05-16 16:31:52.155025+00	0		
6629	27101	859578	182361	0	2011-05-16 16:31:52.155025+00	0		
1250	27101	713832	182548	0	2011-05-16 16:31:52.155025+00	0		
2579	27101	700201	2236566	0	2011-07-24 10:02:57.39474+00	0		
8796	27101	943539	399105	0	2011-11-17 07:00:02.739698+00	0		
6622	27101	906680	247461	0	2011-08-02 22:01:46.758051+00	0		
2626	27101	725348	12445144	0	2011-12-31 14:02:48.545711+00	0		
95102	28615	3257909	12874366	0	2015-08-31 15:41:20.440067+00	0		
2951	27101	697059	186800	0	2012-01-19 20:06:26.035599+00	0		
13123	28615	983975	7313901	0	2011-11-13 14:00:09.393012+00	0		
2331	27101	700199	2187196	0	2012-01-19 00:07:05.796306+00	0		
2105	27101	725340	249530	0	2011-12-05 12:03:33.203792+00	0		
2891	27101	725352	249538	0	2011-12-07 23:03:53.503524+00	0		
5066	27101	782992	190130	0	2011-05-16 16:31:52.155025+00	0		
5171	27101	782994	190132	0	2011-05-16 16:31:52.155025+00	0		
5004	27101	782995	190133	0	2011-05-16 16:31:52.155025+00	0		
4812	27101	782997	190135	0	2011-05-16 16:31:52.155025+00	0		
5362	27101	782998	190136	0	2011-05-16 16:31:52.155025+00	0		
4811	27101	782999	190137	0	2011-05-16 16:31:52.155025+00	0		
4940	27101	783002	190139	0	2011-05-16 16:31:52.155025+00	0		
5169	27101	783004	190141	0	2011-05-16 16:31:52.155025+00	0		
5168	27101	783005	190142	0	2011-05-16 16:31:52.155025+00	0		
4797	27101	783008	190144	0	2011-05-16 16:31:52.155025+00	0		
49	27101	721387	194423	0	2011-08-11 11:02:39.231987+00	0		
4324	27101	724484	357203	0	2011-08-24 22:00:13.097383+00	0		
251	27101	697067	193086	0	2011-05-16 16:31:52.155025+00	0		
1357	27101	698925	199648	0	2011-05-16 16:31:52.155025+00	0		
2468	27101	698941	199649	0	2011-05-16 16:31:52.155025+00	0		
2597	27101	698942	199650	0	2011-05-16 16:31:52.155025+00	0		
2717	27101	698943	199651	0	2011-05-16 16:31:52.155025+00	0		
2836	27101	698944	199652	0	2011-05-16 16:31:52.155025+00	0		
2596	27101	698945	199653	0	2011-05-16 16:31:52.155025+00	0		
2987	27101	698946	199654	0	2011-05-16 16:31:52.155025+00	0		
9	27101	698947	199655	0	2011-05-16 16:31:52.155025+00	0		
144	27101	698948	199656	0	2011-05-16 16:31:52.155025+00	0		
2963	27101	698949	199657	0	2011-05-16 16:31:52.155025+00	0		
2467	27101	698950	199658	0	2011-05-16 16:31:52.155025+00	0		
600	27101	700168	207539	0	2011-05-16 16:31:52.155025+00	0		
2838	27101	704133	231133	0	2011-05-16 16:31:52.155025+00	0		
4580	27101	763319	232536	0	2011-05-16 16:31:52.155025+00	0		
518	27101	699067	240345	0	2011-05-16 16:31:52.155025+00	0		
6543	27101	859562	248723	0	2011-05-16 16:31:52.155025+00	0		
2593	27101	700195	6884196	0	2012-02-29 06:00:10.504154+00	0		
1993	27101	725335	249528	0	2011-05-16 16:31:52.155025+00	0		
2358	27101	725343	249532	0	2011-05-16 16:31:52.155025+00	0		
1876	27101	725344	249533	0	2011-05-16 16:31:52.155025+00	0		
2498	27101	725345	249534	0	2011-05-16 16:31:52.155025+00	0		
2727	27101	700196	6884767	0	2012-02-29 06:00:12.446166+00	0		
19202	27375	1266528	1237751	0	2012-04-09 05:04:43.45233+00	0		
2255	27101	725351	249537	0	2011-05-16 16:31:52.155025+00	0		
95103	27229	3257910	12874366	0	2015-08-31 15:41:20.440067+00	0		
1858	27101	725328	12446341	0	2011-12-08 03:06:48.866602+00	0		
1465	27101	703975	256616	0	2011-05-16 16:31:52.155025+00	0		
145	27101	698917	257234	0	2011-05-16 16:31:52.155025+00	0		
1725	27101	698918	257235	0	2011-05-16 16:31:52.155025+00	0		
1830	27101	698919	257236	0	2011-05-16 16:31:52.155025+00	0		
1960	27101	698920	257237	0	2011-05-16 16:31:52.155025+00	0		
2076	27101	698921	257238	0	2011-05-16 16:31:52.155025+00	0		
756	27101	698922	257239	0	2011-05-16 16:31:52.155025+00	0		
1588	27101	698923	257240	0	2011-05-16 16:31:52.155025+00	0		
2860	27101	700197	6894860	0	2011-06-03 13:02:09.045271+00	0		
43	27101	700200	6873373	0	2011-06-03 18:02:09.295644+00	0		
2989	27101	700198	3730186	0	2011-10-26 20:00:38.606268+00	0		
319	27101	729733	179635	0	2011-06-16 22:01:17.196308+00	0		
2520	27101	725353	249539	0	2011-06-21 10:03:18.468322+00	0		
2208	27101	699054	214644	0	2011-06-21 10:00:07.188732+00	0		
4483	27101	784715	172241	0	2011-06-23 10:01:09.30734+00	0		
4597	27101	784709	172235	0	2011-06-23 10:01:09.457953+00	0		
484	27101	697068	193085	0	2011-06-23 10:01:11.353744+00	0		
365	27101	697064	193001	0	2011-06-23 13:01:09.820697+00	0		
2249	27101	725342	249531	0	2011-06-23 16:00:09.854558+00	0		
5139	27101	784716	1251932	0	2011-06-26 19:00:13.852103+00	0		
5360	27101	784707	153643	0	2011-06-26 21:00:16.031285+00	0		
4726	27101	784710	153644	0	2011-06-26 21:00:16.162833+00	0		
5076	27101	784711	172237	0	2011-06-26 21:00:16.45718+00	0		
4910	27101	784713	224251	0	2011-06-26 21:00:17.343933+00	0		
4804	27101	784712	172238	0	2011-06-26 21:00:17.417876+00	0		
4516	27101	784708	257079	0	2011-06-26 21:00:17.486366+00	0		
483	27101	697065	6745028	0	2011-06-26 21:00:22.430396+00	0		
95104	27110	3257972	12874385	0	2015-08-31 17:01:39.935376+00	0		
5041	27101	782996	190134	0	2011-06-28 12:00:07.955836+00	0		
6607	27101	859570	182355	0	2011-08-31 12:00:22.289555+00	0		
41189	27101	1668984	12527690	0	2013-04-12 12:15:58.964238+00	0		
1873	27101	725337	249529	0	2011-10-05 01:00:10.30523+00	0		
1185	27101	729730	179633	0	2011-10-24 21:00:16.884536+00	0		
2659	27101	729735	179637	0	2011-10-24 21:00:17.025136+00	0		
944	27101	729729	179632	0	2011-10-24 22:00:06.441667+00	0		
2447	27101	700194	6885588	0	2011-10-28 19:00:12.126083+00	0		
1477	27101	698924	257241	0	2011-05-16 16:31:52.155025+00	0		
6125	27101	906955	392372	0	2011-08-02 22:01:40.459801+00	0		
6007	27101	848397	259184	0	2011-05-16 16:31:52.155025+00	0		
5826	27101	836239	263607	0	2011-05-16 16:31:52.155025+00	0		
5780	27101	836240	263608	0	2011-05-16 16:31:52.155025+00	0		
5827	27101	836244	263610	0	2011-05-16 16:31:52.155025+00	0		
5786	27101	836252	263611	0	2011-05-16 16:31:52.155025+00	0		
5830	27101	836251	263612	0	2011-05-16 16:31:52.155025+00	0		
5783	27101	836246	263613	0	2011-05-16 16:31:52.155025+00	0		
5784	27101	836247	263614	0	2011-05-16 16:31:52.155025+00	0		
5828	27101	836248	263615	0	2011-05-16 16:31:52.155025+00	0		
5785	27101	836250	263616	0	2011-05-16 16:31:52.155025+00	0		
5829	27101	836249	263617	0	2011-05-16 16:31:52.155025+00	0		
2716	27101	710462	263957	0	2011-05-16 16:31:52.155025+00	0		
2858	27101	710456	263958	0	2011-05-16 16:31:52.155025+00	0		
2577	27101	710454	263959	0	2011-05-16 16:31:52.155025+00	0		
2988	27101	710461	263960	0	2011-05-16 16:31:52.155025+00	0		
2754	27101	710455	263961	0	2011-05-16 16:31:52.155025+00	0		
2184	27101	710451	263962	0	2011-05-16 16:31:52.155025+00	0		
2334	27101	710452	263963	0	2011-05-16 16:31:52.155025+00	0		
2497	27101	710453	263964	0	2011-05-16 16:31:52.155025+00	0		
2347	27101	699558	266734	0	2011-05-16 16:31:52.155025+00	0		
5940	27101	901532	286167	0	2011-08-28 22:00:26.21372+00	0		
13198	28615	984076	11942605	0	2011-11-13 17:00:10.051904+00	0		
6288	27101	859569	278444	0	2011-08-31 14:00:08.201323+00	0		
6608	27101	859567	278442	0	2011-08-31 13:00:04.765351+00	0		
5871	27101	906952	267767	0	2011-05-16 16:31:52.155025+00	0		
6453	27101	859573	182352	0	2011-08-31 13:00:10.92727+00	0		
6038	27101	906950	267769	0	2011-05-16 16:31:52.155025+00	0		
5946	27101	906949	267770	0	2011-05-16 16:31:52.155025+00	0		
6873	27101	906948	267771	0	2011-05-16 16:31:52.155025+00	0		
2927	27101	710458	272109	0	2011-05-16 16:31:52.155025+00	0		
5997	27101	906947	9975548	0	2011-09-06 01:02:00.138206+00	0		
3183	27101	729676	302088	0	2011-10-24 21:00:17.146368+00	0		
681	27101	729705	283067	0	2011-10-24 21:00:17.245695+00	0		
3190	27101	729673	302086	0	2011-10-24 21:00:18.228818+00	0		
6777	27101	901575	273025	0	2011-05-16 16:31:52.155025+00	0		
6744	27101	901573	273027	0	2011-05-16 16:31:52.155025+00	0		
6713	27101	901572	273028	0	2011-05-16 16:31:52.155025+00	0		
6621	27101	901567	273033	0	2011-05-16 16:31:52.155025+00	0		
6594	27101	901565	273035	0	2011-05-16 16:31:52.155025+00	0		
3021	27101	719168	272536	0	2012-03-18 02:00:06.297484+00	0		
6689	27101	901571	273029	0	2011-11-04 10:02:26.571887+00	0		
2713	27101	698475	282625	0	2011-05-16 16:31:52.155025+00	0		
2847	27101	698476	282626	0	2011-05-16 16:31:52.155025+00	0		
2978	27101	698477	282627	0	2011-05-16 16:31:52.155025+00	0		
1694	27101	698479	282628	0	2011-05-16 16:31:52.155025+00	0		
2450	27101	698480	282629	0	2011-05-16 16:31:52.155025+00	0		
2846	27101	698481	282630	0	2011-05-16 16:31:52.155025+00	0		
1689	27101	698482	282631	0	2011-05-16 16:31:52.155025+00	0		
2170	27101	729707	283068	0	2011-05-16 16:31:52.155025+00	0		
662	27101	729710	283070	0	2011-05-16 16:31:52.155025+00	0		
1871	27101	729714	283071	0	2011-05-16 16:31:52.155025+00	0		
1193	27101	729712	283072	0	2011-05-16 16:31:52.155025+00	0		
2160	27101	729713	283073	0	2011-05-16 16:31:52.155025+00	0		
2812	27101	729715	283074	0	2011-05-16 16:31:52.155025+00	0		
4891	27101	799006	284397	0	2011-05-16 16:31:52.155025+00	0		
2810	27101	729716	283075	0	2011-10-24 22:00:03.54579+00	0		
6251	27101	901544	286155	0	2011-05-16 16:31:52.155025+00	0		
6151	27101	901543	286156	0	2011-05-16 16:31:52.155025+00	0		
6173	27101	901541	286158	0	2011-05-16 16:31:52.155025+00	0		
6155	27101	901540	286159	0	2011-05-16 16:31:52.155025+00	0		
6128	27101	901538	286161	0	2011-05-16 16:31:52.155025+00	0		
6065	27101	901536	286163	0	2011-05-16 16:31:52.155025+00	0		
5995	27101	901534	286165	0	2011-05-16 16:31:52.155025+00	0		
5970	27101	901533	286166	0	2011-05-16 16:31:52.155025+00	0		
5902	27101	901531	286168	0	2011-05-16 16:31:52.155025+00	0		
558	27101	719459	290703	0	2011-05-16 16:31:52.155025+00	0		
674	27101	719460	290704	0	2011-05-16 16:31:52.155025+00	0		
805	27101	719461	290705	0	2011-05-16 16:31:52.155025+00	0		
932	27101	719462	290706	0	2011-05-16 16:31:52.155025+00	0		
1028	27101	719463	290708	0	2011-05-16 16:31:52.155025+00	0		
2991	27101	698893	291026	0	2011-05-16 16:31:52.155025+00	0		
506	27101	698894	291027	0	2011-05-16 16:31:52.155025+00	0		
2990	27101	698896	291028	0	2011-05-16 16:31:52.155025+00	0		
629	27101	698897	291029	0	2011-05-16 16:31:52.155025+00	0		
763	27101	698899	291030	0	2011-05-16 16:31:52.155025+00	0		
880	27101	698900	291031	0	2011-05-16 16:31:52.155025+00	0		
986	27101	698903	291033	0	2011-05-16 16:31:52.155025+00	0		
762	27101	698904	291034	0	2011-05-16 16:31:52.155025+00	0		
1104	27101	698905	291035	0	2011-05-16 16:31:52.155025+00	0		
760	27101	698906	291036	0	2011-05-16 16:31:52.155025+00	0		
1893	27101	729708	283069	0	2011-10-24 22:00:06.611669+00	0		
4847	27101	782881	294728	0	2011-05-16 16:31:52.155025+00	0		
5191	27101	782882	294729	0	2011-05-16 16:31:52.155025+00	0		
5190	27101	782883	294730	0	2011-05-16 16:31:52.155025+00	0		
5189	27101	782885	294731	0	2011-05-16 16:31:52.155025+00	0		
5408	27101	782886	294732	0	2011-05-16 16:31:52.155025+00	0		
5008	27101	782887	294733	0	2011-05-16 16:31:52.155025+00	0		
5069	27101	782888	294734	0	2011-05-16 16:31:52.155025+00	0		
5407	27101	782889	294735	0	2011-05-16 16:31:52.155025+00	0		
5406	27101	782890	294736	0	2011-05-16 16:31:52.155025+00	0		
5188	27101	782891	294737	0	2011-05-16 16:31:52.155025+00	0		
5007	27101	782893	294738	0	2011-05-16 16:31:52.155025+00	0		
5068	27101	782894	294739	0	2011-05-16 16:31:52.155025+00	0		
628	27101	703982	301569	0	2011-05-16 16:31:52.155025+00	0		
3193	27101	729670	302085	0	2011-10-24 22:00:06.700145+00	0		
83	27101	729677	302089	0	2011-05-16 16:31:52.155025+00	0		
73	27101	729679	302091	0	2011-05-16 16:31:52.155025+00	0		
3046	27101	728614	302540	0	2011-05-16 16:31:52.155025+00	0		
2444	27101	705375	302700	0	2011-05-16 16:31:52.155025+00	0		
2594	27101	705378	302701	0	2011-05-16 16:31:52.155025+00	0		
1606	27101	706784	302702	0	2011-05-16 16:31:52.155025+00	0		
602	27101	707189	302703	0	2011-05-16 16:31:52.155025+00	0		
3185	27101	729674	2612021	0	2011-06-16 22:01:17.100224+00	0		
13124	28615	983976	1168706	0	2014-01-09 15:01:34.785485+00	0		
6042	27101	901535	286164	0	2011-06-21 01:02:07.843403+00	0		
795	27101	719179	22012	0	2011-06-23 16:01:06.735186+00	0		
75	27101	719174	22013	0	2011-06-23 16:01:06.848924+00	0		
6095	27101	906954	392381	0	2011-06-26 21:00:10.170309+00	0		
5907	27101	906953	7425921	0	2011-06-26 21:00:11.497602+00	0		
5971	27101	906946	267773	0	2011-06-26 21:00:12.702064+00	0		
6068	27101	906951	1712334	0	2011-06-26 21:00:15.782856+00	0		
2955	27101	697060	292625	0	2011-06-26 21:00:22.000307+00	0		
5782	27101	836243	263609	0	2011-06-28 06:04:34.290912+00	0		
4836	27101	782979	813272	0	2011-06-28 12:00:08.791222+00	0		
3194	27101	729669	302084	0	2011-10-24 22:00:06.951559+00	0		
5908	27101	906942	1758023	0	2011-07-05 11:01:49.229255+00	0		
6667	27101	901569	273031	0	2011-11-04 16:04:44.947263+00	0		
6593	27101	901566	273034	0	2011-11-04 16:04:48.969782+00	0		
6210	27101	901537	286162	0	2011-11-04 16:04:50.380407+00	0		
6647	27101	901568	273032	0	2011-11-04 16:04:50.488543+00	0		
6645	27101	901570	273030	0	2011-11-04 16:04:50.842038+00	0		
6644	27101	901574	273026	0	2011-11-04 16:04:51.070561+00	0		
6211	27101	901542	286157	0	2011-11-06 21:05:08.927538+00	0		
6127	27101	901539	286160	0	2011-11-08 19:01:59.099937+00	0		
321	27101	719173	22007	0	2014-05-10 04:02:32.333406+00	0		
13327	29792	985837	285831	0	2011-11-16 22:00:13.048553+00	0		
6280	27101	901547	292274	0	2011-11-18 01:00:06.996546+00	0		
3177	27101	729678	302090	0	2011-12-08 03:02:49.438226+00	0		
6513	27101	859571	278446	0	2012-10-18 16:00:15.606372+00	0		
728	27101	707190	302704	0	2011-05-16 16:31:52.155025+00	0		
858	27101	707191	302706	0	2011-05-16 16:31:52.155025+00	0		
970	27101	707192	302707	0	2011-05-16 16:31:52.155025+00	0		
967	27101	707193	302708	0	2011-05-16 16:31:52.155025+00	0		
1082	27101	707195	302709	0	2011-05-16 16:31:52.155025+00	0		
1204	27101	707196	302710	0	2011-05-16 16:31:52.155025+00	0		
1324	27101	707198	302711	0	2011-05-16 16:31:52.155025+00	0		
1449	27101	707199	302712	0	2011-05-16 16:31:52.155025+00	0		
845	27101	707201	302713	0	2011-05-16 16:31:52.155025+00	0		
5964	27101	896135	305349	0	2011-05-16 16:31:52.155025+00	0		
5991	27101	896136	305350	0	2011-05-16 16:31:52.155025+00	0		
6023	27101	896137	305351	0	2011-05-16 16:31:52.155025+00	0		
6061	27101	896138	305352	0	2011-05-16 16:31:52.155025+00	0		
6087	27101	896139	305353	0	2011-05-16 16:31:52.155025+00	0		
6058	27101	896140	305354	0	2011-05-16 16:31:52.155025+00	0		
6118	27101	896142	305355	0	2011-05-16 16:31:52.155025+00	0		
6147	27101	896144	305356	0	2011-05-16 16:31:52.155025+00	0		
2658	27101	728610	305783	0	2011-05-16 16:31:52.155025+00	0		
2149	27101	728607	305784	0	2011-05-16 16:31:52.155025+00	0		
2032	27101	728606	305785	0	2011-05-16 16:31:52.155025+00	0		
3808	27101	757860	314004	0	2011-05-16 16:31:52.155025+00	0		
3966	27101	757862	314005	0	2011-05-16 16:31:52.155025+00	0		
4083	27101	757863	314006	0	2011-05-16 16:31:52.155025+00	0		
4266	27101	757864	314007	0	2011-05-16 16:31:52.155025+00	0		
3528	27101	757865	314008	0	2011-05-16 16:31:52.155025+00	0		
3805	27101	757868	314009	0	2011-05-16 16:31:52.155025+00	0		
3965	27101	757869	314010	0	2011-05-16 16:31:52.155025+00	0		
3525	27101	757870	314011	0	2011-05-16 16:31:52.155025+00	0		
3663	27101	757872	314012	0	2011-05-16 16:31:52.155025+00	0		
4265	27101	757874	314013	0	2011-05-16 16:31:52.155025+00	0		
3665	27101	757866	314361	0	2011-05-16 16:31:52.155025+00	0		
42484	27110	1709948	12618969	0	2013-05-15 21:36:43.932791+00	0		
2310	27101	703918	318114	0	2011-05-16 16:31:52.155025+00	0		
2620	27101	716437	324583	0	2011-05-16 16:31:52.155025+00	0		
1744	27101	716427	324584	0	2011-05-16 16:31:52.155025+00	0		
1740	27101	716428	324585	0	2011-05-16 16:31:52.155025+00	0		
1857	27101	716429	324586	0	2011-05-16 16:31:52.155025+00	0		
1992	27101	716430	324587	0	2011-05-16 16:31:52.155025+00	0		
2104	27101	716431	324588	0	2011-05-16 16:31:52.155025+00	0		
2246	27101	716432	324589	0	2011-05-16 16:31:52.155025+00	0		
2362	27101	716433	324590	0	2011-05-16 16:31:52.155025+00	0		
2509	27101	716434	324591	0	2011-05-16 16:31:52.155025+00	0		
2244	27101	716435	324592	0	2011-05-16 16:31:52.155025+00	0		
2624	27101	716436	324593	0	2011-05-16 16:31:52.155025+00	0		
2685	27101	716438	324594	0	2011-05-16 16:31:52.155025+00	0		
2572	27101	703937	324843	0	2011-05-16 16:31:52.155025+00	0		
2063	27101	703901	326784	0	2011-05-16 16:31:52.155025+00	0		
2993	27101	698884	329353	0	2011-05-16 16:31:52.155025+00	0		
30	27101	698885	329354	0	2011-05-16 16:31:52.155025+00	0		
158	27101	698886	329357	0	2011-05-16 16:31:52.155025+00	0		
2992	27101	698887	329358	0	2011-05-16 16:31:52.155025+00	0		
147	27101	698888	329361	0	2011-05-16 16:31:52.155025+00	0		
15	27101	698889	329364	0	2011-05-16 16:31:52.155025+00	0		
263	27101	698890	329366	0	2011-05-16 16:31:52.155025+00	0		
388	27101	698891	329368	0	2011-05-16 16:31:52.155025+00	0		
5279	27101	782635	6605792	0	2012-05-02 19:08:51.269897+00	0		
142	27101	704139	6985625	0	2012-02-04 18:03:19.113166+00	0		
5089	27101	792288	333339	0	2011-05-16 16:31:52.155025+00	0		
960	27101	703556	333895	0	2011-05-16 16:31:52.155025+00	0		
3770	27101	760791	337808	0	2011-05-16 16:31:52.155025+00	0		
3925	27101	760792	337809	0	2011-05-16 16:31:52.155025+00	0		
3491	27101	760793	337810	0	2011-05-16 16:31:52.155025+00	0		
3635	27101	760794	337811	0	2011-05-16 16:31:52.155025+00	0		
3638	27101	760795	337812	0	2011-05-16 16:31:52.155025+00	0		
3927	27101	760796	337813	0	2011-05-16 16:31:52.155025+00	0		
4058	27101	760797	337814	0	2011-05-16 16:31:52.155025+00	0		
4229	27101	760798	337815	0	2011-05-16 16:31:52.155025+00	0		
3769	27101	760791	337818	0	2011-05-16 16:31:52.155025+00	0		
399	27101	698892	6358492	0	2011-08-21 20:00:06.248722+00	0		
13125	28615	983977	7313902	0	2011-11-13 14:00:09.423548+00	0		
3572	27101	707007	358630	0	2011-05-16 16:31:52.155025+00	0		
8065	27375	934664	7906560	0	2011-07-13 21:09:13.345316+00	0		
2480	27101	707015	358633	0	2011-05-16 16:31:52.155025+00	0		
2703	27101	707017	358634	0	2011-05-16 16:31:52.155025+00	0		
1691	27101	707019	358635	0	2011-05-16 16:31:52.155025+00	0		
2841	27101	707020	358636	0	2011-05-16 16:31:52.155025+00	0		
4143	27101	707021	358637	0	2011-05-16 16:31:52.155025+00	0		
133	27101	707022	358638	0	2011-05-16 16:31:52.155025+00	0		
4141	27101	707025	358639	0	2011-05-16 16:31:52.155025+00	0		
2725	27101	698374	361240	0	2011-05-16 16:31:52.155025+00	0		
4868	27101	792287	1032915	0	2011-07-23 23:02:37.789335+00	0		
4840	27101	782627	365944	0	2011-05-16 16:31:52.155025+00	0		
4839	27101	782628	365945	0	2011-05-16 16:31:52.155025+00	0		
5185	27101	782629	365946	0	2011-05-16 16:31:52.155025+00	0		
5058	27101	782630	365947	0	2011-05-16 16:31:52.155025+00	0		
5184	27101	782631	365948	0	2011-05-16 16:31:52.155025+00	0		
5280	27101	782634	365951	0	2011-07-24 10:05:54.533958+00	0		
4838	27101	782633	365950	0	2011-05-16 16:31:52.155025+00	0		
8026	27375	934309	12430686	0	2011-07-27 08:00:10.527609+00	0		
5399	27101	782636	365953	0	2011-05-16 16:31:52.155025+00	0		
6590	27101	906676	376292	0	2011-05-16 16:31:52.155025+00	0		
6562	27101	906675	376296	0	2011-05-16 16:31:52.155025+00	0		
6648	27101	906687	376297	0	2011-05-16 16:31:52.155025+00	0		
2078	27101	710450	379782	0	2011-05-16 16:31:52.155025+00	0		
2479	27101	710457	379783	0	2011-05-16 16:31:52.155025+00	0		
4327	27101	724476	357203	0	2011-08-24 22:00:13.097383+00	0		
5113	27101	816282	384082	0	2011-05-16 16:31:52.155025+00	0		
5618	27101	816610	384083	0	2011-05-16 16:31:52.155025+00	0		
5108	27101	816415	384084	0	2011-05-16 16:31:52.155025+00	0		
5333	27101	816601	384086	0	2011-05-16 16:31:52.155025+00	0		
5466	27101	816604	384087	0	2011-05-16 16:31:52.155025+00	0		
5478	27101	816608	384088	0	2011-05-16 16:31:52.155025+00	0		
4890	27101	816680	384089	0	2011-05-16 16:31:52.155025+00	0		
5119	27101	816681	384090	0	2011-05-16 16:31:52.155025+00	0		
2884	27101	709532	385809	0	2011-05-16 16:31:52.155025+00	0		
3019	27101	709534	385810	0	2011-05-16 16:31:52.155025+00	0		
5992	27101	881493	309437	0	2011-08-25 11:00:07.22868+00	0		
5590	27101	832052	288036	0	2012-07-12 19:00:49.215419+00	0		
1128	27101	709538	385813	0	2011-05-16 16:31:52.155025+00	0		
1758	27101	709539	385814	0	2011-05-16 16:31:52.155025+00	0		
2885	27101	709540	385815	0	2011-05-16 16:31:52.155025+00	0		
1510	27101	709541	385816	0	2011-05-16 16:31:52.155025+00	0		
3020	27101	709542	385817	0	2011-05-16 16:31:52.155025+00	0		
1759	27101	709543	385818	0	2011-05-16 16:31:52.155025+00	0		
1129	27101	709544	385819	0	2011-05-16 16:31:52.155025+00	0		
2709	27101	699086	391206	0	2011-05-16 16:31:52.155025+00	0		
846	27101	699087	391207	0	2011-05-16 16:31:52.155025+00	0		
977	27101	699088	391208	0	2011-05-16 16:31:52.155025+00	0		
1106	27101	699089	391209	0	2011-05-16 16:31:52.155025+00	0		
1213	27101	699090	391210	0	2011-05-16 16:31:52.155025+00	0		
505	27101	699091	391211	0	2011-05-16 16:31:52.155025+00	0		
1345	27101	699092	391212	0	2011-05-16 16:31:52.155025+00	0		
1099	27101	699094	391213	0	2011-05-16 16:31:52.155025+00	0		
65	27101	709535	8065597	0	2011-05-19 14:00:14.085158+00	0		
6673	27101	855701	303028	0	2011-05-24 12:00:55.007382+00	0		
2356	27101	719409	303021	0	2011-06-12 09:00:50.923647+00	0		
1805	27101	707010	358631	0	2011-06-14 16:01:56.165053+00	0		
5281	27101	782632	7775653	0	2011-06-22 19:00:37.935759+00	0		
4841	27101	782626	7775651	0	2011-06-22 19:00:38.031022+00	0		
5481	27101	816896	6928478	0	2011-06-27 22:02:32.087654+00	0		
5172	27101	782984	311297	0	2011-06-28 12:00:08.086183+00	0		
5229	27101	816599	384085	0	2011-10-09 22:00:26.662694+00	0		
1048	27101	729682	338771	0	2011-10-24 21:00:17.585894+00	0		
5346	27101	816897	384081	0	2012-03-13 17:00:06.717518+00	0		
2701	27101	699095	391214	0	2011-05-16 16:31:52.155025+00	0		
2825	27101	699096	391215	0	2011-05-16 16:31:52.155025+00	0		
4389	27101	731315	396929	0	2011-05-16 16:31:52.155025+00	0		
3891	27101	731316	396930	0	2011-05-16 16:31:52.155025+00	0		
4387	27101	731317	396931	0	2011-05-16 16:31:52.155025+00	0		
3889	27101	731319	396932	0	2011-05-16 16:31:52.155025+00	0		
4385	27101	731322	396934	0	2011-05-16 16:31:52.155025+00	0		
3885	27101	731324	396935	0	2011-05-16 16:31:52.155025+00	0		
4384	27101	731325	396936	0	2011-05-16 16:31:52.155025+00	0		
4383	27101	731326	396937	0	2011-05-16 16:31:52.155025+00	0		
3892	27101	731310	396939	0	2011-05-16 16:31:52.155025+00	0		
2420	27101	729694	402366	0	2011-05-16 16:31:52.155025+00	0		
2044	27101	729697	402369	0	2011-05-16 16:31:52.155025+00	0		
13199	28615	984077	11719322	0	2011-11-13 17:00:10.098232+00	0		
6229	27101	859544	404074	0	2011-05-16 16:31:52.155025+00	0		
6139	27101	859547	404079	0	2011-05-16 16:31:52.155025+00	0		
6189	27101	859548	404080	0	2011-05-16 16:31:52.155025+00	0		
356	27101	729655	407778	0	2011-05-16 16:31:52.155025+00	0		
3203	27101	729658	407780	0	2011-05-16 16:31:52.155025+00	0		
3199	27101	729660	407781	0	2011-05-16 16:31:52.155025+00	0		
474	27101	729662	407782	0	2011-05-16 16:31:52.155025+00	0		
1490	27101	713844	408433	0	2011-05-16 16:31:52.155025+00	0		
1369	27101	713843	408436	0	2011-05-16 16:31:52.155025+00	0		
1607	27101	713845	408438	0	2011-05-16 16:31:52.155025+00	0		
1734	27101	713846	408440	0	2011-05-16 16:31:52.155025+00	0		
2901	27101	713847	408443	0	2011-05-16 16:31:52.155025+00	0		
186	27101	713850	408445	0	2011-05-16 16:31:52.155025+00	0		
1971	27101	713849	408449	0	2011-05-16 16:31:52.155025+00	0		
1839	27101	713852	408451	0	2011-05-16 16:31:52.155025+00	0		
2217	27101	713851	408453	0	2011-05-16 16:31:52.155025+00	0		
520	27101	714778	408455	0	2011-05-16 16:31:52.155025+00	0		
657	27101	714779	408458	0	2011-05-16 16:31:52.155025+00	0		
1040	27101	714782	408461	0	2011-05-16 16:31:52.155025+00	0		
769	27101	713851	408464	0	2011-05-16 16:31:52.155025+00	0		
4546	27101	799441	408737	0	2011-05-16 16:31:52.155025+00	0		
3604	27101	735418	410855	0	2011-05-16 16:31:52.155025+00	0		
3743	27101	735419	410856	0	2011-05-16 16:31:52.155025+00	0		
3905	27101	735420	410857	0	2011-05-16 16:31:52.155025+00	0		
4024	27101	735421	410863	0	2011-05-16 16:31:52.155025+00	0		
13413	28615	987215	650678	0	2011-11-19 16:00:09.488747+00	0		
6746	27101	881487	411562	0	2011-05-16 16:31:52.155025+00	0		
6894	27101	881489	411564	0	2011-05-16 16:31:52.155025+00	0		
5966	27101	881491	411566	0	2011-05-16 16:31:52.155025+00	0		
6743	27101	881492	411567	0	2011-05-16 16:31:52.155025+00	0		
5930	27101	881528	411606	0	2011-05-16 16:31:52.155025+00	0		
5817	27101	881527	411607	0	2011-05-16 16:31:52.155025+00	0		
13425	28615	987230	12438120	0	2011-11-19 17:00:08.45082+00	0		
5935	27101	881523	411609	0	2011-05-16 16:31:52.155025+00	0		
6086	27101	881522	411611	0	2011-05-16 16:31:52.155025+00	0		
6859	27101	881507	411617	0	2011-05-16 16:31:52.155025+00	0		
13356	27375	986108	8462689	0	2011-11-03 09:23:53.437525+00	0		
6796	27101	881505	411619	0	2011-05-16 16:31:52.155025+00	0		
6031	27101	881503	411621	0	2011-05-16 16:31:52.155025+00	0		
6866	27101	881502	411622	0	2011-05-16 16:31:52.155025+00	0		
6738	27101	881500	411623	0	2011-05-16 16:31:52.155025+00	0		
5364	27101	782982	813279	0	2015-09-22 20:08:26.748659+00	0		
13436	28615	987244	12438131	0	2011-11-19 17:00:08.830061+00	0		
6732	27101	881496	411626	0	2011-05-16 16:31:52.155025+00	0		
6741	27101	881495	411627	0	2011-05-16 16:31:52.155025+00	0		
5900	27101	881482	411661	0	2011-05-16 16:31:52.155025+00	0		
6808	27101	881472	411697	0	2011-05-16 16:31:52.155025+00	0		
6868	27101	881474	411701	0	2011-05-16 16:31:52.155025+00	0		
6898	27101	881475	411703	0	2011-05-16 16:31:52.155025+00	0		
6771	27101	881476	411704	0	2011-05-16 16:31:52.155025+00	0		
6766	27101	881477	411706	0	2011-05-16 16:31:52.155025+00	0		
5853	27101	881515	411717	0	2011-05-16 16:31:52.155025+00	0		
6831	27101	881516	411718	0	2011-05-16 16:31:52.155025+00	0		
6827	27101	881518	411719	0	2011-05-16 16:31:52.155025+00	0		
2066	27101	698345	412297	0	2011-05-16 16:31:52.155025+00	0		
2198	27101	698346	412298	0	2011-05-16 16:31:52.155025+00	0		
2323	27101	698347	412299	0	2011-05-16 16:31:52.155025+00	0		
6541	27101	870608	412907	0	2011-05-16 16:31:52.155025+00	0		
6545	27101	870610	412908	0	2011-05-16 16:31:52.155025+00	0		
6572	27101	870609	412909	0	2011-05-16 16:31:52.155025+00	0		
6602	27101	870611	412910	0	2011-05-16 16:31:52.155025+00	0		
6631	27101	870612	412911	0	2011-05-16 16:31:52.155025+00	0		
6633	27101	870613	412912	0	2011-05-16 16:31:52.155025+00	0		
6657	27101	870614	412913	0	2011-05-16 16:31:52.155025+00	0		
6546	27101	870615	412914	0	2011-05-16 16:31:52.155025+00	0		
6676	27101	870616	412915	0	2011-05-16 16:31:52.155025+00	0		
6375	27101	893285	415456	0	2011-05-16 16:31:52.155025+00	0		
5661	27101	815095	423648	0	2011-05-16 16:31:52.155025+00	0		
4576	27101	756928	424355	0	2011-05-16 16:31:52.155025+00	0		
3517	27101	756929	424356	0	2011-05-16 16:31:52.155025+00	0		
3656	27101	756930	424357	0	2011-05-16 16:31:52.155025+00	0		
4452	27101	756931	424358	0	2011-05-16 16:31:52.155025+00	0		
4451	27101	756934	424359	0	2011-05-16 16:31:52.155025+00	0		
4572	27101	756935	424360	0	2011-05-16 16:31:52.155025+00	0		
3904	27101	756936	424361	0	2011-05-16 16:31:52.155025+00	0		
4386	27101	731321	396933	0	2011-11-27 18:00:10.544962+00	0		
4569	27101	756938	424363	0	2011-05-16 16:31:52.155025+00	0		
4489	27101	756939	424364	0	2011-05-16 16:31:52.155025+00	0		
3603	27101	756926	424365	0	2011-05-16 16:31:52.155025+00	0		
4450	27101	769339	424365	0	2011-05-16 16:31:52.155025+00	0		
4846	27101	782896	424895	0	2011-05-16 16:31:52.155025+00	0		
5187	27101	782897	424896	0	2011-05-16 16:31:52.155025+00	0		
4845	27101	782898	424897	0	2011-05-16 16:31:52.155025+00	0		
5288	27101	782899	424898	0	2011-05-16 16:31:52.155025+00	0		
5287	27101	782900	424899	0	2011-05-16 16:31:52.155025+00	0		
5186	27101	782901	424900	0	2011-05-16 16:31:52.155025+00	0		
5285	27101	782902	424901	0	2011-05-16 16:31:52.155025+00	0		
5182	27101	782903	424902	0	2011-05-16 16:31:52.155025+00	0		
5006	27101	782904	424903	0	2011-05-16 16:31:52.155025+00	0		
6363	27101	859542	404072	0	2011-07-14 17:00:19.559427+00	0		
5865	27101	881481	411662	0	2011-08-25 10:00:12.315242+00	0		
5936	27101	881490	411565	0	2011-08-25 11:00:03.987452+00	0		
5899	27101	881480	411667	0	2011-08-25 11:00:06.91116+00	0		
6897	27101	881484	411559	0	2011-08-25 11:00:06.995841+00	0		
6747	27101	881470	411681	0	2011-08-25 11:00:07.33272+00	0		
6800	27101	881504	411620	0	2011-08-25 11:00:08.948813+00	0		
6059	27101	881485	411560	0	2011-08-25 11:00:09.014265+00	0		
5816	27101	881529	411605	0	2011-08-25 11:00:10.37161+00	0		
5818	27101	881521	411616	0	2011-08-25 11:00:10.80968+00	0		
480	27101	881478	411708	0	2011-08-25 11:00:10.887251+00	0		
6392	27101	859545	404075	0	2011-08-31 13:00:13.864182+00	0		
6293	27101	859541	404071	0	2011-08-31 14:00:06.627839+00	0		
2414	27101	729695	402367	0	2011-10-24 21:00:17.47495+00	0		
119	27101	729654	407777	0	2011-10-24 21:00:17.685851+00	0		
1523	27101	729661	407783	0	2011-10-24 21:00:17.99327+00	0		
2554	27101	729683	402365	0	2011-10-24 22:00:06.369133+00	0		
927	27101	729657	407779	0	2011-10-24 22:00:06.788647+00	0		
4000	27101	731309	396940	0	2011-11-27 18:00:11.40084+00	0		
95105	27229	3258519	12874383	0	2015-09-07 23:01:56.30687+00	0		
4074	27101	756937	5456877	0	2011-12-08 03:06:38.544559+00	0		
13126	28615	983978	7313903	0	2011-11-13 14:00:09.460728+00	0		
6227	27101	859546	404076	0	2012-10-18 16:00:09.185237+00	0		
4844	27101	782905	424904	0	2011-05-16 16:31:52.155025+00	0		
5180	27101	782906	424905	0	2011-05-16 16:31:52.155025+00	0		
5283	27101	782907	424906	0	2011-05-16 16:31:52.155025+00	0		
5067	27101	782908	424907	0	2011-05-16 16:31:52.155025+00	0		
5178	27101	782909	424908	0	2011-05-16 16:31:52.155025+00	0		
4843	27101	782910	424909	0	2011-05-16 16:31:52.155025+00	0		
5372	27101	782911	424910	0	2011-05-16 16:31:52.155025+00	0		
1860	27101	719030	445259	0	2011-05-16 16:31:52.155025+00	0		
1283	27101	729570	460351	0	2011-05-16 16:31:52.155025+00	0		
1429	27101	729572	460352	0	2011-05-16 16:31:52.155025+00	0		
1530	27101	729573	460353	0	2011-05-16 16:31:52.155025+00	0		
2397	27101	729574	460354	0	2011-05-16 16:31:52.155025+00	0		
227	27101	729576	460355	0	2011-05-16 16:31:52.155025+00	0		
1437	27101	729577	460356	0	2011-05-16 16:31:52.155025+00	0		
1541	27101	729579	460357	0	2011-05-16 16:31:52.155025+00	0		
346	27101	729578	460358	0	2011-05-16 16:31:52.155025+00	0		
1315	27101	729580	460359	0	2011-05-16 16:31:52.155025+00	0		
2668	27101	729581	460360	0	2011-05-16 16:31:52.155025+00	0		
2912	27101	729584	460362	0	2011-05-16 16:31:52.155025+00	0		
5135	27101	816929	466018	0	2011-05-16 16:31:52.155025+00	0		
5968	27101	904283	516681	0	2011-07-22 19:02:26.981822+00	0		
248	27101	691707	8882139	0	2011-08-14 18:02:59.312699+00	0		
4684	27101	773636	535978	0	2011-08-21 08:00:17.14452+00	0		
1475	27101	704264	801234	0	2011-12-08 03:00:53.764105+00	0		
4693	27101	773638	535981	0	2011-08-21 08:00:17.445567+00	0		
4695	27101	773622	535979	0	2011-08-21 08:00:17.538503+00	0		
4699	27101	773634	535976	0	2011-08-21 08:00:17.664103+00	0		
4677	27101	773641	535983	0	2011-08-21 21:00:06.869633+00	0		
36169	27375	1592477	6563830	0	2013-01-24 19:49:20.935631+00	0		
1187	27101	729569	460350	0	2012-01-19 19:06:58.766453+00	0		
5440	27101	814292	11903528	0	2011-10-24 07:00:12.943175+00	0		
6186	27101	859556	477192	0	2011-05-16 16:31:52.155025+00	0		
3868	27101	741100	662912	0	2013-09-09 19:00:17.391448+00	0		
6487	27101	859554	477195	0	2011-05-16 16:31:52.155025+00	0		
6226	27101	859555	477196	0	2011-05-16 16:31:52.155025+00	0		
1664	27101	729583	460361	0	2012-01-19 19:06:59.039417+00	0		
6292	27101	859557	477368	0	2011-05-16 16:31:52.155025+00	0		
13127	28615	983979	361030	0	2011-11-13 14:00:09.475881+00	0		
722	27101	691706	487672	0	2011-05-16 16:31:52.155025+00	0		
721	27101	691705	487673	0	2011-05-16 16:31:52.155025+00	0		
598	27101	691704	487676	0	2011-05-16 16:31:52.155025+00	0		
482	27101	691703	487677	0	2011-05-16 16:31:52.155025+00	0		
2931	27101	691702	487678	0	2011-05-16 16:31:52.155025+00	0		
367	27101	691701	487679	0	2011-05-16 16:31:52.155025+00	0		
1595	27101	703989	488010	0	2011-05-16 16:31:52.155025+00	0		
5136	27101	816942	489351	0	2011-05-16 16:31:52.155025+00	0		
5482	27101	816935	489352	0	2011-05-16 16:31:52.155025+00	0		
5470	27101	814881	489363	0	2011-05-16 16:31:52.155025+00	0		
1230	27101	698907	493995	0	2011-05-16 16:31:52.155025+00	0		
1359	27101	698908	493996	0	2011-05-16 16:31:52.155025+00	0		
864	27101	698911	493998	0	2011-05-16 16:31:52.155025+00	0		
1220	27101	698912	493999	0	2011-05-16 16:31:52.155025+00	0		
1102	27101	698913	494000	0	2011-05-16 16:31:52.155025+00	0		
1478	27101	698914	494001	0	2011-05-16 16:31:52.155025+00	0		
1593	27101	698915	494002	0	2011-05-16 16:31:52.155025+00	0		
1726	27101	698916	494003	0	2011-05-16 16:31:52.155025+00	0		
1035	27101	728542	502915	0	2011-05-16 16:31:52.155025+00	0		
1524	27101	728541	502916	0	2011-05-16 16:31:52.155025+00	0		
1872	27101	728540	502917	0	2011-05-16 16:31:52.155025+00	0		
700	27101	728538	502918	0	2011-05-16 16:31:52.155025+00	0		
1637	27101	728536	502919	0	2011-05-16 16:31:52.155025+00	0		
1527	27101	728535	502920	0	2011-05-16 16:31:52.155025+00	0		
1145	27101	728534	502921	0	2011-05-16 16:31:52.155025+00	0		
950	27101	728532	502923	0	2011-05-16 16:31:52.155025+00	0		
703	27101	728531	502924	0	2011-05-16 16:31:52.155025+00	0		
583	27101	728530	502925	0	2011-05-16 16:31:52.155025+00	0		
1122	27101	709015	505513	0	2011-05-16 16:31:52.155025+00	0		
1469	27101	709027	505514	0	2011-05-16 16:31:52.155025+00	0		
1615	27101	709028	505515	0	2011-05-16 16:31:52.155025+00	0		
2232	27101	709032	505516	0	2011-05-16 16:31:52.155025+00	0		
2874	27101	709050	505517	0	2011-05-16 16:31:52.155025+00	0		
295	27101	709056	505518	0	2011-05-16 16:31:52.155025+00	0		
644	27101	709057	505519	0	2011-05-16 16:31:52.155025+00	0		
778	27101	709059	505520	0	2011-05-16 16:31:52.155025+00	0		
1012	27101	709062	505521	0	2011-05-16 16:31:52.155025+00	0		
1121	27101	709065	505523	0	2011-05-16 16:31:52.155025+00	0		
60457	28615	2339049	12688337	0	2014-01-06 21:38:45.698483+00	0		
4379	27101	731333	507863	0	2011-05-16 16:31:52.155025+00	0		
3553	27101	731334	507864	0	2011-05-16 16:31:52.155025+00	0		
3877	27101	731338	507866	0	2011-05-16 16:31:52.155025+00	0		
4375	27101	731337	507867	0	2011-05-16 16:31:52.155025+00	0		
4377	27101	731336	507868	0	2011-05-16 16:31:52.155025+00	0		
4366	27101	731339	507869	0	2011-05-16 16:31:52.155025+00	0		
4288	27101	731341	507871	0	2011-05-16 16:31:52.155025+00	0		
41190	27101	1669000	12527691	0	2013-04-12 12:17:38.55547+00	0		
2563	27101	703920	514456	0	2011-05-16 16:31:52.155025+00	0		
6675	27101	866389	535392	0	2011-05-16 16:31:52.155025+00	0		
6699	27101	866391	535393	0	2011-05-16 16:31:52.155025+00	0		
6726	27101	866392	535394	0	2011-05-16 16:31:52.155025+00	0		
6759	27101	866393	535395	0	2011-05-16 16:31:52.155025+00	0		
6789	27101	866395	535396	0	2011-05-16 16:31:52.155025+00	0		
6824	27101	866396	535397	0	2011-05-16 16:31:52.155025+00	0		
6853	27101	866397	535398	0	2011-05-16 16:31:52.155025+00	0		
6878	27101	866398	535399	0	2011-05-16 16:31:52.155025+00	0		
5802	27101	866399	535400	0	2011-05-16 16:31:52.155025+00	0		
5843	27101	866400	535401	0	2011-05-16 16:31:52.155025+00	0		
5884	27101	866401	535402	0	2011-05-16 16:31:52.155025+00	0		
5915	27101	866402	535403	0	2011-05-16 16:31:52.155025+00	0		
4698	27101	773635	535977	0	2011-05-16 16:31:52.155025+00	0		
4694	27101	773637	535980	0	2011-05-16 16:31:52.155025+00	0		
4692	27101	773639	535982	0	2011-05-16 16:31:52.155025+00	0		
4690	27101	773642	535984	0	2011-05-16 16:31:52.155025+00	0		
4689	27101	773643	535985	0	2011-05-16 16:31:52.155025+00	0		
4688	27101	773644	535986	0	2011-05-16 16:31:52.155025+00	0		
4673	27101	773645	535987	0	2011-05-16 16:31:52.155025+00	0		
724	27101	703551	563605	0	2011-05-16 16:31:52.155025+00	0		
4851	27101	782829	573455	0	2011-05-16 16:31:52.155025+00	0		
5013	27101	782830	573456	0	2011-05-16 16:31:52.155025+00	0		
5012	27101	782834	573459	0	2011-05-16 16:31:52.155025+00	0		
5011	27101	782835	573460	0	2011-05-16 16:31:52.155025+00	0		
5291	27101	782836	573461	0	2011-05-16 16:31:52.155025+00	0		
5412	27101	782837	573462	0	2011-05-16 16:31:52.155025+00	0		
4495	27101	782838	573463	0	2011-05-16 16:31:52.155025+00	0		
4598	27101	782840	573464	0	2011-05-16 16:31:52.155025+00	0		
1356	27101	704263	544178	0	2011-05-26 05:01:53.003892+00	0		
966	27101	704260	1925105	0	2011-05-27 02:01:08.023179+00	0		
5196	27101	782833	573458	0	2011-06-03 21:02:36.135423+00	0		
4365	27101	731340	507870	0	2011-06-14 16:01:56.765551+00	0		
1327	27101	704267	469295	0	2011-06-14 16:02:03.597+00	0		
500	27101	704255	672832	0	2011-06-14 16:02:04.784708+00	0		
622	27101	704256	507006	0	2011-06-17 00:01:45.302069+00	0		
381	27101	704269	4396937	0	2011-06-17 00:01:45.420856+00	0		
5072	27101	782832	573457	0	2011-06-17 01:02:07.575574+00	0		
751	27101	704268	672041	0	2011-06-24 11:00:06.609328+00	0		
1084	27101	704261	5601851	0	2011-06-27 20:01:11.255073+00	0		
390	27101	704254	67086	0	2011-06-27 20:01:11.497241+00	0		
847	27101	704265	469293	0	2011-06-27 20:01:11.988306+00	0		
1081	27101	704266	1117363	0	2011-06-27 20:01:12.254953+00	0		
1207	27101	704262	469290	0	2011-06-27 20:01:13.529935+00	0		
1041	27101	728533	502922	0	2011-07-03 22:03:02.597715+00	0		
1252	27101	709068	165506	0	2013-10-19 13:00:17.055005+00	0		
4723	27101	782841	573465	0	2011-05-16 16:31:52.155025+00	0		
5290	27101	782842	573466	0	2011-05-16 16:31:52.155025+00	0		
4492	27101	782843	573467	0	2011-05-16 16:31:52.155025+00	0		
1354	27101	698718	578145	0	2011-05-16 16:31:52.155025+00	0		
3950	27101	756736	588098	0	2011-05-16 16:31:52.155025+00	0		
2210	27101	705189	619263	0	2011-12-08 03:02:12.168016+00	0		
3793	27101	756740	589125	0	2011-05-16 16:31:52.155025+00	0		
3659	27101	756741	589128	0	2011-05-16 16:31:52.155025+00	0		
3791	27101	756742	589129	0	2011-05-16 16:31:52.155025+00	0		
13200	28615	984078	11719318	0	2011-11-13 17:00:10.182456+00	0		
3239	27101	730041	595459	0	2011-05-16 16:31:52.155025+00	0		
3238	27101	730042	595460	0	2011-05-16 16:31:52.155025+00	0		
3233	27101	730043	595461	0	2011-05-16 16:31:52.155025+00	0		
3228	27101	730044	595462	0	2011-05-16 16:31:52.155025+00	0		
3220	27101	730046	595464	0	2011-05-16 16:31:52.155025+00	0		
3957	27101	758964	682821	0	2012-04-08 11:00:23.084003+00	0		
4522	27101	791556	603291	0	2011-05-16 16:31:52.155025+00	0		
5396	27101	791552	603292	0	2011-05-16 16:31:52.155025+00	0		
4730	27101	791635	603293	0	2011-05-16 16:31:52.155025+00	0		
4806	27101	791661	603294	0	2011-05-16 16:31:52.155025+00	0		
5047	27101	791677	603295	0	2011-05-16 16:31:52.155025+00	0		
4913	27101	791675	603296	0	2011-05-16 16:31:52.155025+00	0		
5299	27101	791683	603297	0	2011-05-16 16:31:52.155025+00	0		
5163	27101	791682	603298	0	2011-05-16 16:31:52.155025+00	0		
4933	27101	791688	603299	0	2011-05-16 16:31:52.155025+00	0		
5415	27101	791690	603300	0	2011-05-16 16:31:52.155025+00	0		
1336	27101	698440	612426	0	2011-05-16 16:31:52.155025+00	0		
1226	27101	698441	612427	0	2011-05-16 16:31:52.155025+00	0		
1698	27101	698442	612428	0	2011-05-16 16:31:52.155025+00	0		
1334	27101	698443	612429	0	2011-05-16 16:31:52.155025+00	0		
1807	27101	698444	612430	0	2011-05-16 16:31:52.155025+00	0		
1923	27101	698445	612431	0	2011-05-16 16:31:52.155025+00	0		
2143	27101	727223	616767	0	2011-05-16 16:31:52.155025+00	0		
2402	27101	727224	616768	0	2011-05-16 16:31:52.155025+00	0		
1537	27101	727230	616770	0	2011-05-16 16:31:52.155025+00	0		
1535	27101	727234	616772	0	2011-05-16 16:31:52.155025+00	0		
1411	27101	727236	616773	0	2011-05-16 16:31:52.155025+00	0		
1887	27101	727216	616774	0	2011-05-16 16:31:52.155025+00	0		
2524	27101	727879	616776	0	2011-05-16 16:31:52.155025+00	0		
2264	27101	727880	616777	0	2011-05-16 16:31:52.155025+00	0		
2127	27101	727883	616778	0	2011-05-16 16:31:52.155025+00	0		
2518	27101	727885	616779	0	2011-05-16 16:31:52.155025+00	0		
1407	27101	727887	616780	0	2011-05-16 16:31:52.155025+00	0		
2123	27101	727888	616781	0	2011-05-16 16:31:52.155025+00	0		
2260	27101	727891	616782	0	2011-05-16 16:31:52.155025+00	0		
2014	27101	727237	616784	0	2011-05-16 16:31:52.155025+00	0		
205	27101	727900	616785	0	2011-05-16 16:31:52.155025+00	0		
1100	27101	699904	619261	0	2011-05-16 16:31:52.155025+00	0		
1961	27101	705188	619262	0	2011-05-16 16:31:52.155025+00	0		
2312	27101	705190	619264	0	2011-05-16 16:31:52.155025+00	0		
978	27101	705209	619266	0	2011-05-16 16:31:52.155025+00	0		
981	27101	699903	619267	0	2011-05-16 16:31:52.155025+00	0		
2973	27101	705207	619268	0	2011-05-16 16:31:52.155025+00	0		
510	27101	705206	619269	0	2011-05-16 16:31:52.155025+00	0		
1599	27101	705211	619270	0	2011-05-16 16:31:52.155025+00	0		
149	27101	705198	619271	0	2011-05-16 16:31:52.155025+00	0		
5374	27101	782965	620187	0	2011-05-16 16:31:52.155025+00	0		
5373	27101	782966	620188	0	2011-05-16 16:31:52.155025+00	0		
4798	27101	782967	620189	0	2011-05-16 16:31:52.155025+00	0		
5039	27101	782961	620191	0	2011-05-16 16:31:52.155025+00	0		
5368	27101	782969	620192	0	2011-05-16 16:31:52.155025+00	0		
5037	27101	782970	620193	0	2011-05-16 16:31:52.155025+00	0		
5034	27101	782971	620194	0	2011-05-16 16:31:52.155025+00	0		
4490	27101	782972	620195	0	2011-05-16 16:31:52.155025+00	0		
5137	27101	782973	620196	0	2011-05-16 16:31:52.155025+00	0		
5255	27101	782974	620197	0	2011-05-16 16:31:52.155025+00	0		
6507	27101	848996	621771	0	2011-05-16 16:31:52.155025+00	0		
6538	27101	848997	621772	0	2011-05-16 16:31:52.155025+00	0		
6570	27101	848999	621774	0	2011-05-16 16:31:52.155025+00	0		
1348	27101	700304	623559	0	2011-05-16 16:31:52.155025+00	0		
1474	27101	700305	623561	0	2011-05-16 16:31:52.155025+00	0		
1592	27101	700306	623563	0	2011-05-16 16:31:52.155025+00	0		
607	27101	700307	623565	0	2011-05-16 16:31:52.155025+00	0		
1720	27101	700308	623566	0	2011-05-16 16:31:52.155025+00	0		
3777	27101	761551	629636	0	2011-05-16 16:31:52.155025+00	0		
3646	27101	761553	629637	0	2011-05-16 16:31:52.155025+00	0		
3648	27101	761554	629638	0	2011-05-16 16:31:52.155025+00	0		
3934	27101	761555	629639	0	2011-05-16 16:31:52.155025+00	0		
3782	27101	761556	629640	0	2011-05-16 16:31:52.155025+00	0		
3684	27101	761557	629641	0	2011-05-16 16:31:52.155025+00	0		
3784	27101	761558	629642	0	2011-05-16 16:31:52.155025+00	0		
3981	27101	761559	629643	0	2011-05-16 16:31:52.155025+00	0		
