11317	27127	8704161	12432454	0	2011-07-14 18:47:37.135357+00	0		
11319	27609	12432582	12432576	0	2011-07-17 13:16:25.002632+00	0		
11384	27609	12432684	12432683	0	2011-07-18 07:05:18.568727+00	0		
13273	27069	8160869	12436880	0	2011-09-06 01:04:13.01338+00	0		
13659	27609	12437906	10899154	0	2014-01-10 12:00:29.003155+00	0		
11460	27609	12432768	12432770	0	2011-07-18 10:42:12.922789+00	0		
11571	27609	12432930	12432933	0	2011-07-19 07:26:18.798626+00	0		
13938	27609	12438362	10900993	0	2013-08-07 18:01:04.481789+00	0		
12507	27609	12435921	8329295	0	2013-01-14 01:00:50.054702+00	0		
13432	27609	12437270	8120853	0	2011-09-08 15:44:27.89051+00	0		
75337	27069	12433733	9049502	0	2014-01-07 06:05:16.268749+00	0		
10994	27069	12429877	12490621	0	2013-09-14 12:00:36.462519+00	0		
17688	27609	12449149	12449127	0	2011-12-21 15:46:49.504353+00	0		
17739	27609	12449294	12449296	0	2011-12-22 14:26:50.442287+00	0		
17776	27609	12449436	12449434	0	2011-12-22 23:33:29.318818+00	0		
75339	109165	12688904	12688902	0	2014-01-14 10:00:15.214451+00	0		
17804	27069	12449467	11337475	0	2012-01-05 20:00:37.993371+00	0		
11318	27127	284410	12432541	0	2011-07-30 16:00:06.668612+00	0		
4489	27069	29503	7292007	0	2011-05-16 16:27:39.450042+00	0		
2405	27069	57700	1368207	0	2011-05-16 16:27:39.450042+00	0		
1614	27069	61622	7154408	0	2011-05-16 16:27:39.450042+00	0		
6278	27069	66931	2965808	0	2011-05-16 16:27:39.450042+00	0		
13494	27609	12437422	12437421	0	2011-09-09 07:34:32.720537+00	0		
13519	27069	8916764	12437521	0	2011-09-09 16:25:21.062176+00	0		
13539	27609	12437632	12437630	0	2011-09-10 20:26:00.901284+00	0		
13562	27069	12051087	1511706	0	2011-09-11 07:02:51.756828+00	0		
998	27069	78488	78435	0	2011-05-16 16:27:39.450042+00	0		
35071	27609	12520472	8838123	0	2012-11-18 09:00:09.462521+00	0		
60710	27069	12609407	12618911	0	2013-05-15 17:13:40.144453+00	0		
26070	27069	284606	12482847	0	2012-11-26 03:08:44.907906+00	0		
8676	27069	163043	3796492	0	2012-12-21 17:00:13.56065+00	0		
2929	27069	123621	5059779	0	2011-05-16 16:27:39.450042+00	0		
64929	27609	12635323	12185175	0	2014-11-17 23:03:34.030556+00	0		
14586	27609	12438896	6930358	0	2011-09-27 14:01:16.367451+00	0		
14488	27609	12438817	9113220	0	2011-09-21 16:12:19.479147+00	0		
12685	27609	12436115	12436117	0	2013-01-13 16:15:41.625121+00	0		
13893	27609	12438343	2682974	0	2013-01-13 16:16:35.244317+00	0		
13526	27609	12437620	7398957	0	2011-09-13 22:07:35.65518+00	0		
13521	27127	8979419	6303864	0	2011-09-14 21:01:43.449375+00	0		
12987	27609	12434116	466336	0	2011-09-16 20:00:08.373513+00	0		
13033	27609	12434195	914943	0	2011-09-16 22:00:07.590375+00	0		
13979	27609	12438398	7303130	0	2011-12-31 19:00:15.656035+00	0		
14057	27609	12438513	12438509	0	2011-09-17 14:33:13.578724+00	0		
12223	27609	12435351	12435348	0	2011-08-25 11:56:13.49998+00	0		
14096	27609	12438538	7413302	0	2011-09-17 16:24:33.735659+00	0		
12289	27609	12435485	12435483	0	2011-08-26 00:30:09.609792+00	0		
12354	27609	12435549	9914790	0	2011-08-26 12:29:27.730332+00	0		
12458	27609	12435783	12435785	0	2011-08-27 22:28:47.001592+00	0		
12476	27069	8237406	11317532	0	2011-08-28 04:39:37.885266+00	0		
12483	27609	12435820	12435819	0	2011-08-28 11:41:04.38704+00	0		
12488	27069	8160866	11358515	0	2011-08-28 17:55:38.773739+00	0		
12493	27609	12435863	3023482	0	2011-08-29 00:42:21.330039+00	0		
16035	27127	540945	1947537	0	2011-11-01 10:38:27.282844+00	0		
11921	27609	12434530	12434537	0	2011-08-31 19:00:09.994357+00	0		
12848	27609	12436338	12436341	0	2011-09-01 22:37:03.804612+00	0		
11936	27127	12434605	5608985	0	2011-09-02 10:00:09.80234+00	0		
12915	27609	12436413	12436424	0	2011-09-02 11:37:30.025628+00	0		
13055	27609	12436526	12436524	0	2011-09-03 11:04:11.85586+00	0		
13052	27127	9025937	7440668	0	2011-09-05 07:02:52.471944+00	0		
13155	27609	12436709	9763427	0	2011-09-05 08:14:56.656973+00	0		
13245	27069	8160870	12436852	0	2011-09-05 22:23:10.676177+00	0		
14134	27609	12438568	7914632	0	2011-09-18 00:06:20.392865+00	0		
17827	27609	12449480	12449475	0	2011-12-23 07:25:25.898181+00	0		
16079	27069	8160913	12442044	0	2011-11-01 19:48:06.824816+00	0		
14356	27609	12438747	10352133	0	2011-09-20 14:57:12.275825+00	0		
14435	27609	12438759	12438767	0	2011-09-20 22:55:15.146062+00	0		
14471	27609	572527	12438794	0	2011-09-21 12:30:51.114647+00	0		
13643	112544	10180888	11580790	0	2014-01-08 19:00:21.820297+00	0		
2214	27069	164609	8536670	0	2011-05-16 16:27:39.450042+00	0		
14645	27609	12439002	11919624	0	2011-09-22 23:01:09.201096+00	0		
14692	27609	12439036	12439033	0	2011-09-23 13:08:32.852336+00	0		
14703	27609	12439051	12439048	0	2011-09-23 14:30:43.890556+00	0		
14720	27069	8160867	12439088	0	2011-09-23 19:08:27.994772+00	0		
14727	27069	8114762	12439139	0	2011-09-23 23:45:32.845049+00	0		
14765	27609	7060223	8211582	0	2011-09-24 12:15:48.72853+00	0		
13669	27127	12426520	12437980	0	2011-09-27 05:00:05.908555+00	0		
14610	27609	12438972	6930368	0	2011-09-27 14:01:17.326663+00	0		
14634	27609	12438975	6930380	0	2011-09-27 14:01:18.93003+00	0		
14682	27609	12439013	7187937	0	2011-09-27 14:01:22.254309+00	0		
14773	27609	12439214	11411731	0	2011-09-27 14:01:37.137385+00	0		
14785	27609	12439243	726740	0	2011-09-27 14:01:42.556881+00	0		
26071	27069	12482889	12482875	0	2012-04-09 10:56:43.697863+00	0		
14257	27609	12438692	8679199	0	2011-10-03 17:00:06.771421+00	0		
14385	27609	12438758	12216415	0	2011-10-04 22:00:07.138283+00	0		
17617	109165	12448932	12448940	0	2013-07-15 21:43:09.403528+00	0		
14411	27609	12438764	12216522	0	2011-10-04 23:00:08.88203+00	0		
14522	27609	12438836	10345542	0	2011-10-05 18:00:13.139659+00	0		
14560	27609	12438858	12438861	0	2013-01-12 14:00:38.157247+00	0		
16021	27609	12441941	12441949	0	2011-11-15 03:00:08.958487+00	0		
3437	27127	4179475	2079454	0	2011-10-25 07:21:26.333231+00	0		
16708	27069	12443681	12443682	0	2011-12-01 14:00:12.293196+00	0		
17849	27609	12449485	12449483	0	2011-12-23 08:45:20.153303+00	0		
17886	27609	12449561	12449555	0	2011-12-23 10:38:09.06433+00	0		
13115	27609	12436660	9294649	0	2014-01-09 15:01:12.012747+00	0		
26072	27609	12482954	10257105	0	2012-04-17 14:03:14.572597+00	0		
16711	27069	7659785	12443704	0	2012-04-22 19:00:09.490805+00	0		
14525	27609	12438839	12213049	0	2014-06-28 14:01:59.218856+00	0		
7239	27069	30259	4614859	0	2014-10-08 17:00:25.28951+00	0		
14660	27609	12439011	11919655	0	2015-05-03 10:47:47.575725+00	19		
13795	27609	12438219	11778282	0	2015-05-03 11:35:41.809963+00	2		
11650	27609	12433080	8369903	0	2015-05-03 23:53:10.306513+00	7		
12738	27609	12436171	12436170	0	2015-05-04 13:48:36.515982+00	1		
26408	27609	12484381	12484371	0	2015-05-05 11:57:26.206172+00	2		
14622	27609	12438869	12438973	0	2015-05-17 09:18:28.601661+00	9		
14573	27609	12438869	12438877	0	2015-05-17 09:18:28.601661+00	11		
13104	27609	12436655	7390206	0	2012-09-11 21:09:11.450549+00	0		
75338	27127	12688858	12688857	0	2014-01-14 08:00:23.106826+00	0		
13076	27609	8273370	2427423	0	2015-08-13 10:43:14.209674+00	1		
14171	27609	12438631	9065437	0	2015-08-13 22:45:09.128766+00	4		
14205	27609	12438634	6564140	0	2015-08-13 23:01:08.058476+00	24		
14324	27609	12438717	11758555	0	2015-08-14 07:55:00.450655+00	3		
13200	27609	12436742	9110124	0	2015-09-05 12:47:06.100808+00	24		
12415	27609	12435661	12435662	0	2015-10-02 16:25:16.690509+00	1		
14777	27609	7532619	10499095	0	2015-09-18 18:01:07.105943+00	2		
14757	27609	12439205	12439203	0	2015-09-18 19:12:26.364233+00	2		
14016	27609	9140536	12438447	0	2015-10-02 20:56:31.856941+00	12		
14545	27609	12438854	4038437	0	2013-05-07 21:02:14.453598+00	0		
58939	27069	12610094	12536642	0	2013-04-17 17:59:49.289155+00	0		
43700	27127	12558903	12558899	0	2012-12-09 00:59:57.701855+00	0		
13274	27069	8160864	12436881	0	2011-09-06 01:08:27.787443+00	0		
12004	27069	12434869	11424077	0	2011-09-06 07:00:09.39669+00	0		
11320	27609	12432582	12432577	0	2011-07-17 13:54:15.022128+00	0		
11385	27609	12432684	12432682	0	2011-07-18 07:05:21.914758+00	0		
11461	27609	12432768	12432769	0	2011-07-18 10:42:41.457133+00	0		
11572	27609	12432930	12432934	0	2011-07-19 07:27:14.045134+00	0		
13433	27609	12437270	8120854	0	2011-09-08 15:44:46.555629+00	0		
13495	27609	12437422	12437420	0	2011-09-09 07:34:49.372285+00	0		
11947	27069	12434670	369565	0	2011-08-20 18:38:21.982156+00	0		
13520	27609	12437512	12437529	0	2011-09-09 16:48:54.592264+00	0		
13522	27609	12437581	12437576	0	2011-09-09 23:11:03.008383+00	0		
11965	27609	12434782	12434783	0	2011-08-22 13:37:06.747262+00	0		
60713	110918	12618953	12618954	0	2013-05-15 21:27:21.142659+00	0		
13540	27609	12437632	12437631	0	2011-09-10 20:26:22.632196+00	0		
12039	27609	12435018	12435019	0	2011-08-24 10:38:32.435809+00	0		
12105	27609	12435141	12435140	0	2011-08-24 19:25:55.000706+00	0		
12013	27609	12434939	9363273	0	2011-08-25 06:02:28.116639+00	0		
12224	27609	12435351	12435347	0	2011-08-25 11:56:28.359578+00	0		
12290	27609	12435485	12435482	0	2011-08-26 00:30:26.201064+00	0		
12293	27609	12435487	9009610	0	2011-08-26 09:17:01.881328+00	0		
12459	27609	12435783	12435786	0	2011-08-27 22:29:18.96315+00	0		
12494	27609	12435863	3023483	0	2011-08-29 00:42:36.066847+00	0		
12605	27609	12435978	12435977	0	2011-08-30 12:02:55.595496+00	0		
13601	27609	12437708	12437707	0	2011-09-11 15:00:03.255604+00	0		
11922	27609	12434530	12434538	0	2011-08-31 19:00:10.01241+00	0		
12849	27609	12436343	12436344	0	2011-09-01 23:24:12.281446+00	0		
14530	27609	12668412	8681667	0	2013-11-02 10:00:25.229508+00	0		
12865	27609	12436371	12436370	0	2011-09-02 09:42:40.662056+00	0		
11937	27127	5608986	4966246	0	2011-09-02 10:00:10.367197+00	0		
12916	27609	12436413	12436433	0	2011-09-02 11:42:07.832521+00	0		
12939	27609	12436455	12436454	0	2011-09-02 14:16:02.604537+00	0		
13894	27609	12438343	2682969	0	2013-01-13 16:16:38.043583+00	0		
13056	27609	12436526	12436523	0	2011-09-03 11:05:01.842607+00	0		
11951	27609	846824	1232091	0	2011-09-04 08:00:10.327706+00	0		
16022	27609	12441940	12441950	0	2011-11-15 03:00:09.311583+00	0		
11952	27069	846825	12434716	0	2011-09-04 11:00:07.650022+00	0		
13156	27609	12436711	2091009	0	2011-09-05 08:18:16.072744+00	0		
13246	27609	12436856	12436855	0	2011-09-05 22:28:59.923089+00	0		
12508	27609	12435921	8329296	0	2013-01-14 02:00:09.668062+00	0		
13105	27609	12436656	7607145	0	2011-09-13 22:02:26.190614+00	0		
13527	27609	12437620	7398958	0	2011-09-13 22:07:35.895323+00	0		
12477	27069	8237405	8389603	0	2011-09-06 01:01:41.763279+00	0		
14097	27609	12438540	503879	0	2012-11-16 11:00:18.881848+00	0		
13939	27609	12438362	12131898	0	2011-09-16 12:49:38.974385+00	0		
12988	27609	12436496	1071836	0	2011-09-16 20:00:08.380909+00	0		
13034	27609	12434181	278290	0	2011-09-16 22:00:07.597803+00	0		
14058	27609	12438513	12438515	0	2011-09-17 14:40:19.110885+00	0		
14436	27609	12438768	12216676	0	2013-02-02 13:02:42.541137+00	0		
11000	27128	337590	12429989	0	2011-07-01 23:00:08.888505+00	0		
11021	27609	12430013	12430011	0	2011-07-02 02:00:12.295666+00	0		
14135	27609	12438570	8277299	0	2011-09-18 00:35:43.361587+00	0		
14357	27609	12438747	10352134	0	2011-09-20 14:58:41.325976+00	0		
14386	27609	12438759	12438758	0	2011-09-20 21:43:04.420062+00	0		
14728	27069	8160871	12439145	0	2011-12-05 10:01:51.716292+00	0		
14472	27609	572527	12438796	0	2011-09-21 12:31:28.877028+00	0		
14489	27609	12438813	12438815	0	2011-09-21 16:15:23.024164+00	0		
14523	27127	11394815	7873024	0	2011-10-05 22:00:12.116755+00	0		
13563	27069	1168706	5685605	0	2014-01-09 15:01:34.785485+00	0		
13980	27609	12438398	2847043	0	2011-12-26 17:01:54.314576+00	0		
15961	27609	12441799	2091005	0	2011-11-13 15:00:07.395275+00	0		
16709	27127	12403408	12443683	0	2011-12-01 14:00:16.048041+00	0		
14646	27609	12439002	11919625	0	2011-09-22 23:01:31.87443+00	0		
14693	27609	12439017	12439034	0	2011-09-23 13:13:04.590079+00	0		
14704	27609	12439051	12439047	0	2011-09-23 14:31:08.9479+00	0		
13660	27609	12437901	12437905	0	2014-01-12 07:00:17.849198+00	0		
14800	27609	12439247	8690727	0	2011-09-25 06:50:58.996323+00	0		
14807	27069	12439242	12439249	0	2011-09-25 07:03:00.659292+00	0		
14814	27609	12439250	3853460	0	2011-09-25 07:15:00.665132+00	0		
14820	27609	12439253	3811169	0	2011-09-25 07:33:24.787703+00	0		
14825	27609	12439254	2288081	0	2011-09-25 07:44:01.015707+00	0		
14830	27069	3811189	2288082	0	2011-09-25 07:49:34.331835+00	0		
14834	27609	12439255	12439256	0	2011-09-25 08:01:27.642162+00	0		
14838	27609	12439264	9233471	0	2011-09-25 08:46:59.549644+00	0		
14842	27609	12439268	3811183	0	2011-09-25 09:29:01.671115+00	0		
14846	27609	12439268	3811179	0	2011-09-25 09:31:22.322121+00	0		
14850	27069	3811186	519279	0	2011-09-25 09:35:09.737579+00	0		
14854	27609	12439270	3811173	0	2011-09-25 09:56:50.988908+00	0		
14561	27609	12438870	6930367	0	2011-09-27 14:01:17.236299+00	0		
14611	27609	12438972	6930369	0	2011-09-27 14:01:17.429613+00	0		
14599	27609	12438969	6930373	0	2011-09-27 14:01:18.314771+00	0		
14766	27609	12439212	11411783	0	2011-09-27 14:01:36.072342+00	0		
14683	27609	12439014	7187936	0	2011-09-27 14:01:32.320873+00	0		
12028	27609	12434973	12434976	0	2015-05-02 11:32:53.549604+00	2		
11948	27127	674763	12434673	0	2015-02-25 01:00:16.001113+00	0		
14672	27609	12439011	11919643	0	2015-05-03 10:46:58.602907+00	7		
11651	27609	12433080	8369904	0	2015-05-03 23:53:10.306513+00	8		
12739	27609	12436171	12436169	0	2015-05-04 13:48:36.515982+00	2		
14587	27609	12438869	12438896	0	2015-05-17 09:18:28.601661+00	3		
14635	27609	12438869	12438975	0	2015-05-17 09:18:28.601661+00	8		
14786	27609	12439243	726739	0	2011-09-27 14:01:42.736727+00	0		
14793	27609	12439245	652125	0	2011-09-27 14:01:43.421145+00	0		
12012	112544	10398753	9618434	0	2013-04-30 23:00:16.060458+00	0		
12158	27609	12435220	10898889	0	2012-03-05 09:00:07.967019+00	0		
13725	27609	12438110	10499662	0	2015-07-10 19:02:45.157146+00	4		
12604	27609	12435977	8262613	0	2015-08-09 19:30:48.357187+00	2		
11938	27609	1558034	10696300	0	2015-08-13 10:42:42.958052+00	2		
13077	27609	8273370	650678	0	2015-08-13 10:43:14.209674+00	2		
13416	27609	1805726	6743398	0	2015-08-13 10:57:33.527491+00	8		
14172	27609	12438631	11760631	0	2015-08-13 22:45:09.128766+00	3		
14206	27609	12438634	6564141	0	2015-08-13 23:01:08.058476+00	25		
14866	27609	12439275	12439287	0	2015-08-20 07:30:32.764204+00	24		
14858	27609	12439273	12439279	0	2015-08-21 08:33:10.044833+00	14		
14862	27609	12439274	12439282	0	2015-08-21 09:06:43.778955+00	21		
14870	27609	12439271	12439275	0	2015-08-22 06:48:11.926583+00	4		
13201	27609	12436742	9110119	0	2015-09-05 12:47:06.100808+00	19		
12416	27609	12435661	12435663	0	2015-10-02 16:25:16.690509+00	2		
14017	27609	9140536	12438446	0	2015-10-02 20:56:31.856941+00	13		
14778	27609	7532619	10499096	0	2015-09-18 18:01:07.105943+00	3		
14758	27609	12439205	12439204	0	2015-09-18 19:12:26.364233+00	3		
14258	27609	12438692	8679198	0	2011-10-03 17:00:07.032458+00	0		
14244	27609	4456139	9416238	0	2011-10-03 11:00:11.521622+00	0		
58941	27609	12610111	12610110	0	2013-04-17 18:55:34.895251+00	0		
13116	27609	12436660	10014580	0	2012-08-07 15:03:10.473056+00	0		
59783	27609	12613907	12613868	0	2013-05-08 17:00:34.037886+00	0		
34812	27069	8922992	12519809	0	2012-08-31 22:00:18.990047+00	0		
10915	109165	12429558	12429560	0	2013-05-08 20:01:15.662125+00	0		
12355	27609	12435569	12435568	0	2014-01-29 19:05:25.351023+00	0		
13275	27069	8160866	12436882	0	2011-09-06 01:11:49.615531+00	0		
13295	27609	12436928	9636579	0	2011-09-06 09:25:13.771861+00	0		
13342	27609	12437099	12437098	0	2011-09-06 23:52:17.363654+00	0		
11321	27609	12432582	12432578	0	2011-07-17 13:54:35.091096+00	0		
11386	27609	12432687	12432685	0	2011-07-18 07:12:22.324196+00	0		
11462	27609	12432768	12432771	0	2011-07-18 10:43:09.722594+00	0		
11672	27609	12433246	11281829	0	2011-08-05 18:00:09.059179+00	0		
43701	27127	12558907	12558900	0	2012-12-09 00:59:57.701855+00	0		
13348	27609	12437166	12437165	0	2011-09-07 21:58:33.824153+00	0		
13362	27609	12437198	12437196	0	2011-09-08 07:26:29.552829+00	0		
13434	27609	12437270	8120855	0	2011-09-08 15:45:21.94657+00	0		
11834	27069	9673280	7155816	0	2011-08-30 11:00:18.912342+00	0		
10997	27609	12429968	11532818	0	2011-07-01 18:00:17.104353+00	0		
11684	27127	12433417	12433418	0	2011-08-09 12:00:09.904432+00	0		
14531	27609	12668412	8681666	0	2013-11-02 10:00:25.229508+00	0		
11022	27609	12430013	12430010	0	2011-07-02 02:00:12.320482+00	0		
12606	27609	12435978	12435979	0	2011-08-30 12:08:49.340423+00	0		
11664	27609	12433234	12433235	0	2011-07-22 08:09:41.533365+00	0		
10036	27127	6302717	8470794	0	2011-07-23 10:00:11.458553+00	0		
13496	27609	12437422	12437419	0	2011-09-09 07:35:03.454665+00	0		
11677	27609	12433278	12433279	0	2011-07-23 14:07:09.757302+00	0		
13523	27609	12437581	12437577	0	2011-09-09 23:11:19.314341+00	0		
11685	27127	12433476	12433477	0	2011-08-11 16:00:18.422609+00	0		
8987	27127	9124248	9122393	0	2011-07-24 10:04:14.496756+00	0		
10307	27126	1329370	11492536	0	2012-03-10 00:00:08.894198+00	0		
60711	27069	12605259	12618916	0	2013-05-15 17:28:24.909002+00	0		
11923	27609	12434541	12434542	0	2011-08-31 22:00:06.680885+00	0		
12850	27609	12436343	12436345	0	2011-09-01 23:24:28.388323+00	0		
28457	27609	12492987	12492973	0	2012-05-08 05:28:30.233527+00	0		
10857	27126	185727	1063843	0	2012-04-13 18:00:03.750611+00	0		
12866	27609	12436371	12436372	0	2011-09-02 09:52:02.536887+00	0		
11686	27127	12433478	12433479	0	2011-08-11 17:00:07.684013+00	0		
11653	27128	6973054	12433114	0	2011-08-03 07:00:05.4708+00	0		
11654	27609	12433142	10580768	0	2011-08-03 14:00:05.937707+00	0		
11657	27127	12433168	12433169	0	2011-08-03 22:00:03.586165+00	0		
13541	27609	12437676	12437675	0	2011-09-10 22:51:02.561074+00	0		
13564	27609	12437680	9083685	0	2011-09-11 09:53:22.060524+00	0		
13602	27609	12437708	12437706	0	2011-09-11 15:00:21.469101+00	0		
13035	27609	12434195	914950	0	2011-09-16 22:00:07.60904+00	0		
14562	27609	12438870	6930366	0	2011-09-27 14:01:17.136153+00	0		
16023	27609	12441940	12441951	0	2011-11-15 03:00:09.541864+00	0		
13106	27609	12436656	7607146	0	2011-09-13 22:02:26.069637+00	0		
13528	27609	12437620	7398959	0	2011-09-13 22:07:36.051525+00	0		
61421	109165	12621853	12621992	0	2013-05-24 18:18:41.964387+00	0		
12159	27609	12435220	10898890	0	2012-03-05 09:00:08.281654+00	0		
13940	27609	12438362	12438368	0	2011-09-16 12:49:57.831025+00	0		
12985	27609	12434181	687920	0	2011-09-16 20:00:08.337552+00	0		
12989	27609	12436497	3145489	0	2011-09-16 20:00:08.398666+00	0		
12990	27609	12434172	1741564	0	2011-09-16 20:00:08.446516+00	0		
14059	27609	12438513	12438511	0	2011-09-17 14:40:38.373181+00	0		
14136	27609	12438570	8277300	0	2011-09-18 00:36:09.771809+00	0		
14358	27609	12438747	10352135	0	2011-09-20 14:59:35.785838+00	0		
76127	27609	12689377	9580526	0	2014-01-08 19:32:29.815259+00	0		
16036	27609	12453320	12453324	0	2013-04-24 11:00:15.675745+00	0		
14473	27609	572527	12438797	0	2011-09-21 12:31:49.200328+00	0		
13347	27069	12437125	12437124	0	2011-09-21 13:00:08.83029+00	0		
107184	27609	12778478	12373072	0	2014-11-25 00:00:19.962234+00	0		
14437	27609	12438768	12216677	0	2013-02-02 13:02:42.541137+00	0		
15962	27609	12441799	2091006	0	2011-11-13 15:00:07.404556+00	0		
9091	27127	6544344	10858048	0	2013-12-04 15:00:28.01232+00	0		
11687	27609	1943838	3401217	0	2011-09-26 13:00:05.6871+00	0		
11836	27127	12446241	9983561	0	2012-01-02 01:00:52.381178+00	0		
12917	27609	12436413	12436423	0	2011-09-02 11:42:33.533645+00	0		
11659	27127	649071	12433178	0	2011-08-04 09:00:06.720437+00	0		
13645	27126	473075	284414	0	2012-11-11 19:03:42.384744+00	0		
11771	27609	12434240	11267729	0	2011-08-14 08:25:06.623733+00	0		
14259	27609	12438692	8679197	0	2011-10-03 17:00:06.913952+00	0		
14245	27609	4456139	9416239	0	2011-10-03 11:00:11.521622+00	0		
13117	27609	12436661	8230299	0	2012-09-11 21:07:54.722679+00	0		
13057	27609	12436536	12436535	0	2011-09-03 11:21:18.378065+00	0		
14328	27609	12438732	11760752	0	2011-10-04 12:00:06.236245+00	0		
14387	27609	12438760	12216416	0	2011-10-04 22:00:09.984536+00	0		
14413	27609	12438764	12216524	0	2011-10-04 23:00:09.14019+00	0		
11699	27609	12433769	12433770	0	2011-08-18 01:00:11.457556+00	0		
11966	27609	12434784	12434785	0	2011-08-22 13:58:26.635584+00	0		
12005	27609	12434870	9363569	0	2011-08-23 06:51:58.602929+00	0		
11710	27069	12434049	12434058	0	2011-08-23 20:00:07.578349+00	0		
11737	27069	12434930	174323	0	2011-08-23 20:55:08.569507+00	0		
12040	27609	12435018	12435020	0	2011-08-24 10:39:00.433242+00	0		
11713	27609	12434116	12433851	0	2011-08-24 19:00:06.916806+00	0		
12106	27609	12435141	12435139	0	2011-08-24 19:26:44.885938+00	0		
109484	27609	12787724	12787888	0	2014-12-25 06:01:49.211116+00	0		
12029	27609	12434973	12434974	0	2015-05-02 11:32:53.549604+00	4		
11708	27258	12434037	159802	0	2015-02-25 01:00:15.660436+00	0		
13797	27609	12438220	11778284	0	2015-05-03 11:21:54.104482+00	1		
13796	27609	12438219	11778281	0	2015-05-03 11:35:41.809963+00	1		
12740	27609	12436171	12436168	0	2015-05-04 13:48:36.515982+00	3		
11573	27609	12432935	10980486	0	2015-05-14 09:50:10.656284+00	3		
12014	27609	12434939	9363272	0	2011-08-25 06:02:27.995257+00	0		
12225	27609	12435351	12435346	0	2011-08-25 11:56:42.950163+00	0		
12291	27609	12435485	12435481	0	2011-08-26 00:30:40.313759+00	0		
12294	27609	12435487	9009611	0	2011-08-26 09:17:16.957003+00	0		
12356	27609	12435569	12435567	0	2011-08-26 14:02:36.218171+00	0		
11738	27609	12434171	3145456	0	2011-08-26 16:00:10.023627+00	0		
12460	27609	12435787	12435788	0	2011-08-27 22:34:10.953534+00	0		
13726	27609	12438110	12438114	0	2015-07-10 19:02:45.157146+00	1		
13323	27609	12437008	1547233	0	2015-08-13 10:43:31.538499+00	1		
12791	27609	1687083	9738107	0	2015-08-13 10:59:15.152792+00	1		
12940	27609	12436454	7642477	0	2015-08-13 11:15:48.293114+00	1		
14505	27609	12438830	7096599	0	2015-08-13 22:22:23.09641+00	1		
14173	27609	12438631	11760629	0	2015-08-13 22:45:09.128766+00	1		
14207	27609	12438634	6564142	0	2015-08-13 23:01:08.058476+00	26		
14325	27609	12438717	11758556	0	2015-08-14 07:55:00.450655+00	4		
11774	27609	12434262	11915604	0	2015-09-12 22:06:35.777103+00	4		
11693	27609	12433601	6269196	0	2015-09-12 22:09:40.988179+00	2		
13078	27609	12436625	1412602	0	2015-09-13 11:46:25.832146+00	1		
13671	27609	12437981	626363	0	2015-09-18 14:10:49.799538+00	1		
12417	27609	12435661	12435664	0	2015-10-02 16:25:16.690509+00	3		
14018	27609	9140536	12438445	0	2015-10-02 20:56:31.856941+00	14		
12478	27609	12435812	12435811	0	2011-08-28 09:41:42.056134+00	0		
11773	27127	12434243	12434248	0	2011-08-28 13:00:06.507034+00	0		
12495	27609	12435863	3023484	0	2011-08-29 00:42:49.905902+00	0		
11778	27609	12434172	1741572	0	2011-08-29 04:00:09.792331+00	0		
11792	27609	12434303	12434304	0	2011-08-29 12:00:06.673754+00	0		
12509	27609	12435921	8329297	0	2013-01-14 02:00:14.923772+00	0		
14506	27609	12438831	8201244	0	2011-10-27 00:00:08.045439+00	0		
14098	27609	12438540	4906563	0	2012-11-16 11:00:18.881848+00	0		
12687	27609	12436118	12436119	0	2013-01-12 22:13:34.898974+00	0		
13157	27609	12436711	7315808	0	2011-09-05 08:19:04.90657+00	0		
13247	27609	12436856	12436854	0	2011-09-05 22:29:43.878411+00	0		
9421	27127	303990	10663478	0	2012-01-31 15:12:48.672045+00	0		
13895	27609	12438343	2682972	0	2013-01-13 16:16:35.951911+00	0		
13849	27609	12438317	9062403	0	2013-01-14 00:00:49.714156+00	0		
14293	27609	12438711	10484990	0	2013-01-19 18:05:24.186483+00	0		
58942	27609	12610111	12610109	0	2013-04-17 18:55:53.492006+00	0		
11707	27127	12433890	12433891	0	2013-04-21 10:00:53.935799+00	0		
11681	109165	504211	12433392	0	2013-05-10 12:00:11.825823+00	0		
11322	27609	12432582	12432579	0	2011-07-17 13:54:54.453109+00	0		
11387	27609	12432687	12432686	0	2011-07-18 07:12:51.408411+00	0		
11463	27609	12432775	12432774	0	2011-07-18 10:56:18.16023+00	0		
11772	27609	12434240	11267730	0	2011-08-14 08:26:38.274477+00	0		
11688	27609	1943838	9001670	0	2011-09-26 10:00:08.727288+00	0		
11924	27609	12434541	12434543	0	2011-08-31 22:00:06.713256+00	0		
11665	27609	12433234	12433236	0	2011-07-22 08:10:31.486633+00	0		
11678	27609	12433278	12433280	0	2011-07-23 14:19:44.249476+00	0		
7226	27069	869938	2242936	0	2011-07-23 23:02:48.214645+00	0		
13118	27609	12436661	8230300	0	2014-01-09 15:01:13.29657+00	0		
13276	27069	8160872	12436883	0	2011-09-06 01:13:53.850567+00	0		
17740	27609	12449298	12449297	0	2011-12-22 14:30:56.894132+00	0		
75341	27609	12688905	4163988	0	2014-01-07 10:02:02.98164+00	0		
17689	27609	12449149	12449125	0	2011-12-21 15:46:52.932576+00	0		
17777	27609	12449436	12449433	0	2011-12-22 23:33:33.654082+00	0		
17828	27609	12449480	12449473	0	2011-12-23 07:25:30.159695+00	0		
17805	27069	8160842	11943948	0	2011-12-23 03:42:03.189736+00	0		
17850	27609	12449485	12449482	0	2011-12-23 08:45:23.575678+00	0		
17903	27609	12449585	12449587	0	2011-12-23 11:59:08.410817+00	0		
17887	27609	12449561	12449552	0	2011-12-23 10:38:09.414178+00	0		
12801	27069	1903190	12436254	0	2012-06-24 17:00:09.459612+00	0		
13662	27609	12437901	12437907	0	2014-01-12 07:00:17.849198+00	0		
11663	27127	10265662	11783811	0	2011-09-01 09:03:06.745251+00	0		
6386	27069	179012	11855963	0	2011-05-16 16:27:39.450042+00	0		
943	27069	180459	180468	0	2011-05-16 16:27:39.450042+00	0		
971	27069	180461	180469	0	2011-05-16 16:27:39.450042+00	0		
13296	27609	12436928	9636580	0	2011-09-06 09:25:29.029004+00	0		
9122	27127	263863	10907619	0	2011-07-26 12:00:12.02296+00	0		
16024	27609	12441940	12441952	0	2011-11-15 03:00:09.673266+00	0		
11655	27609	12433142	10580769	0	2011-08-03 14:00:05.937707+00	0		
11660	27127	649071	12433180	0	2011-08-04 09:00:08.724937+00	0		
11673	27609	12433246	8320801	0	2011-08-05 18:00:09.067592+00	0		
11680	27069	8212834	12433362	0	2011-08-07 23:00:07.829788+00	0		
60714	27609	12618969	12618959	0	2013-05-15 21:37:28.200171+00	0		
11658	27127	1251927	10539304	0	2011-11-27 22:00:07.512552+00	0		
1932	27069	208576	1275813	0	2011-05-16 16:27:39.450042+00	0		
1795	27069	208583	1275820	0	2011-05-16 16:27:39.450042+00	0		
13343	27609	12437099	12437097	0	2011-09-06 23:52:32.907284+00	0		
13349	27609	12437166	12437170	0	2011-09-07 21:59:35.813373+00	0		
13363	27609	12437198	12437197	0	2011-09-08 07:27:20.437998+00	0		
13435	27609	12437270	8120856	0	2011-09-08 15:45:40.21256+00	0		
13497	27609	12437422	12437418	0	2011-09-09 07:35:17.248102+00	0		
12851	27609	12436343	12436346	0	2011-09-01 23:24:57.671146+00	0		
13524	27609	12437581	12437580	0	2011-09-09 23:11:34.175181+00	0		
13542	27609	12437676	12437674	0	2011-09-10 22:52:33.636275+00	0		
13565	27609	12437680	9083684	0	2011-09-11 09:56:33.433679+00	0		
13603	27609	12437708	12437705	0	2011-09-11 15:01:04.931261+00	0		
13646	27258	3576054	7998382	0	2011-09-12 07:12:48.057587+00	0		
13158	27609	12436713	607291	0	2011-09-13 18:00:08.861553+00	0		
13107	27609	12436656	7607147	0	2011-09-13 22:02:25.885763+00	0		
13529	27609	12437620	7398960	0	2011-09-13 22:07:36.149423+00	0		
16080	27069	8160916	12442047	0	2011-11-01 19:51:41.258112+00	0		
16037	27609	12453320	12453326	0	2013-04-24 11:00:16.693454+00	0		
16114	27069	8160931	11999786	0	2011-11-02 14:36:55.230003+00	0		
10998	27609	12429968	11532819	0	2011-07-01 19:00:06.749315+00	0		
11700	27609	12433769	12433771	0	2011-08-18 01:00:11.494089+00	0		
11023	27609	12430013	12430012	0	2011-07-02 02:00:12.405744+00	0		
12800	27126	174323	12434141	0	2011-09-15 12:00:08.593924+00	0		
7064	27069	227696	2661947	0	2011-05-16 16:27:39.450042+00	0		
13036	27609	12434195	914918	0	2011-09-16 22:00:07.619347+00	0		
16133	27069	9658726	11592623	0	2011-11-02 16:07:39.323022+00	0		
16159	27069	8160931	10660932	0	2011-11-02 17:37:21.249821+00	0		
11967	27609	12434784	12434787	0	2011-08-22 13:58:32.215717+00	0		
26073	27609	12482954	10257106	0	2012-04-17 14:03:14.937503+00	0		
12006	27609	12434870	9363567	0	2011-08-23 06:52:40.315474+00	0		
72	27069	176378	294681	0	2011-06-02 18:00:15.234099+00	0		
11711	27069	12434051	12434060	0	2011-08-23 20:00:07.586712+00	0		
12041	27609	12435018	12435021	0	2011-08-24 10:39:23.662498+00	0		
12107	27609	12435141	12435138	0	2011-08-24 19:27:08.838646+00	0		
12015	27609	12434939	9363271	0	2011-08-25 06:02:28.186103+00	0		
12867	27609	12436371	12436382	0	2011-09-02 09:52:19.174939+00	0		
12226	27609	12435352	12435354	0	2011-08-25 12:00:29.195268+00	0		
12292	27609	12435485	12435480	0	2011-08-26 00:30:55.818409+00	0		
12295	27609	12435487	9009612	0	2011-08-26 09:17:31.36349+00	0		
12357	27609	12435569	12435570	0	2011-08-26 14:02:58.025074+00	0		
11739	27609	12434171	593425	0	2011-08-26 16:00:10.039382+00	0		
12461	27609	12435787	12435789	0	2011-08-27 22:34:27.788662+00	0		
11837	27127	1630752	10668323	0	2015-01-13 12:05:18.409426+00	0		
12030	27609	12434973	12434975	0	2015-05-02 11:32:53.549604+00	3		
11709	27258	12434037	674763	0	2015-02-25 01:00:16.066828+00	0		
13798	27609	12438220	11778285	0	2015-05-03 11:21:54.104482+00	2		
11574	27609	12432935	12432936	0	2015-05-14 09:50:10.656284+00	1		
16147	27069	8160860	12442165	0	2011-11-02 16:53:11.722308+00	0		
12496	27609	12435863	3023485	0	2011-08-29 00:43:08.028412+00	0		
11779	27609	12434172	3145453	0	2011-08-29 04:00:09.815123+00	0		
11793	27609	12434303	12434305	0	2011-08-29 12:00:06.687661+00	0		
17934	27069	8371162	11995615	0	2011-12-23 20:30:54.470965+00	0		
12918	27609	12436413	12436422	0	2011-09-02 11:43:18.266858+00	0		
15963	27609	12441799	7747492	0	2011-11-13 15:00:07.412912+00	0		
17869	27609	12449533	12449536	0	2015-06-25 11:40:05.202665+00	4		
17953	27609	12449540	12449705	0	2015-06-25 11:45:24.955323+00	5		
11940	27609	1558034	10696301	0	2015-08-13 10:42:42.958052+00	3		
13324	27609	12437008	6919672	0	2015-08-13 10:43:31.538499+00	2		
12793	27609	1687083	11135819	0	2015-08-13 10:59:15.152792+00	3		
12941	27609	12436454	7642478	0	2015-08-13 11:15:48.293114+00	2		
34813	116658	8796809	6044758	0	2015-08-31 13:02:13.662874+00	0		
13202	27609	12436742	9110118	0	2015-09-05 12:47:06.100808+00	18		
13672	27609	12437981	626364	0	2015-09-18 14:10:49.799538+00	2		
12418	27609	12435670	12435668	0	2015-10-02 16:28:05.310518+00	1		
13058	27609	12436537	12436536	0	2011-09-03 11:22:07.614723+00	0		
25344	112544	12476425	12435354	0	2014-11-17 23:23:33.256856+00	0		
12688	27609	12436118	12436120	0	2013-01-13 16:15:40.120448+00	0		
13248	27609	12436856	12436853	0	2011-09-05 22:29:57.215315+00	0		
17975	27609	12449833	12449829	0	2011-12-24 19:14:10.646666+00	0		
17987	27609	12449860	12449862	0	2011-12-24 20:13:28.755282+00	0		
17999	27609	12449881	12449867	0	2011-12-24 20:21:56.771884+00	0		
18011	27609	12449899	8410910	0	2011-12-24 20:56:32.920895+00	0		
18022	27609	12449923	904363	0	2011-12-25 00:36:18.351673+00	0		
12160	27609	12435220	10898891	0	2012-03-05 09:00:08.173837+00	0		
13896	27609	12438343	2682973	0	2013-01-13 16:16:35.629116+00	0		
59784	27609	12613918	11406830	0	2013-05-08 18:00:27.972992+00	0		
13850	27609	12438317	11106286	0	2013-01-14 01:00:20.337136+00	0		
11714	27609	12434116	9626984	0	2013-02-07 23:00:59.36596+00	0		
58943	27609	12610111	12610108	0	2013-04-17 18:56:07.39853+00	0		
11682	27127	8680873	9351764	0	2013-05-09 22:00:26.807979+00	0		
11323	27609	12432582	12432580	0	2011-07-17 13:55:13.010897+00	0		
11388	27609	12432687	12432688	0	2011-07-18 07:12:57.452846+00	0		
13277	27069	8160867	12005945	0	2011-09-06 01:16:12.799491+00	0		
6243	27069	243485	2862895	0	2011-05-16 16:27:39.450042+00	0		
8483	27069	243485	8072186	0	2011-05-16 16:27:39.450042+00	0		
6330	27069	243486	822031	0	2011-05-16 16:27:39.450042+00	0		
6878	27069	243486	8072183	0	2011-05-16 16:27:39.450042+00	0		
13297	27609	12436928	9636578	0	2011-09-06 09:27:05.400356+00	0		
13344	27609	12437099	12437096	0	2011-09-06 23:53:43.726666+00	0		
13350	27609	12437166	12437169	0	2011-09-07 21:59:47.538247+00	0		
13436	27609	12437274	8120857	0	2011-09-08 15:46:37.388968+00	0		
13498	27609	12437422	12437417	0	2011-09-09 07:35:31.97725+00	0		
13525	27609	12437581	12437578	0	2011-09-09 23:11:50.66661+00	0		
13543	27609	12437676	12437673	0	2011-09-10 22:52:53.364948+00	0		
13566	27609	12437680	9083687	0	2011-09-11 10:00:23.223084+00	0		
13604	27609	12437709	12437704	0	2011-09-11 15:46:41.60668+00	0		
11464	27609	12432775	12432773	0	2011-07-18 10:57:00.980687+00	0		
11024	27609	12430014	1130102	0	2011-07-02 02:00:14.642651+00	0		
11968	27609	12434784	12434788	0	2011-08-22 13:59:12.760812+00	0		
12007	27609	12434870	9363566	0	2011-08-23 06:52:48.109925+00	0		
11666	27609	12433234	12433237	0	2011-07-22 08:10:52.169266+00	0		
11712	27069	12434052	12434079	0	2011-08-23 21:00:08.929346+00	0		
11679	27609	12433278	12433281	0	2011-07-23 14:35:56.911518+00	0		
11683	27127	12433393	6527272	0	2011-07-25 19:59:29.056492+00	0		
26728	27609	12485787	4804729	0	2012-04-18 19:14:21.257765+00	0		
60712	27069	12602329	12618919	0	2013-05-15 17:46:44.826546+00	0		
11656	27609	12433142	9508045	0	2011-08-03 14:00:05.937707+00	0		
12042	27609	12435026	12435025	0	2011-08-24 10:42:01.660914+00	0		
11661	27128	649071	12433181	0	2011-08-04 09:00:08.936955+00	0		
11674	27609	12433246	8320799	0	2011-08-05 18:00:09.076252+00	0		
11689	27609	1943838	3401218	0	2011-09-12 10:51:49.048506+00	0		
11003	27127	6132345	12429990	0	2013-05-28 14:02:10.06754+00	0		
28458	27609	12492987	12492966	0	2012-05-08 05:28:57.506024+00	0		
13647	27258	3576054	624094	0	2011-09-13 22:05:09.630748+00	0		
13530	27609	12437620	7398961	0	2011-09-13 22:07:36.363442+00	0		
16025	27609	12441940	12441953	0	2011-11-15 03:00:09.687839+00	0		
13119	27609	12436661	11884677	0	2013-12-04 18:02:38.001895+00	0		
12991	27609	12434172	1741571	0	2011-09-16 21:00:08.405238+00	0		
12999	27609	12434181	4108242	0	2011-09-16 21:00:08.89774+00	0		
13037	27609	12434195	914911	0	2011-09-16 22:00:07.630247+00	0		
14060	27609	12438513	12438510	0	2011-09-17 14:41:06.60138+00	0		
14137	27609	12438570	8277301	0	2011-09-18 00:36:35.688369+00	0		
14359	27609	12438747	10352136	0	2011-09-20 15:00:35.111623+00	0		
13897	27609	12438343	2682970	0	2013-01-13 16:16:37.636008+00	0		
13364	27069	12437199	12437201	0	2011-09-22 08:00:08.271695+00	0		
14491	27609	12438813	12438816	0	2011-09-21 16:15:43.940247+00	0		
11701	27609	12433769	12433772	0	2011-08-18 01:00:11.526469+00	0		
12108	27609	12435141	12435137	0	2011-08-24 19:27:27.176011+00	0		
14532	27609	12438851	12438854	0	2011-09-22 09:28:51.238648+00	0		
13108	27609	12436657	7390182	0	2013-12-04 18:01:57.107021+00	0		
12227	27609	12435352	12435353	0	2011-08-25 12:00:42.309022+00	0		
12296	27609	12435487	9009613	0	2011-08-26 09:17:48.31616+00	0		
14705	27127	2401989	12439065	0	2011-10-07 16:00:05.975791+00	0		
12358	27609	12435572	12435575	0	2011-08-26 14:17:35.931084+00	0		
14694	27609	12439017	12439035	0	2011-09-23 13:13:21.223146+00	0		
16038	27609	12453320	12453327	0	2013-04-24 11:00:17.215707+00	0		
14729	27069	11948305	12439148	0	2011-09-24 00:03:53.350518+00	0		
14563	27609	12438870	6930365	0	2011-09-27 14:01:17.059054+00	0		
14612	27609	12438972	6930370	0	2011-09-27 14:01:17.535234+00	0		
14600	27609	12438969	6930375	0	2011-09-27 14:01:18.524701+00	0		
14684	27609	12439014	7187935	0	2011-09-27 14:01:32.248043+00	0		
14474	27609	12438800	572525	0	2012-12-22 06:18:33.189657+00	0		
14260	27609	12438693	9173487	0	2011-10-02 07:00:27.914176+00	0		
14294	27609	12438712	11755942	0	2011-10-02 10:00:22.309316+00	0		
12161	27609	12435220	10898892	0	2012-03-05 09:00:08.404937+00	0		
14246	27609	8655821	8233257	0	2011-10-03 11:00:11.632489+00	0		
14329	27609	12438732	11760751	0	2011-10-04 12:00:06.81639+00	0		
11740	27609	12434171	9349447	0	2011-08-26 16:00:10.08738+00	0		
14388	27609	12438760	12216417	0	2011-10-04 22:00:10.185772+00	0		
12462	27609	12435787	12435790	0	2011-08-27 22:34:40.926185+00	0		
12992	27609	12819274	12103269	0	2015-03-16 07:50:49.07133+00	0		
12031	27609	12434973	12434977	0	2015-05-02 11:32:53.549604+00	1		
14647	27609	12439003	11919629	0	2015-05-03 10:55:06.45042+00	4		
13799	27609	12438220	11778286	0	2015-05-03 11:21:54.104482+00	3		
12741	27609	12436175	12436172	0	2015-05-04 13:48:26.553455+00	1		
26409	27609	12484381	12484372	0	2015-05-05 11:57:26.206172+00	3		
11575	27609	12432935	12432938	0	2015-05-14 09:50:10.656284+00	2		
11780	27609	12434172	1071837	0	2011-08-29 04:00:10.589264+00	0		
11794	27609	12434303	12434306	0	2011-08-29 12:00:06.707218+00	0		
26981	27609	12487069	12487060	0	2012-04-21 17:14:35.967677+00	0		
13663	27609	12437901	12437908	0	2014-01-12 07:00:17.849198+00	0		
16081	27069	8160917	12442047	0	2011-11-01 19:52:28.263737+00	0		
16115	27609	12436498	12442146	0	2011-11-02 15:08:45.619044+00	0		
14414	27609	12438764	12216525	0	2011-10-04 23:00:09.355752+00	0		
26074	27127	10355538	1341176	0	2012-06-25 23:00:08.131741+00	0		
14589	27609	12438899	6930345	0	2011-10-05 18:00:25.172409+00	0		
14636	27127	12438997	12438999	0	2011-10-06 23:00:06.721534+00	0		
17966	27609	12449745	12449744	0	2015-06-25 11:42:03.700803+00	3		
12689	27609	12436087	12436118	0	2015-08-02 17:26:39.63812+00	11		
13325	27609	12437008	6919673	0	2015-08-13 10:43:31.538499+00	3		
14208	27609	12438634	6564143	0	2015-08-13 23:01:08.058476+00	27		
14327	27609	12438717	11758557	0	2015-08-14 07:55:00.450655+00	5		
13204	27609	12436742	9110116	0	2015-09-05 12:47:06.100808+00	16		
11775	27609	12434262	11915603	0	2015-09-12 22:06:35.777103+00	3		
11776	27609	12434262	11915602	0	2015-09-12 22:06:35.777103+00	2		
13079	27609	12436625	1412603	0	2015-09-13 11:46:25.832146+00	2		
13080	27609	12436625	1412604	0	2015-09-13 11:46:25.832146+00	3		
13673	27609	12437981	626365	0	2015-09-18 14:10:49.799538+00	3		
12419	27609	12435670	12435667	0	2015-10-02 16:28:05.310518+00	2		
14019	27609	9140536	12438444	0	2015-10-02 20:56:31.856941+00	15		
16134	27069	9658727	11592623	0	2011-11-02 16:08:08.16117+00	0		
14507	27609	12438831	8364374	0	2011-10-27 00:00:08.045439+00	0		
11925	27609	12434541	12434544	0	2011-08-31 22:00:06.744281+00	0		
12794	27609	12436229	5689278	0	2011-08-31 22:32:07.212146+00	0		
12802	27127	1037860	3197579	0	2011-09-01 14:26:54.170329+00	0		
12852	27609	12436350	12436347	0	2011-09-01 23:33:18.990818+00	0		
12868	27609	12436371	12436381	0	2011-09-02 09:52:36.757293+00	0		
12919	27609	12436413	12436421	0	2011-09-02 11:43:40.37799+00	0		
16148	27069	8160867	12442166	0	2011-11-02 17:00:21.360914+00	0		
13059	27609	12436537	12436538	0	2011-09-03 11:22:59.539224+00	0		
15964	27609	12441806	7315809	0	2011-11-13 15:00:07.898282+00	0		
11941	27609	11674920	9763854	0	2011-09-03 13:00:22.169529+00	0		
16713	27069	903830	12443707	0	2011-12-01 20:00:10.862157+00	0		
13159	27609	12436713	12425907	0	2011-09-05 08:23:54.965817+00	0		
13249	27609	12436861	12436860	0	2011-09-05 22:34:06.268808+00	0		
14099	27609	12438540	12438539	0	2012-11-16 11:00:18.881848+00	0		
13899	27609	12438344	2682975	0	2013-01-13 16:16:31.930771+00	0		
13851	27609	12438317	11106288	0	2013-01-14 01:00:16.615801+00	0		
14438	27609	12438768	12216678	0	2013-02-02 13:02:42.541137+00	0		
14548	27609	12438854	8988726	0	2013-05-07 19:00:34.326423+00	0		
13941	116658	6493833	11106294	0	2013-05-07 13:00:16.736935+00	0		
13278	27069	11948304	12436884	0	2011-09-06 02:33:29.252886+00	0		
13298	27609	12436933	12436929	0	2011-09-06 09:34:32.92922+00	0		
13345	27609	12437100	634712	0	2011-09-06 23:57:37.344997+00	0		
13351	27609	12437166	12437168	0	2011-09-07 22:00:00.283576+00	0		
13437	27609	12437274	8120858	0	2011-09-08 15:48:17.31583+00	0		
13499	27609	12437422	12437416	0	2011-09-09 07:35:45.190604+00	0		
13544	27609	12437677	9132463	0	2011-09-10 23:04:58.019167+00	0		
13605	27609	12437709	12437710	0	2011-09-11 15:47:18.179956+00	0		
9017	27127	11751284	3197584	0	2011-09-12 10:46:21.998387+00	0		
13160	27609	12436713	12425906	0	2011-09-13 01:00:09.472473+00	0		
13531	27609	12437620	512937	0	2011-09-13 22:07:36.550944+00	0		
13852	27609	12438317	11106289	0	2011-09-15 16:21:27.830925+00	0		
16026	27609	12441940	12441954	0	2011-11-15 04:00:09.294013+00	0		
13365	27069	12437202	12437204	0	2011-09-22 08:00:08.381536+00	0		
15965	27609	12441806	12425924	0	2011-11-13 15:00:07.905586+00	0		
16771	27609	12443924	12443927	0	2011-11-20 23:32:07.657284+00	0		
16808	27069	8160842	12443980	0	2011-11-21 15:49:56.726097+00	0		
16829	27069	8160924	12444023	0	2011-11-21 19:57:37.671289+00	0		
16847	27609	12444041	5267069	0	2011-11-22 10:11:34.061077+00	0		
16875	27609	12444199	12444204	0	2011-12-08 00:00:12.623693+00	0		
16885	27258	10257073	12444208	0	2011-12-08 01:00:03.892933+00	0		
16864	27609	12444178	12443489	0	2011-12-07 20:00:17.708253+00	0		
61422	109165	12621839	12621989	0	2013-05-24 18:18:41.964387+00	0		
13664	27609	12426464	12437918	0	2013-07-02 04:00:30.914277+00	0		
11324	27609	12432582	12432581	0	2011-07-17 13:55:33.1928+00	0		
11389	27609	12432593	12432689	0	2011-07-18 07:23:30.578241+00	0		
11465	27609	12432775	12432772	0	2011-07-18 11:00:55.629055+00	0		
13567	27609	12437680	9083691	0	2013-12-14 14:00:46.656433+00	0		
75342	27609	12688905	2053323	0	2014-01-07 10:02:02.98164+00	0		
11025	27609	12430014	1130103	0	2011-07-02 02:00:14.654574+00	0		
11667	27609	12433234	12433238	0	2011-07-22 08:10:55.343145+00	0		
43702	27127	6097360	12558926	0	2012-12-23 04:00:20.650789+00	0		
4977	27069	270674	1362611	0	2011-05-16 16:27:39.450042+00	0		
13109	27609	12436657	7607158	0	2013-12-04 14:00:36.496633+00	0		
26410	27609	12484380	408315	0	2012-04-24 21:06:02.377204+00	0		
17690	27609	12449149	12449126	0	2011-12-21 15:46:57.029948+00	0		
26729	27609	12485789	4803673	0	2012-04-18 19:18:11.466009+00	0		
26075	27127	11487447	1341181	0	2012-04-23 17:00:13.358438+00	0		
26982	27609	12487069	12487061	0	2012-04-21 17:14:37.445173+00	0		
27408	27609	6693481	8131130	0	2013-05-06 19:00:52.072699+00	0		
17741	27609	12449298	12449302	0	2011-12-22 14:31:01.832216+00	0		
17888	27609	12449561	12449553	0	2011-12-23 10:38:11.534088+00	0		
17778	27609	12449440	12449437	0	2011-12-22 23:37:12.813993+00	0		
17806	27069	8371159	11154758	0	2011-12-23 03:43:13.032049+00	0		
17829	27609	12449480	12449472	0	2011-12-23 07:25:33.823738+00	0		
2327	27069	280001	1079853	0	2011-05-16 16:27:39.450042+00	0		
17904	27609	12449585	12449586	0	2011-12-23 11:59:09.63072+00	0		
17851	27069	8054730	12449496	0	2011-12-23 08:52:12.059868+00	0		
17988	27609	12449860	12449863	0	2011-12-24 20:13:33.652117+00	0		
17870	27609	12449534	12449532	0	2011-12-23 10:20:24.850387+00	0		
17921	27069	8160861	12449615	0	2011-12-23 19:06:13.265958+00	0		
13004	27609	12436499	9349434	0	2012-02-07 21:00:08.086465+00	0		
18012	27609	12449899	8410908	0	2011-12-24 20:56:35.200316+00	0		
17976	27609	12449833	12449830	0	2011-12-24 19:14:11.88842+00	0		
18000	27609	12449881	12449868	0	2011-12-24 20:21:57.617236+00	0		
18023	27609	12449923	904364	0	2011-12-25 00:36:19.308269+00	0		
18043	27609	12449954	12449953	0	2011-12-25 02:50:54.489209+00	0		
18052	27609	12449959	8369919	0	2011-12-25 02:56:25.861678+00	0		
18060	27609	12449963	3323661	0	2011-12-25 03:06:16.191755+00	0		
18074	27609	12450024	12450022	0	2011-12-25 04:47:55.523118+00	0		
18080	27609	12450035	7962489	0	2011-12-25 11:19:58.304077+00	0		
18087	27609	12450035	12450037	0	2011-12-25 11:20:23.454125+00	0		
11675	27609	12433247	11281832	0	2011-08-05 18:00:09.204068+00	0		
109485	27609	12787724	12787889	0	2014-12-25 06:01:53.378623+00	0		
13800	27609	12438218	12438220	0	2015-05-02 12:33:36.278766+00	6		
12742	27609	12436175	12436173	0	2015-05-04 13:48:26.553455+00	2		
11576	27609	12432935	12432939	0	2015-05-14 09:50:10.656284+00	4		
13120	27609	12436662	7336384	0	2011-09-04 15:45:53.467979+00	0		
34814	27069	12429750	12519815	0	2012-08-17 22:40:24.71372+00	0		
13250	27609	12436861	12436859	0	2011-09-05 22:34:19.994069+00	0		
11839	27127	11657862	6610683	0	2011-08-16 14:44:46.668553+00	0		
11702	27609	12433769	12433773	0	2011-08-18 01:00:11.562464+00	0		
11969	27609	12434784	12434789	0	2011-08-22 13:59:18.405027+00	0		
12008	27609	12434870	9363568	0	2011-08-23 06:52:56.020621+00	0		
12032	27609	12434981	12434980	0	2011-08-24 08:53:51.736991+00	0		
12043	27609	12435026	12435024	0	2011-08-24 10:43:17.057346+00	0		
11716	27609	12434116	9626991	0	2011-08-24 19:00:06.990853+00	0		
12109	27609	12435147	12435146	0	2011-08-24 19:32:55.710785+00	0		
12228	27609	12435352	12435355	0	2011-08-25 12:00:58.73721+00	0		
12297	27609	12435489	12435488	0	2011-08-26 09:31:44.487312+00	0		
17967	27609	12449745	12449521	0	2015-06-25 11:42:03.700803+00	4		
17954	27609	12449540	12449706	0	2015-06-25 11:45:24.955323+00	6		
12608	27609	12435979	1282366	0	2015-08-09 19:31:18.773299+00	2		
13326	27609	12437008	6919674	0	2015-08-13 10:43:31.538499+00	4		
12942	27609	12436454	7642479	0	2015-08-13 11:15:48.293114+00	3		
12497	27609	12435874	9049602	0	2015-08-13 22:01:21.000643+00	1		
14174	27609	12438631	9572034	0	2015-08-13 22:45:09.128766+00	2		
16714	27609	12443430	357994	0	2015-08-13 22:48:11.848472+00	1		
12017	27609	12434946	11444311	0	2015-08-16 18:41:26.241934+00	1		
18093	112544	12442960	8835571	0	2015-09-09 17:11:50.321174+00	0		
11777	27609	12434262	11915522	0	2015-09-12 22:06:35.777103+00	1		
13081	27609	12436625	6354679	0	2015-09-13 11:46:25.832146+00	4		
18105	27609	12450046	10292047	0	2015-09-15 04:23:24.939642+00	2		
18099	27609	12450046	10292049	0	2015-09-15 04:23:24.939642+00	4		
13674	27609	12437981	626366	0	2015-09-18 14:10:49.799538+00	4		
12511	27609	8434168	2664258	0	2015-09-27 05:01:31.94327+00	1		
12359	27609	12435572	12435573	0	2011-08-26 14:18:00.182134+00	0		
17935	27069	8114763	11944023	0	2012-01-05 20:01:16.030497+00	0		
12463	27609	12435793	12435792	0	2011-08-27 22:57:18.079897+00	0		
18111	27609	12450047	11858861	0	2011-12-25 12:11:42.487625+00	0		
11795	27609	12434303	12434308	0	2011-08-29 12:00:06.720075+00	0		
27717	27609	4558654	7847727	0	2012-04-29 01:18:13.345556+00	0		
11926	27609	12434541	12434545	0	2011-08-31 22:00:06.848252+00	0		
12795	27609	12436229	1497946	0	2011-08-31 22:32:22.984781+00	0		
12803	27127	12436266	3197580	0	2011-09-01 14:43:09.335894+00	0		
12853	27609	12436350	12436348	0	2011-09-01 23:33:35.828074+00	0		
12869	27609	12436371	12436380	0	2011-09-02 09:52:52.370735+00	0		
12920	27609	12436413	12436420	0	2011-09-02 11:43:57.59169+00	0		
18117	27069	6923052	11755088	0	2011-12-25 12:18:53.627626+00	0		
18123	27609	12450048	12450052	0	2011-12-25 12:24:14.67508+00	0		
13060	27609	12436545	12436541	0	2011-09-03 11:33:57.317842+00	0		
18129	27609	12450048	6923052	0	2011-12-25 12:24:26.490134+00	0		
18135	27609	12450062	10292111	0	2011-12-25 12:35:38.018392+00	0		
12162	27609	12435220	9073424	0	2012-03-05 09:00:08.517116+00	0		
27726	27609	12489347	561731	0	2012-04-29 08:25:15.116346+00	0		
28857	27069	8160916	12498147	0	2012-05-23 00:55:19.836506+00	0		
28459	27609	12492987	12492980	0	2012-05-08 05:29:17.64226+00	0		
12690	27609	12436121	12436122	0	2013-01-12 22:13:35.080775+00	0		
13900	27609	12438344	2682977	0	2013-01-13 16:16:31.238492+00	0		
13898	27609	12438343	2682971	0	2013-01-13 16:16:36.2598+00	0		
58944	27609	12610111	12610107	0	2013-04-17 18:56:22.538638+00	0		
17622	27069	8160892	10517740	0	2011-12-21 05:38:53.25186+00	0		
18156	27609	12450081	12450083	0	2011-12-25 13:27:00.202173+00	0		
17691	27609	12449156	12449130	0	2011-12-21 16:02:40.08594+00	0		
17742	27609	12449298	12449301	0	2011-12-22 14:31:04.973327+00	0		
18159	27069	2592334	10238498	0	2012-01-09 00:00:06.327316+00	0		
17779	27609	12449440	12449438	0	2011-12-22 23:37:16.319779+00	0		
17807	27069	8143728	12449468	0	2011-12-23 03:49:03.063457+00	0		
18160	27126	2514527	12450201	0	2012-01-09 12:00:19.205272+00	0		
17830	27609	12449480	12449471	0	2011-12-23 07:25:38.543779+00	0		
17852	27609	12449498	8054726	0	2011-12-23 09:17:12.548524+00	0		
18162	27126	9808025	12450233	0	2012-01-09 14:00:23.609822+00	0		
17871	27609	12449534	12449527	0	2011-12-23 10:20:26.10396+00	0		
17889	27609	12449561	12449554	0	2011-12-23 10:38:12.454335+00	0		
18164	27609	10256692	12450270	0	2012-01-09 18:00:13.708683+00	0		
17905	27609	12449585	12449584	0	2011-12-23 11:59:10.211821+00	0		
17922	27069	8371161	12449616	0	2011-12-23 19:14:43.87552+00	0		
9512	27127	1463923	9173437	0	2012-01-11 20:03:57.062976+00	0		
18246	27069	8160926	12450377	0	2012-01-06 06:00:03.241426+00	0		
60715	27609	12618969	12618960	0	2013-05-15 21:37:39.231007+00	0		
17977	27609	12449833	12449831	0	2011-12-24 19:14:12.86937+00	0		
18166	27609	12450284	7979248	0	2011-12-26 19:18:23.162225+00	0		
17989	27609	12449860	12449859	0	2011-12-24 20:13:37.299654+00	0		
18001	27609	12449881	12449869	0	2011-12-24 20:21:59.601+00	0		
18203	27609	12450321	9374028	0	2011-12-26 20:49:25.532812+00	0		
18013	27609	12449899	8410909	0	2011-12-24 20:56:36.269546+00	0		
18169	27609	12450286	9373972	0	2011-12-26 19:21:16.011534+00	0		
18024	27609	12449923	904365	0	2011-12-25 00:36:20.578758+00	0		
18189	27609	12450300	9361095	0	2012-01-01 08:02:00.386917+00	0		
18044	27609	12449954	12449952	0	2011-12-25 02:50:55.108937+00	0		
18172	27609	12450288	9361597	0	2011-12-26 19:23:08.371559+00	0		
18053	27609	12449959	8369920	0	2011-12-25 02:56:26.657343+00	0		
18061	27069	12449973	12449972	0	2011-12-25 03:24:11.047108+00	0		
18175	27609	12450290	12450293	0	2011-12-26 19:34:38.117006+00	0		
18075	27069	12450028	904361	0	2011-12-25 05:07:16.537612+00	0		
18081	27609	12450035	7962488	0	2011-12-25 11:19:59.339496+00	0		
18204	27609	12450323	12450326	0	2011-12-26 22:03:17.610238+00	0		
18088	27609	12450035	12450036	0	2011-12-25 11:20:25.59191+00	0		
18181	27609	9361267	9373082	0	2011-12-31 18:02:08.344697+00	0		
18094	27069	12442964	8835584	0	2011-12-25 11:49:18.588639+00	0		
107186	27609	12781197	12781199	0	2014-11-25 06:01:20.928344+00	0		
11781	27609	12819273	12103268	0	2015-03-16 07:33:34.170924+00	0		
18112	27609	12450047	11858860	0	2011-12-25 12:11:42.826756+00	0		
18118	27609	12450048	12450059	0	2011-12-25 12:24:06.461906+00	0		
18124	27609	12450048	12450058	0	2011-12-25 12:24:15.820115+00	0		
18183	27609	12450296	9361600	0	2011-12-26 19:47:19.340711+00	0		
18136	27609	12450062	10292110	0	2011-12-25 12:35:38.71201+00	0		
18140	27609	12450067	7835412	0	2011-12-25 12:57:42.43617+00	0		
18205	27609	12450323	12450328	0	2011-12-26 22:03:19.187959+00	0		
18144	27609	12450067	12450070	0	2011-12-25 12:57:45.499748+00	0		
18185	27609	12450298	9361498	0	2011-12-26 19:53:36.95967+00	0		
18147	27609	12450074	10292109	0	2011-12-25 13:02:09.733678+00	0		
17936	27069	9315256	11206959	0	2012-01-05 20:01:16.176822+00	0		
18153	27609	12450080	12448831	0	2011-12-25 13:18:07.516844+00	0		
18219	27609	12450342	12450341	0	2011-12-26 23:06:13.103242+00	0		
18187	27609	12450298	9361500	0	2011-12-26 19:53:39.123302+00	0		
18206	27609	12450323	12450329	0	2011-12-26 22:03:20.084439+00	0		
17968	27127	12449759	12449758	0	2012-01-07 11:00:08.527222+00	0		
18191	27609	12450310	5182422	0	2011-12-26 20:22:07.233352+00	0		
18192	27609	12450310	5182423	0	2011-12-26 20:25:28.729162+00	0		
18193	27609	12450310	5182424	0	2011-12-26 20:27:33.255708+00	0		
18207	27609	12450323	12450330	0	2011-12-26 22:03:20.62334+00	0		
18194	27609	12450310	5182425	0	2011-12-26 20:29:33.234917+00	0		
18195	27609	12450314	12450311	0	2011-12-26 20:32:58.381446+00	0		
18235	27609	12450362	12450366	0	2011-12-26 23:46:06.078718+00	0		
18196	27609	12450314	12450312	0	2011-12-26 20:32:59.660789+00	0		
18208	27609	12450323	12450331	0	2011-12-26 22:03:21.77712+00	0		
108984	27609	12774381	5417069	0	2014-12-19 18:00:16.89655+00	0		
28007	27609	12489842	747057	0	2015-05-03 11:41:08.863895+00	1		
12743	27609	12436175	12436174	0	2015-05-04 13:48:26.553455+00	3		
18197	27609	12450314	12450313	0	2011-12-26 20:33:00.134663+00	0		
18198	27609	12450319	12450318	0	2011-12-26 20:38:52.879595+00	0		
18220	27609	12450342	12450340	0	2011-12-26 23:06:14.281924+00	0		
18199	27609	12450319	12450316	0	2011-12-26 20:38:53.116269+00	0		
18209	27609	12450323	12450332	0	2011-12-26 22:03:22.7656+00	0		
18200	27609	12450319	12450317	0	2011-12-26 20:38:54.210025+00	0		
18201	27609	12450321	9374026	0	2011-12-26 20:49:23.634574+00	0		
18202	27609	12450321	9374027	0	2011-12-26 20:49:23.816748+00	0		
18210	27609	12450323	12450327	0	2011-12-26 22:03:58.431265+00	0		
18229	27609	12450356	12450351	0	2011-12-26 23:33:18.44282+00	0		
18211	27609	12450323	12450324	0	2011-12-26 22:03:59.07378+00	0		
18221	27609	12450342	12450339	0	2011-12-26 23:06:14.96815+00	0		
18212	27609	12450323	12450325	0	2011-12-26 22:03:59.689765+00	0		
18213	27609	12450323	12450322	0	2011-12-26 22:04:00.234106+00	0		
18214	27609	12450336	12450333	0	2011-12-26 22:21:40.416897+00	0		
18222	27609	12450347	12450344	0	2011-12-26 23:18:45.355863+00	0		
18215	27609	12450336	12450334	0	2011-12-26 22:21:41.407109+00	0		
12609	27609	12435979	8942412	0	2015-08-09 19:31:18.773299+00	1		
12943	27609	12436456	7642481	0	2015-08-13 11:21:59.632375+00	1		
13205	27609	12436742	9110115	0	2015-09-05 12:47:06.100808+00	15		
18100	27609	12450046	10292050	0	2015-09-15 04:23:24.939642+00	5		
11942	27609	12434645	212666	0	2015-09-23 21:20:37.622485+00	4		
12512	27609	8434168	9749654	0	2015-09-27 05:01:31.94327+00	2		
12420	27609	12435670	12435669	0	2015-10-02 16:28:05.310518+00	3		
18216	27609	12450336	12450335	0	2011-12-26 22:21:41.888186+00	0		
18217	27069	8160921	12450337	0	2011-12-26 22:55:32.443415+00	0		
18223	27609	12450347	12450345	0	2011-12-26 23:18:46.321869+00	0		
18218	27069	8160923	12450338	0	2011-12-26 22:58:06.245672+00	0		
18230	27609	12450356	12450349	0	2011-12-26 23:33:19.503432+00	0		
18224	27609	12450347	12450346	0	2011-12-26 23:18:47.520048+00	0		
18225	27609	12450356	12450355	0	2011-12-26 23:33:15.354475+00	0		
18226	27609	12450356	12450354	0	2011-12-26 23:33:16.144986+00	0		
18231	27609	12450356	12450350	0	2011-12-26 23:33:39.619861+00	0		
18227	27609	12450356	12450353	0	2011-12-26 23:33:16.736643+00	0		
18228	27609	12450356	12450352	0	2011-12-26 23:33:17.385098+00	0		
18236	27609	12450362	12450365	0	2011-12-26 23:46:06.951473+00	0		
18232	27609	12450360	12450357	0	2011-12-26 23:35:36.502625+00	0		
18233	27609	12450360	12450358	0	2011-12-26 23:35:37.594467+00	0		
18239	27609	12450362	12450361	0	2011-12-26 23:46:10.68224+00	0		
18234	27609	12450360	12450359	0	2011-12-26 23:35:38.130439+00	0		
18237	27609	12450362	12450364	0	2011-12-26 23:46:08.535364+00	0		
18238	27609	12450362	12450363	0	2011-12-26 23:46:08.727032+00	0		
18240	27069	8160920	12450372	0	2011-12-26 23:50:22.854016+00	0		
18242	27609	12450371	12450369	0	2011-12-26 23:52:19.009847+00	0		
18241	27609	12450371	12450370	0	2011-12-26 23:52:17.26867+00	0		
18243	27609	12450371	12450368	0	2011-12-26 23:52:19.820431+00	0		
18244	27609	12450371	12450367	0	2011-12-26 23:52:22.042719+00	0		
18245	27069	8160912	12450373	0	2011-12-26 23:54:02.149845+00	0		
43703	27127	4106481	12558929	0	2012-12-23 06:00:11.246218+00	0		
18247	27609	12450376	12450375	0	2011-12-26 23:56:58.010122+00	0		
18248	27609	12450376	12450374	0	2011-12-26 23:56:59.484711+00	0		
18249	27069	8160916	12450378	0	2011-12-26 23:57:59.086176+00	0		
18250	27069	8160924	12450380	0	2011-12-26 23:59:53.129649+00	0		
18251	27069	8160913	12450381	0	2011-12-27 00:01:46.842645+00	0		
18252	27609	12450383	12450387	0	2011-12-27 00:08:40.40913+00	0		
18253	27609	12450383	827965	0	2011-12-27 00:08:40.432696+00	0		
18254	27609	12450383	12450386	0	2011-12-27 00:08:40.991493+00	0		
18255	27609	12450383	12450385	0	2011-12-27 00:08:41.895077+00	0		
18256	27609	12450383	12450384	0	2011-12-27 00:08:42.607077+00	0		
18178	27609	12450290	7988314	0	2011-12-31 18:02:07.9817+00	0		
18257	27609	12450389	12450390	0	2011-12-27 00:12:12.253371+00	0		
26411	27609	12484380	2670072	0	2012-04-24 21:06:02.428754+00	0		
75343	27609	12688905	2053324	0	2014-01-07 10:02:02.98164+00	0		
17872	27609	12449534	12449529	0	2011-12-23 10:20:27.592255+00	0		
13545	27609	12437677	9132459	0	2013-12-14 14:00:47.261469+00	0		
17623	27069	8337207	8341927	0	2011-12-21 06:32:41.160064+00	0		
17692	27609	12449156	12449128	0	2011-12-21 16:02:44.681762+00	0		
17890	27609	12449568	12449567	0	2011-12-23 11:00:06.403671+00	0		
17743	27609	12449298	12449300	0	2011-12-22 14:31:09.530319+00	0		
17780	27609	12449440	12449439	0	2011-12-22 23:37:20.022104+00	0		
17808	27069	8360605	12449468	0	2011-12-23 03:49:07.424593+00	0		
17906	27609	12449585	12449583	0	2011-12-23 11:59:11.323894+00	0		
18062	27069	12449978	12449977	0	2012-01-01 08:01:58.120407+00	0		
17853	27609	12449498	8054727	0	2011-12-23 09:17:15.376894+00	0		
17969	27127	12449759	12449760	0	2012-01-07 11:00:09.283528+00	0		
17978	27609	12449833	12449832	0	2011-12-24 19:14:13.963242+00	0		
17937	27069	12449467	11206966	0	2011-12-23 20:43:34.85341+00	0		
18014	27609	12449899	8410911	0	2011-12-24 20:56:37.323688+00	0		
17990	27609	12449881	12449874	0	2011-12-24 20:21:45.757655+00	0		
13279	27069	11948305	12436884	0	2011-09-06 02:34:14.46703+00	0		
11325	27609	12432593	7988309	0	2011-07-17 19:27:39.448373+00	0		
11390	27609	12432593	12432690	0	2011-07-18 07:23:38.018227+00	0		
11247	27127	12431555	12431554	0	2011-07-18 13:00:08.113813+00	0		
11668	27609	12433234	12433239	0	2011-07-22 08:12:25.034087+00	0		
18002	27609	12449881	12449870	0	2011-12-24 20:22:00.114743+00	0		
13299	27609	12436933	12436930	0	2011-09-06 09:34:48.339824+00	0		
12691	27609	12436121	12436123	0	2013-01-13 16:15:39.959559+00	0		
11927	27609	12434541	12434546	0	2011-08-31 22:00:06.878042+00	0		
11676	27609	12433247	6767559	0	2011-08-05 18:00:09.262279+00	0		
12796	27609	12436229	9636586	0	2011-08-31 22:32:45.722939+00	0		
16772	27609	12443924	12443928	0	2011-11-20 23:32:40.583203+00	0		
12854	27609	12436350	12436349	0	2011-09-01 23:33:53.386551+00	0		
10601	27126	268000	2756492	0	2011-11-30 07:00:08.40407+00	0		
12870	27609	12436371	12436379	0	2011-09-02 09:53:07.68748+00	0		
12921	27609	12436413	12436432	0	2011-09-02 11:44:20.305688+00	0		
7832	27069	285452	584958	0	2011-08-16 19:02:03.443047+00	0		
13346	27609	12437100	634713	0	2011-09-06 23:57:49.277305+00	0		
11703	27609	12433769	12433774	0	2011-08-18 01:00:11.570506+00	0		
11970	27609	12434792	12434791	0	2011-08-22 14:17:52.415449+00	0		
12033	27609	12434981	12434979	0	2011-08-24 08:54:23.124311+00	0		
12044	27609	12435026	12435023	0	2011-08-24 10:43:40.298804+00	0		
11717	27609	12434116	9914524	0	2011-08-24 19:00:07.003926+00	0		
12110	27609	12435147	12435145	0	2011-08-24 19:33:19.205734+00	0		
12009	27609	9384019	9363563	0	2011-08-25 06:02:22.654073+00	0		
12229	27609	12435352	12435356	0	2011-08-25 12:01:11.940363+00	0		
12298	27609	12435489	12435494	0	2011-08-26 09:32:16.149351+00	0		
12360	27609	12435572	12435574	0	2011-08-26 14:18:17.51608+00	0		
11742	27609	12434172	3195346	0	2011-08-26 16:00:10.896137+00	0		
13352	27609	12437166	12437167	0	2011-09-07 22:01:04.408728+00	0		
13366	27609	12437210	12437209	0	2011-09-08 08:04:18.517382+00	0		
13438	27609	12437274	8120859	0	2011-09-08 15:48:34.364884+00	0		
13500	27609	12437423	7926432	0	2011-09-09 07:53:02.324961+00	0		
13532	27609	12437624	12437622	0	2011-09-10 13:49:58.554738+00	0		
26412	27609	12484380	1848675	0	2012-04-24 21:06:02.471596+00	0		
11026	27609	12430014	1130104	0	2011-07-02 02:00:14.665414+00	0		
11006	27127	8923158	12429994	0	2011-07-07 18:03:31.897329+00	0		
17831	27609	12449481	8054720	0	2012-01-01 08:01:53.374066+00	0		
12464	27609	12435793	12435800	0	2011-08-27 22:57:34.58223+00	0		
11796	27609	12434303	12434309	0	2011-08-29 12:00:06.739446+00	0		
26730	27069	3689480	4815494	0	2012-04-18 19:49:21.110063+00	0		
13039	27609	12434195	914913	0	2011-09-16 22:00:07.711484+00	0		
12804	27069	11788316	2212586	0	2011-09-02 21:03:45.124777+00	0		
13061	27609	12436544	12436540	0	2011-09-03 11:34:02.314265+00	0		
13082	27609	12436627	12436628	0	2011-09-03 22:05:54.545082+00	0		
13121	27609	12436662	9106827	0	2011-09-04 15:46:12.531547+00	0		
13161	27609	12436720	12436719	0	2011-09-05 08:35:38.720891+00	0		
13251	27609	12436861	12436858	0	2011-09-05 22:34:38.707792+00	0		
13606	27609	12437709	12437703	0	2011-09-11 15:47:56.470175+00	0		
15966	27609	12441807	3077199	0	2011-11-13 16:00:07.919601+00	0		
13648	27609	12437811	12437808	0	2011-09-12 11:31:11.307533+00	0		
12993	27609	12434181	687907	0	2011-09-16 21:00:08.820142+00	0		
17956	27609	12449540	12449708	0	2015-06-25 11:45:24.955323+00	8		
12744	27609	12436179	6229196	0	2015-08-13 10:59:31.562294+00	1		
12944	27609	12436456	7642482	0	2015-08-13 11:21:59.632375+00	2		
12499	27609	12435874	6477442	0	2015-08-13 22:01:21.000643+00	3		
16715	27609	12443430	3566315	0	2015-08-13 22:48:11.848472+00	2		
14209	27609	12438634	6564144	0	2015-08-13 23:01:08.058476+00	28		
18036	27609	12435641	12449934	0	2015-08-30 20:32:08.875708+00	5		
13206	27609	12436742	9110114	0	2015-09-05 12:47:06.100808+00	14		
13675	27609	12437981	626367	0	2015-09-18 14:10:49.799538+00	5		
12421	27609	12435670	12435666	0	2015-10-02 16:28:05.310518+00	4		
14020	27609	12438423	9140536	0	2015-10-02 20:56:31.856941+00	16		
13801	27609	12438221	11778289	0	2011-09-15 00:58:58.721096+00	0		
13853	27609	12438317	11106290	0	2011-09-15 16:21:56.832455+00	0		
13015	27609	12434195	914908	0	2011-09-16 22:00:07.324414+00	0		
13018	27609	12434181	278293	0	2011-09-16 22:00:07.344487+00	0		
13019	27609	12434181	278294	0	2011-09-16 22:00:07.350925+00	0		
13032	27609	12434195	914910	0	2011-09-16 22:00:07.578876+00	0		
13038	27609	12434172	1741574	0	2011-09-16 22:00:07.703748+00	0		
14061	27609	12438513	12438508	0	2011-09-17 14:41:47.245611+00	0		
14138	27609	12438571	8277296	0	2011-09-18 00:45:29.66581+00	0		
13665	27609	12426464	12437919	0	2013-07-02 04:00:30.304642+00	0		
6871	27069	286160	7980213	0	2011-11-08 19:01:59.099937+00	0		
14261	27609	12438693	6234459	0	2011-10-02 07:00:27.689623+00	0		
13901	27609	12438344	2682976	0	2013-01-13 16:16:31.602522+00	0		
14295	27609	12438712	11755943	0	2011-10-04 00:00:05.453521+00	0		
14247	27609	8655821	1506496	0	2011-10-03 11:00:11.632489+00	0		
14330	27609	12438732	11760750	0	2011-10-04 12:00:06.909134+00	0		
14389	27609	12438760	12216418	0	2011-10-04 22:00:10.388473+00	0		
10011	27128	268000	1477635	0	2011-11-30 07:00:08.40407+00	0		
11840	27127	647822	1947529	0	2011-12-19 21:02:09.991861+00	0		
18025	27609	12449923	904366	0	2011-12-25 00:36:21.134296+00	0		
18045	27609	12449954	12449951	0	2011-12-25 02:50:56.490562+00	0		
18054	27609	12449959	8369914	0	2011-12-25 02:56:27.018752+00	0		
18137	27069	12442958	11755089	0	2012-01-01 08:02:04.740041+00	0		
18069	27069	8796214	12450006	0	2011-12-25 04:16:11.639698+00	0		
18082	27609	12450035	12450042	0	2011-12-25 11:20:00.470067+00	0		
18089	27609	12450044	12450045	0	2011-12-25 11:31:30.312543+00	0		
26077	27069	12474640	12482970	0	2012-04-23 17:00:16.311837+00	0		
18119	27609	12450048	12450060	0	2011-12-25 12:24:09.225773+00	0		
18125	27609	12450048	12450054	0	2011-12-25 12:24:18.545102+00	0		
26983	27609	12487069	12487062	0	2012-04-21 17:14:38.297068+00	0		
18141	27609	12450067	827957	0	2011-12-25 12:57:43.341963+00	0		
17923	27069	8160902	12449617	0	2012-01-06 04:00:12.326459+00	0		
12163	27609	12435220	10898893	0	2012-03-05 09:00:08.629904+00	0		
14100	27609	12438540	7839286	0	2012-11-16 11:00:18.881848+00	0		
28460	27609	12492987	12492971	0	2012-05-08 05:29:49.735558+00	0		
13110	27609	12436657	7390184	0	2013-12-04 14:00:37.067895+00	0		
13280	27069	12436886	12436885	0	2011-09-06 02:37:10.636346+00	0		
13300	27609	12436933	12436931	0	2011-09-06 09:35:01.718783+00	0		
12111	27127	12435148	9415991	0	2011-09-07 20:00:13.319464+00	0		
13353	27609	12437171	10874496	0	2011-09-07 22:11:35.585062+00	0		
11326	27609	12432594	12432595	0	2011-07-17 19:31:42.710108+00	0		
13367	27609	12437210	12437208	0	2011-09-08 08:04:39.458452+00	0		
11391	27609	12432593	12432691	0	2011-07-18 07:26:24.080233+00	0		
11466	27609	12432779	12432781	0	2011-07-18 13:23:18.88994+00	0		
13439	27609	12437273	12437270	0	2011-09-08 15:49:02.237073+00	0		
11669	27609	12433234	12433240	0	2011-07-22 08:12:29.518929+00	0		
13501	27609	12437423	7926433	0	2011-09-09 07:53:21.049555+00	0		
9597	27127	9477137	11096378	0	2011-07-22 19:02:22.69558+00	0		
13533	27609	12437624	12437623	0	2011-09-10 13:50:58.439098+00	0		
12010	27609	9384019	9363565	0	2011-08-25 06:02:22.732261+00	0		
13546	27609	12437677	9132461	0	2011-09-10 23:11:16.661803+00	0		
13569	27609	12437680	9083694	0	2011-09-11 10:06:50.962044+00	0		
13607	27609	12437711	12437702	0	2011-09-11 15:51:04.865049+00	0		
13083	27609	12436627	12436629	0	2011-09-03 22:06:12.015372+00	0		
11027	27609	12430016	12430017	0	2011-07-02 02:00:16.169186+00	0		
13649	27609	12437811	12437810	0	2011-09-12 11:31:40.100546+00	0		
13666	27069	12437937	12437938	0	2011-09-12 22:31:42.03723+00	0		
13676	27609	12437987	12437985	0	2011-09-13 12:14:21.778051+00	0		
12610	27069	607291	10118535	0	2011-09-13 18:00:08.861553+00	0		
75344	27609	12688905	4163991	0	2014-01-07 10:02:02.98164+00	0		
34815	27069	10874503	8576944	0	2012-08-17 22:41:45.413669+00	0		
12299	27609	12435489	12435493	0	2011-08-26 09:32:33.278558+00	0		
60716	27609	12618969	12618961	0	2013-05-15 21:37:49.456696+00	0		
13111	27609	12436658	7390222	0	2011-09-04 10:30:08.704981+00	0		
13122	27609	12436662	7336386	0	2011-09-04 15:46:45.863125+00	0		
13162	27609	12436722	9449743	0	2011-09-05 08:44:13.368559+00	0		
11704	27609	12433769	12433775	0	2011-08-18 01:00:11.85313+00	0		
1193	27069	348357	7286486	0	2011-05-16 16:27:39.450042+00	0		
13802	27609	12438221	11778288	0	2011-09-15 00:59:23.127918+00	0		
