907	107435
953	103611
4650	107473
884	107361
27029	165394
4376	103619
787	152102
37177	153377
26859	152103
787	152099
1615	107930
4744	107124
7702	107419
5313	107412
648	98971
3694	107421
5597	103725
4744	107131
3933	142382
2112	103628
2112	103629
2112	103630
8613	165900
44271	165901
988	107207
1644	97185
5597	103726
1968	108045
8076	108065
416	107174
2287	107498
20202	182170
1987	108054
5553	103651
5553	103652
7779	108123
3853	99683
5451	103662
14637	160259
2191	108651
2191	108656
5569	103665
968	107525
802	103669
3853	99689
3853	101854
2475	107589
787	107591
4737	107738
920	103955
45451	516143
8324	108630
7818	107605
7820	107606
802	103670
5452	103519
5452	103520
802	103671
5343	103347
3853	103892
5458	103677
5633	103785
4175	103793
5458	103678
5368	103370
2386	103897
5368	103371
5368	103372
3939	158497
7780	107550
1889	148484
5458	103679
205	124717
776	98142
22882	128870
5580	103682
802	103683
7887	107709
6422	107710
802	103684
5585	103806
5136	107711
6588	109522
5575	103685
5585	103807
5576	103686
2758	107625
3764	107740
4094	107695
5294	107714
366	107696
4161	107697
5576	103687
2716	103705
1556	99622
116	96726
227	103408
1333	103709
8618	108987
4007	107632
207	95061
321	95137
33	95174
4	95186
6	95062
33	95175
357	95187
227	95052
203	95063
297	95105
305	95115
33	95177
29	95188
225	95053
157	95014
224	95054
276	95077
4	95190
319	95130
239	95067
301	95108
205	95057
398	95218
19	94952
31	94962
90	94978
99	94979
104	94980
113	94981
126	95005
215	95060
157	95112
326	95147
29	95172
29	95173
5576	103688
357	95210
357	95209
357	95185
357	95075
445	95441
357	95649
451	95451
459	95469
507	95622
473	95506
476	95518
477	95526
215	96783
483	95556
185	95619
523	95631
523	95632
526	95635
535	95637
536	95638
536	95639
537	95640
538	95641
538	95642
884	96113
887	96128
892	96150
116	96162
907	96182
34	96211
573	95780
578	95782
578	95785
151	95828
583	95830
599	95842
608	95847
612	95848
635	95855
648	95859
661	95868
664	95875
681	95889
682	95891
685	95896
684	95905
491	95913
491	95914
694	95916
696	95920
699	95923
702	95928
703	95931
155	95934
711	95940
738	95963
741	95964
746	95965
45520	478356
17	478392
754	95972
764	95973
770	95976
771	95979
776	95990
778	96005
779	96007
779	96008
779	96011
471	96017
794	96025
829	96045
122	96057
25	96095
25	96096
25	96097
862	96101
25	96102
29	96105
876	96106
994	96263
608	96264
888	96274
55	96289
1014	96296
1031	96324
1065	96347
1070	96348
1216	96578
1287	96629
207	96791
6	96798
1509	96950
1552	97005
1466	97035
1364	97036
1014	97061
1622	97093
1626	97106
1632	97138
450	108398
1723	97354
1724	97355
1723	97360
1723	97362
1723	97370
1845	97579
685	98147
1925	97652
764	97690
887	97691
471	97711
1948	97749
1948	97752
1948	97753
1948	97770
1959	97774
1963	97782
953	97785
1971	97800
510	97801
510	97802
1982	97809
2014	97853
2014	97858
2024	97861
2024	97862
2026	97863
2026	97864
738	98228
2214	98231
2194	98213
2206	98234
746	98238
2218	98239
2218	98240
741	98242
754	98243
2202	98226
2206	98229
2214	98232
2206	98235
2191	98207
2213	98230
2206	98233
538	97903
2041	97947
538	97907
1440	97909
2033	97910
538	97912
537	97913
2046	97950
537	97935
537	97937
2052	97952
1239	97959
1239	97960
1971	98034
2191	98204
2221	98246
2194	98248
2226	98250
2226	98251
2232	98253
2239	98255
2244	98258
741	98274
2260	98278
2260	98279
2261	98284
2262	98285
2272	98288
694	98366
2423	98511
2422	98513
1569	98514
2428	98517
2423	98519
1556	98524
2251	98528
741	98529
2251	98530
2218	98531
26308	505466
2448	98534
1195	98538
1195	98539
1195	98540
2433	98544
2262	98546
2046	98547
476	98642
892	98724
2557	98797
2325	98802
2546	98807
445	98837
326	98888
2603	98901
2605	99012
2610	99040
39	112474
829	99200
1971	99320
1971	99323
2944	99512
122	99515
3004	99634
2852	99659
2852	99669
738	99746
2891	99905
3120	99908
3120	99909
968	99940
3229	100143
505	100275
754	100183
3250	100190
505	100276
505	100288
505	100290
3261	100212
39	120928
895	100255
505	100256
505	100289
505	100394
505	100398
3384	100427
3434	100564
3436	100567
3467	100622
505	100599
505	100600
505	100601
3448	100603
1644	100641
3486	100649
3493	100736
3508	100779
3273	103821
505	100842
505	100843
505	100861
505	100915
3611	100947
39	112475
3854	101204
3876	101219
3948	101387
741	101330
3958	101332
1608	101349
4082	101473
4093	101479
4141	101527
4142	101528
2480	101533
4146	101540
4204	101610
4204	101611
4212	101613
4889	103718
4250	101688
459	102387
3267	101736
752	101798
185	101804
4328	101851
4355	101885
1239	101934
3434	102006
4449	102008
4452	102012
4454	102013
4493	102057
2191	108034
2123	102095
483	102134
4412	102406
158	102732
462	102742
4948	102767
158	102817
2637	102916
4	102905
523	102973
4	98252
3764	108035
471	103200
5148	103123
5198	103224
5234	103250
4966	103228
4349	98551
5458	103680
523	103694
2386	103898
5597	103931
426	107399
5597	103952
5597	103960
7021	107376
5814	104054
5647	104099
5597	104101
7021	107377
5597	104178
4656	104200
4656	104201
49901	478394
2712	537121
4800	104203
5208	104204
3396	104205
799	104206
5773	104207
23532	524757
3621	104209
5900	104211
5901	104212
5900	104213
5902	104214
5904	104215
5905	104216
5906	104217
5907	104218
4746	104219
4746	104220
1902	104061
457	104264
457	104265
457	104266
1720	104271
5597	104272
5284	104273
5941	104274
2962	104275
2962	104276
2962	104277
3932	104278
378	104306
378	104307
5947	104308
5947	104309
5959	104310
5947	104311
5961	104316
5962	104317
5963	104318
5964	104319
5965	104320
5966	104321
5967	104322
5968	104323
3724	104324
5970	104325
175	104327
5971	104328
5971	104329
5972	104331
5961	104332
5973	104333
5974	104334
835	104335
1031	104339
1028	104340
346	104341
346	104342
346	104349
4608	104390
4608	104392
378	104398
346	104399
2112	104400
848	104402
848	104403
346	104455
6057	104456
6073	104479
416	107387
4	107300
7501	107301
3765	107320
4	107282
4	107284
1830	107287
1348	107288
2218	107299
4	107264
33	107271
1830	107275
5941	107236
289	104713
6129	104721
6046	104737
884	104740
5576	104760
982	104822
6197	104832
6197	104841
6197	104842
4214	104847
503	104855
3709	104863
3118	104865
6197	104868
3284	104879
4327	104894
1088	104895
6236	104896
6236	104897
4175	104900
2757	104912
230	104913
6330	105022
4413	105038
5138	105041
66	105043
289	105052
6360	105054
289	105056
988	105077
814	105083
814	105084
2961	105088
1175	105092
1968	105093
1968	105094
2866	105096
2713	105109
5662	105111
6414	105117
1595	105168
1155	105169
1596	105170
289	105203
1228	107106
6535	105283
6588	105329
6595	105347
1437	105349
239	105356
6092	105402
222	105411
289	105427
814	105454
40613	542514
208	105501
5245	105503
4007	105505
951	105576
174	105577
6118	105591
6118	105592
151	105599
4067	105601
5662	105602
6787	105641
6787	105643
3958	105645
6809	105666
177	105674
6814	105676
6729	105697
1961	105732
151	105746
188	105747
33778	150226
1228	107107
1720	107128
467	105770
943	105590
943	105804
7863	107675
2712	105821
467	105822
2315	105832
158	105842
158	105843
1835	105880
3585	105891
1180	105918
151	105920
6609	105923
5208	106044
1720	106045
4656	106046
1720	106047
4148	106056
4148	106057
645	106061
7015	106062
1596	106063
1595	106064
7021	106079
7018	106093
5275	106105
639	106236
5071	106237
1072	106261
7092	106271
4037	106274
7126	106281
7131	106285
3787	106299
3787	106300
6395	106348
6395	106349
4380	106416
46	107156
369	107160
1333	107161
1333	107162
1333	107163
369	107165
2866	106565
16802	585752
770	106626
7092	106632
7092	106649
4656	107126
7868	107679
6074	107733
2866	106699
7064	106724
174	106739
3853	106749
3853	106750
151	106751
3891	106752
7362	106756
7368	106768
7369	106769
7385	106828
7393	106838
1228	106843
426	106844
1835	106846
764	106850
62	106851
1616	106855
95	106859
7408	106860
1219	106861
4380	106864
480	106874
1335	106878
1335	106879
1332	106880
185	106881
185	106882
7447	106939
1299	106944
811	106960
1835	107006
1835	107007
1835	106845
1835	107025
8005	107946
1835	107099
4380	107100
95	107102
33	107104
355	107529
355	107530
4737	107735
426	107582
426	107583
416	107621
1616	107705
2191	107933
852	107734
7902	107747
7905	107755
793	107810
4888	107820
405	107826
717	107827
3599	108048
1987	108055
2191	107903
2191	107904
7975	107906
7976	107907
7979	107909
7981	107911
6876	107913
6876	107918
185	107919
8005	107949
3764	108036
4874	108074
8025	107983
8078	108060
2191	108684
2191	108685
2191	108688
8613	108984
4007	107631
8500	108911
4007	105090
4279	109091
155	109060
3413	109061
357	109068
172	109069
5662	109072
1724	109076
8685	109092
480	109142
4007	109202
6588	109154
3008	109163
1320	109164
5138	109165
4007	109191
8846	109264
8846	109265
225	109379
8869	109243
8870	109246
230	109447
2757	109448
4914	109534
6554	109535
9025	109624
6554	109562
235	109568
235	109569
480	109582
56	109586
56	109587
68	109588
3001	109591
343	109594
9063	109687
9049	109651
9054	109664
41	109730
7860	109736
4067	109754
9112	109764
4	109765
9166	109827
9147	109811
5421	109868
835	109890
8924	109899
9167	109830
6080	109851
7472	109881
378	109892
2386	109898
230	109941
779	109945
1868	109946
6988	109948
696	109957
2975	109959
195	109960
9356	110010
151	110015
5982	110089
378	110091
4608	110093
297	111030
3905	110090
4608	110092
87378	571778
445	110177
9473	110179
698	110288
698	110289
251	110290
1547	110399
39	110414
39	110417
9657	110443
1935	110450
9667	110464
4467	110470
9722	110569
9750	110631
9806	110706
9802	110708
4130	110780
4130	110781
6146	110796
103731	627941
9921	110922
9429	110632
9429	104844
433	111103
39	111114
39	111154
39	111155
433	111157
39	111158
433	111159
39	111163
10085	111257
5854	111269
10082	111290
39	111299
39	111300
39	111302
39	111303
39	111304
39	112427
5633	112428
39	112460
39	112461
39	112462
39	112463
39	112464
10597	112698
39	112465
3765	111989
39	112305
52	112866
2432	113800
39	112468
14475	112883
673	111310
673	98315
14475	112884
10228	111997
433	112916
9820	112413
1902	112001
3630	130952
6106	111884
2231	112738
645	112892
203	111933
52	112862
433	112924
10370	112287
52	112863
10370	112288
8868	112324
66432	493799
52	112864
10370	112289
6050	112358
52	112865
157	111885
157	111896
4430	111899
3591	111900
4740	111901
32222	571937
157	111905
787	112508
62	112959
62	112958
3477	113165
62	113208
62	113209
62	113210
6809	113300
45451	516144
93514	110908
9765	113385
2517	113417
23752	131089
491	113388
14697	113407
2055	113414
8935	113453
8935	113455
14749	113506
2836	113507
6146	113509
6146	113512
9025	113543
7408	113544
14760	113545
14800	113589
2376	113612
68	113633
46087	472749
6069	112957
6069	112467
14897	113733
6080	113745
2039	113792
6146	109950
5596	113831
5596	113832
14989	113835
3267	113844
14996	113855
1228	113862
15003	113876
15011	113891
15022	113893
15013	113894
487	113919
15037	113920
487	113921
774	113927
1921	113949
6385	113941
6847	113943
1921	113950
1921	113963
1796	113964
5584	113966
2061	113974
158	113978
2059	113979
2061	113982
8747	114144
62	114049
7148	114133
9805	114135
7077	114137
7077	114138
592	114094
592	114095
592	114096
28250	611094
94928	611673
343	114103
1925	114104
7359	114132
1388	114134
7099	114136
8747	114150
10533	114233
6414	114235
235	107391
6146	113510
15215	114245
798	114246
2456	114209
235	113972
235	109567
6146	110094
6146	109958
6146	109949
6146	109096
6146	98221
23752	131090
23765	131112
235	114335
235	114372
15211	114382
15376	114410
15390	114446
1203	114463
7388	114521
3890	542555
15387	114495
6146	114505
78	114522
1203	114524
5895	114527
15045	114541
6074	114542
