172527	788	OCR00628
172533	788	OCR01657
172535	788	BuxWV 177
172536	788	BuxWV 181
172537	788	1217
172572	788	BuxWV 191
172573	788	BuxWV 192
172574	788	BuxWV 193
172575	788	BuxWV 194
172576	788	BuxWV 195
172577	788	BuxWV 196
172578	788	BuxWV 198
172579	788	BuxWV 199
172580	788	BuxWV 200
172596	788	J. 175
172597	788	J. 106
172598	788	J. 72
172599	788	J. 260
172600	788	J. 127
172601	788	J. 109
172602	788	J. 98
172603	788	J. 155
172604	788	J. 67
172605	788	J. 122
172606	788	J. 277
172607	788	J. 74
172608	788	J. 91
172609	788	J. 291
172610	788	J. 57
172611	788	J. 97
172612	788	J. 174
172613	788	J. 204
172614	788	J. 245
172615	788	J. 114
172616	788	J. 118
172617	788	J. 282
172618	788	J. 35
172619	788	J. 52
172620	788	J. 169
172621	788	J. 171
172622	788	J. 170
172623	788	J. 173
172624	788	J. 168
172625	788	J. 172
172626	788	J. 177
172627	788	J. 251
172628	788	J. 73
172629	788	J. 56
172630	788	J. 306
172631	788	J. 75
172632	788	J. 8
172633	788	J. 76
172634	788	J. 287
172635	788	J. 268
172636	788	J. 279
172637	788	J. 182
172638	788	J. 252
172639	788	J. 285
172640	788	J. 107
172641	788	J. 87
172642	788	J. 138
172643	788	J. 199
172644	788	J. 206
172645	788	J. 50
172646	788	J. 176
172647	788	J. 128
172648	788	J. 96
172649	788	J. 68
172650	788	J. 101
172651	788	J. 100
172652	788	J. 99
172653	788	J. 102
172654	788	J. 104
172655	788	J. 103
172656	788	BV B 50
172657	788	BV B 27
172658	788	BV 213a
172659	788	BV 229
172660	788	BV 252a
172661	788	BV B 24
172662	788	BV 276
172663	788	BV 261
172664	788	BV B 93
172665	788	BV B 37
172666	788	BV 296
172667	788	BV 269
172668	788	BV 264
172669	788	BV B 68
172670	788	BV B 70
172671	788	BV 245
172672	788	BV 242
172673	788	BV 247
172674	788	BV B 20
172675	788	BV B 26
172676	788	BV 282
172677	788	BV 257
172678	788	BV 259
172679	788	BV 268
172680	788	BV 274
172681	788	BV 280
172682	788	BV 284
172683	788	BV 288
172684	788	BV B 29
172685	788	BV 207a
172686	788	BV 243
172717	788	op. 79a
172718	788	op. 77b
172719	788	op. 131c
172720	788	op. 146
172721	788	op. 134
172722	788	op. 131d
172723	788	op. 145
172724	788	op. 138
172726	788	1241
172729	788	S. 757
172730	788	S. 603
172731	788	S. 517
172732	788	S. 250/1
172733	788	S. 249d
172734	788	S. 346
172735	788	S. 409
172736	788	S. 268
172737	788	S. 112
172738	788	S. 516
172739	788	S. 601
172740	788	S. 97
172741	788	S. 511a
172742	788	S. 591
172743	788	S. 638
172744	788	S. 408
172745	788	S. 452
172746	788	S. 490
172747	788	S. 541
172748	788	S. 541a
172749	788	S. 292a
172750	788	S. 292b
172751	788	S. 375
172752	788	S. 166m/1
172753	788	S. 171e
172754	788	S. 557
172755	788	S. 494/1
172756	788	S. 494/2
172757	788	S. 182a
172758	788	S. 242
172759	788	S. 93/1
172760	788	S. 121
172761	788	S. 241b
172762	788	S. 626
172763	788	S. 544
172764	788	S. 340
172765	788	S. 93/7
172766	788	S. 93/6
172767	788	S. 93/5
172768	788	S. 93/4
172769	788	S. 93/3
172770	788	S. 93/2
172771	788	S. 470a/2
172772	788	S. 398
172773	788	S. 463e
172774	788	S. 402
172775	788	S. 406/1
172776	788	S. 473/2
172777	788	S. 473/1
172780	788	M. 19
172781	788	M. 65
172782	788	M. 30
172783	788	M. 58
172784	788	M. 7
172790	788	M. 51
172791	788	M. 5
172792	788	M. 8
172793	788	M. 10
172794	788	M. 13
172795	788	M. 11
172796	788	M. 12
172797	788	M. 21
172798	788	M. 17
172799	788	M. 29
172837	788	1003
172839	788	1001
172840	788	1002
172528	788	OCR01058
172538	788	1221
172581	788	BuxWV 201
172582	788	BuxWV 202
172583	788	BuxWV 203
172584	788	BuxWV 204
172585	788	BuxWV 205
172586	788	BuxWV 208
172725	788	1234
172786	788	1295
172787	788	1054
172788	788	1028
172789	788	1282
172800	788	M. 34
172801	788	M. 35
172802	788	M. 38
172803	788	M. 40
172804	788	M. 41
172805	788	M. 43
172806	788	M. 46
172807	788	M. 52
172808	788	M. 54
172809	788	M. 55
172810	788	M. 60
172811	788	M. 62
172812	788	M. 53
172813	788	M. 57
172814	788	M. 57a
172815	788	M. 57b
172838	788	82a
172841	788	1004
172842	788	1005
179086	788	HWV 511
186457	788	OCR00326
186463	788	OCR00559
198999	788	OCR00262
199492	788	61a
199493	788	72a
199494	788	72b
199495	788	81a
199555	788	4
199556	788	3
199557	788	2
199624	788	Vol. 6
199625	788	Vol. 5
199626	788	Vol. 4
199826	788	OCR03022
199853	788	Vol. 3
199960	788	OCR03024
200043	788	461
200263	788	085
200271	788	OCR00815
200309	788	34
200390	788	ČW 246
200392	788	ČW 248
200735	830	22:00
200736	830	00:00
200737	830	23:00
200769	830	22:30
200770	830	14:00
200771	830	14:30
200772	830	15:00
200773	830	15:20
200774	830	15:50
200775	830	16:10
200776	830	16:50
200777	830	17:10
200778	830	17:50
200779	830	18:10
200780	830	19:00
200781	830	20:00
200782	830	21:15
201001	788	I
201003	788	II
201033	788	OCR03027
201037	788	79
201038	788	78
201039	788	54
201040	788	55
201041	788	56
201042	788	57
201045	788	72
201046	788	69
201047	788	80
201048	788	68
201049	788	81
201050	788	67
201051	788	82
201052	788	83
201053	788	84
201054	788	66
201055	788	85
201056	788	65
201057	788	86
201058	788	87
201059	788	64
201060	788	63
201061	788	73
201062	788	62
201063	788	61
201081	788	28
201084	830	7:30-8:30 pm
201086	788	S4
201140	788	J. 51
201211	788	X
201220	788	IX
201429	788	296
201543	788	WAB 23
201563	788	OCR03029
241888	830	01:15
241978	830	1:00
241979	830	1:45
242088	830	21:00 - 23:00
201651	788	OCR00461
201652	788	OCR00382
201653	788	OCR00234
202460	788	RV 503
202461	788	RV 504
202462	788	RV 468
202463	788	RV 469
202464	788	RV 470
202465	788	RV 471
202466	788	RV 472
202467	788	RV 473
202468	788	RV 474
202469	788	RV 475
202470	788	RV 476
202471	788	RV 477
202472	788	RV 479
202473	788	RV 480
202474	788	RV 481
202475	788	RV 484
202476	788	RV 483
202477	788	RV 485
202478	788	RV 487
202479	788	RV 488
202480	788	RV 492
202481	788	RV 494
202482	788	RV 495
202483	788	RV 496
202484	788	RV 466
202485	788	RV 467
202486	788	RV 486
202487	788	RV 491
202488	788	RV 499
202489	788	RV 500
202490	788	RV 39
202491	788	RV 40
202492	788	RV 41
202493	788	RV 42
202494	788	RV 43
202495	788	RV 44
202496	788	RV 45
202497	788	RV 46
202498	788	RV 47
202897	830	16:55
202898	830	11:00
202899	830	13:40
202900	830	12:35
202901	830	11:40
202902	830	14:45
202903	830	21:00
202904	830	18:05
202905	830	19:30
202906	830	22:45
202963	830	20:30
202964	830	21:30
202978	788	38
203009	830	0:00
203015	830	23:15
203018	830	20:10
203024	830	18:00
203025	830	19:45
203026	830	21:20
203027	830	1:20
203085	830	11:30
203086	830	14:10
203087	830	12:50
203088	830	15:40
203089	830	21:40
203217	830	18:15
172529	788	OCR00678
172539	788	OCR01308
172587	788	BuxWV 210
172816	788	M. 61
172817	788	M. 63
172818	788	M. 64
172819	788	M. 67
172820	788	M. 68
172821	788	M. 68a
172822	788	M. 70
172823	788	M. 71
172824	788	M. 72
172825	788	M. 73
172826	788	M. 74
172827	788	M. 76
172828	788	M. 77
172829	788	M. 78
172830	788	M. 80
172831	788	M. 81
172832	788	M. 82
172833	788	M. 83
172834	788	M. 84
172846	788	1242
172847	788	1243
172851	788	BV B 49
172879	788	1245
172880	788	1246
172882	788	1247
172883	788	1248
172887	788	OCR01275
172891	788	1253
172892	788	1254
172900	788	OCR01919
172902	788	OCR01972
172910	788	OCR02022
172944	788	OCR02862
172996	788	1256
173002	788	1257
173009	788	1258
173032	788	048
173033	788	011
173034	788	015
173035	788	016
173036	788	017
173037	788	018
173038	788	019
173039	788	021
173040	788	022
173087	788	051
173090	788	OCR00252
173158	788	HWV 158c
173202	788	Sz. 35a
173203	788	Sz. 84
173204	788	Sz. 72
173205	788	Sz. 44
173206	788	Sz. 38
173207	788	Sz. 48
173208	788	Sz. 49
173209	788	Sz. 116
173210	788	Sz. 115
173254	788	1262
173264	788	1263
173268	788	1318
173272	788	1316
173274	788	HWV 167a
173445	788	1286
173449	788	1277
173450	788	1278
173460	788	OCR01747
173477	788	BWV 63
173508	788	OCR02437
173537	788	209a
173548	788	HWV 198
173572	788	HWV 228
173584	788	HWV 206
173622	788	H. 8
173676	788	OCR02497
173706	788	OCR00907
173712	788	OCR00976
173721	788	102
173722	788	106
173731	788	OCR02314
173737	788	BWV 22
173755	788	BWV 76
173777	788	OCR02897
173782	788	op. 25b
173820	788	33a
173832	788	R144-31
173836	788	M181-35
173865	788	BWV 136
173933	788	M181-24
173934	788	M181-23
173983	788	234
174006	788	TL635/01
174065	788	251
174069	788	109
174082	788	TL642/01
174098	788	BuxWV 211
174199	788	114
174213	788	OCR02898
174222	788	2009-S
174223	788	2008-S
174224	788	2010-W
174225	788	2012-S
174226	788	2011-S
174227	788	2012-W
174228	788	2007-S
174229	788	2006-S
174230	788	2008-W
174231	788	2009-W
174233	788	S5
174239	788	OCR01328
174251	788	119
174258	788	124
174287	788	OCR01096
174290	788	OCR01354
174291	788	OCR01157
174295	788	OCR01419
174337	788	OCR00105
174340	788	OCR00618
174415	788	WAB 97
174416	788	WAB 106
174417	788	WAB 105
174418	788	WAB 107
174419	788	WAB 104
174420	788	WAB 100
174421	788	WAB 111
174422	788	WAB 109
174423	788	WAB 108
174424	788	WAB 38
174425	788	WAB 36
174426	788	WAB 28
174427	788	WAB 96
174428	788	WAB 6
174429	788	WAB 103
174434	788	01
174435	788	02
174436	788	03
174446	788	9+10
174449	788	05
174490	788	1317
174499	788	OCR01124
174623	788	273
174626	788	2004.1
174627	788	2005.3
174628	788	1999.1
174648	788	2001.1
174649	788	2001.2
174650	788	2001.3
174651	788	2001.4
174715	788	OCR00768
174744	788	1998.10
174745	788	1998.9
174753	788	1.1
174754	788	3.1
174755	788	5.2
174756	788	7.2
174757	788	4.2
174758	788	3.2
174784	788	OCR00225
174862	788	OCR01653
174869	788	338
174870	788	425
174950	788	1a
174951	788	1b
174952	788	1c
174953	788	1d
174954	788	1e
174955	788	1f
174956	788	5a
174957	788	5b
174963	788	16a
174964	788	19a
174965	788	19b
174968	788	OCR02899
174970	788	OCR01253
174972	788	Wq. 45
174987	788	OCR01086
172530	788	OCR01093
172540	788	OCR02318
172835	788	M. 42
172836	788	M. 4
172848	788	op. 3 no. 3
172884	788	1249
172894	788	OCR02465
172911	788	OCR00649
172945	788	OCR02860
173091	788	OCR00525
173160	788	HWV 158b
173181	788	HWV 160c
173185	788	HWV 159
173275	788	HWV 166
173446	788	1273
173451	788	FF15
173461	788	OCR01970
173482	788	BWV 61
173538	788	243
173549	788	HWV 197
173586	788	HWV 205
173623	788	H. 8a
173707	788	OCR01315
173713	788	OCR01944
173732	788	OCR02275
173739	788	BWV 23
173757	788	BWV 24
173778	788	OCR01856
173833	788	R103-33
173834	788	M18614
173837	788	M181-33
173838	788	M181-34
173839	788	R840-11
173868	788	BWV 138
173879	788	BWV 46
173935	788	R984-35
173984	788	228b
174007	788	M881-04
174066	788	OCR02118
174099	788	BuxWV 212
174234	788	S1
174235	788	S2
174236	788	S3
174237	788	S4
174238	788	S6
174240	788	OCR01362
174252	788	121
174259	788	125
174288	788	OCR01541
174292	788	OCR01159
174296	788	OCR00763
174338	788	OCR00292
174341	788	OCR02761
174350	788	OCR02358
174500	788	OCR02100
174629	788	Best-1993
174630	788	Best-1994
174652	788	1999.4
174653	788	1998.2
174716	788	OCR00198
174746	788	1998.6
174747	788	1998.8
174748	788	1998.4
174749	788	1998.5
174750	788	1998.7
174759	788	2.2
174785	788	OCR00318
174863	788	OCR01388
174871	788	H. 30
174969	788	OCR02900
174971	788	OCR01323
174974	788	Wq. 37
174975	788	Wq. 44
174976	788	Wq. 32
174977	788	Wq. 30
174978	788	Wq. 39
174989	788	OCR01753
175028	788	66b
179087	788	HWV 510
186458	788	OCR00892
199000	788	OCR00110
199558	788	7
199627	788	Vol. 31
199827	788	OCR03023
199872	788	XXVI
200046	788	382
200264	788	040
200272	788	OCR00710
200311	788	32
200391	788	ČW 247
201034	788	OCR03028
201064	788	60
201065	788	59
201066	788	58
201067	788	74
201068	788	71
201069	788	75
201070	788	70
201071	788	76
201072	788	77
201085	830	1:30-2:30 pm
201221	788	VII
201224	788	V
201438	788	299
201544	788	WAB 11
202912	830	13:15
202913	830	22:15
202914	830	20:30
202915	830	17:40
202916	830	19:05
202917	830	11:20
202918	830	16:30
202919	830	14:20
202920	830	15:25
202921	830	12:10
203010	830	03:00
203011	830	04:00
203016	830	17:30
203017	830	18:50
203019	830	21:10
203020	830	22:40
203028	830	19:35
203029	830	22:50
203030	830	1:10
203112	830	19:20
203113	830	20:50
203218	830	12:15
205616	788	522
205706	788	616
205715	788	628
205716	788	629
205718	788	632
205732	788	645
205870	788	OCR02313
206013	788	OCR01728
206061	788	701
206094	788	734
206101	788	741
206246	788	767
206259	788	779
206316	788	835
206801	788	Volume 21
208840	788	862
208987	788	OCR01858
209186	788	82F
209454	788	MWV U 135
209455	788	MWV U 128
209456	788	MWV U 129
209457	788	MWV U 105
209458	788	MWV U 116
209459	788	MWV U 66
209460	788	MWV U 126
209461	788	MWV U 106
209462	788	MWV Q 23
209991	788	OCR01089
210050	788	OCR00562
210078	788	OCR00612
210128	788	218
210162	788	934
210177	788	950
210208	788	Hob. IV:7
210277	788	OCR00689
210346	788	968
210374	788	995
210818	788	LWV 61
210819	788	LWV 25
210820	788	LWV 37
210821	788	LWV 51
210822	788	LWV 19
210823	788	LWV 53
210824	788	LWV 64/1
210825	788	LWV 63
210826	788	LWV 71
210827	788	LWV 9
210828	788	LWV 12
172531	788	OCR00842
172541	788	OCR02767
172912	788	OCR01344
172917	788	OCR00477
172946	788	OCR02859
173092	788	OCR00569
173161	788	HWV 158a
173276	788	HWV 165
173447	788	1274
173462	788	OCR00504
173484	788	BWV 132
173539	788	243a
173550	788	HWV 196
173587	788	HWV 204
173626	788	H. 9
173708	788	OCR00363
173714	788	OCR02370
173733	788	OCR02648
173740	788	BWV 75
173758	788	BWV 167
173780	788	OCR01992
173835	788	R105-26
173840	788	R840-01
173841	788	R840-04
173869	788	BWV 95
173936	788	R984-33
173985	788	228c
174008	788	TL635/02
174067	788	OCR02023
174100	788	BuxWV 213
174253	788	2014
174260	788	126
174289	788	OCR01421
174293	788	OCR00204
174297	788	OCR00476
174339	788	OCR00231
174342	788	OCR00190
174502	788	OCR02528
174631	788	OCR01611
174654	788	2009.2
174655	788	2005.4
174656	788	2012.4
174657	788	2013.1
174717	788	OCR00084
174751	788	1998.13
174760	788	2.1
174761	788	6.2
174762	788	7.1
174786	788	OCR00384
174872	788	H. 31
174984	788	Wq. 41
174990	788	OCR02678
175029	788	246a
179089	788	HWV 509
186459	788	OCR01684
199001	788	OCR00111
199561	788	10
199562	788	8
199563	788	6
199564	788	1
199628	788	Vol. 1
199873	788	3154
200047	788	234
200049	788	OCR00794
200265	788	041
200273	788	OCR00333
200312	788	35
200393	788	ČW 249
201222	788	VIII
202922	830	20:45
202923	830	17:45
202924	830	12:20
202925	830	11:35
202926	830	19:15
202927	830	14:15
203021	830	17:00
203022	830	18:20
203023	830	19:40
203031	830	18:30
203114	830	22:00
203115	830	21:00
203116	830	00:00
203226	830	12:00
203227	830	11:15
203228	830	15:45
205617	788	523
205625	788	531
205629	788	535
205660	788	567
205665	788	572
205707	788	617
205717	788	630
205871	788	OCR02246
206014	788	OCR01829
206062	788	702
206063	788	704
206090	788	730
206098	788	738
206247	788	768
206318	788	837
206321	788	840
208841	788	863
208988	788	OCR01433
209188	788	102a
209464	788	MWV B 28
209465	788	MWV B 29
209466	788	MWV U 92
209467	788	MWV N 16
209468	788	MWV Q 24
209469	788	MWV U 95
209470	788	MWV U 112
209471	788	MWV U 99
209472	788	MWV U 77
209473	788	MWV U 97
209474	788	MWV U 104
209475	788	MWV U 103
209476	788	MWV U 110
209477	788	MWV U 98
209478	788	MWV U 123
209479	788	MWV U 132
209480	788	MWV U 127
209481	788	MWV U 100
209482	788	MWV U 117
209483	788	MWV U 142
209992	788	OCR01091
210051	788	OCR00823
210079	788	OCR00615
210138	788	910
210163	788	935
210209	788	Hob. IV:11
210278	788	OCR00667
210347	788	969
210350	788	972
210356	788	978
210376	788	997
210378	788	999
210829	788	LWV 8
210830	788	LWV 1
210831	788	LWV 2
211982	788	071
212005	788	064
212007	788	099
212696	788	RV 112
213369	788	1342
213468	788	RV 462
213660	788	RV 384
213663	788	RV 285
213679	788	1359
213699	788	RV 224
213720	788	1394
213724	788	1398
213725	788	1399
214068	788	1414
214093	788	1439
214094	788	1440
214103	788	1449
214138	788	5105
214218	788	SV 297
214263	788	SWV 414
214264	788	SWV 413
214265	788	SWV 412
214266	788	SWV 416
214267	788	SWV 411
214268	788	SWV 410
214269	788	SWV 409
214270	788	SWV 408
214271	788	SWV 407
214272	788	SWV 405
214273	788	SWV 404
214274	788	SWV 403
214275	788	SWV 402
214276	788	SWV 406
214277	788	SWV 401
214278	788	SWV 400
172532	788	OCR00932
172534	788	1216
172542	788	OCR01258
172913	788	OCR01796
172947	788	OCR02858
173093	788	OCR00905
173162	788	HWV 157
173169	788	HWV 601
173277	788	HWV 164b
173463	788	OCR00067
173468	788	OCR01600
173490	788	Sz. 97
173540	788	571
173551	788	HWV 195
173588	788	HWV 203
173627	788	H. 43
173628	788	H. 112
173629	788	H. 177
173630	788	H. 152
173631	788	H. 151
173632	788	H. 173
173633	788	H. 87
173634	788	H. 156
173635	788	H. 49
173636	788	H. 107
173637	788	H. 131
173638	788	H. 190
173639	788	H. 100
173709	788	OCR00933
173715	788	OCR02393
173734	788	OCR02445
173764	788	BWV 4
173781	788	OCR02126
173848	788	R840-03
173871	788	TL516/12
173872	788	TL516/06
173937	788	M181-25
173986	788	279c
174011	788	M18642
174101	788	BuxWV 214
174254	788	2013
174255	788	2005
174256	788	2004
174294	788	OCR01895
174298	788	OCR01335
174343	788	OCR00926
174503	788	OCR00203
174632	788	Best.1993
174633	788	Best.1994
174658	788	2008.1
174718	788	OCR00120
174752	788	1997.8
174787	788	OCR00328
174873	788	H. 32
174991	788	OCR01688
175030	788	74f
175031	788	248a
175032	788	321b
175033	788	618
179090	788	HWV 508b
186460	788	OCR00241
199002	788	OCR00112
199565	788	16
199566	788	18
199567	788	19
199568	788	23
199569	788	27
199570	788	30
199571	788	37
199572	788	39
199573	788	41
199574	788	42
199575	788	45
199576	788	46
199629	788	Vol. 2
242089	830	19:00 - 20:15
200048	788	249
200266	788	OCR00344
200274	788	OCR00254
200394	788	ČW 250
201226	788	IV
202928	830	12:55
202929	830	20:15
202930	830	18:45
202931	830	12:05
202932	830	17:20
202933	830	13:55
202934	830	16:05
202935	830	14:55
203032	830	18:40
203033	830	19:50
203117	830	16:00
203386	830	20:20
203449	788	III
203470	788	1529
203488	830	13:30
203489	830	21:45
203493	830	15:55
203531	788	3.5
203592	830	18:00
203593	830	21:50
203632	788	3904
203749	830	12:02
203750	830	12:19
203751	830	12:44
203752	830	13:16
203753	830	13:47
203754	830	14:07
203755	830	14:22
203756	830	15:18
203757	830	16:07
