611
613
615
595
619
620
621
581
592
14
631
633
634
593
325
588
460
738
443
452
548
230
463
458
589
629
410
337
583
382
231
5
11
379
632
281
12
622
630
6
656
10
270
739
446
192
557
612
483
413
541
549
542
533
462
405
444
381
496
614
546
623
636
471
639
641
650
561
461
347
284
740
70
673
185
700
217
407
555
741
459
743
638
134
143
412
344
409
464
343
354
338
420
624
357
642
651
3
663
4
524
426
535
540
565
831
264
28
387
355
504
30
383
32
266
268
364
366
361
563
363
362
365
416
224
551
528
370
500
369
450
637
209
418
652
236
499
251
503
536
480
519
427
492
334
493
22
21
380
515
514
438
513
248
389
742
67
384
392
385
391
396
205
273
625
643
68
659
678
127
129
395
211
437
220
451
218
340
350
454
168
348
160
626
644
653
189
187
660
667
668
674
162
677
679
161
681
665
447
349
128
351
213
212
352
7
498
8
9
167
163
150
417
136
137
138
449
453
142
415
151
191
445
428
215
171
346
342
126
456
333
124
627
645
654
262
661
664
662
640
202
675
680
159
682
683
684
457
241
335
140
666
518
188
671
222
448
165
404
125
411
210
455
132
339
345
133
172
216
214
208
554
397
487
249
646
655
166
672
13
685
24
25
26
164
176
16
38
170
274
539
179
178
177
27
233
422
29
267
367
368
482
401
31
501
502
423
497
234
17
63
23
33
488
490
489
34
35
37
538
36
537
20
18
697
261
64
263
104
65
66
393
390
520
521
440
439
441
558
376
49
272
203
271
51
60
57
41
173
141
219
421
204
46
237
198
228
197
43
39
48
40
47
56
200
199
201
42
44
486
15
45
287
600
289
603
291
606
19
293
89
285
609
288
550
275
322
302
103
121
118
82
433
106
607
647
484
394
602
604
375
72
71
505
119
276
591
552
98
300
299
190
298
297
301
543
84
87
86
278
116
120
226
279
85
280
282
102
698
101
180
323
238
358
326
590
329
510
465
184
181
328
182
232
330
175
562
442
227
109
97
95
123
75
317
81
318
431
434
388
564
269
494
316
113
111
432
436
435
174
93
108
491
122
585
559
560
586
566
556
478
402
309
307
598
92
479
473
594
475
308
91
474
96
512
305
306
250
360
476
506
90
319
509
508
507
531
495
304
648
534
277
331
332
114
115
229
523
303
73
74
117
400
522
77
399
79
377
529
80
76
206
468
466
469
467
470
240
78
69
599
110
597
608
547
406
403
294
292
290
286
283
699
649
408
242
587
398
610
601
686
703
688
704
532
694
695
605
670
669
584
689
693
702
553
701
419
696
635
687
616
100
107
99
676
320
544
94
313
658
690
691
692
429
657
312
311
310
315
414
112
314
628
321
705
327
324
359
386
295
356
802
801
807
756
745
785
765
786
805
815
774
812
816
779
817
763
752
777
796
781
819
813
806
800
770
782
748
789
818
820
775
759
804
755
758
803
744
809
821
762
751
795
811
799
767
764
761
778
794
769
766
810
814
754
791
793
768
780
760
790
747
771
746
797
776
787
792
784
753
757
773
783
808
798
749
772
823
824
825
826
827
828
829
832
833
835
836
837
838
839
840
841
842
843
844
845
846
847
848
849
850
851
852
853
854
855
856
857
858
859
860
861
862
863
864
865
866
867
868
869
870
871
872
873
874
875
876
877
878
879
880
881
882
883
884
885
886
