872243	\N
1311006	(607573, 261533, 613999, 308293, 521199, 397226)
825915	(607573, 261533, 613999, 308293, 521199, 397226)
7716	(607573, 261533, 613999, 308293, 521199, 397226)
600627	(607573, 261533, 613999, 308293, 521199, 397226)
600626	(607573, 261533, 613999, 308293, 521199, 397226)
1079387	(418000, 412000, 0, 0, 0, 0)
600623	(607573, 261533, 613999, 308293, 521199, 397226)
288902	(607573, 261533, 613999, 308293, 521199, 397226)
1409611	(204000, 0, 0, 0, 0, 0)
23301	(310106, 359359, 361906, 384866, 460799, 445333)
10018	(469066, 492199, 475293, 787065, 964733, 411199)
63822	(417706, 326599, 276599, 347799, 367266, 376360)
31529	(633400, 757306, 450266, 904266, 928599, 148960)
225710	(633400, 757306, 450266, 904266, 928599, 148960)
252429	(472079, 494879, 282560, 565239, 414986, 702546)
975	(338333, 255292, 352266, 430466, 412839, 224026)
51613	(908639, 687399, 561559, 646866, 504306, 1347933)
1052070	(302000, 400000, 131000, 329000, 355000, 160000)
27069	(665160, 630173, 728026, 467372, 560399, 486279)
1206945	(665160, 630173, 728026, 467372, 560399, 486279)
27070	(665160, 630173, 728026, 467372, 560399, 486279)
287749	(478306, 773546, 393666, 704226, 597093, 564280)
287750	(478306, 773546, 393666, 704226, 597093, 564280)
2780	(478306, 773546, 393666, 704226, 597093, 564280)
287747	(478306, 773546, 393666, 704226, 597093, 564280)
1239394	(393133, 393906, 482159, 380266, 483199, 273000)
1146109	(393133, 393906, 482159, 380266, 483199, 273000)
459168	(393133, 393906, 482159, 380266, 483199, 273000)
10983	(393133, 393906, 482159, 380266, 483199, 273000)
1132764	(755493, 540999, 316306, 548198, 366426, 364333)
1449328	(3086000, 0, 0, 0, 0, 0)
1239387	(543159, 460266, 298466, 509799, 503600, 245706)
1132765	(543159, 460266, 298466, 509799, 503600, 245706)
551731	(543159, 460266, 298466, 509799, 503600, 245706)
10981	(543159, 460266, 298466, 509799, 503600, 245706)
181909	(382293, 520466, 503000, 347973, 334026, 274306)
289833	(727146, 386733, 424519, 655279, 515226, 437733)
102997	(296266, 253866, 334692, 312173, 333399, 274133)
101121	(557492, 423866, 344333, 396106, 343759, 434666)
4	(500973, 517093, 514732, 603640, 579066, 534266)
464175	(500973, 517093, 514732, 603640, 579066, 534266)
230	(500973, 517093, 514732, 603640, 579066, 534266)
3407	(500973, 517093, 514732, 603640, 579066, 534266)
949070	\N
886857	(614279, 408252, 363426, 365452, 443240, 463852)
1754927	(206890, 218567, 173322, 195736, 239543, 0)
662760	(896000, 671000, 1068000, 781000, 682000, 417000)
1315813	(586866, 467626, 180640, 513093, 228040, 283666)
163002	(586866, 467626, 180640, 513093, 228040, 283666)
639828	(586866, 467626, 180640, 513093, 228040, 283666)
1756173	(248111, 212297, 239516, 241240, 226873, 196179)
1721700	(624623, 271286, 296260, 799147, 406496, 244851)
1756553	(414000, 440000, 535000, 393000, 578000, 245000)
1756708	(253232, 0, 0, 0, 0, 0)
1147991	(543159, 460266, 298466, 509799, 503600, 245706)
1052080	(216000, 152000, 144000, 163000, 170000, 167000)
1596929	(520527, 69392, 707513, 345866, 187405, 230823)
672405	(750892, 967332, 497332, 889132, 689573, 656292)
596796	(750892, 967332, 497332, 889132, 689573, 656292)
242537	(750892, 967332, 497332, 889132, 689573, 656292)
9121	(750892, 967332, 497332, 889132, 689573, 656292)
1236054	(699293, 284373, 763933, 256933, 607226, 108666)
1638359	(415000, 435000, 523000, 502000, 412000, 474000)
725610	(699293, 284373, 763933, 256933, 607226, 108666)
326726	(699293, 284373, 763933, 256933, 607226, 108666)
47158	(699293, 284373, 763933, 256933, 607226, 108666)
838093	(862826, 574799, 650266, 591533, 713133, 533332)
15560	(304333, 772600, 2565040, 658026, 0, 0)
143286	(693759, 482266, 451799, 507906, 487066, 429026)
46221	(541932, 760599, 499999, 865359, 661506, 444026)
4816	(547306, 636092, 627239, 630625, 574839, 561133)
1312456	(546999, 365893, 393266, 348306, 374399, 314559)
423448	(546999, 365893, 393266, 348306, 374399, 314559)
1708	(546999, 365893, 393266, 348306, 374399, 314559)
1710	(433333, 446759, 433240, 316466, 327292, 219533)
832337	(408560, 481600, 420706, 464826, 380972, 347599)
1716	(408560, 481600, 420706, 464826, 380972, 347599)
574591	(408560, 481600, 420706, 464826, 380972, 347599)
1667827	(381013, 610218, 0, 0, 0, 0)
1144847	(677132, 664665, 675172, 763026, 784039, 599999)
1134367	(677132, 664665, 675172, 763026, 784039, 599999)
120413	(677132, 664665, 675172, 763026, 784039, 599999)
120412	(677132, 664665, 675172, 763026, 784039, 599999)
18486	(677132, 664665, 675172, 763026, 784039, 599999)
571077	(328760, 261906, 304333, 212226, 187133, 169173)
34482	(328760, 261906, 304333, 212226, 187133, 169173)
924490	\N
877715	(209506, 443199, 509440, 378506, 366559, 366053)
12647	(938493, 428400, 794706, 637733, 969960, 557933)
955605	\N
982376	\N
902250	\N
1032858	(674026, 562399, 638932, 494173, 641758, 299439)
867632	(600946, 594359, 557800, 877358, 626279, 276946)
885770	(406639, 434613, 337120, 363532, 369732, 353546)
1667976	(635000, 502000, 323000, 318000, 434000, 352000)
144835	(628826, 409199, 671105, 335826, 634572, 343093)
31524	(276800, 579399, 581066, 945693, 1102439, 909533)
297582	(650200, 535559, 375933, 541933, 545573, 316200)
8312	(576000, 626400, 755266, 613666, 560533, 406533)
22773	(432893, 259040, 418800, 346266, 0, 0)
1638362	(373000, 305000, 363000, 437000, 376000, 0)
567923	(678359, 687906, 618093, 737932, 849066, 252866)
539499	(473000, 527000, 442000, 469000, 408000, 150000)
8067	(678359, 687906, 618093, 737932, 849066, 252866)
33863	(679359, 687733, 618106, 737959, 849039, 250360)
33839	(792186, 532946, 323066, 569080, 547986, 195133)
6924	(792186, 532946, 323066, 569080, 547986, 195133)
680228	(1270492, 16000, 17000, 16000, 17000, 650732)
318529	(1270492, 16000, 17000, 16000, 17000, 650732)
318525	(1270492, 16000, 17000, 16000, 17000, 650732)
318528	(1270492, 16000, 17000, 16000, 17000, 650732)
6808	(1270492, 16000, 17000, 16000, 17000, 650732)
318526	(1270492, 16000, 17000, 16000, 17000, 650732)
318524	(1270492, 16000, 17000, 16000, 17000, 650732)
283051	(501973, 428066, 236133, 470693, 444040, 239293)
3435	(258266, 343160, 265173, 197093, 230200, 0)
14666	(536479, 375786, 397439, 632359, 301626, 450720)
1422453	(193000, 0, 0, 0, 0, 0)
1052099	(380000, 428000, 188000, 523000, 328000, 167000)
1515717	(450000, 382000, 93000, 561493, 500866, 246000)
1754929	(699852, 402000, 438946, 423612, 436466, 513119)
629910	(479959, 451999, 560839, 446332, 386666, 200333)
286698	(479959, 451999, 560839, 446332, 386666, 200333)
709967	(479959, 451999, 560839, 446332, 386666, 200333)
709966	(479959, 451999, 560839, 446332, 386666, 200333)
1721701	(427000, 223000, 298000, 696000, 308000, 428000)
654155	(720879, 474893, 437079, 612919, 476759, 712173)
3950	(720879, 474893, 437079, 612919, 476759, 712173)
262596	(720879, 474893, 437079, 612919, 476759, 712173)
22628	(433999, 915959, 898440, 816493, 931133, 366893)
709600	(433999, 915959, 898440, 816493, 931133, 366893)
631361	(433999, 915959, 898440, 816493, 931133, 366893)
1176751	(361332, 451133, 693706, 343360, 703906, 172133)
33345	(361332, 451133, 693706, 343360, 703906, 172133)
1690830	(576346, 562692, 381426, 657052, 574839, 368666)
552113	(387000, 336000, 170000, 279000, 361000, 158000)
1498148	(231000, 243000, 226000, 230000, 243000, 223000)
8165	(626933, 671533, 562492, 559733, 595532, 595239)
1409612	(624000, 384000, 150000, 246000, 370000, 293000)
18262	(626933, 671533, 562492, 559733, 595532, 595239)
294377	(626933, 671533, 562492, 559733, 595532, 595239)
419271	(470706, 622626, 254973, 463959, 560840, 155893)
289208	(470706, 622626, 254973, 463959, 560840, 155893)
1756174	(527000, 510000, 295000, 461000, 555000, 311000)
1691802	(258000, 319000, 267000, 269000, 301000, 295000)
593289	(611773, 327226, 252066, 719666, 276933, 181106)
581265	(611773, 327226, 252066, 719666, 276933, 181106)
412555	(611773, 327226, 252066, 719666, 276933, 181106)
593291	(611773, 327226, 252066, 719666, 276933, 181106)
593288	(611773, 327226, 252066, 719666, 276933, 181106)
709968	(479959, 451999, 560839, 446332, 386666, 200333)
1756554	(452774, 209747, 196987, 395480, 131827, 182427)
660602	(479959, 451999, 560839, 446332, 386666, 200333)
1756772	(897186, 204373, 809426, 487186, 799012, 268000)
1756790	(450013, 185987, 200520, 482054, 187720, 248627)
877021	(470265, 474826, 626239, 554692, 353372, 845599)
1160803	(470706, 622626, 254973, 463959, 560840, 155893)
447590	(406000, 0, 0, 0, 0, 0)
481233	(470706, 622626, 254973, 463959, 560840, 155893)
1568501	(869800, 540826, 517266, 987573, 443466, 572359)
344991	(470706, 622626, 254973, 463959, 560840, 155893)
207192	(470706, 622626, 254973, 463959, 560840, 155893)
14114	(599959, 553840, 782692, 543306, 411266, 232866)
782832	(599959, 553840, 782692, 543306, 411266, 232866)
549450	(862199, 517106, 513199, 840159, 580573, 558693)
1228683	(587426, 329000, 506773, 253933, 550799, 455560)
624679	(587426, 329000, 506773, 253933, 550799, 455560)
615909	(587426, 329000, 506773, 253933, 550799, 455560)
7638	(587426, 329000, 506773, 253933, 550799, 455560)
601069	(587426, 329000, 506773, 253933, 550799, 455560)
2059	(587426, 329000, 506773, 253933, 550799, 455560)
365475	(587426, 329000, 506773, 253933, 550799, 455560)
8217	(694198, 525999, 608932, 766999, 466772, 631333)
33434	\N
1194203	(542866, 261826, 504640, 702399, 386133, 215693)
751098	(542866, 261826, 504640, 702399, 386133, 215693)
428905	(542866, 261826, 504640, 702399, 386133, 215693)
374650	(542866, 261826, 504640, 702399, 386133, 215693)
1018	(542866, 261826, 504640, 702399, 386133, 215693)
1113534	(590626, 408666, 428600, 393173, 459533, 511732)
1113529	(590626, 408666, 428600, 393173, 459533, 511732)
487146	(590626, 408666, 428600, 393173, 459533, 511732)
87641	(590626, 408666, 428600, 393173, 459533, 511732)
546899	(519759, 319919, 373986, 516999, 226813, 2359173)
634	(519759, 319919, 373986, 516999, 226813, 2359173)
53928	(768226, 483172, 442332, 741093, 502600, 501332)
1690831	(403000, 317000, 251000, 256000, 254000, 256000)
810849	(694292, 527533, 217332, 652706, 446266, 792693)
516017	(694292, 527533, 217332, 652706, 446266, 792693)
272161	(694292, 527533, 217332, 652706, 446266, 792693)
272162	(694292, 527533, 217332, 652706, 446266, 792693)
1721702	(699000, 362000, 756000, 427000, 840000, 528000)
429416	(591133, 306773, 764226, 331573, 685159, 1475133)
1267995	(484133, 402466, 529933, 413453, 410346, 561346)
807475	(484133, 402466, 529933, 413453, 410346, 561346)
622527	(484133, 402466, 529933, 413453, 410346, 561346)
7699	(484133, 402466, 529933, 413453, 410346, 561346)
495062	(626333, 521533, 263226, 391252, 539319, 570840)
15056	(626333, 521533, 263226, 391252, 539319, 570840)
24209	(626333, 521533, 263226, 391252, 539319, 570840)
1229384	(618026, 429132, 417400, 701706, 463160, 438133)
743055	(618026, 429132, 417400, 701706, 463160, 438133)
600957	(618026, 429132, 417400, 701706, 463160, 438133)
14722	(618026, 429132, 417400, 701706, 463160, 438133)
483339	(618026, 429132, 417400, 701706, 463160, 438133)
528913	(1033000, 634000, 530000, 799000, 706000, 580000)
1666986	(496000, 706000, 678000, 775000, 741000, 373000)
1690832	(214000, 245000, 267000, 257000, 222000, 337000)
1667977	(336000, 197000, 246000, 218000, 254000, 158000)
139998	(334733, 293426, 302840, 355400, 368893, 385333)
56945	(210000, 232000, 408000, 0, 0, 0)
981792	(385065, 313892, 321106, 495426, 502399, 370333)
36688	(539493, 403173, 307733, 219800, 327600, 379160)
148200	(533199, 368266, 514799, 490066, 521933, 583266)
182167	(557000, 373000, 402000, 293000, 324000, 363000)
40330	(472373, 456399, 563399, 452933, 438159, 321573)
742734	(404000, 180000, 353000, 413000, 149000, 405000)
1128733	(471106, 418226, 669666, 391799, 586505, 521893)
634493	(471106, 418226, 669666, 391799, 586505, 521893)
40329	(471106, 418226, 669666, 391799, 586505, 521893)
262721	(471106, 418226, 669666, 391799, 586505, 521893)
262719	(471106, 418226, 669666, 391799, 586505, 521893)
309137	(471106, 418226, 669666, 391799, 586505, 521893)
262720	(471106, 418226, 669666, 391799, 586505, 521893)
262718	(471106, 418226, 669666, 391799, 586505, 521893)
417205	(197626, 96306, 123466, 0, 0, 0)
208669	(702399, 568506, 577426, 252466, 494999, 618133)
262630	(702399, 568506, 577426, 252466, 494999, 618133)
658412	(839999, 376226, 438933, 529666, 496840, 641600)
432923	(839999, 376226, 438933, 529666, 496840, 641600)
346614	(839999, 376226, 438933, 529666, 496840, 641600)
675922	(498585, 340813, 385212, 310253, 433132, 349133)
83608	(395973, 428866, 280000, 405893, 349533, 203960)
484843	(465893, 533933, 603199, 444333, 560066, 573773)
31553	(465893, 533933, 603199, 444333, 560066, 573773)
474680	(435625, 347026, 378212, 349053, 447359, 397360)
324549	(435625, 347026, 378212, 349053, 447359, 397360)
129560	(435625, 347026, 378212, 349053, 447359, 397360)
869268	(391692, 332932, 151373, 332866, 350533, 507000)
781368	(708732, 546493, 619532, 687772, 544159, 550306)
491247	(708732, 546493, 619532, 687772, 544159, 550306)
562989	(708732, 546493, 619532, 687772, 544159, 550306)
17063	(708732, 546493, 619532, 687772, 544159, 550306)
15499	(708732, 546493, 619532, 687772, 544159, 550306)
68150	(425039, 467826, 365840, 459960, 490973, 238333)
102998	(299000, 204000, 127000, 249000, 270000, 217000)
1449329	(584000, 244000, 500000, 671000, 570000, 351000)
678012	(558693, 563466, 593039, 561160, 455840, 221626)
676612	(558693, 563466, 593039, 561160, 455840, 221626)
14728	(558693, 563466, 593039, 561160, 455840, 221626)
149377	(372999, 487826, 210266, 384666, 396533, 116066)
1128711	(462825, 506773, 524266, 650492, 428439, 505293)
31567	(704825, 680199, 648266, 645866, 664573, 459999)
727906	(704825, 680199, 648266, 645866, 664573, 459999)
727905	(704825, 680199, 648266, 645866, 664573, 459999)
1638364	(525493, 580826, 236800, 501092, 460386, 358773)
101899	(346000, 196000, 354000, 0, 0, 0)
1374037	(1129785, 286611, 595626, 655731, 338878, 464357)
1639070	(1010000, 802000, 605000, 688000, 643000, 739000)
28485	(482466, 501599, 233826, 504572, 368199, 383334)
727904	(704825, 680199, 648266, 645866, 664573, 459999)
727903	(704825, 680199, 648266, 645866, 664573, 459999)
727902	(704825, 680199, 648266, 645866, 664573, 459999)
727901	(704825, 680199, 648266, 645866, 664573, 459999)
727900	(704825, 680199, 648266, 645866, 664573, 459999)
727899	(704825, 680199, 648266, 645866, 664573, 459999)
40822	(907759, 832666, 549999, 765039, 801066, 450199)
1164333	(791892, 395639, 481999, 607026, 434333, 390106)
23176	(791892, 395639, 481999, 607026, 434333, 390106)
228844	(791892, 395639, 481999, 607026, 434333, 390106)
160344	(782000, 995000, 751000, 719000, 790000, 376000)
932437	(698000, 547000, 553000, 511000, 413000, 547000)
743726	(605533, 201400, 199066, 438240, 379333, 252226)
280821	(605533, 201400, 199066, 438240, 379333, 252226)
365928	(605533, 201400, 199066, 438240, 379333, 252226)
330407	(605533, 201400, 199066, 438240, 379333, 252226)
97413	(605533, 201400, 199066, 438240, 379333, 252226)
398113	(590000, 560000, 545000, 63000, 0, 0)
336944	(932466, 479173, 982026, 338506, 781466, 401333)
45732	(932466, 479173, 982026, 338506, 781466, 401333)
1289243	(635892, 370666, 319133, 930666, 512640, 431066)
1228076	(635892, 370666, 319133, 930666, 512640, 431066)
1185931	(635892, 370666, 319133, 930666, 512640, 431066)
751106	(635892, 370666, 319133, 930666, 512640, 431066)
285307	(635892, 370666, 319133, 930666, 512640, 431066)
1028	(635892, 370666, 319133, 930666, 512640, 431066)
136932	(423173, 351600, 399600, 446932, 450066, 273293)
548570	(609266, 659866, 588772, 620332, 585893, 585039)
626194	(621333, 560333, 592066, 597133, 630666, 638692)
1754930	(436787, 377667, 461067, 503480, 227654, 309961)
355617	(428000, 418000, 0, 0, 0, 0)
251034	(497919, 501386, 484040, 420559, 387479, 218440)
105722	(497919, 501386, 484040, 420559, 387479, 218440)
176995	(402973, 521399, 428226, 485066, 802373, 384066)
2733	(536133, 382239, 548958, 500106, 450865, 188693)
2732	(536133, 382239, 548958, 500106, 450865, 188693)
1309560	(474066, 508106, 576293, 542200, 539972, 235066)
299447	(474066, 508106, 576293, 542200, 539972, 235066)
322457	(653533, 486293, 423106, 381932, 450800, 538293)
233859	(515226, 502466, 529933, 464333, 555306, 263333)
787365	(732199, 493760, 474399, 402772, 401826, 337906)
51930	(732199, 493760, 474399, 402772, 401826, 337906)
3730	(594265, 1355399, 436426, 514998, 666772, 424665)
3729	(594265, 1355399, 436426, 514998, 666772, 424665)
8155	(439759, 354773, 452333, 715026, 353866, 201773)
593271	(439759, 354773, 452333, 715026, 353866, 201773)
1638366	(373000, 305000, 363000, 437000, 376000, 0)
593276	(439759, 354773, 452333, 715026, 353866, 201773)
593275	(439759, 354773, 452333, 715026, 353866, 201773)
593273	(439759, 354773, 452333, 715026, 353866, 201773)
447155	(439759, 354773, 452333, 715026, 353866, 201773)
408204	(439759, 354773, 452333, 715026, 353866, 201773)
252307	(439759, 354773, 452333, 715026, 353866, 201773)
1667978	(310000, 0, 0, 0, 0, 0)
596410	(446666, 260159, 529440, 328626, 416933, 622466)
431522	(446666, 260159, 529440, 328626, 416933, 622466)
829231	(446666, 260159, 529440, 328626, 416933, 622466)
829229	(446666, 260159, 529440, 328626, 416933, 622466)
945514	(956000, 577000, 658000, 1002000, 531000, 641000)
1690833	(215000, 254000, 287000, 208000, 213000, 400000)
829235	(446666, 260159, 529440, 328626, 416933, 622466)
1171567	(446666, 260159, 529440, 328626, 416933, 622466)
829234	(446666, 260159, 529440, 328626, 416933, 622466)
829233	(446666, 260159, 529440, 328626, 416933, 622466)
829232	(446666, 260159, 529440, 328626, 416933, 622466)
829230	(446666, 260159, 529440, 328626, 416933, 622466)
829228	(446666, 260159, 529440, 328626, 416933, 622466)
596411	(446666, 260159, 529440, 328626, 416933, 622466)
1638367	(168000, 190000, 191000, 0, 0, 0)
18507	(635906, 648226, 218066, 467773, 611959, 233133)
596412	(446666, 260159, 529440, 328626, 416933, 622466)
596409	(446666, 260159, 529440, 328626, 416933, 622466)
596408	(446666, 260159, 529440, 328626, 416933, 622466)
596407	(446666, 260159, 529440, 328626, 416933, 622466)
8775	(446666, 260159, 529440, 328626, 416933, 622466)
1028485	(456093, 464039, 549559, 424506, 382599, 437866)
573626	(637600, 508266, 480306, 558693, 673399, 490173)
395613	(689319, 596332, 741653, 738266, 578813, 573746)
448270	(319733, 357053, 320679, 374040, 308426, 173013)
74412	(838626, 601639, 554333, 486199, 552866, 605800)
1229829	(1037333, 1054066, 0, 0, 0, 0)
301251	(1037333, 1054066, 0, 0, 0, 0)
799577	(1037333, 1054066, 0, 0, 0, 0)
5688	(1037333, 1054066, 0, 0, 0, 0)
771525	(515292, 426999, 548800, 491240, 624893, 288800)
2586	(515292, 426999, 548800, 491240, 624893, 288800)
22493	(939039, 713625, 539133, 948999, 616999, 805065)
1197194	(437559, 498466, 468173, 431426, 459173, 480092)
146892	(602679, 717119, 873653, 896386, 881052, 441733)
146891	(661026, 517132, 538400, 542733, 589733, 749533)
1326729	(567626, 387933, 660799, 132600, 432706, 508693)
1308624	(567626, 387933, 660799, 132600, 432706, 508693)
1286046	(567626, 387933, 660799, 132600, 432706, 508693)
566028	(567626, 387933, 660799, 132600, 432706, 508693)
415695	(567626, 387933, 660799, 132600, 432706, 508693)
581480	(567626, 387933, 660799, 132600, 432706, 508693)
523039	(567626, 387933, 660799, 132600, 432706, 508693)
717483	(567626, 387933, 660799, 132600, 432706, 508693)
601115	(567626, 387933, 660799, 132600, 432706, 508693)
503639	(567626, 387933, 660799, 132600, 432706, 508693)
441324	(567626, 387933, 660799, 132600, 432706, 508693)
455412	(473533, 304666, 469826, 291973, 385493, 384306)
361070	(473533, 304666, 469826, 291973, 385493, 384306)
109127	(700639, 252200, 640733, 441960, 424200, 271974)
42789	(441800, 242973, 498599, 257399, 378933, 177933)
35765	(619292, 247933, 581306, 320293, 521666, 293800)
1149601	(413000, 340000, 231000, 250000, 248000, 267000)
32182	(473533, 304666, 469826, 291973, 385493, 384306)
579801	(919760, 932573, 500626, 1042040, 914093, 446173)
128398	(392000, 350000, 443000, 621000, 480000, 0)
281061	(523532, 580066, 376226, 736533, 811306, 464999)
234323	(272000, 279000, 253000, 329000, 352000, 344000)
1721704	(282420, 329910, 116459, 350364, 309117, 179048)
1477733	(667733, 622094, 593387, 622747, 597027, 777000)
304914	\N
884014	(966026, 0, 0, 0, 0, 0)
207710	(650000, 627000, 492000, 599000, 555000, 522000)
871482	\N
1247540	(722626, 417306, 529000, 455733, 507599, 446799)
15559	(904399, 404000, 738439, 570493, 746906, 655333)
546792	(616133, 596960, 225173, 655960, 582373, 220026)
345724	(616133, 596960, 225173, 655960, 582373, 220026)
62015	(616133, 596960, 225173, 655960, 582373, 220026)
57509	(604226, 356213, 174946, 324266, 335426, 542946)
10444	(825906, 690426, 1321266, 682706, 707666, 212426)
10436	(825906, 690426, 1321266, 682706, 707666, 212426)
636184	(561906, 491519, 314400, 506733, 622639, 353773)
726429	(686000, 408000, 421000, 624000, 434000, 388000)
212527	(722000, 721000, 768000, 721000, 650000, 572000)
974616	\N
301008	\N
146114	(380000, 385000, 233000, 342000, 369000, 167000)
1253355	(397399, 438239, 286666, 478333, 462760, 305600)
813463	(397399, 438239, 286666, 478333, 462760, 305600)
1422454	(288408, 170616, 178968, 445440, 217200, 325920)
206815	(397399, 438239, 286666, 478333, 462760, 305600)
721820	(638826, 272600, 529866, 689266, 0, 0)
357919	(638826, 272600, 529866, 689266, 0, 0)
1409613	(373000, 218000, 410000, 439000, 168000, 469000)
1478319	(345000, 264000, 402000, 454000, 582000, 364000)
1294961	(944093, 602306, 411546, 776693, 947066, 588720)
666100	(831000, 685000, 688000, 947000, 856000, 415000)
175486	(461332, 510960, 437039, 512600, 551492, 213333)
201044	(445599, 453893, 297106, 445559, 512400, 597066)
705919	(601973, 462666, 251666, 482760, 531173, 258426)
919476	\N
256972	(593626, 543399, 514506, 395466, 400466, 360493)
264123	(593626, 543399, 514506, 395466, 400466, 360493)
868184	\N
38910	(534000, 592000, 461373, 583173, 427000, 258000)
85656	(437826, 619199, 647933, 646506, 589426, 557199)
810532	(485466, 569693, 577906, 423533, 602759, 588600)
506	(485466, 569693, 577906, 423533, 602759, 588600)
574869	(485466, 569693, 577906, 423533, 602759, 588600)
967891	\N
151981	(803666, 528266, 510839, 614559, 592266, 378360)
24449	(317506, 434132, 458133, 408292, 438572, 359332)
24450	(452132, 555839, 719625, 489266, 525038, 349892)
870652	(521946, 528972, 368040, 642479, 506040, 217480)
582008	(482573, 491733, 375866, 521759, 483266, 356373)
546808	(482573, 491733, 375866, 521759, 483266, 356373)
42940	(482573, 491733, 375866, 521759, 483266, 356373)
442123	(293000, 433000, 347000, 265000, 330000, 239000)
1486144	(359039, 419493, 334760, 409479, 314652, 446786)
572851	(482573, 491733, 375866, 521759, 483266, 356373)
475889	(482573, 491733, 375866, 521759, 483266, 356373)
475892	(482573, 491733, 375866, 521759, 483266, 356373)
8167	(643532, 307560, 369640, 695933, 311160, 353666)
150232	(401466, 495919, 376119, 455346, 413359, 421093)
64624	(444439, 426199, 414532, 503266, 542426, 489239)
327293	(272000, 300000, 351000, 390000, 353000, 278000)
1145134	(535932, 708026, 222600, 526973, 584893, 419466)
641969	(535932, 708026, 222600, 526973, 584893, 419466)
626246	(535932, 708026, 222600, 526973, 584893, 419466)
607682	(535932, 708026, 222600, 526973, 584893, 419466)
613131	(535932, 708026, 222600, 526973, 584893, 419466)
336922	(535932, 708026, 222600, 526973, 584893, 419466)
1790	(535932, 708026, 222600, 526973, 584893, 419466)
1789	(535932, 708026, 222600, 526973, 584893, 419466)
337332	(535932, 708026, 222600, 526973, 584893, 419466)
329089	(535932, 708026, 222600, 526973, 584893, 419466)
308654	(535932, 708026, 222600, 526973, 584893, 419466)
1791	(535932, 708026, 222600, 526973, 584893, 419466)
298729	(535932, 708026, 222600, 526973, 584893, 419466)
513250	(535932, 708026, 222600, 526973, 584893, 419466)
3381	(556839, 395693, 335919, 401639, 355439, 358479)
1203	(491999, 540466, 451559, 571199, 469800, 592533)
606975	(491999, 540466, 451559, 571199, 469800, 592533)
606977	(491999, 540466, 451559, 571199, 469800, 592533)
606976	(491999, 540466, 451559, 571199, 469800, 592533)
606974	(491999, 540466, 451559, 571199, 469800, 592533)
606973	(491999, 540466, 451559, 571199, 469800, 592533)
606972	(491999, 540466, 451559, 571199, 469800, 592533)
606971	(491999, 540466, 451559, 571199, 469800, 592533)
1202	(491999, 540466, 451559, 571199, 469800, 592533)
345751	(491999, 540466, 451559, 571199, 469800, 592533)
1201	(491999, 540466, 451559, 571199, 469800, 592533)
1200	(491999, 540466, 451559, 571199, 469800, 592533)
508645	(764639, 475599, 482092, 496440, 558960, 738266)
3343	(764639, 475599, 482092, 496440, 558960, 738266)
227929	(764639, 475599, 482092, 496440, 558960, 738266)
791872	(731239, 546693, 456399, 883866, 643933, 673106)
290497	(731239, 546693, 456399, 883866, 643933, 673106)
63039	(731239, 546693, 456399, 883866, 643933, 673106)
1303576	(420333, 427826, 425066, 553132, 569173, 273693)
1190483	(420333, 427826, 425066, 553132, 569173, 273693)
771967	(420333, 427826, 425066, 553132, 569173, 273693)
207952	(420333, 427826, 425066, 553132, 569173, 273693)
286700	(420333, 427826, 425066, 553132, 569173, 273693)
348831	(420333, 427826, 425066, 553132, 569173, 273693)
8316	(420333, 427826, 425066, 553132, 569173, 273693)
8884	(349959, 226306, 158160, 192506, 149466, 1380960)
524037	(349959, 226306, 158160, 192506, 149466, 1380960)
8885	(349959, 226306, 158160, 192506, 149466, 1380960)
8883	(349959, 226306, 158160, 192506, 149466, 1380960)
1208381	(612146, 579226, 703759, 587479, 623986, 583426)
758101	(612146, 579226, 703759, 587479, 623986, 583426)
491256	(612146, 579226, 703759, 587479, 623986, 583426)
5412	(612146, 579226, 703759, 587479, 623986, 583426)
173014	(612146, 579226, 703759, 587479, 623986, 583426)
1596931	(987016, 332818, 339080, 625066, 0, 0)
492514	(629839, 460026, 192800, 480600, 431906, 307666)
30752	(676425, 430866, 467906, 665733, 416092, 472172)
360952	(937000, 582000, 941000, 443000, 990000, 436000)
39361	(652079, 381213, 460559, 331279, 428719, 422400)
119323	(764666, 571492, 620439, 410026, 482639, 575266)
383054	(707999, 434826, 809065, 469639, 784599, 557359)
18505	(707999, 434826, 809065, 469639, 784599, 557359)
1754933	(729000, 416000, 514493, 552293, 382413, 326266)
27527	(659025, 791172, 498692, 638159, 709092, 399373)
11357	(659025, 791172, 498692, 638159, 709092, 399373)
11356	(659025, 791172, 498692, 638159, 709092, 399373)
600347	(542360, 466733, 508600, 502106, 282492, 320332)
8333	(542360, 466733, 508600, 502106, 282492, 320332)
726273	(392999, 290439, 275199, 268266, 395293, 267506)
7808	(392999, 290439, 275199, 268266, 395293, 267506)
64288	(770932, 444159, 518639, 437426, 468973, 510866)
435807	(330373, 314626, 346106, 314426, 265066, 271640)
549432	(330373, 314626, 346106, 314426, 265066, 271640)
9155	(330373, 314626, 346106, 314426, 265066, 271640)
250565	(360893, 349239, 327532, 331600, 335093, 307039)
250564	(360893, 349239, 327532, 331600, 335093, 307039)
763223	(505266, 516866, 193600, 317559, 390932, 337800)
582939	(505266, 516866, 193600, 317559, 390932, 337800)
511247	(505266, 516866, 193600, 317559, 390932, 337800)
207804	(505266, 516866, 193600, 317559, 390932, 337800)
888940	\N
1515719	(572000, 514000, 434000, 506000, 596000, 635000)
1409614	(437000, 232000, 297000, 432000, 251000, 411000)
811221	(259466, 222600, 430733, 0, 0, 0)
32811	(259466, 222600, 430733, 0, 0, 0)
7796	(463799, 539840, 512092, 606372, 532666, 498506)
1611695	(76000, 303000, 157000, 212000, 278000, 118000)
33201	(211600, 212973, 226360, 209133, 0, 0)
1300303	(384973, 384866, 200493, 445639, 482999, 218960)
758161	(384973, 384866, 200493, 445639, 482999, 218960)
625959	(384973, 384866, 200493, 445639, 482999, 218960)
448229	(384973, 384866, 200493, 445639, 482999, 218960)
14737	(384973, 384866, 200493, 445639, 482999, 218960)
1638368	(471000, 333000, 294000, 360000, 537000, 233000)
508	(567132, 524866, 308200, 533373, 579999, 231933)
507	(567132, 524866, 308200, 533373, 579999, 231933)
336358	(555199, 424932, 538599, 463199, 416333, 273960)
8516	(555199, 424932, 538599, 463199, 416333, 273960)
3766	(487160, 476933, 431906, 598133, 473600, 344453)
1174544	(484679, 715399, 470479, 618252, 383066, 554092)
285856	(484679, 715399, 470479, 618252, 383066, 554092)
11484	(484679, 715399, 470479, 618252, 383066, 554092)
741220	(758266, 695733, 335666, 739666, 751999, 492560)
708824	(758266, 695733, 335666, 739666, 751999, 492560)
57461	(292733, 278626, 290106, 274333, 257200, 264826)
1220817	(259466, 222600, 430733, 0, 0, 0)
16740	(268933, 368666, 272200, 258706, 0, 0)
316122	(758266, 695733, 335666, 739666, 751999, 492560)
4688	(758266, 695733, 335666, 739666, 751999, 492560)
757983	(629839, 460026, 192800, 480600, 431906, 307666)
543468	(818373, 252493, 905199, 418133, 500933, 420240)
1596932	(818573, 456049, 135516, 369113, 292531, 95022)
342638	(390600, 459546, 215493, 392666, 300106, 310587)
797708	(842999, 378960, 303400, 288973, 199600, 246026)
479728	(842999, 378960, 303400, 288973, 199600, 246026)
8046	(842999, 378960, 303400, 288973, 199600, 246026)
344070	(842999, 378960, 303400, 288973, 199600, 246026)
40720	(706093, 743066, 592999, 819373, 816693, 544773)
812191	(706093, 743066, 592999, 819373, 816693, 544773)
737631	(706093, 743066, 592999, 819373, 816693, 544773)
503080	(706093, 743066, 592999, 819373, 816693, 544773)
1304406	(697599, 356973, 620893, 260399, 688266, 510640)
1179071	(697599, 356973, 620893, 260399, 688266, 510640)
39658	(697599, 356973, 620893, 260399, 688266, 510640)
515105	(697599, 356973, 620893, 260399, 688266, 510640)
295291	(697599, 356973, 620893, 260399, 688266, 510640)
2671	(755039, 599559, 580439, 929733, 620426, 555173)
2658	(755039, 599559, 580439, 929733, 620426, 555173)
13246	(596133, 578066, 219933, 490799, 577706, 330666)
476100	(515933, 575626, 278106, 558692, 612640, 281666)
470372	(515933, 575626, 278106, 558692, 612640, 281666)
718098	(515933, 575626, 278106, 558692, 612640, 281666)
718097	(515933, 575626, 278106, 558692, 612640, 281666)
1568502	(805492, 613999, 640839, 682332, 970826, 357067)
718102	(515933, 575626, 278106, 558692, 612640, 281666)
16254	(515933, 575626, 278106, 558692, 612640, 281666)
332126	(576506, 766599, 404399, 637160, 435906, 647226)
797442	(576506, 766599, 404399, 637160, 435906, 647226)
95422	(576506, 766599, 404399, 637160, 435906, 647226)
746863	(576506, 766599, 404399, 637160, 435906, 647226)
372428	(576506, 766599, 404399, 637160, 435906, 647226)
278236	(576506, 766599, 404399, 637160, 435906, 647226)
13541	(587466, 509893, 530573, 569493, 466439, 564600)
1251390	(587466, 509893, 530573, 569493, 466439, 564600)
7645	(587466, 509893, 530573, 569493, 466439, 564600)
44955	(587466, 509893, 530573, 569493, 466439, 564600)
534529	(587466, 509893, 530573, 569493, 466439, 564600)
314549	(587466, 509893, 530573, 569493, 466439, 564600)
13543	(587466, 509893, 530573, 569493, 466439, 564600)
13540	(587466, 509893, 530573, 569493, 466439, 564600)
1297877	(667160, 465400, 465666, 460399, 472999, 403706)
276331	(667160, 465400, 465666, 460399, 472999, 403706)
1849	(667160, 465400, 465666, 460399, 472999, 403706)
777538	(818373, 252493, 905199, 418133, 500933, 420240)
781601	(818373, 252493, 905199, 418133, 500933, 420240)
1188390	(818373, 252493, 905199, 418133, 500933, 420240)
385934	(667160, 465400, 465666, 460399, 472999, 403706)
11781	(368693, 76506, 279333, 176293, 189533, 305800)
17750	(429399, 278213, 334266, 478452, 329586, 398893)
941700	\N
454503	(443546, 545226, 462426, 479013, 469733, 571373)
59155	(443546, 545226, 462426, 479013, 469733, 571373)
826346	(525493, 541066, 266373, 428493, 491066, 307066)
580463	(525493, 541066, 266373, 428493, 491066, 307066)
746566	(525493, 541066, 266373, 428493, 491066, 307066)
640970	(525493, 541066, 266373, 428493, 491066, 307066)
706873	(525493, 541066, 266373, 428493, 491066, 307066)
2948	(525493, 541066, 266373, 428493, 491066, 307066)
2399	(659532, 1058732, 697998, 844666, 830633, 562632)
1190899	(460093, 222306, 504359, 265933, 622306, 390693)
660410	(673812, 624746, 593385, 410039, 602879, 279186)
795622	(460093, 222306, 504359, 265933, 622306, 390693)
338026	(460093, 222306, 504359, 265933, 622306, 390693)
33713	(514759, 685732, 797972, 734199, 773666, 983825)
33714	(813158, 835866, 507333, 932465, 972866, 416399)
201021	(443866, 547266, 344692, 502906, 527265, 392000)
35131	(527960, 497266, 469266, 478866, 624666, 301573)
546949	(527960, 497266, 469266, 478866, 624666, 301573)
546947	(527960, 497266, 469266, 478866, 624666, 301573)
1409615	(461000, 270000, 270000, 237000, 260000, 469000)
351165	(412732, 608266, 332799, 418306, 491160, 211400)
1250154	(456093, 454106, 335466, 465159, 515599, 257573)
234598	(456093, 454106, 335466, 465159, 515599, 257573)
46175	(539332, 322732, 570933, 352733, 613159, 277333)
340605	(490399, 401066, 494573, 393893, 574572, 199093)
452780	(490399, 401066, 494573, 393893, 574572, 199093)
9148	(490399, 401066, 494573, 393893, 574572, 199093)
651018	(766866, 217733, 648399, 290266, 836999, 587173)
64431	(766866, 217733, 648399, 290266, 836999, 587173)
352173	(766866, 217733, 648399, 290266, 836999, 587173)
7506	(568506, 614159, 535333, 839440, 439333, 460160)
1422455	(400000, 312000, 300000, 341000, 253000, 287000)
807732	(540959, 611506, 302960, 405773, 555932, 317666)
311090	(540959, 611506, 302960, 405773, 555932, 317666)
253093	(540959, 611506, 302960, 405773, 555932, 317666)
146894	(440466, 467466, 369226, 456799, 616199, 251373)
17858	(494426, 435172, 494800, 478199, 423532, 326866)
17856	(494426, 435172, 494800, 478199, 423532, 326866)
161199	(494426, 435172, 494800, 478199, 423532, 326866)
573465	(591000, 482000, 524000, 287000, 523000, 313000)
629435	(591000, 482000, 524000, 287000, 523000, 313000)
289255	(1418959, 468266, 504239, 297826, 214798, 346306)
1005732	(754733, 811240, 560493, 527533, 740173, 307160)
171349	(392465, 566372, 696226, 818972, 834866, 1249999)
683320	(468333, 512733, 241293, 492173, 371066, 213066)
364059	(468333, 512733, 241293, 492173, 371066, 213066)
51172	(468333, 512733, 241293, 492173, 371066, 213066)
870315	(577333, 349826, 322506, 429733, 498693, 300133)
131627	(863000, 805000, 834000, 611000, 597000, 532000)
503801	(628226, 511240, 624866, 508893, 654600, 440773)
323364	(631865, 396332, 647438, 425999, 500532, 477760)
589748	(1124386, 452173, 456133, 410653, 367080, 857680)
480177	(1124386, 452173, 456133, 410653, 367080, 857680)
67039	(1124386, 452173, 456133, 410653, 367080, 857680)
490693	(1124386, 452173, 456133, 410653, 367080, 857680)
589747	(681466, 2171360, 753320, 0, 0, 0)
480176	(681466, 2171360, 753320, 0, 0, 0)
67040	(681466, 2171360, 753320, 0, 0, 0)
490702	(681466, 2171360, 753320, 0, 0, 0)
327265	(499400, 545200, 456372, 489200, 399933, 558893)
44690	(499400, 545200, 456372, 489200, 399933, 558893)
2994	(960640, 881693, 605572, 738426, 672772, 594426)
2996	(612892, 750972, 383999, 946493, 665039, 441133)
2995	(612892, 750972, 383999, 946493, 665039, 441133)
359977	(784000, 808000, 410000, 801000, 797000, 405000)
670874	(207293, 70973, 162400, 250560, 155106, 0)
229135	(505000, 758000, 1014000, 610000, 704000, 441000)
1172060	(516132, 266533, 542866, 390706, 476266, 375293)
504563	(516132, 266533, 542866, 390706, 476266, 375293)
4594	(516132, 266533, 542866, 390706, 476266, 375293)
283977	(516132, 266533, 542866, 390706, 476266, 375293)
259803	(516132, 266533, 542866, 390706, 476266, 375293)
365777	(997000, 464000, 422000, 1007000, 324000, 489000)
112625	(686799, 666266, 429640, 595026, 685705, 555360)
483928	(686799, 666266, 429640, 595026, 685705, 555360)
146888	(555133, 562799, 471972, 617093, 532999, 215000)
880303	\N
1754934	(538800, 302262, 520645, 297560, 582659, 321618)
400087	(439666, 429879, 308453, 435546, 391906, 176547)
1114502	(471666, 512639, 510333, 383466, 409999, 179266)
418831	(471666, 512639, 510333, 383466, 409999, 179266)
289210	(471666, 512639, 510333, 383466, 409999, 179266)
493513	(471666, 512639, 510333, 383466, 409999, 179266)
272368	(471666, 512639, 510333, 383466, 409999, 179266)
417113	(471666, 512639, 510333, 383466, 409999, 179266)
348408	(471666, 512639, 510333, 383466, 409999, 179266)
348407	(471666, 512639, 510333, 383466, 409999, 179266)
27062	(823746, 517866, 455026, 938746, 455200, 401813)
1001458	\N
6926	(808732, 541133, 382493, 870906, 606893, 798440)
47854	(667506, 881065, 370960, 955398, 596598, 391733)
257531	(667506, 881065, 370960, 955398, 596598, 391733)
3587	(654266, 372066, 622773, 376599, 785000, 545559)
1596933	(203000, 246000, 292000, 0, 0, 0)
285245	(654266, 372066, 622773, 376599, 785000, 545559)
1638369	(510000, 487000, 297000, 377000, 551000, 265000)
8341	(506040, 634866, 847866, 411132, 401959, 330733)
6807	(226666, 416466, 423626, 0, 0, 0)
151633	(534399, 542666, 515533, 503373, 514226, 933706)
536939	(534399, 542666, 515533, 503373, 514226, 933706)
72411	(221640, 425360, 272906, 644000, 523360, 0)
649962	(221640, 425360, 272906, 644000, 523360, 0)
313093	(226666, 416466, 423626, 0, 0, 0)
385247	(508000, 588000, 0, 0, 0, 0)
551759	(362400, 442359, 574506, 454732, 451199, 491666)
383960	(362400, 442359, 574506, 454732, 451199, 491666)
298618	(362400, 442359, 574506, 454732, 451199, 491666)
291543	(362400, 442359, 574506, 454732, 451199, 491666)
2090	(362400, 442359, 574506, 454732, 451199, 491666)
7950	(581693, 614706, 321866, 627159, 552172, 333133)
342474	(421066, 574093, 283773, 788066, 632600, 506626)
833853	(944932, 700200, 431133, 642266, 522266, 755733)
435937	(556000, 669734, 702000, 675467, 592000, 509000)
1191396	(531586, 613133, 309680, 596626, 555332, 248960)
278752	(531586, 613133, 309680, 596626, 555332, 248960)
278747	(531586, 613133, 309680, 596626, 555332, 248960)
578538	(470693, 442000, 437173, 409760, 239133, 459240)
3065	(531586, 613133, 309680, 596626, 555332, 248960)
440792	(735000, 708000, 303000, 500000, 500000, 250000)
440788	(599000, 859000, 494000, 622000, 634000, 234000)
440790	(586000, 467000, 264000, 588000, 521000, 25000)
632483	(540920, 990306, 367759, 955372, 654132, 643560)
462495	(540920, 990306, 367759, 955372, 654132, 643560)
153807	(824266, 896733, 405599, 949532, 662332, 598746)
684666	(226160, 168400, 197133, 249440, 264693, 508933)
6277	(226160, 168400, 197133, 249440, 264693, 508933)
7560	(226160, 168400, 197133, 249440, 264693, 508933)
546575	(226160, 168400, 197133, 249440, 264693, 508933)
395248	(226160, 168400, 197133, 249440, 264693, 508933)
7561	(226160, 168400, 197133, 249440, 264693, 508933)
7559	(226160, 168400, 197133, 249440, 264693, 508933)
279433	(632626, 780599, 544666, 1145573, 987533, 428493)
1754937	(309000, 0, 0, 0, 0, 0)
279432	(632626, 780599, 544666, 1145573, 987533, 428493)
279431	(632626, 780599, 544666, 1145573, 987533, 428493)
350695	(526866, 1066666, 653293, 714665, 838532, 479239)
350693	(526866, 1066666, 653293, 714665, 838532, 479239)
3342	(526866, 1066666, 653293, 714665, 838532, 479239)
3344	(510399, 306440, 502733, 242960, 727733, 1076400)
114006	(272426, 387106, 317533, 0, 0, 0)
6805	(351200, 300040, 259133, 259360, 0, 0)
313719	(351200, 300040, 259133, 259360, 0, 0)
1515720	(413000, 183000, 529000, 405000, 500000, 371000)
85635	\N
941412	\N
360532	(936920, 930413, 357000, 803920, 802093, 422720)
35293	(398999, 397333, 467266, 525266, 472493, 298906)
171416	(615000, 535000, 215733, 501226, 529999, 336106)
576364	(615000, 535000, 215733, 501226, 529999, 336106)
347870	(615000, 535000, 215733, 501226, 529999, 336106)
171418	(615000, 535000, 215733, 501226, 529999, 336106)
171419	(615000, 535000, 215733, 501226, 529999, 336106)
183844	(615000, 535000, 215733, 501226, 529999, 336106)
171417	(615000, 535000, 215733, 501226, 529999, 336106)
155341	(615000, 535000, 215733, 501226, 529999, 336106)
146774	(618932, 629225, 301066, 666972, 811666, 536199)
20209	(509532, 879265, 386840, 558866, 714599, 294466)
98569	(489599, 501266, 416893, 501333, 501333, 444573)
495645	(412493, 447240, 420200, 411292, 432266, 513706)
24639	(412493, 447240, 420200, 411292, 432266, 513706)
3192	(412493, 447240, 420200, 411292, 432266, 513706)
254358	(412493, 447240, 420200, 411292, 432266, 513706)
60056	(261399, 250266, 325133, 311840, 0, 0)
5743	(748092, 548973, 334559, 474839, 600866, 329666)
1300504	(476626, 356466, 256000, 420266, 433106, 165226)
1283174	(476626, 356466, 256000, 420266, 433106, 165226)
772216	(476626, 356466, 256000, 420266, 433106, 165226)
227282	(719359, 501599, 475706, 703892, 452332, 503400)
211878	(757466, 377706, 461359, 707706, 362599, 543159)
210876	(551706, 516426, 397266, 401199, 420866, 226573)
639376	(503000, 522000, 247000, 515000, 483000, 241000)
38676	(423199, 498133, 507200, 423693, 477773, 370626)
716246	(624946, 552733, 561852, 945079, 737959, 844532)
206139	(787692, 516173, 623732, 374493, 517133, 378773)
11269	(787692, 516173, 623732, 374493, 517133, 378773)
1290485	(459493, 455000, 263506, 447159, 592999, 259840)
1271968	(459493, 455000, 263506, 447159, 592999, 259840)
1238865	(459493, 455000, 263506, 447159, 592999, 259840)
129451	(459493, 455000, 263506, 447159, 592999, 259840)
606951	(459493, 455000, 263506, 447159, 592999, 259840)
487221	(467532, 477133, 283600, 372106, 433600, 245960)
37372	(467532, 477133, 283600, 372106, 433600, 245960)
1229668	(451266, 406666, 208160, 484440, 454759, 243666)
498172	(451266, 406666, 208160, 484440, 454759, 243666)
29316	(451266, 406666, 208160, 484440, 454759, 243666)
1063	(451266, 406666, 208160, 484440, 454759, 243666)
578748	(501332, 130266, 428760, 379333, 427333, 893974)
831854	(623599, 312133, 636760, 293973, 629066, 338360)
659493	(1092000, 507000, 694000, 1360000, 0, 0)
784784	(487133, 231093, 592972, 226693, 417066, 227973)
82575	(487133, 231093, 592972, 226693, 417066, 227973)
126301	(574026, 532972, 438932, 482559, 490932, 709572)
441913	\N
1478236	(852359, 313946, 752586, 272306, 764253, 608173)
2580	(511759, 587333, 445466, 502840, 448866, 250066)
102496	(498746, 209480, 253373, 262666, 298466, 395693)
780684	(647199, 258133, 593933, 515106, 545266, 308493)
24970	(647199, 258133, 593933, 515106, 545266, 308493)
124860	(804772, 712906, 569092, 840465, 785146, 437879)
3596	(688132, 327906, 323933, 669199, 358826, 308773)
700173	(480733, 567066, 729493, 440999, 572506, 642226)
253052	(480733, 567066, 729493, 440999, 572506, 642226)
1353754	(629839, 460026, 192800, 480600, 431906, 307666)
3593	(593666, 543333, 514599, 395333, 400533, 590666)
101974	(433132, 537506, 616199, 580160, 387666, 455000)
74156	(735693, 559666, 558040, 589960, 559466, 1034373)
342960	(552399, 456426, 533146, 621599, 578066, 371026)
342959	(552399, 456426, 533146, 621599, 578066, 371026)
1756175	(550000, 328000, 501000, 995000, 498000, 575000)
1691803	(293000, 328000, 288000, 304000, 260000, 141000)
1756555	(688000, 567000, 421000, 861000, 491000, 325000)
1756709	(288000, 265000, 0, 0, 0, 0)
973342	\N
51072	\N
35879	(570066, 1795333, 289933, 1217333, 563626, 276306)
1409616	(363000, 407000, 254000, 316000, 418000, 181000)
932070	(564986, 628212, 480240, 644025, 556132, 600733)
3858	(268973, 337226, 541306, 355626, 281399, 160440)
8007	(465133, 319200, 560560, 572132, 424733, 396239)
7990	(403773, 344466, 480800, 336426, 476666, 501706)
869768	(374760, 562866, 602706, 1069560, 854066, 967640)
422340	(373306, 299466, 326399, 233199, 419959, 508133)
1183666	(597026, 536333, 463266, 478866, 490040, 274000)
622934	(597026, 536333, 463266, 478866, 490040, 274000)
1449332	(912000, 703000, 720000, 831000, 672000, 647000)
39142	(597026, 536333, 463266, 478866, 490040, 274000)
180651	(433199, 434066, 377533, 392999, 441160, 518640)
1112020	(562159, 982266, 550132, 655306, 768293, 142666)
817202	(562159, 982266, 550132, 655306, 768293, 142666)
150211	(562159, 982266, 550132, 655306, 768293, 142666)
96661	(964133, 877533, 824306, 0, 0, 0)
705623	(340400, 398799, 448799, 429933, 486306, 268733)
6920	(340400, 398799, 448799, 429933, 486306, 268733)
883005	(421266, 481933, 486466, 496532, 448866, 331093)
1018038	\N
391316	(652825, 873146, 584239, 831532, 681159, 659666)
68526	(652825, 873146, 584239, 831532, 681159, 659666)
637643	(439800, 561533, 238466, 531306, 530066, 1635400)
2534	(439800, 561533, 238466, 531306, 530066, 1635400)
12712	(517292, 335599, 696173, 466733, 388226, 369773)
163312	(517292, 335599, 696173, 466733, 388226, 369773)
136869	(700133, 588666, 576959, 591759, 673213, 322693)
443911	(700133, 588666, 576959, 591759, 673213, 322693)
27138	(700133, 588666, 576959, 591759, 673213, 322693)
330668	(332866, 457826, 378199, 410039, 451226, 190866)
29785	(345319, 400919, 352533, 356346, 292199, 345799)
424865	(345319, 400919, 352533, 356346, 292199, 345799)
400780	(345319, 400919, 352533, 356346, 292199, 345799)
29783	(345319, 400919, 352533, 356346, 292199, 345799)
443737	(819679, 718946, 667106, 772759, 662280, 642653)
514728	(434826, 379000, 295373, 463492, 1045440, 215866)
5947	(434826, 379000, 295373, 463492, 1045440, 215866)
784912	(3011693, 0, 0, 0, 0, 0)
784911	(3011693, 0, 0, 0, 0, 0)
3443	(342933, 171306, 260226, 208773, 261560, 0)
502532	\N
608923	(495333, 468866, 205000, 459373, 567159, 245706)
612221	(1257266, 598332, 386933, 608839, 804666, 875492)
3409	(1257266, 598332, 386933, 608839, 804666, 875492)
226	(1257266, 598332, 386933, 608839, 804666, 875492)
3410	(1257266, 598332, 386933, 608839, 804666, 875492)
870824	(3213226, 0, 0, 0, 0, 0)
876692	(2355613, 0, 0, 0, 0, 0)
896184	(3865760, 0, 0, 0, 0, 0)
415115	(810800, 446693, 308000, 340333, 742866, 0)
876961	(60000, 0, 0, 0, 0, 0)
1023879	(457706, 0, 0, 0, 0, 0)
4030	(507906, 582533, 218626, 526266, 516173, 412226)
21711	(786799, 656506, 707093, 859839, 970359, 781506)
24269	(732506, 758200, 649266, 717693, 709573, 713759)
922841	(323640, 0, 0, 0, 0, 0)
728277	(543906, 549666, 224133, 515999, 564333, 344693)
14428	(543906, 549666, 224133, 515999, 564333, 344693)
995470	(723599, 423826, 526973, 529866, 490733, 426199)
185551	(4445306, 0, 0, 0, 0, 0)
676237	(4445306, 0, 0, 0, 0, 0)
525470	(4745880, 0, 0, 0, 0, 0)
105455	(4745880, 0, 0, 0, 0, 0)
886008	(4716053, 0, 0, 0, 0, 0)
1166953	(494000, 128000, 427000, 802000, 895000, 220000)
80676	(3745173, 0, 0, 0, 0, 0)
24886	(3745173, 0, 0, 0, 0, 0)
1422456	(416000, 229000, 381000, 230000, 328000, 215000)
1485654	(938000, 720000, 743000, 714000, 593000, 502000)
153935	(714000, 491000, 549000, 891000, 563000, 618000)
199058	(789000, 407000, 374000, 504000, 153000, 210000)
830346	(371039, 553866, 153466, 399133, 303560, 99773)
260768	(726333, 573759, 308906, 503159, 445265, 363199)
1449767	(295000, 255000, 277000, 364000, 259000, 295000)
546631	(3974760, 0, 0, 0, 0, 0)
525474	(3974760, 0, 0, 0, 0, 0)
105456	(3974760, 0, 0, 0, 0, 0)
31640	(719559, 706212, 727718, 693186, 773759, 495719)
1009912	(2990853, 0, 0, 0, 0, 0)
226119	(1508092, 610506, 291160, 444973, 451466, 122426)
579946	(433532, 854666, 552732, 568732, 1058293, 710333)
74506	(433532, 854666, 552732, 568732, 1058293, 710333)
940119	(4388920, 0, 0, 0, 0, 0)
870977	(4431760, 0, 0, 0, 0, 0)
771484	(399333, 475066, 444666, 256226, 742599, 242840)
525020	(399333, 475066, 444666, 256226, 742599, 242840)
338298	(399333, 475066, 444666, 256226, 742599, 242840)
285789	(399333, 475066, 444666, 256226, 742599, 242840)
1169031	(634333, 584332, 625639, 595600, 512959, 311133)
7773	(634333, 584332, 625639, 595600, 512959, 311133)
1315730	(441466, 333066, 619226, 621039, 425293, 163706)
710664	(441466, 333066, 619226, 621039, 425293, 163706)
145329	(441466, 333066, 619226, 621039, 425293, 163706)
873748	(4208773, 0, 0, 0, 0, 0)
970415	(2270800, 0, 0, 0, 0, 0)
260994	(2024986, 0, 0, 0, 0, 0)
260993	(2024986, 0, 0, 0, 0, 0)
14919	(2024986, 0, 0, 0, 0, 0)
162415	(572306, 555960, 503400, 490840, 1129093, 0)
73354	(572306, 555960, 503400, 490840, 1129093, 0)
290176	(572306, 555960, 503400, 490840, 1129093, 0)
868291	(3137920, 0, 0, 0, 0, 0)
111519	(4633680, 0, 0, 0, 0, 0)
10638	(593799, 751373, 691893, 892799, 446506, 593493)
335865	(593799, 751373, 691893, 892799, 446506, 593493)
10637	(593799, 751373, 691893, 892799, 446506, 593493)
276686	(593799, 751373, 691893, 892799, 446506, 593493)
276685	(593799, 751373, 691893, 892799, 446506, 593493)
276687	(593799, 751373, 691893, 892799, 446506, 593493)
767977	(3079093, 0, 0, 0, 0, 0)
9965	(768373, 242720, 307253, 570239, 285200, 535346)
24654	(746759, 689439, 583293, 603306, 594759, 537333)
513736	(746759, 689439, 583293, 603306, 594759, 537333)
144630	(344493, 305706, 188133, 453626, 370399, 344666)
691840	(669906, 535132, 250133, 509932, 422092, 269733)
282978	(669906, 535132, 250133, 509932, 422092, 269733)
20608	(669906, 535132, 250133, 509932, 422092, 269733)
573212	(2091826, 0, 0, 0, 0, 0)
923188	(4163746, 0, 0, 0, 0, 0)
1185248	(603466, 553680, 687119, 550160, 600372, 498119)
877584	(749666, 501599, 517200, 459439, 502333, 688733)
43407	(383626, 484906, 343093, 563666, 509933, 506400)
22346	\N
454609	(840465, 449599, 528266, 657306, 420559, 341400)
454610	(840465, 449599, 528266, 657306, 420559, 341400)
88935	(840465, 449599, 528266, 657306, 420559, 341400)
764311	(246000, 199000, 392000, 310000, 497000, 167000)
505	(512560, 553333, 473772, 452933, 511559, 551173)
574867	(512560, 553333, 473772, 452933, 511559, 551173)
503	(360066, 374932, 242093, 344733, 458266, 209866)
194283	(506212, 555999, 479133, 457106, 463040, 307986)
400223	(685000, 215000, 210000, 590000, 230000, 230000)
813079	(470440, 452906, 462946, 446866, 446346, 247266)
1270852	(508160, 484439, 518092, 567306, 503800, 260266)
306225	(502973, 489359, 248133, 541439, 536866, 248866)
534507	(502973, 489359, 248133, 541439, 536866, 248866)
1449333	(176000, 178000, 240000, 0, 0, 0)
881932	(3759786, 0, 0, 0, 0, 0)
77899	(4409240, 0, 0, 0, 0, 0)
157537	(4427226, 0, 0, 0, 0, 0)
825421	(1089932, 529573, 672799, 721066, 520466, 934959)
163314	(740332, 314026, 482840, 632625, 395666, 420040)
163313	(740332, 314026, 482840, 632625, 395666, 420040)
868470	(1877133, 0, 0, 0, 0, 0)
874512	(3985080, 0, 0, 0, 0, 0)
465936	(426693, 402533, 337266, 378000, 442666, 344000)
874594	(808000, 644000, 614000, 426999, 1461000, 774000)
869281	(2837480, 0, 0, 0, 0, 0)
315509	(3147824, 11000, 12000, 11000, 12000, 958466)
953353	(4323813, 0, 0, 0, 0, 0)
830131	(452800, 424800, 669532, 470266, 436159, 121240)
830133	(452800, 424800, 669532, 470266, 436159, 121240)
830138	(452800, 424800, 669532, 470266, 436159, 121240)
830137	(452800, 424800, 669532, 470266, 436159, 121240)
830141	(452800, 424800, 669532, 470266, 436159, 121240)
830140	(452800, 424800, 669532, 470266, 436159, 121240)
830285	(452800, 424800, 669532, 470266, 436159, 121240)
409693	(452800, 424800, 669532, 470266, 436159, 121240)
785867	(452800, 424800, 669532, 470266, 436159, 121240)
784803	(452800, 424800, 669532, 470266, 436159, 121240)
286384	(452800, 424800, 669532, 470266, 436159, 121240)
677153	(452800, 424800, 669532, 470266, 436159, 121240)
1754939	(380453, 330227, 453333, 394600, 342747, 370800)
487812	(452800, 424800, 669532, 470266, 436159, 121240)
283320	(4063066, 0, 0, 0, 0, 0)
1186945	(442999, 550799, 522133, 563893, 602599, 276266)
34152	(442999, 550799, 522133, 563893, 602599, 276266)
722963	(3483546, 0, 0, 0, 0, 0)
612875	(3483546, 0, 0, 0, 0, 0)
119910	(3483546, 0, 0, 0, 0, 0)
119911	(3483546, 0, 0, 0, 0, 0)
361701	(3483546, 0, 0, 0, 0, 0)
847305	(4051346, 0, 0, 0, 0, 0)
904864	(381706, 0, 0, 0, 0, 0)
37000	(679532, 528266, 459999, 752373, 517199, 417359)
1185079	(398160, 493573, 226226, 374066, 683973, 169733)
1134124	(398160, 493573, 226226, 374066, 683973, 169733)
7850	(398160, 493573, 226226, 374066, 683973, 169733)
264296	(398160, 493573, 226226, 374066, 683973, 169733)
100872	(398160, 493573, 226226, 374066, 683973, 169733)
39383	(859932, 555733, 457959, 491065, 574533, 577506)
880768	(3575920, 0, 0, 0, 0, 0)
871935	(2465866, 0, 0, 0, 0, 0)
326989	(1075666, 565706, 829332, 550200, 1120333, 426160)
813298	(1075666, 565706, 829332, 550200, 1120333, 426160)
398970	(1075666, 565706, 829332, 550200, 1120333, 426160)
39811	(1075666, 565706, 829332, 550200, 1120333, 426160)
417581	(1075666, 565706, 829332, 550200, 1120333, 426160)
987360	(3236333, 0, 0, 0, 0, 0)
985408	(416866, 244426, 0, 0, 0, 0)
918484	(3596533, 0, 0, 0, 0, 0)
1568503	(1281332, 600000, 900999, 632825, 422332, 373066)
61703	(591466, 724333, 566800, 714000, 479933, 383840)
1287354	(520506, 528893, 300066, 625040, 468092, 246106)
691116	(520506, 528893, 300066, 625040, 468092, 246106)
1018150	(2007333, 0, 0, 0, 0, 0)
2654	(458573, 277133, 276826, 376466, 991800, 182400)
