288902	288902	1	1		0	2011-05-16 14:57:06.530063+00	9
600623	600623	1	1		0	2011-05-16 14:57:06.530063+00	9
600626	600626	1	1		0	2011-05-16 14:57:06.530063+00	9
600627	600627	1	6		0	2011-05-16 14:57:06.530063+00	9
7716	7716	1	1		0	2011-05-16 14:57:06.530063+00	9
23301	23301	1	1		0	2011-05-16 14:57:06.530063+00	12
10018	10018	1	\N		0	2011-05-16 14:57:06.530063+00	16
63822	63822	1	1		0	2011-05-16 14:57:06.530063+00	12
225710	225710	1	\N		0	2011-05-16 14:57:06.530063+00	10
31529	31529	1	1		0	2011-05-16 14:57:06.530063+00	10
252429	252429	1	1		0	2011-05-16 14:57:06.530063+00	10
384122	384122	1	31		0	2011-05-16 14:57:06.530063+00	4
51613	51613	1	1		0	2011-05-16 14:57:06.530063+00	13
809440	809440	1	1		0	2011-05-16 14:57:06.530063+00	13
369088	369088	1	31		0	2012-04-15 04:54:43.416659+00	4
1160309	1144203	1	\N		0	2012-04-09 04:49:45.685906+00	3
1199932	1178334	1	1		0	2012-07-17 15:29:57.703361+00	4
829849	829849	1	1		0	2011-05-16 14:57:06.530063+00	9
27070	27070	1	1		0	2011-05-16 14:57:06.530063+00	12
287747	287747	1	1		0	2011-05-16 14:57:06.530063+00	10
2780	2780	1	1		0	2011-05-16 14:57:06.530063+00	10
287750	287750	1	8		0	2011-05-16 14:57:06.530063+00	10
287749	287749	1	1		0	2011-05-16 14:57:06.530063+00	10
10983	10983	1	1		0	2011-05-16 14:57:06.530063+00	11
459168	459168	1	1		0	2011-05-16 14:57:06.530063+00	11
492514	492514	1	1		0	2011-05-16 14:57:06.530063+00	10
10981	10981	1	1		0	2011-05-16 14:57:06.530063+00	10
551731	551731	1	1		0	2011-05-16 14:57:06.530063+00	10
181909	181909	1	\N		0	2011-05-16 14:57:06.530063+00	11
289833	289833	1	1		0	2011-05-16 14:57:06.530063+00	14
725681	725681	1	1		0	2011-05-16 14:57:06.530063+00	9
101121	101121	1	1		0	2011-05-16 14:57:06.530063+00	13
3407	3407	1	\N		0	2011-05-16 14:57:06.530063+00	12
230	230	1	1		0	2011-05-16 14:57:06.530063+00	12
464175	464175	1	1		0	2011-05-16 14:57:06.530063+00	12
662760	662760	1	1		0	2011-05-16 14:57:06.530063+00	15
808876	808876	1	1		0	2011-05-16 14:57:06.530063+00	12
1611707	1539351	2	19		0	2014-12-19 12:41:58.214228+00	8
639828	639828	1	1		0	2011-05-16 14:57:06.530063+00	8
9121	9121	1	\N		0	2011-05-16 14:57:06.530063+00	16
242537	242537	1	1		0	2011-05-16 14:57:06.530063+00	16
596796	596796	1	1		0	2011-05-16 14:57:06.530063+00	16
672405	672405	1	1		0	2011-05-16 14:57:06.530063+00	16
383730	383730	1	1		0	2011-05-16 14:57:06.530063+00	10
1246531	1219491	1	1		0	2012-11-13 13:25:11.217268+00	2
326726	326726	1	1		0	2011-05-16 14:57:06.530063+00	9
143286	143286	1	\N		0	2011-05-16 14:57:06.530063+00	13
884817	884817	1	1		0	2011-10-30 13:32:12.994908+00	15
344834	344834	1	1		0	2011-05-16 14:57:06.530063+00	20
4816	4816	1	1		0	2011-05-16 14:57:06.530063+00	20
423448	423448	1	1		0	2011-05-16 14:57:06.530063+00	13
1710	1710	1	1		0	2011-05-16 14:57:06.530063+00	11
835767	835767	1	12		0	2011-05-16 14:57:06.530063+00	4
574591	574591	1	1		0	2011-05-16 14:57:06.530063+00	12
18486	18486	1	1		0	2011-05-16 14:57:06.530063+00	17
13691	13691	1	1		0	2011-05-16 14:57:06.530063+00	17
120412	120412	1	1		0	2011-05-16 14:57:06.530063+00	17
120413	120413	1	1		0	2011-05-16 14:57:06.530063+00	17
1042290	1042290	1	12		0	2011-05-17 08:00:05.179885+00	4
948451	948451	1	31		0	2012-11-19 16:02:26.535361+00	10
600903	600903	1	31		0	2012-11-13 14:00:22.321109+00	10
144835	144835	1	\N		0	2011-05-16 14:57:06.530063+00	15
201021	201021	1	\N		0	2011-05-16 14:57:06.530063+00	16
31524	31524	1	1		0	2011-05-16 14:57:06.530063+00	12
297582	297582	1	8		0	2011-05-16 14:57:06.530063+00	11
106246	106246	1	1		0	2011-05-16 14:57:06.530063+00	11
8312	8312	1	1		0	2011-05-16 14:57:06.530063+00	11
22773	22773	1	1		0	2011-05-16 14:57:06.530063+00	4
7651	7651	1	1		0	2013-02-17 14:00:45.79493+00	13
8067	8067	1	1		0	2011-05-16 14:57:06.530063+00	11
33863	33863	1	1		0	2011-05-16 14:57:06.530063+00	11
567923	567923	1	1		0	2011-05-16 14:57:06.530063+00	11
6924	6924	1	1		0	2011-05-16 14:57:06.530063+00	10
33839	33839	1	1		0	2011-05-16 14:57:06.530063+00	10
19702	19702	1	1		0	2011-05-16 14:57:06.530063+00	10
318524	318524	1	1		0	2011-05-16 14:57:06.530063+00	99
318526	318526	1	1		0	2011-05-16 14:57:06.530063+00	99
6808	6808	1	1		0	2011-05-16 14:57:06.530063+00	99
318528	318528	1	1		0	2011-05-16 14:57:06.530063+00	99
318525	318525	1	1		0	2011-05-16 14:57:06.530063+00	99
318529	318529	1	1		0	2011-05-16 14:57:06.530063+00	99
680228	680228	1	1		0	2011-05-16 14:57:06.530063+00	99
283051	283051	1	1		0	2011-05-16 14:57:06.530063+00	10
3435	3435	1	1		0	2011-05-16 14:57:06.530063+00	5
14666	14666	1	\N		0	2011-05-16 14:57:06.530063+00	14
47158	47158	1	31		0	2011-05-16 14:57:06.530063+00	9
1422453	1372856	1	12		0	2014-01-06 21:14:22.301581+00	1
709966	709966	1	7		0	2011-05-16 14:57:06.530063+00	11
709967	709967	1	7		0	2011-05-16 14:57:06.530063+00	11
1046754	1046037	1	1		0	2011-06-16 02:00:05.661406+00	3
42877	42877	1	1		0	2012-08-14 06:00:30.133509+00	20
22426	22426	1	1		0	2011-09-05 17:00:08.677543+00	16
505278	505278	1	1		0	2011-09-05 17:00:08.911597+00	16
569173	569173	1	1		0	2011-10-22 12:00:08.434088+00	16
286698	286698	1	1		0	2011-05-16 14:57:06.530063+00	11
153355	153355	1	1		0	2012-06-26 22:17:36.891701+00	9
12647	12647	1	1		0	2011-05-16 14:57:06.530063+00	9
8021	8021	1	1		0	2011-09-04 00:41:03.667091+00	12
1708	1708	1	25		0	2011-05-16 14:57:06.530063+00	13
588082	588082	1	31		0	2011-05-16 14:57:06.530063+00	8
2102	2102	1	1		0	2011-05-16 14:57:06.530063+00	12
9837	9837	1	1		0	2011-05-16 14:57:06.530063+00	15
424217	424217	1	1		0	2011-05-16 14:57:06.530063+00	20
19973	19973	1	1		0	2011-05-16 14:57:06.530063+00	11
1072268	1068020	1	1	Greetings From Asbury Park, N.J.	0	2011-09-05 17:00:11.630028+00	9
8557	8557	1	1		0	2011-05-16 14:57:06.530063+00	15
396657	396657	1	1		0	2011-05-16 14:57:06.530063+00	8
26221	26221	1	31		0	2011-05-16 14:57:06.530063+00	8
5105	5105	1	1		0	2011-05-16 14:57:06.530063+00	11
41968	41968	1	1		0	2011-05-16 14:57:06.530063+00	9
8236	8236	1	1		0	2011-05-16 14:57:06.530063+00	10
676414	676414	1	42		0	2011-09-05 17:00:08.438442+00	17
94919	94919	1	1		0	2012-10-05 21:25:00.637012+00	14
600624	600624	1	8		0	2011-05-16 14:57:06.530063+00	9
600904	600904	1	8		0	2011-05-16 14:57:06.530063+00	10
600905	600905	1	8		0	2011-05-16 14:57:06.530063+00	10
754508	754508	1	12		0	2012-07-13 04:47:39.836293+00	63
672684	672684	1	1		0	2012-03-06 02:07:04.592549+00	12
20034	20034	1	\N		0	2012-03-06 02:07:11.305867+00	12
20035	20035	1	\N		0	2012-03-06 02:07:15.121631+00	12
512253	512253	1	7		0	2012-03-21 13:00:06.439092+00	11
7707	7707	1	1		0	2012-04-03 19:00:16.266047+00	16
46221	46221	1	1		0	2012-07-13 19:28:05.028069+00	16
281809	281809	1	1		0	2012-12-16 17:00:09.975498+00	10
7804	7804	1	1		0	2013-01-23 00:07:23.041398+00	11
629910	629910	1	1		0	2011-05-16 14:57:06.530063+00	11
262596	262596	1	1		0	2011-05-16 14:57:06.530063+00	14
65421	65421	1	1		0	2011-05-16 14:57:06.530063+00	12
654155	654155	1	1		0	2011-05-16 14:57:06.530063+00	14
631361	631361	1	1		0	2011-05-16 14:57:06.530063+00	11
709600	709600	1	1		0	2011-05-16 14:57:06.530063+00	11
9851	9851	1	1		0	2011-05-16 14:57:06.530063+00	16
412555	412555	1	1		0	2011-05-16 14:57:06.530063+00	7
581265	581265	1	1		0	2011-05-16 14:57:06.530063+00	7
593286	593286	1	7		0	2011-05-16 14:57:06.530063+00	7
593287	593287	1	7		0	2011-05-16 14:57:06.530063+00	7
593289	593289	1	7		0	2011-05-16 14:57:06.530063+00	7
593291	593291	1	1		0	2011-05-16 14:57:06.530063+00	7
787193	787193	1	7		0	2011-05-16 14:57:06.530063+00	12
809441	809441	1	1		0	2011-05-16 14:57:06.530063+00	21
809520	809520	1	\N		0	2011-05-16 14:57:06.530063+00	6
1278730	1246921	1	\N		0	2013-01-24 18:04:14.234865+00	10
760503	760503	1	1		0	2011-05-16 14:57:06.530063+00	2
795042	795042	1	1		0	2011-05-16 14:57:06.530063+00	9
1202786	1180854	1	1		0	2012-07-25 08:43:52.740322+00	6
694072	694072	1	7		0	2011-05-16 14:57:06.530063+00	2
503940	503940	1	1		0	2011-05-16 14:57:06.530063+00	4
631796	631796	1	1		0	2011-05-16 14:57:06.530063+00	14
795739	795739	1	1		0	2011-05-16 14:57:06.530063+00	10
795822	795822	1	7		0	2011-05-16 14:57:06.530063+00	20
804759	804759	1	1		0	2011-05-16 14:57:06.530063+00	27
207192	207192	1	1		0	2011-05-16 14:57:06.530063+00	10
344991	344991	1	7		0	2011-05-16 14:57:06.530063+00	10
1042291	1042291	1	12		0	2011-05-17 01:44:48.071081+00	4
481233	481233	1	1		0	2011-05-16 14:57:06.530063+00	10
1556833	1490530	1	1		0	2014-09-21 18:53:16.518085+00	4
549450	549450	1	1		0	2011-05-16 14:57:06.530063+00	14
365475	365475	1	1		0	2011-05-16 14:57:06.530063+00	9
2059	2059	1	1		0	2011-05-16 14:57:06.530063+00	9
7638	7638	1	1		0	2011-05-16 14:57:06.530063+00	9
615909	615909	1	7		0	2011-05-16 14:57:06.530063+00	9
624679	624679	1	1		0	2011-05-16 14:57:06.530063+00	9
8217	8217	1	1		0	2011-05-16 14:57:06.530063+00	14
33434	33434	1	\N		0	2011-05-16 14:57:06.530063+00	4
1018	1018	1	\N		0	2011-05-16 14:57:06.530063+00	8
374650	374650	1	1		0	2011-05-16 14:57:06.530063+00	8
428905	428905	1	1		0	2011-05-16 14:57:06.530063+00	8
87641	87641	1	1		0	2011-05-16 14:57:06.530063+00	13
487146	487146	1	1		0	2011-05-16 14:57:06.530063+00	13
634	634	1	1		0	2011-05-16 14:57:06.530063+00	14
546897	546897	1	1		0	2011-05-16 14:57:06.530063+00	14
546899	546899	1	8		0	2011-05-16 14:57:06.530063+00	14
272162	272162	1	8		0	2011-05-16 14:57:06.530063+00	14
516017	516017	1	1		0	2011-05-16 14:57:06.530063+00	14
8301	8301	1	1		0	2011-05-16 14:57:06.530063+00	17
416438	416438	1	1		0	2011-05-16 14:57:06.530063+00	17
429416	429416	1	1		0	2011-05-16 14:57:06.530063+00	9
7699	7699	1	1		0	2011-05-16 14:57:06.530063+00	12
622527	622527	1	1		0	2011-05-16 14:57:06.530063+00	12
1510531	1449007	1	1		0	2014-07-09 07:19:47.211709+00	6
15056	15056	1	1		0	2011-05-16 14:57:06.530063+00	10
495062	495062	1	1		0	2011-05-16 14:57:06.530063+00	10
483339	483339	1	1		0	2011-05-16 14:57:06.530063+00	14
14722	14722	1	1		0	2011-05-16 14:57:06.530063+00	14
600957	600957	1	1		0	2011-05-16 14:57:06.530063+00	14
1160310	1144204	1	12		0	2012-04-09 04:54:55.284143+00	13
3051	3051	1	1		0	2011-05-16 14:57:06.530063+00	10
36688	36688	1	1		0	2011-05-16 14:57:06.530063+00	13
1199933	1178335	1	\N		0	2012-07-17 15:34:00.909927+00	10
1249092	1221712	1	8		0	2012-11-19 16:03:42.285074+00	9
182167	182167	1	\N		0	2011-05-16 14:57:06.530063+00	13
523210	523210	1	1		0	2011-05-16 14:57:06.530063+00	11
40330	40330	1	1		0	2011-05-16 14:57:06.530063+00	11
262718	262718	1	1		0	2011-05-16 14:57:06.530063+00	15
262720	262720	1	1		0	2011-05-16 14:57:06.530063+00	15
309137	309137	1	1		0	2011-05-16 14:57:06.530063+00	15
262719	262719	1	1		0	2011-05-16 14:57:06.530063+00	15
262721	262721	1	1		0	2011-05-16 14:57:06.530063+00	15
40329	40329	1	1		0	2011-05-16 14:57:06.530063+00	15
634493	634493	1	1		0	2011-05-16 14:57:06.530063+00	15
417205	417205	1	1		0	2011-05-16 14:57:06.530063+00	3
417201	417201	1	1		0	2011-05-16 14:57:06.530063+00	3
835122	835122	1	1		0	2011-05-16 14:57:06.530063+00	15
275213	275213	1	1		0	2011-05-16 14:57:06.530063+00	1
346614	346614	1	1		0	2011-05-16 14:57:06.530063+00	13
432923	432923	1	1		0	2011-05-16 14:57:06.530063+00	13
658412	658412	1	1		0	2011-05-16 14:57:06.530063+00	13
675922	675922	1	1		0	2011-05-16 14:57:06.530063+00	13
31553	31553	1	1		0	2011-05-16 14:57:06.530063+00	12
484843	484843	1	1		0	2011-05-16 14:57:06.530063+00	12
539845	527535	7	31	Revolver	0	2011-07-26 11:21:16.017562+00	14
539846	539846	1	7		0	2011-07-27 21:43:52.269271+00	14
327724	327724	1	1		0	2011-07-27 21:44:02.384695+00	14
6165	6165	1	1		0	2011-05-16 14:57:06.530063+00	12
1246532	1219492	1	12		0	2012-11-13 13:31:27.606273+00	15
83608	83608	1	1		0	2011-05-16 14:57:06.530063+00	10
53928	53928	1	1		0	2011-05-16 14:57:06.530063+00	14
531724	531724	1	1		0	2011-05-16 14:57:06.530063+00	10
345270	345270	1	1		0	2011-05-16 14:57:06.530063+00	10
446247	446247	1	1		0	2011-05-16 14:57:06.530063+00	7
272161	272161	1	31		0	2011-05-16 14:57:06.530063+00	14
5052	5052	1	1		0	2011-05-16 14:57:06.530063+00	14
1665793	1585772	1	1		0	2015-03-29 10:48:26.563242+00	9
593288	593288	1	31		0	2011-05-16 14:57:06.530063+00	7
21690	21690	1	1		0	2011-05-16 14:57:06.530063+00	10
341470	341470	1	1		0	2011-05-16 14:57:06.530063+00	12
129560	129560	1	1		0	2011-05-16 14:57:06.530063+00	13
324549	324549	1	1		0	2011-05-16 14:57:06.530063+00	13
474680	474680	1	1		0	2011-05-16 14:57:06.530063+00	13
15499	15499	1	\N		0	2011-05-16 14:57:06.530063+00	14
17063	17063	1	\N		0	2011-05-16 14:57:06.530063+00	14
687411	687411	1	31		0	2012-02-16 23:05:34.964407+00	7
92	92	1	31		0	2012-02-24 22:31:15.125867+00	14
262594	262594	1	31		0	2012-02-24 23:26:45.05708+00	14
795044	795044	1	31		0	2012-03-27 03:00:05.49161+00	2
18536	18536	1	1		0	2011-05-16 14:57:06.530063+00	12
755125	755125	1	1		0	2011-05-16 14:57:06.530063+00	7
296560	296560	1	1		0	2012-03-30 15:52:17.485388+00	13
795625	795625	1	31		0	2012-04-01 11:00:56.552502+00	3
262595	262595	1	8		0	2012-06-09 14:18:36.427185+00	14
327723	327723	1	31		0	2012-06-20 18:05:39.426619+00	14
262597	262597	1	1		0	2012-08-27 02:00:12.034852+00	14
1580	1580	1	1		0	2012-10-03 05:00:10.743751+00	14
582410	582410	1	1		0	2012-11-21 19:05:02.528848+00	14
1250648	1223068	1	12		0	2012-11-23 06:06:43.757991+00	3
1249098	1221717	1	12		0	2012-12-03 17:00:22.075527+00	4
562989	562989	1	1		0	2011-05-16 14:57:06.530063+00	14
491247	491247	1	1		0	2011-05-16 14:57:06.530063+00	14
787648	787648	1	1		0	2011-05-16 14:57:06.530063+00	8
14728	14728	1	1		0	2011-05-16 14:57:06.530063+00	11
676612	676612	1	1		0	2011-05-16 14:57:06.530063+00	11
678012	678012	1	1		0	2011-05-16 14:57:06.530063+00	11
669212	669212	1	8		0	2011-05-16 14:57:06.530063+00	11
1246533	1219493	1	1		0	2012-11-13 13:34:18.252923+00	3
728113	728113	1	1		0	2011-05-16 14:57:06.530063+00	11
351407	351407	1	1		0	2011-05-16 14:57:06.530063+00	14
40822	40822	1	\N		0	2011-05-16 14:57:06.530063+00	16
1249093	1221713	1	1		0	2012-11-19 16:05:24.26379+00	4
228844	228844	1	1		0	2011-05-16 14:57:06.530063+00	14
23176	23176	1	1		0	2011-05-16 14:57:06.530063+00	14
823087	823087	1	12		0	2011-05-16 14:57:06.530063+00	6
97413	97413	1	7		0	2011-05-16 14:57:06.530063+00	7
330407	330407	1	1		0	2011-05-16 14:57:06.530063+00	7
365928	365928	1	1		0	2011-05-16 14:57:06.530063+00	7
280821	280821	1	1		0	2011-05-16 14:57:06.530063+00	7
45732	45732	1	1		0	2011-05-16 14:57:06.530063+00	11
336944	336944	1	1		0	2011-05-16 14:57:06.530063+00	11
1028	1028	1	1		0	2011-05-16 14:57:06.530063+00	8
285307	285307	1	1		0	2011-05-16 14:57:06.530063+00	8
136932	136932	1	\N		0	2011-05-16 14:57:06.530063+00	11
548570	548570	1	1		0	2011-05-16 14:57:06.530063+00	12
1250649	1223069	1	1		0	2012-11-23 06:08:40.017105+00	3
1042292	514000	2	19		0	2011-05-17 02:51:13.17996+00	11
124890	124890	1	1		0	2011-05-16 14:57:06.530063+00	12
626194	626194	1	1		0	2011-05-16 14:57:06.530063+00	12
105722	105722	1	\N		0	2011-05-16 14:57:06.530063+00	11
251034	251034	1	1		0	2011-05-16 14:57:06.530063+00	11
1160311	1144205	1	1		0	2012-04-09 05:06:36.839052+00	12
2732	2732	1	1		0	2011-05-16 14:57:06.530063+00	15
2733	2733	1	1		0	2011-05-16 14:57:06.530063+00	15
299447	299447	1	1		0	2011-05-16 14:57:06.530063+00	11
322457	322457	1	1		0	2011-05-16 14:57:06.530063+00	13
233859	233859	1	1		0	2011-05-16 14:57:06.530063+00	11
3729	3729	1	\N		0	2011-05-16 14:57:06.530063+00	22
3730	3730	1	\N		0	2011-05-16 14:57:06.530063+00	22
252307	252307	1	1		0	2011-05-16 14:57:06.530063+00	11
514000	514000	1	1		0	2011-05-17 02:51:13.17996+00	15
1115064	1104585	1	\N		0	2011-12-21 00:26:26.145452+00	12
408204	408204	1	1		0	2011-05-16 14:57:06.530063+00	11
447155	447155	1	1		0	2011-05-16 14:57:06.530063+00	11
593273	593273	1	8		0	2011-05-16 14:57:06.530063+00	11
593275	593275	1	1		0	2011-05-16 14:57:06.530063+00	11
593276	593276	1	1		0	2011-05-16 14:57:06.530063+00	11
116419	116419	1	1		0	2012-04-14 11:00:12.089909+00	13
9323	9323	1	1		0	2011-05-16 14:57:06.530063+00	10
819746	819746	1	1		0	2011-05-16 14:57:06.530063+00	7
8775	8775	1	7		0	2011-05-16 14:57:06.530063+00	12
794400	794400	1	1		0	2011-05-16 14:57:06.530063+00	11
596407	596407	1	7		0	2011-05-16 14:57:06.530063+00	12
596408	596408	1	8		0	2011-05-16 14:57:06.530063+00	12
596409	596409	1	7		0	2011-05-16 14:57:06.530063+00	12
829205	829205	1	1		0	2011-05-16 14:57:06.530063+00	5
596412	596412	1	8		0	2011-05-16 14:57:06.530063+00	12
804478	804478	1	12		0	2011-05-16 14:57:06.530063+00	4
5688	5688	1	7		0	2011-05-16 14:57:06.530063+00	2
1596931	1526628	1	12		0	2014-11-17 21:57:17.961363+00	4
395613	395613	1	1		0	2011-05-16 14:57:06.530063+00	12
74412	74412	1	1		0	2011-05-16 14:57:06.530063+00	12
803783	803783	1	\N		0	2011-05-16 14:57:06.530063+00	14
2586	2586	1	1		0	2011-05-16 14:57:06.530063+00	10
564740	514000	3	1		0	2011-05-17 02:51:13.17996+00	1
1206348	1183957	1	29		0	2012-08-04 18:36:37.138625+00	2
834247	834247	1	1		0	2011-05-16 14:57:06.530063+00	8
441324	441324	1	1		0	2011-05-16 14:57:06.530063+00	9
693028	693028	1	7		0	2011-05-16 14:57:06.530063+00	8
503639	503639	1	1		0	2011-05-16 14:57:06.530063+00	9
601115	601115	1	1		0	2011-05-16 14:57:06.530063+00	9
717483	717483	1	1		0	2011-05-16 14:57:06.530063+00	9
32182	32182	1	1		0	2011-05-16 14:57:06.530063+00	13
361070	361070	1	1		0	2011-05-16 14:57:06.530063+00	13
455412	455412	1	1		0	2011-05-16 14:57:06.530063+00	13
102998	102998	1	1		0	2011-06-21 13:49:07.997799+00	10
1058333	1055846	1	29		0	2011-07-09 17:17:28.782546+00	2
1059203	1056596	1	1		0	2011-07-27 03:00:06.7405+00	11
1470427	1414667	1	1		0	2014-04-14 05:56:26.273538+00	9
455418	455418	1	1	Music	0	2011-08-04 17:46:32.602954+00	13
1062934	1059850	1	1		0	2011-08-07 11:00:07.797025+00	12
593278	593278	2	1	Stereo	0	2011-08-31 09:03:27.952337+00	11
579801	579801	1	1		0	2011-05-16 14:57:06.530063+00	10
281061	281061	1	1		0	2011-05-16 14:57:06.530063+00	12
17748	17748	1	1		0	2012-08-24 09:00:06.317108+00	12
582400	582400	1	1		0	2013-03-02 07:00:12.835101+00	13
362542	362542	1	1		0	2011-07-29 21:14:35.054031+00	13
4818	4818	1	1		0	2011-07-16 04:08:15.77016+00	22
525180	525180	1	31		0	2011-05-16 14:57:06.530063+00	9
421887	421887	1	31		0	2012-06-09 03:30:26.293564+00	10
274	274	1	7		0	2011-07-29 21:14:09.357935+00	13
100	100	1	7		0	2011-07-29 21:14:15.640724+00	13
539951	539951	1	7		0	2011-07-29 21:14:25.344733+00	13
670614	670614	1	1		0	2011-07-16 04:08:13.658918+00	22
4821	4821	1	1		0	2011-07-16 04:08:26.981509+00	22
1206506	1184103	1	29		0	2013-01-07 21:14:17.135687+00	2
491603	491603	1	1		0	2011-05-16 14:57:06.530063+00	11
7389	7389	1	31		0	2012-02-22 08:23:45.525409+00	11
593269	593269	1	31		0	2012-02-23 07:40:00.342613+00	11
596406	596406	1	31		0	2012-02-23 07:41:24.08079+00	12
455415	455415	1	31		0	2012-02-25 00:34:27.103152+00	13
391223	391223	1	31		0	2012-03-22 06:37:54.454174+00	12
356980	356980	1	31		0	2012-04-21 04:25:48.53108+00	3
593270	593270	1	31		0	2012-04-05 00:31:38.173382+00	11
128398	128398	1	1		0	2012-05-26 22:47:42.389998+00	5
149377	149377	1	1		0	2012-06-09 03:57:57.09827+00	10
650355	650355	1	30		0	2012-06-09 12:28:41.25196+00	10
523039	523039	1	31		0	2012-08-12 11:00:15.438632+00	9
288213	288213	1	31		0	2012-08-05 20:57:11.172658+00	16
1786	1786	1	1		0	2012-06-14 15:07:34.384648+00	12
578265	578265	1	1		0	2012-06-14 15:07:42.280561+00	12
309595	309595	1	1		0	2012-06-16 08:40:53.974777+00	16
7791	7791	1	1		0	2012-06-18 01:06:37.640953+00	20
596405	596405	1	31		0	2012-08-09 21:25:13.310096+00	12
445516	445516	1	31		0	2012-07-15 20:11:25.730111+00	11
593271	593271	1	31		0	2012-07-15 20:11:48.886373+00	11
593274	593274	1	31		0	2012-07-15 20:12:07.709391+00	11
448270	448270	1	1		0	2012-08-18 20:00:18.007478+00	11
32629	32629	1	1		0	2013-05-12 18:00:22.530689+00	12
834238	834238	1	1		0	2012-10-30 14:00:50.188038+00	9
135842	135842	1	\N		0	2013-05-12 18:00:29.915179+00	12
304914	304914	1	1		0	2011-05-16 14:57:06.530063+00	14
207710	207710	1	\N		0	2011-05-16 14:57:06.530063+00	12
1042293	543197	2	19		0	2011-05-17 03:00:21.991789+00	10
62015	62015	1	1		0	2011-05-16 14:57:06.530063+00	10
345724	345724	1	1		0	2011-05-16 14:57:06.530063+00	10
57509	57509	1	1		0	2011-05-16 14:57:06.530063+00	13
10436	10436	1	\N		0	2011-05-16 14:57:06.530063+00	11
146114	146114	1	\N		0	2011-05-16 14:57:06.530063+00	10
206815	206815	1	7		0	2011-05-16 14:57:06.530063+00	10
829494	829494	1	\N		0	2011-05-16 14:57:06.530063+00	11
357919	357919	1	1		0	2011-05-16 14:57:06.530063+00	4
359723	359723	1	1		0	2011-05-16 14:57:06.530063+00	10
758059	758059	1	1		0	2011-05-16 14:57:06.530063+00	12
1422454	1372857	1	\N		0	2014-01-06 21:16:15.840124+00	8
380810	380810	1	31		0	2012-04-15 04:55:25.801778+00	12
815737	815737	1	8		0	2011-05-16 14:57:06.530063+00	7
1248942	1221574	1	\N		0	2012-11-19 16:08:09.973539+00	13
1246534	1219494	1	12		0	2012-11-13 13:42:08.4477+00	1
175486	175486	1	1		0	2011-05-16 14:57:06.530063+00	11
705919	705919	1	1		0	2011-05-16 14:57:06.530063+00	10
806035	806035	1	1		0	2011-05-16 14:57:06.530063+00	8
264123	264123	1	1		0	2011-05-16 14:57:06.530063+00	11
1278731	1246922	1	1		0	2013-01-27 17:12:39.07779+00	15
731158	731158	1	1		0	2011-05-16 14:57:06.530063+00	10
1280936	1248808	1	12		0	2013-01-29 16:53:48.099942+00	3
1199935	1178337	1	\N		0	2012-07-17 15:42:06.344037+00	7
38910	38910	1	\N		0	2011-05-16 14:57:06.530063+00	11
85656	85656	1	1		0	2011-05-16 14:57:06.530063+00	12
728468	728468	1	\N		0	2011-05-16 14:57:06.530063+00	3
574869	574869	1	1		0	2011-05-16 14:57:06.530063+00	12
151981	151981	1	\N		0	2011-05-16 14:57:06.530063+00	11
24449	24449	1	1		0	2011-05-16 14:57:06.530063+00	21
24450	24450	1	1		0	2011-05-16 14:57:06.530063+00	27
475892	475892	1	1		0	2011-05-16 14:57:06.530063+00	10
475889	475889	1	1		0	2011-05-16 14:57:06.530063+00	10
572851	572851	1	1		0	2011-05-16 14:57:06.530063+00	10
42940	42940	1	7		0	2011-05-16 14:57:06.530063+00	10
41987	41987	1	1		0	2013-03-11 16:00:22.389823+00	10
8167	8167	1	1		0	2011-05-16 14:57:06.530063+00	8
150232	150232	1	1		0	2011-05-16 14:57:06.530063+00	12
64624	64624	1	1		0	2011-05-16 14:57:06.530063+00	12
327293	327293	1	1		0	2011-05-16 14:57:06.530063+00	12
513250	513250	1	1		0	2011-05-16 14:57:06.530063+00	10
298729	298729	1	1		0	2011-05-16 14:57:06.530063+00	10
1791	1791	1	1		0	2011-05-16 14:57:06.530063+00	10
308654	308654	1	1		0	2011-05-16 14:57:06.530063+00	10
329089	329089	1	6		0	2011-05-16 14:57:06.530063+00	10
337332	337332	1	1		0	2011-05-16 14:57:06.530063+00	10
1789	1789	1	1		0	2011-05-16 14:57:06.530063+00	10
1790	1790	1	1		0	2011-05-16 14:57:06.530063+00	10
336922	336922	1	1		0	2011-05-16 14:57:06.530063+00	10
613131	613131	1	1		0	2011-05-16 14:57:06.530063+00	10
607682	607682	1	1		0	2011-05-16 14:57:06.530063+00	10
3381	3381	1	1		0	2011-05-16 14:57:06.530063+00	14
1250650	1223070	1	12		0	2012-11-23 06:15:55.758662+00	10
1201	1201	1	1		0	2011-05-16 14:57:06.530063+00	12
345751	345751	1	1		0	2011-05-16 14:57:06.530063+00	12
1202	1202	1	1		0	2011-05-16 14:57:06.530063+00	12
606971	606971	1	1		0	2011-05-16 14:57:06.530063+00	12
606972	606972	1	8		0	2011-05-16 14:57:06.530063+00	12
606973	606973	1	1		0	2011-05-16 14:57:06.530063+00	12
606974	606974	1	1		0	2011-05-16 14:57:06.530063+00	12
606976	606976	1	7		0	2011-05-16 14:57:06.530063+00	12
606977	606977	1	7		0	2011-05-16 14:57:06.530063+00	12
1357604	1315789	1	29		0	2013-08-04 00:52:32.818194+00	2
3343	3343	1	1		0	2011-05-16 14:57:06.530063+00	13
508645	508645	1	1		0	2011-05-16 14:57:06.530063+00	13
63039	63039	1	1		0	2011-05-16 14:57:06.530063+00	14
290497	290497	1	1		0	2011-05-16 14:57:06.530063+00	14
8316	8316	1	1		0	2011-05-16 14:57:06.530063+00	11
348831	348831	1	1		0	2011-05-16 14:57:06.530063+00	11
1202787	1180855	1	29		0	2012-07-25 08:43:58.92678+00	2
286700	286700	1	1		0	2011-05-16 14:57:06.530063+00	11
721083	721083	1	1		0	2013-01-30 08:49:19.018783+00	12
8883	8883	1	1		0	2011-05-16 14:57:06.530063+00	7
8885	8885	1	1		0	2011-05-16 14:57:06.530063+00	7
524037	524037	1	1		0	2011-05-16 14:57:06.530063+00	7
376418	376418	1	1		0	2011-05-16 14:57:06.530063+00	11
1046756	1046039	1	1		0	2011-06-16 02:00:06.00841+00	5
15928	15928	1	1		0	2011-07-12 09:15:06.870689+00	12
570725	570725	1	31		0	2011-07-12 18:53:50.668624+00	10
540010	527535	13	31	Abbey Road	0	2011-07-26 11:21:16.017562+00	17
579889	579889	1	7		0	2011-07-30 23:48:44.333055+00	17
540011	540011	1	7		0	2011-07-30 23:48:56.431783+00	17
387165	387165	1	8		0	2011-05-16 14:57:06.530063+00	16
1510532	1449007	2	19		0	2014-07-09 07:19:47.211709+00	2
47146	47146	1	31		0	2011-05-16 14:57:06.530063+00	10
1404801	1357263	1	31		0	2013-11-25 20:05:53.045312+00	9
481473	481473	1	1		0	2013-05-08 01:34:34.039025+00	13
376824	376824	1	31		0	2012-04-15 04:55:03.954703+00	12
332436	332436	1	\N		0	2011-05-16 14:57:06.530063+00	19
416397	416397	1	42		0	2013-05-12 18:00:25.70387+00	12
487218	487218	1	1		0	2011-05-16 14:57:06.530063+00	10
394998	394998	1	1		0	2011-07-30 23:49:22.617061+00	17
289865	289865	1	1		0	2012-08-14 06:00:39.754638+00	23
14	14	1	1		0	2013-01-14 02:28:44.412761+00	10
212527	212527	1	1		0	2011-10-02 03:00:18.307747+00	22
5412	5412	1	1		0	2011-05-16 14:57:06.530063+00	12
491256	491256	1	1		0	2011-05-16 14:57:06.530063+00	12
30752	30752	1	1		0	2011-05-16 14:57:06.530063+00	14
360952	360952	1	1		0	2011-05-16 14:57:06.530063+00	9
39361	39361	1	1		0	2011-05-16 14:57:06.530063+00	13
119323	119323	1	1		0	2011-05-16 14:57:06.530063+00	13
39612	39612	1	1		0	2011-12-13 03:04:52.42433+00	17
1200	1200	1	1		0	2011-05-16 14:57:06.530063+00	12
451575	451575	1	1		0	2012-01-16 12:00:12.382655+00	12
385120	385120	1	1		0	2011-12-19 21:04:23.387509+00	17
626246	626246	1	1		0	2012-03-03 17:00:12.017948+00	10
5690	5690	1	31		0	2012-02-26 22:06:33.015583+00	4
582008	582008	1	1		0	2012-03-10 13:00:08.28818+00	10
606975	606975	1	1		0	2012-12-02 11:12:38.621483+00	12
1203	1203	1	1		0	2012-12-01 14:28:52.130154+00	12
445178	445178	1	31		0	2012-06-09 01:47:34.642353+00	11
656678	656678	1	8		0	2012-06-09 13:39:34.340143+00	10
582401	582401	1	1		0	2012-12-22 06:18:09.823785+00	17
207952	207952	1	1		0	2012-06-11 14:30:14.653115+00	11
47161	47161	1	1		0	2013-01-02 20:25:17.967545+00	17
103	103	1	31		0	2012-06-20 18:02:34.078287+00	17
418	418	1	1		0	2013-01-14 02:28:44.412761+00	10
49840	49840	1	1		0	2013-01-14 02:28:44.412761+00	10
184952	184952	1	1		0	2013-01-31 22:00:53.858644+00	12
613489	613489	1	1		0	2013-02-18 17:01:16.533245+00	17
189635	189635	1	\N		0	2013-04-23 01:29:23.824882+00	13
286039	286039	1	1		0	2013-04-23 01:44:33.193892+00	13
835123	835123	1	1		0	2011-05-16 14:57:06.530063+00	10
18505	18505	1	1		0	2011-05-16 14:57:06.530063+00	15
383054	383054	1	1		0	2011-05-16 14:57:06.530063+00	15
499548	499548	1	1		0	2012-05-12 20:31:21.318057+00	14
914143	914143	1	1		0	2011-10-30 13:37:17.789189+00	15
8333	8333	1	1		0	2011-05-16 14:57:06.530063+00	12
600347	600347	1	1		0	2011-05-16 14:57:06.530063+00	12
816880	816880	1	7		0	2011-05-16 14:57:06.530063+00	2
9155	9155	1	1		0	2011-05-16 14:57:06.530063+00	12
549432	549432	1	1		0	2011-05-16 14:57:06.530063+00	12
835124	835124	1	12		0	2011-05-16 14:57:06.530063+00	11
435807	435807	1	1		0	2011-05-16 14:57:06.530063+00	12
250564	250564	1	\N		0	2011-05-16 14:57:06.530063+00	12
207804	207804	1	1		0	2011-05-16 14:57:06.530063+00	10
511247	511247	1	1		0	2011-05-16 14:57:06.530063+00	10
582939	582939	1	1		0	2011-05-16 14:57:06.530063+00	10
32811	32811	1	1		0	2011-05-16 14:57:06.530063+00	3
375810	375810	1	1		0	2012-12-09 03:00:13.706596+00	10
14737	14737	1	1		0	2011-05-16 14:57:06.530063+00	10
448229	448229	1	1		0	2011-05-16 14:57:06.530063+00	10
625959	625959	1	1		0	2011-05-16 14:57:06.530063+00	10
507	507	1	1		0	2011-05-16 14:57:06.530063+00	10
508	508	1	1		0	2011-05-16 14:57:06.530063+00	10
8516	8516	1	1		0	2011-05-16 14:57:06.530063+00	11
3766	3766	1	1		0	2011-05-16 14:57:06.530063+00	11
11484	11484	1	1		0	2011-05-16 14:57:06.530063+00	14
285856	285856	1	1		0	2011-05-16 14:57:06.530063+00	14
835294	835294	1	1		0	2011-05-16 14:57:06.530063+00	12
4688	4688	1	1		0	2011-05-16 14:57:06.530063+00	10
316122	316122	1	1		0	2011-05-16 14:57:06.530063+00	10
724049	724049	1	1		0	2011-05-16 14:57:06.530063+00	14
708824	708824	1	1		0	2011-05-16 14:57:06.530063+00	10
504548	504548	1	1		0	2011-05-16 14:57:06.530063+00	9
424642	424642	1	1		0	2011-05-16 14:57:06.530063+00	9
13267	13267	1	8		0	2011-05-16 14:57:06.530063+00	9
27181	27181	1	1		0	2011-05-16 14:57:06.530063+00	9
665685	665685	1	1		0	2011-05-16 14:57:06.530063+00	9
728153	728153	1	7		0	2011-05-16 14:57:06.530063+00	2
344070	344070	1	1		0	2011-05-16 14:57:06.530063+00	7
8046	8046	1	1		0	2011-05-16 14:57:06.530063+00	7
479728	479728	1	1		0	2011-05-16 14:57:06.530063+00	7
1074724	1070234	1	1		0	2012-07-25 08:46:24.715827+00	18
503080	503080	1	1		0	2011-05-16 14:57:06.530063+00	17
759521	759521	1	1		0	2011-05-16 14:57:06.530063+00	1
295291	295291	1	1		0	2011-05-16 14:57:06.530063+00	9
515105	515105	1	1		0	2011-05-16 14:57:06.530063+00	9
2658	2658	1	\N		0	2011-05-16 14:57:06.530063+00	14
2671	2671	1	1		0	2011-05-16 14:57:06.530063+00	14
13246	13246	1	1		0	2011-05-16 14:57:06.530063+00	10
16254	16254	1	\N		0	2011-05-16 14:57:06.530063+00	10
718102	718102	1	1		0	2011-05-16 14:57:06.530063+00	10
1584596	1515939	1	12		0	2014-10-21 09:09:19.954221+00	10
1485653	1427792	1	1		0	2014-05-14 17:28:06.708788+00	10
718097	718097	1	1		0	2011-05-16 14:57:06.530063+00	10
718098	718098	1	1		0	2011-05-16 14:57:06.530063+00	10
455565	455565	1	1		0	2011-05-16 14:57:06.530063+00	10
470372	470372	1	6		0	2011-05-16 14:57:06.530063+00	10
476100	476100	1	1		0	2011-05-16 14:57:06.530063+00	10
1278732	1246923	1	1		0	2013-01-24 18:12:42.364285+00	11
1280937	1248809	1	12		0	2013-01-29 16:54:11.222173+00	15
780414	780414	1	1		0	2011-05-16 14:57:06.530063+00	5
278236	278236	1	1		0	2011-05-16 14:57:06.530063+00	12
372428	372428	1	1		0	2011-05-16 14:57:06.530063+00	12
1042294	564739	1	1		0	2011-05-17 03:04:41.331146+00	15
13540	13540	1	\N		0	2011-05-16 14:57:06.530063+00	12
13543	13543	1	\N		0	2011-05-16 14:57:06.530063+00	12
314549	314549	1	1		0	2011-05-16 14:57:06.530063+00	12
534529	534529	1	1		0	2011-05-16 14:57:06.530063+00	12
44955	44955	1	1		0	2011-05-16 14:57:06.530063+00	12
7645	7645	1	1		0	2011-05-16 14:57:06.530063+00	12
385934	385934	1	1		0	2011-05-16 14:57:06.530063+00	12
1849	1849	1	1		0	2011-05-16 14:57:06.530063+00	12
276331	276331	1	8		0	2011-05-16 14:57:06.530063+00	12
16253	16253	1	1		0	2012-06-12 14:00:13.015943+00	12
254366	254366	1	1		0	2011-05-16 14:57:06.530063+00	12
272214	272214	1	1		0	2011-05-16 14:57:06.530063+00	9
32812	32812	1	1		0	2011-05-16 14:57:06.530063+00	4
385812	385812	1	31		0	2012-06-09 04:37:39.949465+00	17
11010	11010	1	1		0	2011-05-16 14:57:06.530063+00	12
521446	521446	1	1		0	2011-05-16 14:57:06.530063+00	12
384802	384802	1	1		0	2012-06-18 22:05:39.244879+00	32
1486311	1428377	1	\N		0	2014-05-16 08:35:33.288308+00	12
275421	275421	1	1		0	2011-05-16 14:57:06.530063+00	10
327685	327685	1	1		0	2011-07-30 23:49:00.201387+00	17
101387	101387	1	1		0	2011-05-16 14:57:06.530063+00	11
726812	726812	1	1		0	2011-05-16 14:57:06.530063+00	10
17750	17750	1	1		0	2011-05-16 14:57:06.530063+00	14
810209	810209	1	1		0	2011-05-16 14:57:06.530063+00	5
59155	59155	1	\N		0	2011-05-16 14:57:06.530063+00	12
454503	454503	1	1		0	2011-05-16 14:57:06.530063+00	12
2948	2948	1	1		0	2011-05-16 14:57:06.530063+00	10
706873	706873	1	1		0	2011-05-16 14:57:06.530063+00	10
640970	640970	1	1		0	2011-05-16 14:57:06.530063+00	10
338026	338026	1	1		0	2011-05-16 14:57:06.530063+00	9
1046757	1046040	1	1		0	2011-06-16 02:00:06.108522+00	12
1567	1567	1	1		0	2012-12-09 03:00:13.706596+00	10
546947	546947	1	1		0	2011-05-16 14:57:06.530063+00	11
327261	327261	1	1		0	2013-03-11 16:00:22.389823+00	10
546949	546949	1	8		0	2011-05-16 14:57:06.530063+00	11
16740	16740	1	1		0	2011-05-16 14:57:06.530063+00	4
35131	35131	1	1		0	2011-05-16 14:57:06.530063+00	11
351165	351165	1	1		0	2011-05-16 14:57:06.530063+00	11
1446019	1393384	1	1		0	2014-02-24 18:59:51.532467+00	15
46175	46175	1	\N		0	2011-05-16 14:57:06.530063+00	15
1059204	1056597	1	12		0	2011-07-27 03:00:07.19226+00	12
1050962	1049485	1	1		0	2011-06-30 16:00:09.572663+00	19
1164783	1148235	1	1		0	2013-02-06 10:00:15.542445+00	15
64288	64288	1	1		0	2011-10-11 18:00:03.345499+00	13
1266714	1237165	1	1		0	2012-12-29 17:21:13.635498+00	23
452780	452780	1	1		0	2011-05-16 14:57:06.530063+00	9
340605	340605	1	1		0	2011-05-16 14:57:06.530063+00	9
352173	352173	1	1		0	2011-05-16 14:57:06.530063+00	9
64431	64431	1	1		0	2011-05-16 14:57:06.530063+00	9
651018	651018	1	1		0	2011-05-16 14:57:06.530063+00	9
1074747	1070234	4	1		0	2012-07-25 08:46:24.715827+00	18
24024	24024	1	1		0	2011-07-27 17:26:09.815941+00	10
1556834	1490531	1	12		0	2014-09-21 18:53:22.717906+00	5
1163265	1146864	1	1		0	2012-04-15 04:55:44.107198+00	7
354923	354923	1	31		0	2012-04-21 04:26:31.914768+00	9
336358	336358	1	1		0	2012-02-18 23:00:09.095432+00	11
425725	425725	1	1		0	2013-03-11 16:00:22.389823+00	10
40982	40982	1	31		0	2012-03-05 17:33:54.650619+00	10
1074806	1070234	5	1		0	2012-07-25 08:46:24.715827+00	18
234598	234598	1	1		0	2012-06-09 01:47:14.649315+00	11
304940	304940	1	31		0	2012-06-09 02:41:04.587523+00	12
8764	8764	1	\N		0	2012-10-05 19:28:43.927525+00	13
616379	616379	1	31		0	2012-09-08 09:26:45.726403+00	9
188061	188061	1	1		0	2013-05-14 12:58:13.141069+00	40
7506	7506	1	1		0	2013-03-23 20:33:41.181796+00	12
253093	253093	1	1		0	2011-05-16 14:57:06.530063+00	10
311090	311090	1	1		0	2011-05-16 14:57:06.530063+00	10
146894	146894	1	1		0	2011-05-16 14:57:06.530063+00	11
295044	295044	1	1		0	2011-05-16 14:57:06.530063+00	18
1042295	1042292	1	1		0	2011-05-17 03:07:40.525332+00	15
161199	161199	1	1		0	2011-05-16 14:57:06.530063+00	11
629435	629435	1	1		0	2011-05-16 14:57:06.530063+00	13
573465	573465	1	1		0	2011-05-16 14:57:06.530063+00	13
289255	289255	1	1		0	2011-05-16 14:57:06.530063+00	19
171349	171349	1	1		0	2011-05-16 14:57:06.530063+00	18
51172	51172	1	1		0	2011-05-16 14:57:06.530063+00	10
364059	364059	1	1		0	2011-05-16 14:57:06.530063+00	10
683320	683320	1	1		0	2011-05-16 14:57:06.530063+00	10
503801	503801	1	1		0	2011-05-16 14:57:06.530063+00	12
756379	756379	1	1		0	2011-05-16 14:57:06.530063+00	20
1665794	1585773	1	12		0	2015-03-29 10:51:35.970616+00	5
1278733	1246924	1	1		0	2013-01-24 18:13:16.738704+00	3
1042296	1042292	2	19		0	2011-05-17 03:07:40.588081+00	11
1046758	1046041	1	1		0	2011-06-02 02:00:27.462962+00	12
7950	7950	1	1		0	2011-06-16 04:51:04.205165+00	10
1058335	1055848	1	31		0	2011-07-09 17:21:13.178249+00	8
760505	760505	1	33		0	2011-06-21 14:39:57.009661+00	3
327265	327265	1	1		0	2011-05-16 14:57:06.530063+00	11
766289	766289	1	1		0	2011-05-16 14:57:06.530063+00	12
321121	321117	2	1	The (un)Holy Ghost	0	2011-05-16 14:57:06.530063+00	16
2996	2996	1	\N		0	2011-05-16 14:57:06.530063+00	14
359977	359977	1	1		0	2011-05-16 14:57:06.530063+00	10
670874	670874	1	1		0	2011-05-16 14:57:06.530063+00	5
229135	229135	1	\N		0	2011-05-16 14:57:06.530063+00	11
259803	259803	1	1		0	2011-05-16 14:57:06.530063+00	9
283977	283977	1	1		0	2011-05-16 14:57:06.530063+00	9
4594	4594	1	7		0	2011-05-16 14:57:06.530063+00	9
504563	504563	1	3		0	2011-05-16 14:57:06.530063+00	9
365777	365777	1	1		0	2011-05-16 14:57:06.530063+00	8
483928	483928	1	1		0	2011-05-16 14:57:06.530063+00	16
112625	112625	1	1		0	2011-05-16 14:57:06.530063+00	16
1199937	1178339	1	\N		0	2012-07-17 15:45:34.094473+00	3
348407	348407	1	7		0	2011-05-16 14:57:06.530063+00	11
348408	348408	1	7		0	2011-05-16 14:57:06.530063+00	11
417113	417113	1	1		0	2011-05-16 14:57:06.530063+00	11
272368	272368	1	1		0	2011-05-16 14:57:06.530063+00	11
493513	493513	1	1		0	2011-05-16 14:57:06.530063+00	11
6001	6001	1	1		0	2011-06-21 15:00:08.160958+00	12
27062	27062	1	1		0	2011-05-16 14:57:06.530063+00	8
6926	6926	1	1		0	2011-05-16 14:57:06.530063+00	10
257531	257531	1	1		0	2011-05-16 14:57:06.530063+00	16
462579	462579	1	1		0	2011-05-16 14:57:06.530063+00	16
1074807	1070234	6	1		0	2012-07-25 08:46:24.715827+00	18
285245	285245	1	1		0	2011-05-16 14:57:06.530063+00	12
256970	256970	1	1		0	2011-05-16 14:57:06.530063+00	12
3587	3587	1	1		0	2011-05-16 14:57:06.530063+00	12
6807	6807	1	1		0	2011-05-16 14:57:06.530063+00	3
7872	7872	1	1		0	2013-04-06 03:13:23.145866+00	13
536939	536939	1	1		0	2011-05-16 14:57:06.530063+00	12
151633	151633	1	1		0	2011-05-16 14:57:06.530063+00	12
756446	756446	1	34		0	2011-07-17 19:35:02.337638+00	3
789504	789504	1	12		0	2011-05-16 14:57:06.530063+00	2
2090	2090	1	1		0	2011-05-16 14:57:06.530063+00	12
291543	291543	1	1		0	2011-05-16 14:57:06.530063+00	12
298618	298618	1	1		0	2011-05-16 14:57:06.530063+00	12
383960	383960	1	1		0	2011-05-16 14:57:06.530063+00	12
551759	551759	1	1		0	2011-05-16 14:57:06.530063+00	12
1095888	1088432	1	1		0	2011-10-30 16:19:40.154061+00	14
35293	35293	1	1		0	2012-07-28 15:15:11.643218+00	11
342474	342474	1	1		0	2011-05-16 14:57:06.530063+00	10
435937	435937	1	1		0	2011-05-16 14:57:06.530063+00	11
3065	3065	1	1		0	2011-05-16 14:57:06.530063+00	10
420217	420217	1	8		0	2011-05-16 14:57:06.530063+00	10
278747	278747	1	1		0	2011-05-16 14:57:06.530063+00	10
191071	191071	1	1		0	2011-05-16 14:57:06.530063+00	20
632660	632660	1	1		0	2011-05-16 14:57:06.530063+00	6
1246535	1219495	1	1		0	2012-11-13 13:50:25.068788+00	18
22305	22305	1	1		0	2011-05-16 14:57:06.530063+00	15
44690	44690	1	42		0	2011-05-16 14:57:06.530063+00	11
278752	278752	1	1		0	2011-05-16 14:57:06.530063+00	10
649962	649961	2	1		0	2011-06-24 16:00:12.85744+00	5
1050009	1048694	3	31		0	2011-06-27 12:00:06.242839+00	5
1050963	1049486	1	1		0	2011-06-30 16:00:09.607687+00	5
462495	462495	1	1		0	2011-05-16 14:57:06.530063+00	16
632483	632483	1	1		0	2011-05-16 14:57:06.530063+00	16
151241	151241	1	1		0	2011-05-16 14:57:06.530063+00	31
7559	7559	1	\N		0	2011-05-16 14:57:06.530063+00	6
7561	7561	1	\N		0	2011-05-16 14:57:06.530063+00	6
395248	395248	1	1		0	2011-05-16 14:57:06.530063+00	6
546575	546575	1	1		0	2011-05-16 14:57:06.530063+00	6
7560	7560	1	1		0	2011-05-16 14:57:06.530063+00	6
6277	6277	1	1		0	2011-05-16 14:57:06.530063+00	6
684666	684666	1	1		0	2011-05-16 14:57:06.530063+00	6
279431	279431	1	1		0	2011-05-16 14:57:06.530063+00	10
279432	279432	1	1		0	2011-05-16 14:57:06.530063+00	10
279433	279433	1	1		0	2011-05-16 14:57:06.530063+00	10
3342	3342	1	1		0	2011-05-16 14:57:06.530063+00	16
350693	350693	1	1		0	2011-05-16 14:57:06.530063+00	16
350695	350695	1	1		0	2011-05-16 14:57:06.530063+00	16
3344	3344	1	1		0	2011-05-16 14:57:06.530063+00	9
1062935	1059850	2	1		0	2011-08-07 11:00:07.808151+00	7
1059205	1056598	1	1		0	2011-07-27 03:00:07.230651+00	14
1066300	1062854	1	12		0	2011-08-03 18:40:03.190242+00	5
146888	146888	1	1		0	2011-08-06 19:26:02.726889+00	11
1072121	1067893	1	12		0	2011-09-05 12:00:06.991183+00	19
339538	339538	1	1		0	2011-09-13 15:10:53.245488+00	19
313345	313345	1	7		0	2011-09-21 16:35:44.304333+00	3
1069370	1065471	1	\N		0	2011-08-28 00:00:06.205407+00	11
1074380	1069933	1	12		0	2011-08-28 23:13:47.687998+00	9
323364	323364	1	1		0	2011-09-20 16:00:07.254861+00	15
114006	114006	1	1		0	2011-05-16 14:57:06.530063+00	3
313719	313719	1	7		0	2011-05-16 14:57:06.530063+00	4
6805	6805	1	1		0	2011-05-16 14:57:06.530063+00	4
1042297	1042293	1	1		0	2011-05-17 03:15:36.993707+00	22
360532	360532	1	1		0	2011-05-16 14:57:06.530063+00	10
155341	155341	1	\N		0	2011-05-16 14:57:06.530063+00	10
171417	171417	1	\N		0	2011-05-16 14:57:06.530063+00	10
439876	439876	1	1		0	2011-05-16 14:57:06.530063+00	9
183844	183844	1	\N		0	2011-05-16 14:57:06.530063+00	10
171419	171419	1	\N		0	2011-05-16 14:57:06.530063+00	10
347870	347870	1	1		0	2011-05-16 14:57:06.530063+00	10
835125	835125	1	31		0	2012-04-28 00:55:09.3866+00	3
272366	272366	1	8		0	2012-05-22 21:19:30.338047+00	11
131627	131627	1	1		0	2012-05-29 03:58:01.947912+00	11
10759	10759	1	31		0	2012-05-24 00:31:16.474066+00	11
756388	756388	1	1		0	2012-09-15 16:44:58.832919+00	22
4552	4552	1	1		0	2012-06-18 01:06:17.219483+00	10
638602	638602	1	1		0	2012-09-17 09:07:01.768086+00	8
85635	85635	1	1		0	2012-07-16 05:26:11.528063+00	12
331730	331730	1	1		0	2012-09-17 09:07:01.768086+00	8
549287	549287	1	1		0	2012-09-17 09:07:01.768086+00	8
593748	593748	1	1		0	2012-09-17 09:07:01.768086+00	8
7547	7547	1	1		0	2012-09-20 13:07:25.23693+00	16
285937	285937	1	31		0	2012-10-23 21:02:18.047849+00	10
634542	634542	1	1		0	2012-08-14 06:00:43.64418+00	23
576364	576364	1	1		0	2011-05-16 14:57:06.530063+00	10
146774	146774	1	1		0	2011-05-16 14:57:06.530063+00	16
98569	98569	1	1		0	2011-05-16 14:57:06.530063+00	12
254358	254358	1	1		0	2011-05-16 14:57:06.530063+00	12
3192	3192	1	1		0	2011-05-16 14:57:06.530063+00	12
739943	739943	1	12		0	2011-05-16 14:57:06.530063+00	7
24639	24639	1	1		0	2011-05-16 14:57:06.530063+00	12
1046759	1046042	1	31		0	2011-06-02 02:13:20.28074+00	2
5743	5743	1	1		0	2011-05-16 14:57:06.530063+00	13
772589	772589	1	1		0	2011-05-16 14:57:06.530063+00	6
227282	227282	1	1		0	2011-05-16 14:57:06.530063+00	14
727515	727514	2	1		0	2011-06-16 15:32:46.699666+00	14
210876	210876	1	1		0	2011-05-16 14:57:06.530063+00	11
639376	639376	1	1		0	2011-05-16 14:57:06.530063+00	10
1054771	1052771	1	1		0	2011-06-27 12:08:15.047483+00	16
823864	823864	1	7		0	2011-05-16 14:57:06.530063+00	5
716246	716246	1	1		0	2011-05-16 14:57:06.530063+00	20
11269	11269	1	\N		0	2011-05-16 14:57:06.530063+00	15
206139	206139	1	\N		0	2011-05-16 14:57:06.530063+00	15
606951	606951	1	1		0	2011-05-16 14:57:06.530063+00	10
37372	37372	1	1		0	2011-05-16 14:57:06.530063+00	10
487221	487221	1	1		0	2011-05-16 14:57:06.530063+00	10
1063	1063	1	\N		0	2011-05-16 14:57:06.530063+00	10
29316	29316	1	1		0	2011-05-16 14:57:06.530063+00	10
498172	498172	1	1		0	2011-05-16 14:57:06.530063+00	10
1278734	1246925	1	12		0	2013-01-24 18:15:05.981623+00	9
82575	82575	1	1		0	2011-05-16 14:57:06.530063+00	9
583441	583441	1	\N		0	2011-05-16 14:57:06.530063+00	5
441913	441913	1	1		0	2011-05-16 14:57:06.530063+00	12
2580	2580	1	1		0	2011-05-16 14:57:06.530063+00	11
825556	825556	1	12		0	2011-05-16 14:57:06.530063+00	2
102496	102496	1	1		0	2011-05-16 14:57:06.530063+00	7
24970	24970	1	1		0	2011-05-16 14:57:06.530063+00	9
1596932	1526629	1	12		0	2014-11-17 21:59:38.353631+00	7
124860	124860	1	1		0	2011-05-16 14:57:06.530063+00	16
459452	459452	1	1		0	2011-05-16 14:57:06.530063+00	11
3596	3596	1	\N		0	2011-05-16 14:57:06.530063+00	8
253052	253052	1	1		0	2011-05-16 14:57:06.530063+00	12
621236	621236	1	1		0	2011-05-16 14:57:06.530063+00	12
3593	3593	1	1		0	2011-05-16 14:57:06.530063+00	12
101974	101974	1	1		0	2011-05-16 14:57:06.530063+00	11
74156	74156	1	1		0	2011-05-16 14:57:06.530063+00	12
6491	6491	1	1		0	2011-05-16 14:57:06.530063+00	9
788432	788432	1	12		0	2011-05-16 14:57:06.530063+00	7
276815	276815	1	\N		0	2011-05-16 14:57:06.530063+00	7
342959	342959	1	1		0	2011-05-16 14:57:06.530063+00	11
342960	342960	1	1		0	2011-05-16 14:57:06.530063+00	11
1066301	1062855	1	1		0	2011-08-17 19:00:15.144785+00	11
241039	241039	1	1		0	2011-05-16 14:57:06.530063+00	10
532947	532947	1	1		0	2011-05-16 14:57:06.530063+00	12
35879	35879	1	\N		0	2011-05-16 14:57:06.530063+00	7
3858	3858	1	1		0	2011-05-16 14:57:06.530063+00	11
1095889	1088433	1	1		0	2011-10-30 13:48:49.748936+00	10
8007	8007	1	1		0	2011-05-16 14:57:06.530063+00	12
12210	12210	1	1		0	2011-05-21 23:00:42.73637+00	5
221254	221254	1	\N		0	2011-05-16 14:57:06.530063+00	20
139558	139558	1	1		0	2013-04-23 19:00:17.095912+00	16
1597514	1527119	1	1		0	2014-11-19 14:03:39.14748+00	10
23981	23981	1	1		0	2011-05-16 14:57:06.530063+00	12
1611708	1539352	1	1		0	2014-12-19 12:43:09.907625+00	13
136360	136360	1	1		0	2012-04-12 21:00:10.778132+00	10
171418	171418	1	1		0	2011-05-16 14:57:06.530063+00	10
794668	794668	1	1		0	2011-05-16 14:57:06.530063+00	10
51072	51070	2	\N		0	2012-08-14 03:06:00.506476+00	24
1199938	1178340	1	1		0	2012-08-03 22:00:19.516658+00	8
1059206	1056599	1	12		0	2013-02-02 13:00:43.108952+00	19
239706	239706	1	31		0	2012-06-09 04:39:23.812367+00	9
129451	129451	1	31		0	2012-10-26 04:38:55.908581+00	10
4192	4192	1	31		0	2012-10-28 22:07:06.918704+00	10
341975	341975	1	1		0	2013-02-04 10:00:11.506641+00	13
88975	88975	1	1		0	2012-12-07 13:00:48.711946+00	6
7990	7990	1	1		0	2011-05-16 14:57:06.530063+00	12
422340	422340	1	1		0	2011-05-16 14:57:06.530063+00	12
39142	39142	1	1		0	2011-05-16 14:57:06.530063+00	11
622934	622934	1	1		0	2011-05-16 14:57:06.530063+00	11
531050	531050	1	1		0	2012-12-07 13:00:48.711946+00	6
24237	24237	1	1		0	2011-05-16 14:57:06.530063+00	10
1404802	1357264	1	31		0	2013-11-25 20:11:31.139544+00	7
150211	150211	1	1		0	2011-05-16 14:57:06.530063+00	11
1058336	1055849	1	\N		0	2011-07-23 18:00:08.409206+00	16
6920	6920	1	1		0	2011-05-16 14:57:06.530063+00	11
705623	705623	1	1		0	2011-05-16 14:57:06.530063+00	11
68526	68526	1	1		0	2011-05-16 14:57:06.530063+00	22
391316	391316	1	1		0	2011-05-16 14:57:06.530063+00	22
2534	2534	1	1		0	2011-05-16 14:57:06.530063+00	10
637643	637643	1	1		0	2011-05-16 14:57:06.530063+00	10
163312	163312	1	1		0	2011-05-16 14:57:06.530063+00	13
12712	12712	1	1		0	2011-05-16 14:57:06.530063+00	13
27138	27138	1	1		0	2011-05-16 14:57:06.530063+00	11
443911	443911	1	1		0	2011-05-16 14:57:06.530063+00	11
136869	136869	1	1		0	2011-05-16 14:57:06.530063+00	11
307567	307567	1	1		0	2012-12-07 13:00:48.711946+00	6
6490	6490	1	1		0	2012-12-16 13:48:08.036329+00	9
724062	724062	1	\N		0	2011-05-16 14:57:06.530063+00	10
6501	6501	1	1		0	2012-12-16 13:59:39.733934+00	12
1062936	1059851	1	12		0	2011-08-07 11:00:07.869953+00	12
29608	29608	1	1		0	2013-04-09 16:00:15.672285+00	12
330668	330668	1	1		0	2011-05-16 14:57:06.530063+00	11
29783	29783	1	1		0	2011-05-16 14:57:06.530063+00	12
400780	400780	1	1		0	2011-05-16 14:57:06.530063+00	12
424865	424865	1	1		0	2011-05-16 14:57:06.530063+00	12
29785	29785	1	1		0	2011-05-16 14:57:06.530063+00	12
443737	443737	1	1		0	2011-05-16 14:57:06.530063+00	13
5947	5947	1	\N		0	2011-05-16 14:57:06.530063+00	10
514728	514728	1	1		0	2011-05-16 14:57:06.530063+00	10
502532	502532	1	1		0	2011-05-16 14:57:06.530063+00	7
608923	608923	1	1		0	2011-05-16 14:57:06.530063+00	10
875482	875482	1	\N		0	2012-01-04 01:00:17.924235+00	5
261123	261123	1	7		0	2012-01-12 21:04:17.027834+00	12
7843	7843	1	1		0	2012-01-12 21:04:18.735869+00	12
261124	261124	1	8		0	2012-01-12 21:04:20.425243+00	12
47938	47938	1	1		0	2012-01-12 21:04:23.822189+00	12
261120	261120	1	1		0	2012-01-12 21:04:25.519406+00	12
261121	261121	1	8		0	2012-01-12 21:04:27.212646+00	12
261117	261117	1	1		0	2012-01-12 21:04:28.90998+00	12
261118	261118	1	1		0	2012-01-12 21:04:30.607856+00	12
16541	16541	1	1		0	2012-01-12 21:04:32.54481+00	12
26500	26500	1	1		0	2012-01-29 21:02:08.772136+00	11
155774	155774	1	1		0	2012-02-27 07:48:05.122497+00	10
7896	7896	1	1		0	2012-03-06 02:06:38.44306+00	12
20744	20744	1	\N		0	2012-03-06 02:06:40.563053+00	12
13492	13492	1	1		0	2012-03-06 02:06:42.490751+00	12
569172	569172	1	1		0	2012-03-06 02:06:46.340165+00	12
20745	20745	1	\N		0	2012-03-06 02:06:48.534643+00	12
592480	592480	1	1		0	2012-03-06 02:06:50.40391+00	12
20746	20746	1	\N		0	2012-03-06 02:06:52.306172+00	12
18315	18315	1	\N		0	2012-03-06 02:06:54.170188+00	12
1042298	796400	1	1		0	2011-05-17 03:24:31.975339+00	22
1017978	1017978	1	\N		0	2011-10-30 13:49:33.472608+00	11
761862	761862	1	12		0	2011-05-16 14:57:06.530063+00	3
1278735	1246926	1	1		0	2013-01-24 18:15:49.12592+00	6
1280939	1248811	1	31		0	2013-01-29 16:55:37.844413+00	4
677832	677832	1	1		0	2013-02-01 12:40:12.379232+00	22
1282244	1249923	1	33		0	2013-02-01 07:30:03.600643+00	22
767807	767807	1	7		0	2011-05-16 14:57:06.530063+00	14
1160315	1144209	1	12		0	2012-04-09 06:14:39.22453+00	4
4030	4030	1	1		0	2011-05-16 14:57:06.530063+00	10
1534872	1470304	1	1		0	2014-08-31 22:03:11.454679+00	19
14428	14428	1	1		0	2011-05-16 14:57:06.530063+00	10
676237	676237	1	1		0	2011-05-16 14:57:06.530063+00	1
105455	105455	1	1		0	2011-05-16 14:57:06.530063+00	1
525470	525470	1	1		0	2011-05-16 14:57:06.530063+00	1
24886	24886	1	\N		0	2011-05-16 14:57:06.530063+00	1
80676	80676	1	1		0	2011-05-16 14:57:06.530063+00	1
1510533	1449008	1	1		0	2014-07-09 07:20:58.888966+00	8
32019	32019	1	1		0	2012-04-11 10:00:06.990669+00	14
598004	598004	1	1		0	2011-05-16 14:57:06.530063+00	12
1246537	1219495	3	2	Heimspiel (Impressionen vom Andrea Berg Open Air am 23.7.2011)	0	2012-11-13 13:50:25.068788+00	1
260768	260768	1	1		0	2011-05-16 14:57:06.530063+00	20
105456	105456	1	7		0	2011-05-16 14:57:06.530063+00	1
525474	525474	1	1		0	2011-05-16 14:57:06.530063+00	1
546631	546631	1	1		0	2011-05-16 14:57:06.530063+00	1
31640	31640	1	1		0	2011-05-16 14:57:06.530063+00	19
226119	226119	1	1		0	2011-05-16 14:57:06.530063+00	7
74506	74506	1	1		0	2011-05-16 14:57:06.530063+00	17
724052	724052	1	1		0	2011-05-16 14:57:06.530063+00	17
579946	579946	1	1		0	2011-05-16 14:57:06.530063+00	17
285789	285789	1	1		0	2011-05-16 14:57:06.530063+00	9
1199939	1178340	2	1		0	2012-08-03 22:00:19.535013+00	12
338298	338298	1	1		0	2011-05-16 14:57:06.530063+00	9
525020	525020	1	1		0	2011-05-16 14:57:06.530063+00	9
7773	7773	1	1		0	2011-05-16 14:57:06.530063+00	11
145329	145329	1	1		0	2011-05-16 14:57:06.530063+00	11
710664	710664	1	1		0	2011-05-16 14:57:06.530063+00	11
14919	14919	1	1		0	2011-05-16 14:57:06.530063+00	1
260993	260993	1	1		0	2011-05-16 14:57:06.530063+00	1
260994	260994	1	1		0	2011-05-16 14:57:06.530063+00	1
1163266	1146865	1	1		0	2012-04-15 04:55:49.752474+00	18
111519	111519	1	\N		0	2011-05-16 14:57:06.530063+00	1
276687	276687	1	1		0	2011-05-16 14:57:06.530063+00	12
276685	276685	1	1		0	2011-05-16 14:57:06.530063+00	12
276686	276686	1	1		0	2011-05-16 14:57:06.530063+00	12
10637	10637	1	1		0	2011-05-16 14:57:06.530063+00	12
335865	335865	1	1		0	2011-05-16 14:57:06.530063+00	12
42875	42875	1	1		0	2012-08-14 06:00:35.357296+00	23
3443	3443	1	1		0	2011-05-16 14:57:06.530063+00	5
63215	63215	1	1		0	2011-06-10 00:04:27.356036+00	11
441262	441262	1	1		0	2011-05-16 14:57:06.530063+00	19
288415	288415	1	1		0	2011-05-16 14:57:06.530063+00	12
450530	450530	1	1		0	2011-05-16 14:57:06.530063+00	12
10638	10638	1	1		0	2011-05-16 14:57:06.530063+00	12
513736	513736	1	1		0	2011-05-16 14:57:06.530063+00	13
144630	144630	1	1		0	2011-05-16 14:57:06.530063+00	10
20608	20608	1	1		0	2011-05-16 14:57:06.530063+00	10
282978	282978	1	8		0	2011-05-16 14:57:06.530063+00	10
691840	691840	1	1		0	2011-05-16 14:57:06.530063+00	10
573212	573212	1	1		0	2011-05-16 14:57:06.530063+00	1
43407	43407	1	1		0	2011-05-16 14:57:06.530063+00	10
907607	907607	1	\N		0	2012-11-19 16:12:46.269096+00	17
88935	88935	1	1		0	2011-05-16 14:57:06.530063+00	14
454610	454610	1	1		0	2011-05-16 14:57:06.530063+00	14
454609	454609	1	1		0	2011-05-16 14:57:06.530063+00	14
574867	574867	1	1		0	2011-05-16 14:57:06.530063+00	12
194283	194283	1	1		0	2011-05-16 14:57:06.530063+00	11
1050964	707960	2	1	Intermersion	0	2011-06-30 16:00:11.337141+00	10
31653	31653	1	1		0	2011-08-27 21:11:18.640692+00	19
1059207	1056600	1	12		0	2011-07-27 03:00:09.14511+00	8
1062937	1059852	1	1		0	2011-08-07 11:00:07.910721+00	9
44005	44005	1	1		0	2011-05-16 14:57:06.530063+00	11
1380105	1335498	1	1		0	2013-09-28 15:32:40.655774+00	8
534507	534507	1	1		0	2011-05-16 14:57:06.530063+00	10
306225	306225	1	1		0	2011-05-16 14:57:06.530063+00	10
157537	157537	1	1		0	2011-05-16 14:57:06.530063+00	1
163313	163313	1	1		0	2011-05-16 14:57:06.530063+00	14
465936	465936	1	1		0	2011-05-16 14:57:06.530063+00	6
830417	830417	1	12		0	2011-05-16 14:57:06.530063+00	4
170105	170105	1	1		0	2011-05-16 14:57:06.530063+00	11
835295	835295	1	1		0	2011-05-16 14:57:06.530063+00	7
544604	544604	1	31		0	2012-04-21 04:26:51.994337+00	6
593447	593447	1	7		0	2012-12-03 18:00:23.999374+00	5
438409	438409	1	7		0	2012-12-03 18:00:26.327357+00	5
286390	286390	1	1		0	2012-12-03 18:00:37.798239+00	5
1166397	1149605	1	12		0	2012-04-22 12:48:00.081882+00	7
593453	593453	1	6		0	2012-12-03 18:00:51.029297+00	5
409677	409677	1	1		0	2012-12-03 18:00:53.146546+00	5
409682	409682	1	1		0	2012-12-03 18:00:55.202441+00	5
702480	702480	1	1		0	2012-12-03 18:00:57.303172+00	5
702481	702481	1	1		0	2012-12-03 18:01:03.51554+00	5
8729	8729	1	\N		0	2012-12-03 17:00:30.155719+00	5
593437	593437	1	8		0	2012-12-03 17:00:36.25555+00	5
593438	593438	1	7		0	2012-12-03 17:00:38.267846+00	5
593439	593439	1	7		0	2012-12-03 17:00:40.353441+00	5
593440	593440	1	7		0	2012-12-03 17:00:42.445509+00	5
1058337	1055850	1	1		0	2012-06-15 13:00:08.813305+00	12
64392	64392	1	31		0	2012-06-16 08:49:21.403659+00	10
593441	593441	1	31		0	2012-12-03 17:00:46.544725+00	5
343302	343302	1	1		0	2012-08-14 06:00:37.676614+00	23
8305	8305	1	1		0	2012-10-20 21:00:33.227222+00	11
593442	593442	1	7		0	2012-12-03 17:00:48.601771+00	5
21711	21711	1	25		0	2012-11-04 10:03:28.708626+00	18
593443	593443	1	7		0	2012-12-03 17:00:50.630624+00	5
593444	593444	1	8		0	2012-12-03 18:00:19.089036+00	5
593448	593448	1	31		0	2012-12-03 18:00:29.187834+00	5
593451	593451	1	7		0	2012-12-03 18:00:42.360551+00	5
593452	593452	1	1		0	2012-12-03 18:00:48.82681+00	5
593454	593454	1	1		0	2012-12-03 18:00:59.269114+00	5
409683	409683	1	1		0	2012-12-03 18:01:01.331812+00	5
409684	409684	1	1		0	2012-12-03 18:01:05.5899+00	5
593455	593455	1	7		0	2012-12-03 18:01:07.848431+00	5
163314	163314	1	1		0	2012-12-04 17:04:39.31835+00	14
18734	18734	1	1		0	2013-01-15 05:00:10.115168+00	11
829850	829850	1	\N		0	2011-05-16 14:57:06.530063+00	1
832375	832375	1	\N		0	2011-05-16 14:57:06.530063+00	13
487812	487812	1	1		0	2011-05-16 14:57:06.530063+00	9
677153	677153	1	1		0	2011-05-16 14:57:06.530063+00	9
283320	283320	1	1		0	2011-05-16 14:57:06.530063+00	1
34152	34152	1	1		0	2011-05-16 14:57:06.530063+00	11
17747	17747	1	1		0	2011-05-16 14:57:06.530063+00	22
361701	361701	1	1		0	2011-05-16 14:57:06.530063+00	1
119911	119911	1	1		0	2011-05-16 14:57:06.530063+00	1
