3531	571636
3558	571861
3558	571862
2075	574215
2075	574216
2075	574231
3855	574525
1065	561781
1065	561782
1066	561796
1131	561889
1143	561909
1143	561910
1143	561911
1162	561967
1213	562076
1216	562080
1224	562139
1257	562285
1256	562287
1283	562374
1284	562376
1284	562377
1285	562379
1286	562380
1287	562381
1288	562382
1300	562411
1378	562876
1010	561702
977	561657
733	561621
740	561617
949	561619
947	561618
947	561630
1435	563012
886	563113
1469	563137
1609	563480
1634	563493
1649	563507
1665	563586
1669	563650
1665	563651
1580	563654
1741	563709
1937	564250
1933	564269
1939	564271
1941	564272
1984	564329
1930	564435
2075	564437
2201	564659
2201	564660
2217	564683
2180	564702
2401	565364
2217	565490
2572	566056
2596	566079
2608	566206
2608	566207
2609	566208
2572	566371
2636	566384
2537	566813
1799	566835
1800	566836
987	566932
991	566933
2508	566934
2818	567182
2907	567441
2907	567443
2916	567489
2907	567490
2919	567493
2927	567498
1262	567624
1262	567625
1262	567626
2950	567627
2971	567672
3037	567736
3037	567737
3063	568032
1984	568928
3201	569329
3201	569330
3328	570044
3037	570354
3433	571061
3444	571062
3433	571063
3495	571410
3499	571413
3511	571497
3512	571499
2075	574997
3919	575128
3929	575232
3929	575233
3957	575509
3964	575538
3975	575668
3975	575669
3855	575670
3980	575689
4007	575804
4160	576802
4160	576804
4235	577193
4333	577864
4336	577873
4453	578382
4550	578943
4556	579022
4550	579085
4595	579224
3457	580989
5373	584416
5461	584919
5461	584921
5463	584948
5911	589582
5925	589980
3894	590051
3894	590052
1746	590053
3894	590057
4940	590058
1746	590059
5740	590415
5948	590494
6013	592185
1122	592186
4333	592199
854	593312
4886	593313
4886	593314
3653	593337
4012	593338
3783	593339
4012	593340
3783	593341
811	593390
6405	594523
2614	611678
2614	611679
1162	594958
1162	594962
1162	594963
6513	595023
6513	595884
6563	595966
6091	594524
6091	594525
7124	605207
6564	605243
6924	605245
6924	605246
7192	605613
7192	605614
7231	605720
7231	605721
7282	605935
797	606472
7447	606498
7225	606877
7508	606934
7577	607257
7577	607259
7683	608080
1594	608955
1283	608993
1286	608994
1284	608995
1287	608996
1288	608997
1285	608998
3810	609127
8024	610161
8052	610478
8158	611030
1699	611035
3386	611036
3390	611680
2614	611681
2614	611683
5925	612273
4501	612531
8389	612532
8444	612764
3653	612765
8600	612972
8606	613008
1066	613047
2261	613210
1677	613211
8697	613639
11444	628212
8732	613704
8778	614055
876	614056
4846	615659
812	614113
8864	614358
8571	614359
9101	615660
825	617287
9454	617419
9679	618598
940	618670
940	618671
10121	621058
3028	621060
1296	621062
1296	621063
10234	621804
4630	622949
11467	628326
6782	626105
10934	626173
8697	627110
8697	613640
11259	627484
954	628361
11540	629118
8518	630694
3054	630264
12191	631991
12191	631993
8484	635583
1336	635668
1336	635669
1336	635670
8356	635674
12861	635676
12942	636168
13557	638208
2520	638549
11999	639767
