2047	151490
5235	184337
7446	159958
10562	97014
11697	188880
13595	151491
16505	181911
16505	181912
2045042	627993
19133	127756
19137	127757
19139	127758
19142	127759
22302	185781
25867	140869
25868	140868
25869	140867
25870	140866
25871	140865
25872	140864
25873	140863
25874	140862
25875	140860
25876	140859
25877	140858
25878	140882
25879	140881
25880	140880
25881	140879
25882	140878
25883	140877
25884	140876
25885	140875
25886	140873
25887	140872
25888	140871
25889	140870
25890	140861
25891	140874
44498	187246
44499	187245
49702	140979
49702	140996
49702	140967
49702	140971
49703	140966
49703	140970
49703	140978
49703	140995
49704	140965
49704	140994
49704	140977
49704	140969
49705	140972
49705	140964
49705	140976
49705	140998
49706	140975
49706	140968
49706	140963
49706	140993
49707	140974
49707	140961
49707	141006
49708	141005
49708	140983
49708	140960
49709	140984
49709	140959
49709	140997
49709	140987
49710	140982
49710	141004
49710	140958
49711	140981
49711	140957
49711	141003
49712	140956
49712	141001
49712	140980
49713	141002
49713	140955
49713	141000
49713	140986
49713	140954
49714	140989
49714	140952
49714	141007
49715	140992
49715	140962
49715	140973
49716	140953
49716	140990
49717	140940
49718	140939
49719	140943
49720	140942
49721	140938
49722	140944
49723	140946
49724	140945
49725	140947
3109060	571728
58606	163567
61473	140765
75894	157584
81192	151504
85262	158526
85538	182057
86010	183537
137911	184980
140910	111349
140911	111351
140912	111352
140913	111353
140914	111354
140915	111355
140916	111356
152494	185840
152494	185841
152651	158541
152730	157798
14797286	541336
153221	163664
153222	163665
17064904	611663
153224	163667
153225	163668
153226	163669
153227	163672
153228	163673
153229	163670
153230	163671
153749	124764
14188948	515967
154148	190867
154148	155691
154289	159722
154289	159723
154523	159614
156486	157057
161966	151630
161966	151631
162058	186898
162059	186901
162061	186902
162062	186904
162063	186905
162063	186906
162064	186907
162065	186908
162067	186909
162548	187863
163031	160938
655641	160062
902706	160063
902710	160071
902709	160072
165171	160073
165172	160074
165173	160075
165174	160076
12887564	472733
12891624	472805
165177	160079
6329083	472818
2393296	472882
12727632	472894
165203	160085
390412	160088
903276	160089
903270	160090
538399	160093
584865	160094
584865	160095
165213	160096
181322	160097
165215	160098
165216	160099
589615	160100
589631	160101
589633	160102
165787	163503
165787	163504
165792	163505
166597	115798
3995316	611670
167283	181804
174951	159951
174952	159955
174953	159950
174954	159961
2034528	159953
2034533	159954
174957	159956
174958	159957
176132	125593
177249	146422
177249	142727
177249	142715
177871	148828
181466	151201
182359	120324
182548	168738
183091	182919
183452	158538
184287	155693
185738	158527
192860	136271
192860	136270
192860	136266
192862	135023
192863	136268
192863	136273
192865	136267
192865	136272
18919	136269
18919	136274
380060	160091
380063	160092
603938	160080
603938	160082
603939	160081
5552299	160084
414704	163663
414711	163666
196345	133026
196348	133028
196350	133029
196352	133030
196353	133031
199337	106404
199341	106402
199342	106403
207408	126570
207413	126572
207416	126571
208073	169748
214169	170332
219637	149396
221321	142032
222234	188644
222234	188643
222242	188639
222251	188641
222251	189277
222251	189260
222251	188647
222251	188646
222252	188640
222255	188642
223192	119281
223193	119282
223194	119283
224175	183042
1811557	173335
225712	193006
225719	193004
231294	148238
231294	148239
232071	157713
232071	157712
235011	116076
235011	116069
235011	116065
235013	116066
235015	116074
235015	116073
235016	116075
235017	116068
225712	193007
238129	176733
238133	176756
240964	164032
240965	164030
240965	164029
240966	164033
240967	164031
247075	125791
247076	125798
278817	125796
247079	125792
247081	125795
247083	125794
247084	125799
247085	125800
247087	125797
247088	125793
248993	147809
249527	148660
249535	148656
249987	166912
249990	166913
251118	101912
251911	154718
252875	136932
253201	164476
9433444	627999
8436295	472918
257077	190481
258769	143149
258770	143151
258771	143152
258772	143150
258773	143154
258774	143155
258775	143153
258776	143156
258777	143157
258778	143158
260531	146195
260586	140410
12553054	461343
6717431	461455
8339723	461496
262098	192388
262099	192387
263747	136347
263814	165646
263816	165647
264366	155940
264369	155955
264372	155956
4388222	159140
4388227	159143
388034	159144
264376	159145
264377	159146
264378	159150
264378	159147
264378	171509
264379	170299
264379	159164
264379	159167
264380	170294
264380	159168
264380	159169
264381	159170
264345	159171
264383	159173
264383	170275
264383	159172
714990	159176
4388228	159177
264362	159178
264387	159180
264387	159179
264361	159181
264361	159182
265431	133970
265875	164141
14484254	524556
265883	164138
265883	164140
229401	128873
267085	128874
267085	128872
267086	128875
267087	128877
267088	128878
223707	125591
267835	158539
268163	116729
268342	175953
268343	175954
268344	175955
268390	106607
270360	163581
270361	163582
619777	163583
278408	176195
274545	103292
276537	161193
277098	100506
277103	100503
277107	100497
277108	100501
277325	176063
277446	149269
279268	161085
279270	161086
279627	130850
279627	107688
279628	130851
279628	107689
283014	176432
283018	192332
283018	176433
11901962	192724
283606	193128
284136	136899
286701	182142
286701	188980
286702	182143
286703	188981
286703	182144
286703	182145
286704	182146
286705	182147
286706	188982
286706	182151
286707	182152
286708	182154
286709	182156
288214	162912
288622	148983
289374	161743
289627	164326
289628	164327
289629	164328
289630	164329
289631	164330
289632	164331
289633	164332
289634	164333
289635	164334
289636	164335
289637	164336
6053495	164337
291959	160196
291959	147557
294181	150089
294182	150088
295285	170451
295285	170452
299502	100965
300105	176476
302401	147739
302405	147738
303749	134026
303750	134027
303751	134028
303752	134024
303753	134031
303754	134029
303755	134030
303756	134032
303757	134033
303758	134034
303759	134035
303760	134036
303761	134025
303762	134037
306495	148536
306943	128148
306944	128149
307725	190761
307726	190762
309744	123633
310063	120628
310441	108856
783020	185070
310441	144085
310757	174546
310757	174545
310814	151542
310815	191191
310815	151541
311143	116552
1081090	175511
1081090	175510
311720	128203
311720	128200
311720	128199
311720	128225
311721	128227
311721	128205
311722	128207
311722	128229
311722	128312
749712	493713
749715	493720
3109061	571730
481538	571756
3313979	128285
15815721	510909
15885048	577416
17183033	614417
17171797	614434
311726	128217
311726	128216
311726	128218
311727	128316
311727	128220
311728	128222
311728	128317
311729	128318
311729	128239
1874107	136977
311731	128320
311731	128243
311732	128245
311732	128321
311732	128252
311734	128323
311734	128249
311735	128251
311735	128324
311736	128283
311736	128254
311737	128284
311737	128255
311739	128286
311739	128257
311741	128259
311741	128288
311742	128260
311742	128289
311743	128261
411588	472999
311746	128276
311747	128277
311748	128278
311749	128279
311750	128280
312524	183978
313291	185733
313776	128415
313776	129595
313776	128418
313777	128417
313777	128416
313777	129596
313778	128419
313778	129593
313779	129592
313779	128420
313780	129591
313780	128421
313781	129590
313781	128422
313782	129601
313782	129607
313782	128423
313782	128439
313783	129606
313783	128440
313783	128424
313783	129600
313784	128425
313784	129605
313784	129599
313784	128441
313785	129608
313785	128426
313785	128442
313786	128427
313786	128443
313786	129609
313787	128444
313787	129604
313787	128428
313788	129603
313788	128429
313788	128445
313789	128430
313789	129602
313789	128446
313790	129613
313790	128431
313791	129612
313791	128432
313792	128433
313792	129611
313793	129610
313793	128434
313794	128435
313794	129617
313795	129616
313795	128436
313796	129615
313796	128437
313797	128438
313797	129614
314006	151306
314023	138567
324037	168512
324417	126258
324417	125868
324417	125867
325742	191189
327571	159004
327573	159005
327574	159006
327575	159007
327576	159008
327577	159009
327578	159010
327579	159011
327580	159012
327795	150028
328224	161597
328230	161598
328315	147819
332133	191190
333860	136970
333862	136972
333864	136975
333865	136976
333866	136978
333868	136980
333869	136981
196223	136982
333871	136983
333872	136984
333873	136985
333875	136987
333876	136988
599318	136989
333878	136990
204516	159525
337889	159526
1952410	159527
337891	159528
1952415	159529
337893	159530
691674	159531
691675	159532
351848	159533
306625	159534
351855	159535
578754	159536
306627	159537
306627	159524
1683300	159538
1683300	159523
575792	159539
337903	159540
306636	159541
306639	159542
306639	159543
338286	157950
338289	157951
338292	157953
339587	121219
339592	121218
341859	167260
343357	184345
343358	184344
343359	184425
343360	184427
8440434	461499
346054	189096
347222	121555
348636	141889
348789	184342
8464345	128262
348877	142294
349971	144086
352850	118125
356561	147644
357235	189828
363899	189229
363900	189233
364896	158071
364897	158070
367382	194235
367382	194234
372540	185344
375050	125349
375051	116731
375054	116730
11357777	184429
1160052	128282
8462962	128233
8462962	128211
8462962	128314
11412447	128275
3313981	128287
3313981	128258
8872747	128281
8463043	128241
8463043	128319
2586605	136986
8463047	128322
376037	120782
376037	149886
376668	166573
376668	166575
376669	166574
376670	166576
376671	166577
376672	166579
376673	166610
376674	166611
376675	166613
376676	166615
376677	166614
376678	166617
376679	166612
376680	166616
376681	166618
376682	166619
376683	166608
376684	166609
376685	166620
380445	106601
380445	106602
380534	155028
380535	155029
383401	121617
384218	123851
384219	123852
384220	123853
384221	123854
384222	123856
384223	123857
385292	150110
386172	101623
386616	188461
386616	188460
386618	188465
386618	188464
386619	188467
387754	149579
387758	149533
388068	147817
398325	182039
398328	182040
398330	182041
398333	182042
400532	101790
400532	101660
404555	156983
404556	156991
404557	156992
404558	156993
404565	156995
404565	156994
405427	153236
405427	153235
405777	168463
406911	137981
2804762	461542
407791	184432
408583	121684
411580	139793
411580	139816
411581	139817
411581	139794
411582	139809
411582	139818
411583	139796
411583	139819
411584	139820
411584	139797
411585	139798
411585	139821
411586	139799
411586	139822
411587	139823
411587	139800
411588	139811
411588	139824
411589	139825
411589	139812
411590	139826
411590	139807
411591	139827
411592	139828
411592	139801
411593	139802
411593	139829
411594	139803
411594	139830
411595	139804
411595	139831
411596	139832
411596	139805
411597	139806
411597	139833
411598	139834
411599	139835
411599	139808
411600	139813
411600	139836
411601	139814
411601	139837
411602	139810
411602	139838
411603	139839
411603	139815
412209	95448
412210	95447
413294	150095
4118015	150445
413294	150096
1498375	154267
335495	183586
642389	183589
396172	183594
642368	183579
642372	183580
642376	183581
642381	183582
335488	183583
335489	183585
335498	183587
642384	183588
7564048	117192
642396	183592
396165	183593
428636	183595
428637	183596
2694510	183597
428639	183598
429306	101410
429307	101412
429309	101413
430202	101662
430202	101786
432267	106597
432268	106598
432275	106599
432604	169747
432615	166394
433271	181765
434970	176971
434971	176969
443571	132553
443590	193660
443590	193659
443591	193655
443592	193656
444396	164069
444396	164070
444398	164072
444401	164079
444401	164078
446027	138999
446034	139000
449765	156429
449894	98878
453130	109114
455023	138995
455024	138996
455027	138997
455029	138998
459985	185290
459985	185291
462342	117179
468566	126597
468566	106831
474747	121792
477537	167540
479625	164469
168174	191233
480404	191232
481975	100751
228952	100752
481977	100753
481978	100754
481979	100755
481980	100756
481981	100757
481982	100758
481983	100759
481984	100760
481985	100761
481986	100762
481987	100763
14484255	524557
481989	100765
481990	100766
481991	100767
482241	164733
577126	164734
483425	130669
483426	130670
483427	130671
483428	130672
485460	176541
485460	176540
485462	176542
171985	100871
171986	100866
171986	100862
171987	100872
488856	100868
171989	100869
171990	100870
488859	100863
14816329	537649
488862	100873
492099	166722
492100	166723
492101	166724
492102	166725
492103	166726
492104	166727
492105	166728
492106	166732
492106	166729
492107	166733
492108	166735
492109	166734
492110	166730
492111	166731
492587	122868
504643	103212
1826256	183591
504643	103211
508649	191157
513245	138991
513257	138992
513258	138993
513265	138994
515418	149837
515717	185934
515983	142403
518316	118024
518317	118025
518318	118040
518319	118041
518320	118042
518321	118049
518322	118047
518323	118046
518323	118045
518324	118044
518325	118043
518326	118028
518327	118027
518328	118026
518329	118030
518329	118051
518329	118031
14484256	524558
7446	159967
7446	159975
174951	159969
174952	159973
8654761	628000
174953	159974
2034528	159971
2034533	159972
174957	159977
174958	159976
310989	171510
310989	159978
311199	159968
522596	159979
527862	139002
527866	139001
527870	139003
527877	139004
527878	139005
455029	139006
529222	131588
529495	158523
385782	135416
534611	172713
534612	172717
534612	172714
534616	172716
534616	172715
534617	172718
534620	172720
538395	159040
539488	148243
542932	128832
542933	128834
542934	128835
542935	128836
542936	128837
542937	128838
542939	128839
542941	128840
542942	128841
542943	128842
542944	128843
542945	128844
542946	128845
542947	128851
542948	128846
542949	128848
542950	128849
542951	128850
542952	128852
542953	128853
542954	128854
542955	128855
542956	128856
544015	193630
545459	158537
546973	130238
548135	142292
192018	118124
553739	146238
554553	171572
554556	171680
554557	171682
554557	171681
554558	171683
554560	171685
554560	171684
554561	171686
554562	171688
555884	187370
556899	187024
