1372866	1998	\N	\N
1089598	2010	10	\N
1147748	2011	12	16
1068236	2006	\N	\N
1148229	2008	\N	\N
1146417	1978	\N	\N
1089606	2010	5	7
1178350	2012	6	21
1280079	1993	\N	\N
1052172	2003	\N	\N
1147755	2011	4	19
1283156	2013	4	1
132664	1994	\N	\N
1178353	2012	6	19
1138860	2012	\N	\N
1538717	2014	12	10
1280659	2009	8	28
1090067	2009	\N	\N
921893	1994	\N	\N
933971	2000	\N	\N
1147516	2002	\N	\N
1146422	1978	\N	\N
1178357	2011	\N	\N
1093985	2011	11	21
529416	2007	9	21
1090069	2010	\N	\N
984007	1991	\N	\N
1607858	2009	8	31
1178363	2012	6	5
1179661	2009	\N	\N
1178366	2012	7	9
1175393	2006	6	6
1280098	2006	\N	\N
838421	1993	\N	\N
1084324	2009	\N	\N
1427793	2003	\N	\N
1105252	2008	12	16
1104600	2008	\N	\N
1168546	2008	2	\N
1280105	2007	1	29
1463990	2014	9	16
1113494	2005	12	1
1069915	2009	\N	\N
1427802	2010	\N	\N
1277316	1991	\N	\N
1089552	1997	\N	\N
1282634	2013	4	22
1105569	1995	\N	\N
1146436	1999	\N	\N
1036566	2005	\N	\N
1146432	2010	\N	\N
1280111	2002	\N	\N
1283158	2012	12	10
1147752	2011	10	30
1282632	2013	4	19
1031513	2008	4	7
250242	2003	\N	\N
905079	1990	10	25
1280116	2013	4	12
808178	2004	\N	\N
1280118	2012	10	16
1180902	2005	12	29
1167354	2011	9	20
1147859	2011	\N	\N
1167379	1993	\N	\N
1280125	2013	4	16
1283009	2011	\N	\N
1088465	2002	\N	\N
1176372	2011	\N	\N
1280128	2013	4	15
1280130	2013	4	5
1167380	2012	6	11
1282637	2012	8	1
1280131	2013	1	20
1089558	1991	\N	\N
1379026	2010	\N	\N
8662	2001	\N	\N
1282638	2013	1	15
1280133	2013	4	16
1197215	2005	\N	\N
1280134	2013	2	5
1198610	1998	5	18
1198638	2011	\N	\N
1280135	2013	4	6
1094101	2011	9	27
1280136	2013	1	25
1282640	2012	10	2
1146457	1979	\N	\N
1110398	2009	12	\N
1197217	2009	\N	\N
1146459	1979	\N	\N
864444	1992	\N	\N
1144255	2008	12	4
235846	2000	\N	\N
1146461	1979	\N	\N
1063374	2011	8	29
1105685	1998	\N	\N
1146463	1994	\N	\N
1167408	2012	5	20
1060081	1989	\N	\N
10595	1993	\N	\N
670720	1990	11	\N
1280156	2013	2	25
1175428	2012	4	27
1147531	2010	\N	\N
1146470	1991	\N	\N
1280152	2006	\N	\N
1068330	2002	\N	\N
1282645	1998	\N	\N
1280157	2013	4	16
1280158	2012	5	22
1094109	2011	\N	\N
1280163	2013	4	16
1178412	2011	\N	\N
1113574	2006	\N	\N
1056641	1997	\N	\N
1056642	2010	\N	\N
1107310	2011	10	18
952749	1999	5	18
1280170	2013	3	15
1197231	2007	\N	\N
1197235	2000	\N	\N
1103309	2011	\N	\N
1178419	2009	\N	\N
1146482	1987	\N	\N
1053229	1982	\N	\N
1146483	1963	\N	\N
1197240	2012	8	1
1056655	2008	9	30
1069475	1986	\N	\N
1282653	2013	3	\N
1056657	2008	\N	\N
1197250	2005	\N	\N
1283162	2012	7	15
1069782	2011	\N	\N
1056659	2010	8	30
1178427	2008	9	2
1146488	1996	6	18
1090076	2011	1	31
1198641	2009	\N	\N
1198155	1981	\N	\N
970354	1989	3	\N
1050019	2007	7	2
1056662	2011	6	13
864653	1994	\N	\N
1056661	2010	8	\N
1104615	1995	\N	\N
1381753	2004	\N	\N
1176429	2012	8	28
1094123	2006	\N	\N
1056667	1998	1	1
1056668	2008	12	9
1041520	1996	\N	\N
1094126	2011	5	2
1056669	2000	1	1
1084383	1996	\N	\N
1163500	2008	\N	\N
1167415	2012	\N	\N
1084386	2008	\N	\N
18243	2003	11	7
1094128	2011	\N	\N
1198986	2011	2	25
1427865	2013	7	13
1280199	2002	\N	\N
1094133	2011	10	25
1178436	2010	\N	\N
1081884	1993	\N	\N
1146498	1998	5	5
1178438	2010	\N	\N
921782	1996	\N	\N
1164431	2006	\N	\N
954879	2000	\N	\N
1094137	2011	11	10
1094138	2011	11	7
1056677	2009	8	12
1068350	2011	\N	\N
1105693	2001	11	30
1088514	1969	\N	\N
1178443	2010	\N	\N
270994	2005	9	12
1036846	1994	\N	\N
1098552	1996	\N	\N
21698	1997	\N	\N
1090080	2006	\N	\N
1175460	2009	3	15
21847	1993	\N	\N
21863	1997	\N	\N
1103350	2009	2	\N
1088520	1998	\N	\N
1054831	1988	\N	\N
1054835	1976	\N	\N
1138965	2003	\N	\N
1138974	2009	\N	\N
1198645	1986	\N	\N
22655	1996	8	\N
915127	2005	\N	\N
1163513	2007	\N	\N
1163880	2010	\N	\N
1164514	1993	\N	\N
1338760	1989	\N	\N
1164515	1995	\N	\N
1197322	1972	\N	\N
1179713	2003	\N	\N
1090082	2011	\N	\N
1089583	2009	\N	\N
1114967	2000	\N	\N
1198646	2008	1	31
1106442	1997	\N	\N
1094152	2010	\N	\N
551635	2008	\N	\N
1179715	2010	10	27
1088530	2003	\N	\N
1094156	2010	\N	\N
1106889	2009	\N	\N
1163481	2001	3	1
1372871	2013	9	\N
1280243	1981	\N	\N
1179720	2005	\N	\N
1180305	1989	\N	\N
1021304	1990	\N	\N
1164091	2006	10	3
275048	1995	\N	\N
1144337	2010	11	25
1198648	2004	\N	\N
1068368	2011	\N	\N
1282668	2007	12	6
1282669	2013	4	24
1070474	1996	5	1
1163565	2012	\N	\N
1163575	1998	\N	\N
1144342	2006	12	14
1069490	2009	\N	\N
1427795	2011	4	4
28172	1989	\N	\N
28178	1994	\N	\N
28179	1999	\N	\N
28267	1980	\N	\N
1282670	2013	4	19
1166993	2009	\N	\N
936762	1986	\N	\N
1282671	2013	3	18
1146523	2011	\N	\N
1282672	2013	4	22
289037	1976	\N	\N
1282673	2013	3	28
1094161	2009	4	17
1280830	2011	5	2
1109321	2010	7	6
1068404	2011	\N	\N
1066079	2006	6	20
1148119	2005	4	21
1148319	1990	\N	\N
1147957	2011	9	26
1198651	2005	\N	\N
1163668	2005	9	5
1164200	2008	\N	\N
30282	1974	\N	\N
1056709	2009	7	28
1114515	2008	\N	\N
1056710	2003	11	11
1056711	2011	1	4
1282674	2013	4	19
30912	1998	\N	\N
1105695	2008	9	3
1056715	2000	4	25
1280268	1986	\N	\N
1164201	2010	\N	\N
1372910	2007	\N	\N
1105733	2000	\N	\N
1114498	2011	\N	\N
946751	1997	\N	\N
31729	1998	7	\N
1107930	2010	6	22
1372918	2008	\N	\N
1164534	2009	\N	\N
1427803	2011	\N	\N
32363	1992	\N	\N
1533569	2006	1	1
1280277	2013	3	8
1164208	2007	3	\N
1198653	2011	6	4
1179731	2006	\N	\N
1144368	2009	10	\N
1068469	2000	\N	\N
1178483	2009	\N	\N
1178484	1996	\N	\N
1053291	1995	\N	\N
1178485	1995	\N	\N
1088582	2008	12	21
1281950	2013	1	28
1089601	2010	10	5
1089602	2008	4	\N
1280849	2013	5	7
1282679	2013	4	21
1163697	2010	\N	\N
1070018	2006	10	3
1164562	2012	\N	\N
1179734	2003	\N	\N
682132	2009	\N	\N
1056732	1991	12	31
1164215	2012	6	26
1146540	2009	\N	\N
1056734	1993	3	1
1071088	2011	\N	\N
522732	2009	\N	\N
918715	1983	\N	\N
1427885	1971	\N	\N
1144390	1994	\N	\N
37303	1998	\N	\N
37304	1998	\N	\N
37311	1995	\N	\N
897916	1998	\N	\N
37316	1995	\N	\N
1116709	1995	\N	\N
1105698	2007	\N	\N
1197486	2010	\N	\N
1533952	1999	\N	\N
1105699	2006	7	6
1144399	2012	3	26
1282683	2013	3	12
1068475	2009	12	21
1147966	2011	6	14
1174167	2003	\N	\N
1163710	2012	\N	\N
690351	1988	10	\N
1281960	2013	4	22
1089605	2010	6	10
1103358	2006	\N	\N
39462	2000	\N	\N
1144880	2012	4	3
1280315	2010	3	2
1535859	2000	\N	\N
376450	1999	11	9
449686	2001	9	11
1178506	2008	\N	\N
1283166	2012	12	10
957797	2004	10	\N
1116714	2007	\N	\N
1068497	2001	\N	\N
1144421	1985	\N	\N
1536142	2014	7	28
1144423	2008	\N	\N
790857	1992	9	22
881869	2001	\N	\N
1144424	2002	\N	\N
1179497	2007	\N	\N
1068207	2005	\N	\N
1607872	2003	\N	\N
1427899	2011	\N	\N
974795	2003	8	\N
1163729	2008	\N	\N
1088608	2003	5	20
1095119	2010	2	16
1146575	2011	\N	\N
1164231	2008	\N	\N
1164611	2008	\N	\N
1037026	2008	5	\N
1139084	2010	4	14
1139086	2012	1	25
1139088	2012	1	20
1281973	2013	4	20
1163761	2004	\N	\N
924238	2003	\N	\N
961391	2002	12	\N
1089615	2008	5	1
1198657	2008	\N	\N
1281975	2005	\N	\N
1281976	2005	\N	\N
1113041	1977	\N	\N
1433697	1997	\N	\N
1178532	2010	8	12
1280344	2013	2	12
1068506	1999	\N	\N
1147975	2012	4	13
1003253	1971	\N	\N
1178535	2003	9	24
990644	1975	\N	\N
1007877	1986	\N	\N
1088621	2011	8	30
890893	1996	\N	\N
46425	2002	\N	\N
1280354	2009	10	2
298512	2002	\N	\N
299104	2005	\N	\N
1381754	2007	\N	\N
864256	2001	\N	\N
1283032	1994	\N	\N
47079	1993	\N	\N
1620792	2010	\N	\N
1280361	2013	4	9
721614	2008	9	21
940656	2002	\N	\N
1089622	2008	10	1
1280364	2013	3	20
1068509	2011	3	21
1178546	2006	12	12
1282705	2013	4	12
1280367	2013	3	6
1280368	2013	2	7
428853	2001	\N	\N
48987	2001	\N	\N
1147981	2011	9	20
1280369	2010	5	5
1104634	2003	11	21
1280370	2012	1	27
1280371	2010	11	20
1178548	1951	\N	\N
1280372	2010	9	23
1163638	2010	\N	\N
1280373	2009	10	2
1620940	2007	\N	\N
1624780	2009	\N	\N
1164258	2012	5	29
1163639	2010	\N	\N
1280374	2011	7	1
1281988	2010	\N	\N
1178404	1996	\N	\N
1427797	2007	\N	\N
1280376	2012	12	18
1056767	2008	\N	\N
1280400	2012	9	28
1164264	2012	5	1
1178554	2008	9	1
1178555	2009	9	17
1178556	2012	1	31
1281992	2013	4	15
1280396	2012	8	30
1178557	2010	1	23
881233	2000	\N	\N
1178559	2008	4	20
1526682	2013	9	10
1607875	2004	\N	\N
1178560	2010	12	16
1088454	2011	\N	\N
1144508	1983	\N	\N
1178562	2008	1	30
52997	2001	\N	\N
1178563	2010	2	8
1068516	1997	\N	\N
1197616	1959	\N	\N
1113053	1997	\N	\N
1088382	2011	11	25
1088375	2011	11	25
1164623	2011	6	\N
1280412	2013	2	26
1178568	2012	6	19
1178569	2012	4	10
1178570	2006	9	19
1280414	2013	4	8
1178571	2005	5	31
1090870	2010	\N	\N
1281998	1988	\N	\N
1280415	2013	3	12
1144521	2012	2	23
400347	1997	\N	\N
1427805	2008	\N	\N
1069921	2011	2	\N
1178572	2007	1	29
1163937	1986	3	10
1103364	2010	\N	\N
1164627	2009	\N	\N
1178575	1995	\N	\N
1179782	2011	7	12
1372872	2012	\N	\N
1068526	2003	8	26
1146632	2009	4	20
1084564	2011	3	1
1163939	1986	6	9
296539	2005	\N	\N
1282004	2011	5	1
443609	1989	\N	\N
1178581	2012	7	10
1526694	2014	11	18
1620793	2007	\N	\N
946681	1993	\N	\N
1178582	2004	\N	\N
1147988	2010	10	8
1163940	1986	8	18
1178583	2012	2	14
1147989	2012	4	13
1282009	2012	2	14
1163942	1986	11	10
1168963	2007	\N	\N
1620941	2011	3	22
1089794	2009	\N	\N
57723	2002	\N	\N
1178587	2003	\N	\N
856320	2007	\N	\N
1282720	2013	4	9
867899	1997	1	\N
443614	2002	\N	\N
800979	2003	\N	\N
58369	2002	8	\N
58319	1992	\N	\N
1163943	1987	2	4
1526708	2014	11	\N
1094246	2011	9	16
1163944	1987	4	29
1282021	2013	\N	\N
1283175	2011	\N	\N
1427921	1966	\N	\N
59364	1988	\N	\N
1056785	2003	\N	\N
857212	2005	\N	\N
1163945	1987	7	15
1090608	1995	\N	\N
1198662	2011	\N	\N
1197633	2005	\N	\N
1280461	2013	4	12
1427925	1994	8	23
1038458	1997	7	7
1178478	2003	\N	\N
233446	2006	2	\N
782728	2006	\N	\N
1178597	2012	4	\N
839773	1985	\N	\N
978882	2002	\N	\N
1068535	2011	7	\N
1147993	2008	5	21
1163946	1988	1	6
1068546	2011	8	\N
62462	2005	4	\N
985416	2003	\N	\N
1163948	1988	3	30
1088674	2011	10	29
1070028	2007	\N	\N
1544123	1980	\N	\N
1164393	1996	\N	\N
1163949	1988	6	22
1088677	2011	10	30
1433710	2012	6	12
1113742	2002	\N	\N
1144600	2010	10	\N
1144602	2010	12	\N
1086030	1971	3	5
1164121	1996	\N	\N
1164395	2001	\N	\N
1144604	2011	12	\N
1069728	2009	9	\N
882847	2005	\N	\N
540191	2006	\N	\N
1178622	2012	6	19
908626	1997	\N	\N
1144616	2010	3	1
1163959	1988	9	28
1163961	1989	1	18
1146676	2006	10	24
1163962	1989	4	12
1198671	1998	\N	\N
1197669	2010	\N	\N
1163963	1989	7	5
1116667	1996	8	26
1163964	1989	9	27
1372912	2013	\N	\N
1197670	2008	\N	\N
1163965	1989	12	25
1163966	1990	3	19
1163970	1990	6	25
973635	1997	\N	\N
1163972	1990	10	1
1167462	2012	6	5
1144641	2011	12	1
1178644	2012	3	30
70877	1994	\N	\N
1093282	1992	\N	\N
1095305	2009	7	23
1280951	1992	\N	\N
859854	2007	\N	\N
1282738	2008	9	1
1163974	1991	4	29
1197683	2009	\N	\N
1199000	2009	\N	\N
1163975	1991	11	11
1624782	2014	\N	\N
1280539	2013	4	15
1197708	2011	3	5
1372919	2012	10	\N
1280541	2013	6	4
1280544	2001	\N	\N
1095059	2007	1	2
1163977	1992	2	3
1144438	2012	3	26
1280546	2012	12	4
1144384	2005	\N	\N
1625183	2013	5	7
1147411	2010	9	18
871854	2002	\N	\N
1069928	2011	5	9
1163978	1992	5	11
1198677	2010	\N	\N
1280552	2013	3	23
1178667	1953	9	12
970638	2005	\N	\N
1163981	1992	8	17
782246	2010	9	6
1280555	2013	4	16
1178670	1953	12	10
1178672	1953	12	20
1280557	2013	4	16
1147204	2011	4	15
1280548	2012	12	\N
1280559	2002	11	26
1280560	2013	4	9
1089669	2003	\N	\N
1163982	1992	11	23
1280561	2013	1	7
1197726	2012	3	8
1198683	2009	\N	\N
1372921	2013	7	29
1095307	2011	2	2
1432569	2006	\N	\N
1178676	2010	6	14
1280563	2013	2	19
1089143	2005	\N	\N
1089858	2010	8	27
1280564	2007	11	26
1280565	2013	3	29
1105464	1999	\N	\N
1280566	2008	6	13
1163986	1993	3	1
862348	1998	\N	\N
1163987	1993	8	30
1198310	1980	\N	\N
1178681	1954	10	10
1280567	2012	6	10
1146712	2003	\N	\N
1090308	1991	\N	\N
1179828	2011	8	15
1280573	2013	4	1
78019	2000	\N	\N
1280574	2012	12	18
1178687	1954	9	5
1280575	2012	5	10
1163988	1993	12	6
1280576	2012	6	25
1372913	2013	1	7
1280578	2013	4	1
1180449	2012	7	10
1372923	2013	11	22
1163989	1994	3	7
1088732	2009	\N	\N
1147445	2012	4	16
1280581	2013	4	9
1282062	2012	4	20
1164000	1994	6	14
1282747	2010	4	11
1280592	2013	4	16
1280585	2012	2	29
1164001	1994	6	21
1088743	2010	\N	\N
1427799	2007	8	25
981984	1994	4	19
1115959	2010	11	29
1198318	1980	\N	\N
1198685	2011	\N	\N
1280589	2012	7	6
1604667	2015	4	12
1179835	2005	11	7
1148007	2008	9	16
1164002	1994	11	7
1167494	2012	4	21
1280591	2011	10	5
1164003	1994	12	27
1280594	2001	\N	\N
1283183	2013	4	29
1282750	2013	4	8
1058514	2009	11	6
1054839	1985	\N	\N
1280596	2013	1	19
1178711	1953	4	1
1280597	2013	6	16
1164004	1995	8	7
1148043	1999	\N	\N
1148010	2011	11	21
919144	2003	\N	\N
1280599	2013	4	8
1164005	1995	8	14
1164006	1996	4	15
1178715	1954	2	21
1164008	1997	3	17
83566	2002	11	5
1280605	2013	4	9
1280606	2002	\N	\N
1280607	2012	8	27
84077	1994	\N	\N
84080	1991	\N	\N
1056863	2000	11	28
1164010	1999	5	8
1427923	2008	1	1
1056864	1991	\N	\N
1178721	1957	8	23
1178722	1957	11	3
1116391	2011	12	29
1146733	2001	\N	\N
484068	1993	\N	\N
1090312	1992	\N	\N
1178726	1958	\N	\N
85231	2005	9	14
1090314	1989	\N	\N
1148011	2012	1	2
1146735	2010	8	18
1148012	2010	11	19
1088771	2010	4	6
1178733	1996	\N	\N
1116392	2009	\N	\N
86301	1992	\N	\N
847554	2007	3	\N
1178737	1959	9	20
1090444	2006	\N	\N
1178739	1959	12	1
1180458	2012	1	19
1178740	1960	2	23
1090133	2011	\N	\N
1056871	1977	\N	\N
1280625	2004	\N	\N
1164036	2008	\N	\N
1167506	2012	3	27
1090135	2007	\N	\N
1053469	2011	5	17
1053471	1997	\N	\N
1167508	2011	11	23
1180461	2012	7	10
1144743	2012	3	1
1280634	2005	\N	\N
1164477	2005	1	1
1164423	2011	\N	\N
1068590	2000	\N	\N
1144750	2012	1	17
1164771	1988	\N	\N
1139330	2011	12	9
1178758	1962	1	17
1139331	2011	3	18
1139332	2011	1	7
1104705	2011	5	\N
1144754	2008	\N	\N
1168809	2008	\N	\N
1144755	2012	4	9
1168910	2006	\N	\N
1178761	1962	1	3
1174361	1977	\N	\N
1094343	1970	\N	\N
988108	1992	\N	\N
1178762	1962	8	15
1144760	1997	\N	\N
1280642	2006	\N	\N
1379034	2005	8	2
1179556	1995	\N	\N
986529	2006	4	17
1179558	1997	\N	\N
1180465	2012	7	3
93412	1997	\N	\N
1280640	2006	1	27
1066969	2010	\N	\N
1164731	2004	10	1
1180920	2010	2	10
93979	1997	8	19
1280648	2005	8	23
928474	1988	\N	\N
1164800	2012	5	10
1056888	2010	8	3
1113395	1986	2	\N
94346	2000	\N	\N
1056891	2006	11	14
1058130	2011	6	3
1178765	1962	11	10
1056892	2004	5	11
1113396	1986	2	\N
1066980	2007	10	26
1281742	2000	\N	\N
1056893	2007	5	15
1139362	2011	6	10
873492	1997	\N	\N
1090321	2010	7	27
1280661	2012	9	11
1167547	1995	\N	\N
1164854	2012	5	29
97474	1997	4	15
1280663	2009	10	27
1198359	1966	\N	\N
1198689	1993	\N	\N
1198371	2012	\N	\N
1283066	2012	10	23
1066985	2007	10	26
1282759	2009	\N	\N
1089594	2009	1	24
1167591	2010	\N	\N
1164901	2012	5	15
1146451	1998	12	\N
1106414	1998	\N	\N
1280197	2013	5	7
1198374	1998	\N	\N
1114787	1999	\N	\N
1180474	2010	4	16
1148025	2005	1	11
1114789	1997	\N	\N
1067090	2007	\N	\N
21719	1994	\N	\N
1144838	2011	6	20
1039077	2003	\N	\N
1144842	2006	8	18
1016802	1991	8	19
1094164	2010	2	8
1144851	2010	7	7
1089722	2004	9	14
1148033	1997	\N	\N
1144853	1987	\N	\N
1198387	2004	\N	\N
1290332	1995	\N	\N
1280696	2009	9	29
105903	2005	\N	\N
1056925	2006	5	16
1146793	1992	10	7
1104742	2005	\N	\N
1164955	1997	\N	\N
1144864	2012	4	10
1544134	1997	\N	\N
1114790	1996	\N	\N
1280700	2010	\N	\N
1147614	2012	1	12
1114793	2006	\N	\N
1178815	2004	11	23
1056929	2007	7	24
1104745	1991	\N	\N
1146797	2006	6	13
529949	2001	11	19
1114794	2004	\N	\N
1179632	2008	\N	\N
1094249	2011	5	1
1114795	2007	\N	\N
1114796	2011	\N	\N
1524287	2013	6	25
1094379	2006	\N	\N
1020186	1991	\N	\N
885214	1995	\N	\N
1178819	2004	11	16
1020193	1993	\N	\N
984497	1997	\N	\N
1020182	1999	\N	\N
1056935	2010	2	26
1054518	2011	5	30
1020185	1989	\N	\N
1524285	2012	6	19
878486	2005	\N	\N
994470	2000	\N	\N
1147621	2011	4	1
1004094	2008	\N	\N
1164775	1983	\N	\N
1094381	2006	6	14
1056941	2008	3	11
1147624	2010	7	12
1056942	2009	5	1
1062710	1983	\N	\N
1533580	2014	2	4
1056943	2009	4	17
110628	1999	\N	\N
1283071	2013	4	8
1089729	2011	\N	\N
930209	1997	12	17
1533980	2010	\N	\N
1116431	2011	10	\N
1531128	2001	\N	\N
1094384	2009	5	26
1180925	2005	11	\N
1102235	1991	\N	\N
1197807	2010	\N	\N
111818	1991	\N	\N
1144911	2012	4	3
1062717	1985	\N	\N
1067163	1997	\N	\N
1169013	2000	\N	\N
1062722	1987	\N	\N
432215	2000	6	12
976130	1994	\N	\N
1062727	1990	\N	\N
1094175	1989	\N	\N
1180927	2006	\N	\N
925953	2002	\N	\N
113723	2001	\N	\N
1097456	1993	\N	\N
1089733	1998	\N	\N
1095078	2010	\N	\N
1116273	1981	\N	\N
1280729	1992	\N	\N
1198398	1980	\N	\N
1147633	2001	\N	\N
1198702	2009	\N	\N
1146813	2006	\N	\N
1144932	2010	1	5
689803	1987	3	16
1102326	2006	\N	\N
1282126	2008	10	28
1115035	2008	\N	\N
1165024	2002	\N	\N
1180929	2008	\N	\N
115948	1999	\N	\N
116082	2004	\N	\N
1147642	2012	4	17
116116	1991	\N	\N
635665	1986	9	5
1148046	1977	\N	\N
1116271	1995	\N	\N
1280741	2013	1	25
1067176	2011	\N	\N
1089743	2006	\N	\N
1280240	2012	11	13
1147645	2012	4	17
1372876	2012	8	22
1280206	2004	\N	\N
1168638	2005	\N	\N
1056960	2007	9	11
1164796	2012	3	23
1056964	2008	12	10
1056965	2009	12	29
1105394	2011	10	\N
1056966	2009	11	2
1163678	1998	\N	\N
1198402	2011	\N	\N
1148050	2012	4	3
1180524	2012	7	10
1180975	2012	\N	\N
1168641	2000	\N	\N
1178841	2012	4	\N
1114913	2007	\N	\N
1094797	2011	10	17
1056971	2002	3	19
1179927	2010	\N	\N
1139521	2010	3	\N
1280760	2013	1	10
1094414	2011	5	1
1280761	2011	10	9
1174443	2009	5	26
1280762	2012	5	9
1165074	2012	\N	\N
1280763	2013	4	16
1088876	2011	2	1
1105702	2006	\N	\N
1167319	1996	\N	\N
1167424	2008	11	2
1147653	2010	4	27
351583	1991	11	11
1280791	2012	12	14
1094430	2000	\N	\N
689343	1997	12	15
1094432	1997	7	15
1280773	2013	3	25
1090647	1992	\N	\N
124404	2001	\N	\N
124540	1999	\N	\N
1620794	2010	\N	\N
124633	2004	12	17
989865	1997	\N	\N
1280776	2013	2	26
1165136	2012	\N	\N
1535868	2014	9	9
1056983	2011	6	7
929392	1996	\N	\N
1056984	2011	6	14
125040	2003	3	31
125272	2005	\N	\N
125316	2003	\N	\N
125317	1997	\N	\N
125367	1993	\N	\N
1280780	2013	3	19
1372883	2010	\N	\N
125666	1997	8	26
1280792	2012	3	21
1178734	1958	5	1
1280784	2013	3	27
1097485	2009	\N	\N
1620942	2010	8	13
1094435	2011	10	24
1145014	2002	\N	\N
1280787	2013	2	21
1280788	2013	2	22
126842	2004	\N	\N
126812	1997	\N	\N
126821	1994	\N	\N
126824	1993	\N	\N
1372891	2010	10	\N
1198405	2007	\N	\N
1280793	2013	4	16
127065	2002	\N	\N
127168	2002	\N	\N
1145024	2011	5	3
127342	2001	\N	\N
127351	2006	3	23
127406	2003	\N	\N
1624790	1993	\N	\N
1178584	2009	\N	\N
1178738	2012	4	13
1280798	2013	2	5
127775	1997	\N	\N
128185	1992	\N	\N
1427800	2007	\N	\N
128282	1995	\N	\N
1058139	2011	5	10
128426	1990	11	6
128468	2002	\N	\N
128475	2004	\N	\N
128477	1994	7	25
