18243	452721
817666	452753
1069047	452854
506940	452903
506942	452907
208882	452908
247748	452918
506940	453017
506940	453022
506942	453028
208882	453043
247748	453046
506952	453061
247748	453134
547714	453143
689945	453182
863891	453186
553656	453199
775557	453233
775557	453234
658229	453236
653134	453257
763108	453259
763108	453261
352219	453279
1044131	453339
150781	453362
18243	453406
833695	453465
420223	453544
18243	453758
1375368	585694
636375	585704
868652	453890
547714	453901
547714	453902
547714	453906
506944	453910
653134	453916
653134	453922
653134	453925
652306	453928
652306	453929
652306	453931
247748	453933
652306	453934
687494	453936
517338	454024
506952	454115
22702	454121
846548	454177
626817	454302
912136	454336
506944	454442
506944	454443
506942	454444
506942	454445
506945	454458
506945	454459
653134	454460
208882	454461
506948	454462
653134	454495
653134	454501
653134	454510
774081	454523
645511	454561
645511	454562
188233	454577
652306	454660
1071540	454806
265079	454851
720497	454879
728293	454899
720497	454932
919752	454974
907252	454979
887651	454985
957271	454995
687774	455005
199965	455007
831042	455071
257327	455083
866334	455095
380750	455107
662541	455123
625163	455129
100268	455130
710590	455133
840989	455159
840989	455162
231383	455164
231383	455166
372826	455174
372826	455177
637965	455188
1072099	455190
831042	455231
831042	455238
619904	455253
597437	455257
654622	455268
654622	455272
829378	455275
829378	455278
829378	455279
829378	455280
829378	455281
371903	455367
597437	455368
626817	455369
654622	455370
751555	455371
829378	455372
659902	455437
769732	455463
795434	455534
941424	455645
941424	455646
49517	455701
49517	455703
49517	455704
38116	455715
24494	455717
401008	455726
401008	455727
318377	455755
354915	455764
35963	455767
1068383	455796
391528	455838
538550	455897
580318	455899
692820	455907
134950	505570
818682	455994
1073192	456064
46215	456068
46215	456206
1073562	456269
1073562	456270
231383	456482
361307	456506
361307	456507
83721	456534
82642	456616
757742	456639
826039	456641
826039	456642
616960	456719
241497	456734
207448	456736
723833	456812
156889	456816
156929	456821
634954	456900
92047	493721
110153	457130
241497	457144
207448	457146
207448	457147
241497	457151
241497	457152
207448	457153
207448	457154
156889	457156
156889	457157
156889	457158
232794	457160
17758	457163
37616	457167
136549	457170
136555	457172
59386	457175
96057	457177
150743	457180
31392	457184
19452	457190
259983	457199
136557	457204
155480	457209
314172	457210
430237	457212
563711	457217
655720	457218
758300	457220
874255	457222
1013485	457223
1022511	457224
338774	457225
640668	457226
826617	457228
953330	457229
1178726	505605
262116	457231
305767	457233
365038	457235
536612	457237
610056	457239
69852	457241
810316	457244
427572	457245
896510	457246
1008595	457247
1036288	457248
687585	457250
775256	457251
775289	457253
814870	457254
709672	457255
814882	457256
991068	457257
741029	457258
741036	457259
850380	457261
800080	457264
814875	457266
745682	457448
1075205	457477
1074508	457545
1075564	457550
720497	457969
18161	458039
18161	458040
835083	506476
1076158	458075
1076414	458184
1076158	458207
1076219	458210
1076524	458214
645276	458218
1076580	458244
851905	458248
785409	458254
598047	458318
598047	458319
48729	461446
944528	458433
763677	458461
763677	458462
482740	458541
666521	458598
131497	458613
297178	458619
154919	458626
135792	458660
156307	458819
156311	458823
304655	458826
123771	458828
60002	458830
181928	458831
349598	458832
132377	458833
38029	458834
181944	458835
154918	458836
130777	458837
159673	458838
119006	458839
218408	458840
181947	458841
132328	458842
350681	458843
132354	458852
341534	458853
86249	458854
132351	458855
132367	458856
132369	458857
151897	458858
132156	458859
181923	458860
304586	458861
205668	458863
304588	458864
322963	458865
362268	458866
404845	458867
407737	458868
431449	458869
480870	458870
505061	458871
534608	458872
601619	458873
601249	458874
616114	458875
632124	458876
652310	458877
676291	458878
725061	458879
736331	458880
770258	458881
795189	458882
831474	458883
855644	458884
890604	458885
912301	458886
947655	458887
973748	458888
1000202	458889
1031999	458890
1069482	458891
534606	458892
144273	458904
127398	458905
1076936	458907
935370	458908
1074445	458932
1074445	458934
132367	459056
654397	459093
593870	459147
726711	459171
728401	459172
726951	459173
726985	459174
726941	459175
538662	459176
727000	459177
638616	459178
297047	459179
538225	459180
146672	459181
228163	459182
870055	459183
869880	459184
431654	459185
602177	459186
870065	459187
870069	459188
593881	459189
621096	459190
621089	459191
905388	459192
621086	459193
408920	459194
105499	459195
105516	459196
214620	459197
158584	459198
1053691	459199
1053695	459200
1053700	459201
1053702	459202
125815	459203
1459324	611091
894352	459205
1077900	459206
924120	459207
1042592	459208
729040	459214
1045771	459404
910129	459405
465076	459406
1036612	459407
656520	459408
683125	459409
697791	459410
703813	459411
1045803	459412
719327	459413
464769	459414
736886	459415
588486	459416
722974	459417
717624	459418
136047	459419
569841	459420
646315	459421
511621	459422
646318	459423
646325	459424
646333	459425
646339	459426
588638	459427
646357	459428
39551	459429
647292	459430
40549	459431
646969	459432
400064	459433
647305	459434
1045912	459435
1045716	459436
1035147	459437
561797	459438
1075226	459439
532205	459440
859433	459441
699858	459442
551936	459443
823145	459444
962087	459445
650492	541382
395222	459473
395449	459474
395480	459475
395563	459476
396407	459477
404422	459478
757298	459479
661198	459480
636987	459481
434777	459482
298553	459483
668018	459484
712211	459485
639736	459486
881090	459487
218970	459488
772256	459489
542146	459490
145701	459491
651441	459492
333347	459493
238509	459494
432712	459495
145798	459496
210153	459497
881289	459498
1035133	459499
210187	459500
797772	459501
332394	459502
323984	459503
325071	459504
365162	459505
401815	459506
540832	459507
540810	459508
551954	459509
595767	459510
797809	459511
797834	459512
668831	459513
851462	459514
774244	459515
770033	459516
783568	459517
816890	459518
841544	459519
872732	459520
896680	459521
937955	459522
962758	459523
991186	459524
1022046	459525
1055705	459526
1073096	459527
396894	459528
248801	459529
396861	459530
552308	459531
691574	459532
238864	461482
972334	461527
515095	461662
18243	462086
24803	462164
624172	462343
931314	462613
49084	462854
1085679	464161
577409	464499
932445	465212
1086508	465223
1088669	465776
48628	465856
886655	465860
926643	466135
1090759	466361
21508	466671
32641	466683
331663	466695
67564	466958
126099	466984
1072399	467080
463303	467145
204914	467173
87953	467465
727127	467627
311315	467807
511005	467856
393205	467877
281262	477917
140668	468595
20328	468714
998538	469855
94247	470339
1100509	470641
344232	471007
344232	471011
1098923	471247
47868	471371
92047	493722
1104601	471950
16953	471982
133050	472032
24075	472049
323168	472137
1089740	472293
1089740	472297
1089740	472301
686540	524679
359979	472655
586761	477948
784984	472859
714811	472880
693870	473080
1108153	473220
1108153	473238
952753	473254
1108153	473265
499272	473456
1106280	473489
671385	473521
80996	473598
124210	473624
1109358	473683
1109526	473746
831907	473753
371286	473793
1084678	473870
709967	473957
1051113	474065
1110677	474160
922885	474231
853359	459533
861101	459534
973436	459535
1078257	459598
1006996	459601
339808	459602
573838	459603
867523	459604
519210	459605
884986	459606
494088	459607
824212	459608
217885	459609
698192	459610
271293	459611
492364	459612
801842	459613
296468	459614
375716	459615
514735	459616
515174	459617
551942	459619
577051	459620
706880	459621
775821	459622
828944	459623
927798	459624
669092	459683
274935	459685
274954	459687
274963	459689
275114	459691
374395	459693
274986	459695
274990	459697
274995	459699
209948	459701
128605	459703
275100	459705
131339	459707
233892	459709
38897	459711
190338	459713
309683	459715
55346	459717
273197	459719
285351	459721
394643	459723
253337	459725
158449	459727
258700	459729
262365	459731
169714	459733
204300	459735
255076	459737
282412	459739
332547	459743
372565	459745
401997	459747
472814	459749
494681	459751
522359	459753
548515	459755
575307	459757
614957	459759
628680	459761
643180	459763
666059	459765
693160	459767
721741	459769
783557	459772
812644	459774
843712	459776
867388	459779
902038	459781
932647	459783
963679	459785
991135	459787
1018185	459789
1048638	459791
274968	459794
618526	459796
883615	459798
801608	459801
945347	459802
1073255	459814
155268	459847
320951	459848
305099	459849
324912	459850
198689	459851
451234	459852
508297	459853
134728	459854
472818	459855
415803	459856
331619	459857
427483	459859
503455	459860
61053	459861
305300	459862
502427	459863
194052	459864
153946	459865
277964	459866
304328	459867
39822	459868
249145	459869
269752	459870
17050	459871
241299	459872
71479	459873
231051	459874
305203	459875
133874	459876
507716	459877
306373	459878
304915	459879
472797	459880
18606	459881
346085	459882
305413	459883
127041	459884
304893	459885
133951	459886
305568	459887
285680	459888
586736	459889
143329	459890
901688	459892
833624	459893
1005581	459894
696703	459895
678511	459896
1039491	459897
692395	459898
799064	459899
960678	459900
847513	459901
971898	459902
888072	459903
957056	459904
699857	459905
910360	459906
980005	459907
441949	459929
194063	459930
648824	459931
690789	538870
674318	459932
512744	459933
675236	459934
673779	459935
675220	459936
675190	459937
675266	459938
674393	459939
673804	459940
542025	459941
670424	459942
887765	459950
668173	459951
849410	459952
306355	459953
609318	459973
346158	459987
266129	459989
266129	459991
144641	459994
197783	460008
539236	460019
142803	460020
517126	460021
600158	460022
539239	460023
695195	460024
127321	460041
276916	460079
276920	460080
277022	460081
401008	460082
136063	460083
277048	460084
277056	460085
276933	460086
21641	460087
56663	460088
21805	460089
401012	460090
83109	460091
361381	460092
19429	460093
377903	460094
90873	460095
395022	460096
362850	460097
20115	460098
251330	460099
312937	460100
354899	460101
318347	460102
34513	460103
136122	460104
318377	460105
401551	460106
354915	460107
35963	460108
134915	460109
39326	460110
134914	460111
134924	460112
54403	460113
352279	460114
79582	460115
318401	460116
90335	460117
105166	460118
126805	460119
142937	460120
161253	460122
293494	460123
228833	460124
293482	460125
270006	460126
391528	460127
388379	460128
414573	460129
427468	460130
539825	460131
512404	460132
538550	460133
580318	460134
589666	460135
951015	461523
192451	461529
121930	461657
932456	461694
122239	461793
199496	461819
264899	461851
130267	461962
567108	461982
41462	462015
843336	462132
40445	462213
624172	462340
624172	462344
605386	462496
636883	462611
636974	462616
684750	462688
1083233	462788
49084	462849
38761	462855
149453	462947
481094	463044
775557	463212
619856	463302
808522	463420
473094	463528
103283	463578
298388	463692
94945	464124
559990	464159
932456	464260
735033	464304
543454	464319
203129	464342
227009	464381
1086346	464416
254801	464455
573058	464486
661570	464509
616960	464524
541960	464530
445078	464543
616960	464607
92047	464639
195177	464796
213162	464814
1087379	464892
659137	464989
501189	465015
935126	465186
932453	465202
1086489	465221
1086514	465225
150778	465416
813919	465425
961305	465507
40262	465576
1067068	465609
464968	465677
340374	465744
786839	465765
1088669	465783
666057	465839
751510	465858
134207	466031
1089612	466049
439652	466072
225591	466090
1089903	466134
543454	466136
598047	466203
835927	466360
1089612	466423
615271	466481
1090932	466492
7391	466542
35541	466589
21508	466670
32641	466682
32641	466685
1086360	466854
567108	466933
1092398	466957
368762	466983
350346	466985
436945	467059
1072399	467079
208692	467118
549035	467144
204914	467172
204914	467174
1093194	467207
1078205	467306
204914	467325
676736	467411
87953	467464
727127	467626
727127	467635
1068872	467689
1094265	467776
311315	467806
511005	467848
335164	467858
609129	467908
309266	477997
1094510	467985
380363	468025
431538	468149
371667	468212
961608	468368
1095544	468433
1070118	468569
1095544	468591
20328	468713
107063	468868
1072399	468924
213470	469088
1089740	469120
1097285	469237
1097904	469537
1098195	469590
1098348	469648
998538	469846
1098929	469949
243205	469982
437065	470335
437065	470340
445078	470390
1099923	470462
932445	470488
577284	470518
1100263	470570
1100509	470640
769732	470673
19492	470697
466980	470880
466980	470892
344232	471005
344232	471010
1101664	471124
630008	471231
1098937	471246
523540	471274
182705	471370
182705	471376
1102252	471503
72164	493814
188233	471574
30956	471640
1072399	471864
1104601	471949
1104635	471979
1080739	472003
1104745	472015
34148	472026
267119	472036
1104939	472129
485757	472135
363928	472183
182705	472251
1089740	472291
1089740	472296
1089740	472299
1089740	472303
134950	505574
1178726	505606
193198	472399
1105490	472406
1032654	472463
499272	473457
393037	473522
124210	473625
63519	473690
831907	473757
371286	473794
610571	460136
637423	460137
858010	460138
692820	460139
730582	460140
739253	460141
762157	460142
806267	460143
828273	460144
859453	460145
882381	460146
923722	460147
951033	460148
981348	460149
1003583	460150
1044719	460151
1066660	460152
95356	460153
212602	460154
212616	460155
135027	460156
150132	460157
136845	460158
560129	460159
83250	460160
38116	460161
465470	460162
49517	460163
108895	460164
382366	460166
232016	460167
308533	460168
693094	460169
594857	460170
663996	460171
784716	460172
906223	460173
1025841	460174
698868	460175
860480	460176
860487	460177
718436	460178
327372	460179
941569	460180
306285	460181
635495	460182
379418	460183
206493	460184
24494	460185
639630	460186
413456	460187
88568	460188
413838	460189
500513	460190
290714	460191
263867	460192
494267	460193
231006	460194
366935	460195
499890	460196
534734	460197
513869	460198
693371	460199
