872243	194262
872243	194263
600623	194264
600625	194265
600626	194266
600627	194267
7716	194268
288902	194269
600624	194270
41968	194271
825915	194272
600623	194273
600625	194274
600626	194275
600627	194276
7716	194277
288902	194278
600624	194279
41968	194280
825915	194281
23301	194282
23301	194283
225710	194284
31529	194285
225710	194286
31529	194287
225710	194288
31529	194289
51613	194290
51613	194291
8021	194292
8021	194293
8557	194294
8557	194295
459168	194296
10983	194297
459168	194298
10983	194299
551731	194300
10981	194301
551731	194302
10981	194303
102997	194304
102997	194305
3407	194306
464175	194307
4	194308
230	194309
3407	194310
464175	194311
4	194312
230	194313
3407	194314
464175	194315
4	194316
230	194317
3407	194318
464175	194319
4	194320
230	194321
596796	194322
672405	194323
9121	194324
242537	194325
596796	194326
672405	194327
9121	194328
242537	194329
8236	194330
782782	194331
383730	194332
209864	452600
505278	194334
676414	194335
46221	194336
22426	194337
7564	194338
505278	194339
676414	194340
46221	194341
22426	194342
7564	194343
505278	194344
676414	194345
46221	194346
22426	194347
7564	194348
505278	194349
676414	194350
46221	194351
22426	194352
7564	194353
505278	194354
676414	194355
46221	194356
22426	194357
7564	194358
505278	194359
676414	194360
46221	194361
22426	194362
7564	194363
505278	194364
676414	194365
46221	194366
22426	194367
7564	194368
344834	194369
4816	194370
424217	194371
344834	194372
4816	194373
424217	194374
120412	194375
18486	194376
13691	194377
120413	194378
120412	194379
18486	194380
13691	194381
120413	194382
120412	194383
18486	194384
13691	194385
120413	194386
120412	194387
18486	194388
13691	194389
120413	194390
153355	194391
955605	194392
1000331	194393
42877	194394
144835	194395
9837	194396
144835	194397
9837	194398
144835	194399
9837	194400
144835	194401
9837	194402
297582	194403
5105	194404
106246	194405
297582	194406
5105	194407
106246	194408
297582	194409
5105	194410
106246	194411
297582	194412
5105	194413
106246	194414
8312	194415
8312	194416
8312	194417
22773	194418
22773	194419
22773	194420
19973	194421
7804	194422
19973	194423
7804	194424
19973	194425
7804	194426
33863	194427
567923	194428
8067	194429
33863	194430
567923	194431
8067	194432
19702	194433
600903	194434
6924	194435
33839	194436
600904	194437
600905	194438
19702	194439
600903	194440
6924	194441
33839	194442
600904	194443
600905	194444
318525	194445
318529	194446
680228	194447
318524	194448
318528	194449
1088435	472631
6808	194451
318526	194452
318525	194453
318529	194454
680228	194455
318524	194456
318528	194457
57957	472651
6808	194459
318526	194460
318525	194461
318529	194462
680228	194463
318524	194464
318528	194465
63149	472652
6808	194467
318526	194468
318525	194469
318529	194470
680228	194471
318524	194472
318528	194473
239614	472653
6808	194475
318526	194476
318525	194477
318529	194478
680228	194479
318524	194480
318528	194481
1088631	472673
6808	194483
318526	194484
3435	194485
585980	194486
33787	194487
2102	194488
7876	194489
538978	194490
8387	194491
512253	194492
782835	194493
282924	194494
7707	194495
286698	194496
3522	194497
709966	194498
709967	194499
709968	194500
629910	194501
660602	194502
654155	194503
262595	194504
262596	194505
262597	194506
3950	194507
262594	194508
654155	194509
262595	194510
262596	194511
262597	194512
3950	194513
262594	194514
654155	194515
262595	194516
262596	194517
262597	194518
3950	194519
262594	194520
654155	194521
262595	194522
262596	194523
262597	194524
3950	194525
262594	194526
654155	194527
262595	194528
262596	194529
262597	194530
3950	194531
262594	194532
16258	194533
296560	194534
16258	194535
296560	194536
16258	194537
296560	194538
16258	194539
296560	194540
16258	194541
296560	194542
33345	194543
33345	194544
1241607	522616
327725	194546
327726	194547
92	194548
327723	194549
810201	194550
539846	194551
1088441	472632
582410	194553
239614	472654
712795	472674
327724	194556
204629	522623
1241624	522629
731516	194559
268	194560
1241625	522630
327725	194562
327726	194563
92	194564
327723	194565
810201	194566
539846	194567
582410	194569
327724	194572
1245786	523934
1246652	524477
731516	194575
268	194576
8165	194579
18262	194583
1372857	571616
294377	194587
8165	194590
18262	194594
1377130	573046
294377	194598
1580	194599
294377	194581
294377	194592
549450	194602
365475	194603
615909	194604
7638	194605
601069	194606
2059	194607
624679	194608
365475	194609
615909	194610
7638	194611
601069	194612
2059	194613
624679	194614
8217	194615
8217	194616
8217	194617
33434	194618
374650	194619
1018	194620
751098	194621
428905	194622
546897	194623
634	194624
546899	194625
546897	194626
634	194627
546899	194628
6165	194629
6165	194630
272161	194631
5052	194632
810849	194633
516017	194634
272162	194635
272161	194636
5052	194637
810849	194638
516017	194639
272162	194640
8301	194641
570377	452602
416438	194643
8301	194644
1056604	461327
416438	194646
8301	194647
31927	457321
416438	194649
8301	194650
445323	461774
416438	194652
8301	194653
623221	194555
416438	194655
8301	194656
623221	194571
416438	194658
8301	194659
416438	194661
8301	194662
416438	194664
341470	194665
18536	194666
14722	194667
743055	194668
483339	194669
600957	194670
14722	194671
743055	194672
483339	194673
600957	194674
382095	194675
421887	194676
21690	194677
382095	194679
421887	194680
21690	194681
382095	194683
421887	194684
21690	194685
382095	194687
421887	194688
21690	194689
56945	194691
56945	194692
237226	194693
36688	194694
237226	194695
36688	194696
523210	194697
40330	194698
309137	194699
262718	194700
262720	194701
634493	194702
40329	194703
262721	194704
262719	194705
309137	194706
262718	194707
262720	194708
634493	194709
40329	194710
262721	194711
262719	194712
262630	194713
527535	194552
527535	194568
432053	468089
421869	194678
421869	194682
421869	194686
294377	194578
294377	194589
24006	194714
731516	194545
731516	194561
549450	194600
549450	194601
208669	194715
262630	194716
24006	194717
208669	194718
262630	194719
24006	194720
208669	194721
432923	194722
658412	194723
7426	194724
346614	194725
670614	194726
4818	194727
4821	194728
834520	452603
670614	194730
4818	194731
4821	194732
1526347	611080
670614	194734
4818	194735
4821	194736
1048756	457322
670614	194738
4818	194739
4821	194740
1056604	461328
670614	194742
4818	194743
4821	194744
1057443	461775
670614	194746
4818	194747
4821	194748
623221	194828
14728	194750
676612	194751
678012	194752
14728	194753
676612	194754
678012	194755
27028	194756
132902	490307
27028	194758
810263	490818
1171185	503161
7791	194761
272106	503189
7791	194763
116419	194764
116419	194765
40822	194766
309595	194767
40822	194768
309595	194769
40822	194770
309595	194771
160344	194772
160344	194773
285307	194774
751106	194775
1028	194776
136932	194777
1786	194778
623221	194842
623221	194856
578265	194781
527535	194827
527535	194841
8403	194784
8403	194785
176995	194786
2733	194787
2732	194788
2733	194789
2732	194790
2733	194791
2732	194792
233859	194793
233859	194794
787365	194795
51930	194796
787365	194797
51930	194798
7866	194799
829233	194800
8775	194801
829232	194802
596405	194803
596406	194804
596407	194805
596408	194806
596409	194807
596412	194808
45911	194809
391223	194810
829228	194811
596411	194812
829230	194813
829234	194814
829227	194815
829229	194816
829231	194817
542176	194818
829055	194819
431522	194820
596410	194821
829235	194822
1342255	585674
582400	194824
1241613	522617
539951	194826
1088449	472634
239614	472656
481473	194829
570193	522624
362542	194831
789571	194832
274	194833
100	194834
430646	194835
580167	194836
224194	585676
582400	194838
1241445	522631
539951	194840
136497	472675
1088596	472677
481473	194843
1245791	523935
362542	194845
789571	194846
274	194847
100	194848
430646	194849
580167	194850
1241940	585678
582400	194852
1246654	524478
539951	194854
74088	474158
481473	194857
1200783	524642
362542	194859
789571	194860
274	194861
100	194862
430646	194863
580167	194864
74412	194865
74412	194866
74412	194867
799577	194868
5688	194869
301251	194870
799577	194871
5688	194872
301251	194873
2586	194874
771525	194875
527535	194855
404974	468090
8099	194879
441324	194880
581480	194881
4994	194882
415695	194883
566028	194884
717483	194885
601115	194886
553226	194887
523039	194888
525180	194889
503639	194890
149606	194891
441324	194892
581480	194893
4994	194894
415695	194895
566028	194896
717483	194897
601115	194898
553226	194899
523039	194900
525180	194901
503639	194902
149606	194903
441324	194904
581480	194905
4994	194906
415695	194907
566028	194908
717483	194909
601115	194910
553226	194911
523039	194912
525180	194913
503639	194914
149606	194915
441324	194916
581480	194917
4994	194918
415695	194919
566028	194920
717483	194921
601115	194922
553226	194923
523039	194924
525180	194925
503639	194926
149606	194927
441324	194928
581480	194929
4994	194930
415695	194931
566028	194932
717483	194933
601115	194934
553226	194935
523039	194936
525180	194937
503639	194938
149606	194939
32182	194940
361070	194941
455415	194942
455418	194943
455412	194944
32182	194945
361070	194946
455415	194947
455418	194948
455412	194949
17748	194950
15958	194951
149881	194952
387164	194953
387165	194954
15958	194955
149881	194956
387164	194957
387165	194958
15958	194959
149881	194960
387164	194961
387165	194962
773296	194963
16675	194964
773296	194965
16675	194966
345724	194967
62015	194968
822884	452604
345724	194970
62015	194971
853474	452848
212527	194973
5690	194974
721820	194975
357919	194976
189635	194977
286039	194978
49840	194979
518653	194980
14	194981
418	194982
32045	194983
49840	194984
518653	194985
14	194986
418	194987
32045	194988
49840	194989
518653	194990
14	194991
418	194992
32045	194993
385120	194994
23258	194995
15960	194996
385812	194997
385813	194998
387153	194999
184952	195000
721083	195001
423998	472635
15928	195003
184952	195004
721083	195005
811867	472657
15928	195007
216751	195008
216751	195009
394998	195010
103	195011
275	195012
327685	195013
327687	195014
451355	195015
39612	195016
203514	472678
540011	195018
579889	195019
3069	195020
582401	195021
1241614	522618
45699	472715
752851	195024
613489	195025
255433	522625
327686	195027
92457	522634
394998	195029
103	195030
275	195031
327685	195032
327687	195033
451355	195034
39612	195035
37847	472759
540011	195037
579889	195038
3069	195039
582401	195040
1245794	523936
752851	195043
613489	195044
1372857	571617
327686	195046
1247025	524644
394998	195048
103	195049
275	195050
327685	195051
327687	195052
451355	195053
39612	195054
540011	195056
579889	195057
3069	195058
582401	195059
148134	524778
752851	195062
613489	195063
1247292	524801
327686	195065
22253	524805
394998	195067
103	195068
275	195069
327685	195070
327687	195071
451355	195072
39612	195073
540011	195075
579889	195076
3069	195077
582401	195078
1088171	524835
752851	195081
613489	195082
43147	524854
327686	195084
1247972	524879
394998	195086
103	195087
275	195088
327685	195089
327687	195090
451355	195091
39612	195092
540011	195094
579889	195095
3069	195096
582401	195097
1247983	524895
752851	195100
613489	195101
1248016	524899
327686	195103
1248088	524925
264123	195105
256972	195106
264123	195107
256972	195108
8167	195109
8167	195110
3381	195111
3381	195112
1200	195113
606977	195114
606976	195115
606975	195116
606974	195117
606973	195118
606972	195119
606971	195120
1202	195121
345751	195122
1201	195123
451575	195124
1203	195125
1200	195126
606977	195127
606976	195128
606975	195129
606974	195130
606973	195131
606972	195132
606971	195133
1202	195134
345751	195135
1201	195136
451575	195137
1203	195138
1200	195139
606977	195140
606976	195141
606975	195142
606974	195143
606973	195144
606972	195145
606971	195146
1202	195147
345751	195148
1201	195149
451575	195150
1203	195151
1200	195152
606977	195153
606976	195154
606975	195155
606974	195156
606973	195157
606972	195158
606971	195159
1202	195160
345751	195161
1201	195162
451575	195163
1203	195164
63039	195165
623221	195023
623221	195042
527535	195017
527535	195036
527535	195055
527535	195074
527535	195093
290497	195166
791872	195167
63039	195168
290497	195169
791872	195170
207952	195171
798900	195172
570725	195173
286700	195174
484789	195175
8316	195176
771967	195177
348831	195178
207952	195179
798900	195180
570725	195181
286700	195182
484789	195183
8316	195184
771967	195185
348831	195186
207952	195187
798900	195188
570725	195189
286700	195190
484789	195191
8316	195192
771967	195193
348831	195194
491256	195195
5412	195196
173014	195197
758101	195198
16253	195199
785765	195200
254366	195202
11010	195203
445178	195204
445178	195205
119323	195206
119323	195207
567955	195208
14444	195209
41987	195210
327261	195211
425725	195212
834958	452605
383054	195214
18505	195215
383054	195216
18505	195217
11356	195218
27527	195219
11357	195220
8333	195221
600347	195222
582939	195223
763223	195224
207804	195225
40982	195226
511247	195227
625959	195228
758161	195229
14737	195230
448229	195231
275421	195232
625959	195233
758161	195234
14737	195235
448229	195236
275421	195237
57461	195238
57461	195239
4688	195240
316122	195241
708824	195242
741220	195243
27181	195244
777538	195245
665685	195246
424642	195247
543468	195248
504548	195249
272214	195250
772208	195251
13267	195252
781601	195253
27181	195254
777538	195255
665685	195256
424642	195257
543468	195258
504548	195259
272214	195260
772208	195261
13267	195262
781601	195263
27181	195264
777538	195265
665685	195266
424642	195267
543468	195268
504548	195269
272214	195270
772208	195271
13267	195272
781601	195273
27181	195274
777538	195275
