3	81	1997	1	24
1427792	107	2014	4	23
9	81	2002	10	14
10	221	2002	10	14
11	81	1999	\N	\N
12	81	1997	\N	\N
16	221	1996	7	13
18	221	1997	5	24
19	221	1997	7	14
20	221	1997	9	22
21	221	1997	11	27
25	221	1996	12	14
26	107	1998	4	1
28	221	2000	1	17
29	221	1999	5	10
30	221	1999	8	9
31	221	2000	5	10
33	221	2001	10	8
34	221	2002	1	14
36	221	2003	7	14
37	221	1996	2	26
39	221	1996	4	29
44	221	1998	5	25
48	221	1990	10	1
49	221	1998	11	23
55	221	1997	8	25
57	221	1999	6	7
60	221	2001	7	23
372235	222	2002	\N	\N
66	221	2003	8	11
67	221	2003	7	21
14	222	1992	11	6
1088433	160	2011	5	13
70	221	1996	5	20
71	221	2003	1	13
72	221	2003	1	13
73	221	2003	4	21
75	107	2001	9	25
1	81	1992	1	17
957143	222	2007	\N	\N
68	221	2002	9	16
54	221	2002	11	5
42	221	1983	\N	\N
52	222	1998	3	24
56	222	2003	9	9
32	221	2001	7	9
41	221	2003	10	20
35	221	1980	4	14
38	222	1981	\N	\N
59	221	2000	5	15
62	221	2003	11	17
83	221	1963	3	22
17	221	1996	10	12
46	221	1986	6	29
15	221	1995	5	\N
1460749	107	\N	\N	\N
81	221	1995	8	\N
82	57	2003	8	29
24	222	1999	11	2
43	221	1984	9	3
8	81	2002	10	28
47	221	1988	4	11
4	81	1998	5	4
1526629	240	2011	10	11
5	222	1994	10	17
1280075	81	2004	5	14
109	107	2003	11	14
111	221	1994	\N	\N
116	221	1996	11	18
1146416	221	1999	\N	\N
120	221	2002	6	3
121	221	1997	7	28
122	221	1997	5	12
124	221	1997	10	13
128	221	2001	6	18
129	221	2001	11	26
132	221	1987	\N	\N
138	107	2003	2	5
139	222	2003	2	11
113	221	1996	\N	\N
142	222	1998	2	3
127	221	1997	\N	\N
145	222	2002	4	29
146	222	1995	2	14
147	221	1990	\N	\N
149	221	1992	\N	\N
150	221	1991	\N	\N
153	222	1994	12	16
1281837	221	2008	6	10
157	222	1991	8	13
298455	222	1995	\N	\N
80	57	2003	5	28
123	107	1972	\N	\N
78	222	2000	6	20
103	221	1969	9	26
137	221	1970	11	\N
115	221	1996	6	6
112	221	2003	12	1
1147511	170	2011	\N	\N
152	221	1995	\N	\N
95	222	2000	8	29
110	221	1995	12	4
84	221	1963	11	22
155	221	1998	1	30
104	221	1970	5	8
232	222	1994	2	1
160	222	1996	1	23
161	221	1998	\N	\N
162	222	2001	7	10
163	221	1998	\N	\N
164	222	1990	\N	\N
165	221	2000	10	31
166	221	2001	10	9
126	221	2000	5	22
151	222	1996	12	10
90	222	2003	3	25
100	221	1969	1	17
94	222	1967	11	27
119	221	2000	6	5
136	57	1997	10	14
107	107	1999	9	13
88	221	1965	8	6
167	81	1995	4	1
148	222	2002	11	26
91	221	1965	12	3
156	222	2003	6	24
92	221	1966	8	5
108	107	2000	11	13
200	38	1997	\N	\N
1324536	222	\N	\N	\N
180	222	1993	2	16
173	107	2000	1	20
210	221	2001	3	19
204	222	1993	6	\N
523557	222	2001	2	20
963762	222	1998	4	21
191	221	1990	\N	\N
189	81	1985	\N	\N
196	222	2002	11	19
197	222	2003	9	29
194	222	1994	3	1
202	222	1992	4	21
203	107	1998	9	9
206	221	1996	5	20
207	221	1998	9	14
208	107	1998	9	9
209	107	1998	9	9
214	221	1996	2	5
215	222	1994	3	8
217	222	1991	5	28
218	222	1996	8	20
219	222	1988	\N	\N
220	222	1997	9	8
223	221	1996	8	\N
225	222	1996	8	20
227	222	1999	9	21
230	222	1998	5	5
231	222	1996	9	24
234	222	1994	\N	\N
1529022	194	1953	\N	\N
909394	30	\N	\N	\N
1108459	21	2011	\N	\N
179	38	1975	\N	\N
172	221	1997	\N	\N
183	38	1979	\N	\N
178	222	1995	4	11
199	222	1991	11	12
177	222	1993	2	16
185	222	1992	3	10
188	222	1992	3	10
184	222	1992	3	10
1114436	214	2009	\N	\N
237	81	1992	6	8
238	222	2002	10	29
193	38	1993	\N	\N
251	222	2002	11	5
1138834	107	1983	12	16
253	222	2003	\N	\N
254	222	1987	7	21
255	222	1987	7	21
258	222	1987	7	21
260	81	1999	2	8
1178347	73	2010	\N	\N
263	221	1987	4	30
195	222	1997	2	4
221	222	1999	3	23
222	221	2001	11	5
259	222	1987	7	21
169	221	1995	4	24
168	222	1995	4	25
170	107	1995	12	1
960407	222	1999	7	20
268	222	1987	7	21
270	221	1967	12	8
272	221	2000	5	29
282	222	1973	4	2
274	222	1969	1	13
276	222	1970	2	26
277	222	1970	5	18
330	221	2003	12	8
291	222	1994	12	6
299	222	1996	3	19
267	222	1966	6	14
312	222	2003	3	4
1147512	240	2011	6	9
315	73	2003	5	19
503272	81	2009	3	13
320	222	1996	\N	\N
322	221	2003	6	2
323	73	2003	7	7
325	81	2003	9	8
327	73	2003	10	27
329	222	2003	6	5
332	81	2003	12	8
298	221	1996	3	18
269	222	1987	\N	\N
302	221	1996	10	28
1372856	222	2012	4	16
261	222	1964	12	15
1104587	150	1994	\N	\N
239	221	2003	10	27
294	221	1995	11	21
266641	221	2000	9	25
319	222	1983	7	25
265	221	2001	3	12
313	81	2003	4	28
318	222	1988	8	25
333	221	2003	12	8
336	222	1999	8	\N
348	205	1999	9	9
351	221	1996	9	2
352	107	2001	3	21
353	222	1996	7	16
354	222	1999	5	20
1607845	221	1977	\N	\N
358	222	1988	5	24
424592	222	2007	5	21
362	222	1993	3	23
372	107	1991	9	21
373	107	1994	8	10
375	222	1994	10	4
376	221	1993	7	26
1280076	202	2012	\N	\N
262	222	1965	6	14
240	222	2003	10	28
242	222	2003	10	28
412	222	1999	12	7
309	222	2003	11	18
1144208	113	2012	4	9
307	222	2000	11	14
350	221	2003	11	4
275	222	1969	10	1
355	222	1996	9	17
256	222	1964	1	20
380	221	1994	8	1
753503	81	2009	11	1
384	221	1994	11	3
385	221	2001	10	1
386	222	2001	10	2
390	221	2001	10	1
1529023	194	2012	11	13
1529027	222	2008	11	26
393	221	1996	10	7
394	222	1997	3	25
1067670	222	2011	5	23
337	222	1993	\N	\N
1372863	107	2009	2	4
1460750	107	\N	\N	\N
938338	222	1996	\N	\N
405	222	2002	11	26
402	107	1997	1	16
371	81	1991	5	28
411	222	2003	9	16
413	222	2001	4	10
414	160	1997	10	1
415	221	2002	5	22
416	222	2003	4	8
339	222	1994	3	1
341	222	1996	6	18
334	222	1998	12	\N
136761	221	1999	\N	\N
340	222	1994	6	27
368	221	2003	\N	\N
370	81	2003	9	26
367	96	2003	\N	\N
328	241	1991	8	\N
397	222	1998	6	2
361	222	1985	\N	\N
401	222	1994	10	4
400	222	2000	2	29
123108	222	1988	\N	\N
1281838	81	2013	4	12
377	13	1993	7	27
426	222	2003	2	4
428	221	2000	7	31
429	222	2002	7	3
430	221	2003	2	24
164810	150	2003	3	\N
438	221	2003	4	28
440	221	1996	7	29
441	222	2000	\N	\N
442	221	1999	11	1
443	221	1998	4	14
444	222	1998	7	28
445	221	2001	11	19
446	222	2002	7	3
450	221	2001	5	21
1147513	203	2011	8	19
453	221	2003	1	27
454	221	2002	12	16
455	221	2002	12	16
365	81	1997	8	11
379	222	1994	8	9
425	221	2002	9	9
449	221	2000	3	6
342	222	1998	11	3
1530258	81	2014	12	12
366	107	1997	11	25
343	222	1999	11	23
424	221	2002	3	4
452	13	2003	8	4
459	222	1999	\N	\N
1075673	107	2008	12	17
465	221	2003	6	30
1173988	222	2012	5	10
433	221	2001	10	22
469	221	1997	9	22
1609768	38	2014	4	6
480	221	2002	11	25
302843	202	2007	4	23
1179652	105	1998	\N	\N
1148218	170	\N	\N	\N
451	221	2003	5	26
493	222	1997	7	1
496	81	1997	\N	\N
498	107	2000	\N	\N
334315	81	2004	\N	\N
869567	222	2000	\N	\N
427	222	2003	11	18
431	221	2002	11	11
484	221	1997	5	19
477	222	1997	\N	\N
460	221	2003	8	4
478	222	1998	10	20
472	221	1991	7	22
436	222	2001	11	13
456	221	2003	11	3
321	81	2003	6	2
499	241	1993	\N	\N
500	222	1990	\N	\N
501	222	2003	\N	\N
502	222	2003	\N	\N
503	221	1985	\N	\N
504	221	2002	4	8
485	222	1998	10	27
506	221	1995	2	28
507	221	1989	\N	\N
508	222	1990	\N	\N
509	13	1997	\N	\N
511	222	1997	\N	\N
512	222	1990	\N	\N
513	222	1994	\N	\N
514	222	1995	\N	\N
1324543	222	\N	\N	\N
579641	84	\N	\N	\N
1324582	97	\N	\N	\N
1324608	81	\N	\N	\N
419	221	1996	3	28
459992	221	2002	6	17
515	222	1998	\N	\N
516	222	2000	\N	\N
517	222	2002	8	6
519	222	1994	2	3
520	221	1994	8	\N
662	221	2002	11	4
481	221	1999	3	22
524	221	1998	9	14
526	221	1996	8	19
464	221	1995	1	30
439	222	2003	6	3
471	221	2002	8	5
530	221	1991	2	18
529	221	1992	8	10
437	221	2000	5	1
435	221	2001	9	10
528	221	1992	11	16
458	221	1999	\N	\N
531	221	1989	1	23
535	221	1996	\N	\N
536	222	1990	\N	\N
538	222	1991	11	12
576	202	2000	9	10
541	222	1995	12	5
542	222	2002	8	20
543	221	1993	2	13
545	221	1997	9	8
547	221	2001	6	10
1178349	222	2011	\N	\N
553	221	2003	9	29
554	221	2003	9	15
152138	222	1988	12	\N
558	221	2003	7	7
560	222	2001	\N	\N
561	221	1999	8	30
562	222	1993	\N	\N
563	222	1996	\N	\N
564	222	1999	\N	\N
565	222	1998	\N	\N
566	222	1990	\N	\N
567	222	1989	\N	\N
568	221	2000	8	\N
569	222	1991	\N	\N
570	222	1984	\N	\N
572	222	1980	\N	\N
573	222	1987	\N	\N
527	221	1995	1	16
546	221	1999	5	24
550	221	2003	4	14
510	221	1997	\N	\N
1144209	30	2011	10	\N
518	221	1994	1	10
521	221	1992	3	16
53733	81	1999	6	18
574	202	2002	5	6
575	222	2003	\N	\N
577	202	1998	9	12
579	222	2003	\N	\N
580	222	2001	5	1
581	222	1995	10	31
582	222	2000	8	22
584	222	2001	10	9
588	222	1992	\N	\N
590	222	1994	7	26
592	222	1996	5	21
593	222	1997	4	22
595	222	1998	2	17
596	222	1999	1	19
597	222	1999	11	16
598	222	2001	4	10
602	222	2003	3	11
604	222	1996	11	12
605	222	1996	11	19
608	222	1993	\N	\N
107842	160	2006	2	6
612	222	2001	7	17
578	222	1998	10	13
603	222	2000	7	25
1144210	222	1987	\N	\N
623	222	1997	7	8
537	221	1992	\N	\N
583	222	1994	8	30
544	221	1997	10	13
633	222	1996	7	23
626	222	2002	6	25
613	222	1997	10	\N
629	222	1999	6	22
630	222	2001	6	12
616	222	1997	3	\N
632	222	1992	11	24
634	222	1997	9	9
636	222	2000	1	18
638	222	1993	8	3
639	222	1985	\N	\N
641	222	1988	\N	\N
1089603	254	2010	5	10
643	222	2003	6	24
644	221	2003	8	11
648	43	2002	11	\N
609	222	2002	5	21
589	222	1993	\N	\N
645	221	2003	6	23
640	222	1995	11	\N
585	222	1999	2	23
600	222	2002	9	10
615	222	1999	2	\N
637	222	2002	10	22
621	222	1998	8	18
606	222	2000	9	12
1526631	221	2014	1	27
620	222	1997	9	\N
1089599	81	2005	6	13
628	222	1995	11	22
586	222	1990	\N	\N
651	81	2003	7	21
652	222	2000	6	6
653	221	1997	9	8
654	221	1999	8	30
656	221	1998	3	16
657	221	1997	4	28
1401456	240	2010	\N	\N
1529025	57	2011	2	11
664	38	2002	11	\N
1530259	240	2014	10	9
669	222	1982	\N	\N
672	222	2001	3	20
674	222	1999	8	24
675	221	2003	4	21
625	222	1995	6	\N
680	221	2003	6	30
682	221	2003	10	6
683	221	2003	10	6
686	222	2001	3	27
690	221	2003	10	13
692	221	2003	5	26
695	222	2002	7	9
696	222	1999	7	27
697	221	1999	3	8
698	221	2000	5	8
699	221	1999	2	22
705	222	1995	\N	\N
706	222	1992	\N	\N
707	222	2000	\N	\N
708	222	1999	\N	\N
1280078	222	2013	4	15
1148136	99	1994	1	29
647	221	2000	4	3
1104588	189	1997	\N	\N
607	222	2000	9	12
709	222	2001	\N	\N
711	222	1998	\N	\N
712	222	1991	\N	\N
1144211	67	1998	\N	\N
718	222	1988	\N	\N
719	222	1993	\N	\N
721	221	1993	\N	\N
722	222	1999	6	8
723	221	1990	\N	\N
724	222	1999	6	8
725	221	1997	\N	\N
726	221	2001	5	21
727	221	1993	10	\N
731	222	1997	11	\N
733	221	2003	6	9
685	221	2003	10	20
671	222	2002	7	23
684	221	2003	6	23
715	222	2003	9	16
679	221	2003	6	30
716	222	1989	\N	\N
701	221	1998	8	3
702	221	1998	11	18
703	221	1999	10	25
678	222	2001	3	6
710	222	2000	\N	\N
670	222	1999	8	10
735	221	1995	10	\N
736	221	2001	10	1
737	221	2000	12	4
739	81	1995	\N	\N
740	107	2002	3	6
741	222	1990	\N	\N
587	222	1991	\N	\N
1460753	107	\N	\N	\N
742	222	1996	\N	\N
746	222	1996	10	8
747	221	1996	10	14
748	73	2002	\N	\N
749	73	2003	9	29
752	73	1998	10	2
1089607	245	\N	\N	\N
755	13	1996	7	22
1526633	222	1998	\N	\N
1400453	14	2014	2	28
764	73	1999	\N	\N
765	73	2001	11	2
780	73	2001	4	18
773	222	1995	2	6
774	222	2003	4	22
775	221	2003	6	2
778	138	2003	6	2
800460	222	2010	3	23
784	222	2002	7	2
788	202	1998	11	6
789	221	2003	9	1
793	222	1995	11	7
794	221	2003	5	5
797	222	1995	8	8
798	81	2001	12	17
801	222	1998	\N	\N
802	13	2003	1	20
729	221	1997	6	\N
714	222	1996	6	18
730	221	1998	9	\N
734	221	1999	9	6
750	73	1995	4	10
1180896	222	2012	7	24
799	221	2003	6	9
800	221	2003	2	24
738	221	1999	8	16
810	222	1990	\N	\N
811	222	1990	\N	\N
770	222	1994	6	9
795	221	2003	9	29
769	73	2000	8	8
782	221	2002	3	18
776	13	2003	4	24
768	13	2000	10	23
783	221	1997	5	23
762	107	2000	11	8
1529024	241	2004	2	9
1530260	105	2014	11	21
779	221	1999	6	14
805	221	2002	\N	\N
605431	81	2001	\N	\N
767	73	1997	11	26
1180371	72	2005	2	23
766	73	2000	5	30
781	73	2003	4	15
787	73	2002	4	23
1179653	81	2011	12	2
814	222	1993	\N	\N
815	222	1989	\N	\N
816	222	1988	\N	\N
1146418	221	2002	\N	\N
760	202	2000	11	6
819	222	1984	\N	\N
821	222	1981	\N	\N
844	107	1983	\N	\N
823	222	1983	\N	\N
825	222	1975	9	\N
826	222	1994	\N	\N
1530660	240	2013	9	21
828	222	2000	\N	\N
829	222	2002	3	19
831	222	1989	5	9
832	222	1984	9	\N
833	222	1996	\N	\N
834	107	1982	\N	\N
835	222	1978	\N	\N
836	221	1991	\N	\N
837	222	1990	\N	\N
838	222	1997	9	30
840	107	1976	\N	\N
1084307	222	2009	\N	\N
845	222	1998	6	30
846	222	2003	8	19
326392	107	1995	9	6
850	222	1987	\N	\N
804	13	2001	10	22
855	222	1997	2	18
858	175	2001	12	\N
859	221	1992	\N	\N
877	222	2000	\N	\N
864	221	1997	\N	\N
869	221	2001	10	8
820	222	1988	\N	\N
873	221	1997	\N	\N
878	222	1986	\N	\N
884	73	1998	\N	\N
885	221	1996	\N	\N
886	221	1996	\N	\N
1281839	72	1986	\N	\N
892	221	1992	\N	\N
865	221	1997	\N	\N
866	221	1994	\N	\N
813	222	2003	11	4
867	221	1995	\N	\N
890	221	1991	\N	\N
860	221	1992	7	\N
1089611	73	2005	10	26
861	221	1992	7	\N
891	221	1991	\N	\N
863	221	1993	12	\N
839	222	1981	\N	\N
830	222	1980	7	29
894	221	1991	\N	\N
895	221	1994	\N	\N
896	221	1998	\N	\N
898	221	1991	11	25
924404	221	1997	9	8
1146419	81	1978	\N	\N
904	221	1990	\N	\N
1015543	107	2006	7	5
907	103	1991	\N	\N
908	103	1992	\N	\N
909	221	1993	2	\N
910	103	1994	11	\N
911	221	1996	1	\N
912	221	1996	7	\N
913	103	1996	7	\N
914	103	1997	11	\N
915	103	1998	6	\N
916	221	2001	11	\N
917	221	2002	5	20
918	221	2002	5	20
919	103	1994	10	\N
920	103	1992	10	12
921	103	1996	2	\N
922	222	2003	\N	\N
923	103	1998	10	12
924	221	2002	2	5
925	103	1999	8	\N
926	103	2001	10	1
927	221	2002	2	5
928	103	1997	11	4
938	221	1993	\N	\N
940	221	1991	\N	\N
941	221	1992	\N	\N
942	222	1989	\N	\N
945	222	1991	\N	\N
946	221	1991	\N	\N
947	221	1990	\N	\N
948	221	1991	\N	\N
949	221	1996	\N	\N
1142262	13	2006	\N	\N
952	221	1988	\N	\N
953	221	1994	\N	\N
936	73	2003	\N	\N
961	221	1992	\N	\N
957	221	1992	\N	\N
876	221	2000	\N	\N
880	221	2002	\N	\N
958	222	1993	\N	\N
959	221	1994	\N	\N
962	221	1997	\N	\N
963	221	1998	\N	\N
969	222	1997	11	4
970	222	2000	6	20
971	221	1995	\N	\N
152100	57	2004	\N	\N
950	107	1988	\N	\N
954	222	1995	\N	\N
960	221	1994	\N	\N
955	221	1994	10	17
893	222	1990	\N	\N
934	81	1996	4	16
1324759	81	\N	\N	\N
966	222	1990	\N	\N
1356903	194	\N	\N	\N
1358053	81	\N	\N	\N
1358438	21	\N	\N	\N
1358490	81	\N	\N	\N
1358661	240	\N	\N	\N
1358819	30	\N	\N	\N
1358944	221	\N	\N	\N
1358988	107	\N	\N	\N
930	221	1996	\N	\N
902	221	1991	\N	\N
974	222	2003	4	22
977	222	1987	7	7
978	222	1990	\N	\N
162605	222	2006	7	25
983	222	1999	\N	\N
984	222	1988	\N	\N
1069161	104	2009	\N	\N
987	222	2003	\N	\N
988	222	1995	\N	\N
277264	30	1991	6	6
992	222	1997	\N	\N
993	222	1994	\N	\N
994	222	1992	\N	\N
995	222	1991	\N	\N
997	222	2001	\N	\N
999	222	1994	\N	\N
1000	222	1994	\N	\N
1002	222	1988	\N	\N
1003	222	1988	\N	\N
1005	222	1994	\N	\N
1006	222	1997	\N	\N
1007	222	2003	\N	\N
1008	222	1989	\N	\N
1012	222	1998	11	24
1016	222	1999	5	18
1017	222	1987	\N	\N
1018	222	1989	\N	\N
1020	222	1985	\N	\N
1047	222	1986	\N	\N
1427794	194	1982	\N	\N
976	222	1985	10	\N
1280081	81	2006	\N	\N
1031	222	1995	\N	\N
1035	222	1997	\N	\N
1036	222	1994	\N	\N
1001	81	1994	\N	\N
1040	222	1998	\N	\N
1041	222	1999	\N	\N
1042	222	1997	12	1
1043	222	1997	7	8
1044	222	1990	8	17
1045	222	1989	5	19
1046	222	1987	7	7
1028	222	1997	9	30
1372857	107	2013	12	4
1033	221	2000	1	17
1019	221	1998	6	15
883036	21	1996	\N	\N
1032	222	1999	\N	\N
1048	222	1991	6	11
1049	222	1998	5	28
1050	222	2000	5	\N
1051	221	2003	10	27
1004	222	2000	\N	\N
996	222	2001	\N	\N
1054	222	1995	\N	\N
1037	222	1997	\N	\N
1038	222	1997	\N	\N
1052	221	2003	10	27
990	221	2003	8	18
998	222	1995	\N	\N
1147514	150	2009	11	20
1093	221	2000	5	\N
982	105	1994	\N	\N
1026	222	1995	11	7
1015	222	1993	11	23
1055	221	2003	10	27
1056	221	2003	10	27
1057	222	1999	\N	\N
1058	221	2003	10	27
1059	221	2003	10	27
1060	221	1991	\N	\N
1065	221	2000	10	16
1066	222	2002	10	1
1067	221	2003	7	28
1070	221	2003	8	11
1071	221	1990	2	9
1073	222	1986	\N	\N
1074	222	2003	6	10
1075	107	1996	11	21
1076	222	1993	\N	\N
1080	222	2003	\N	\N
1081	222	1994	\N	\N
1082	107	1986	\N	\N
1083	222	1993	\N	\N
1427806	240	2010	6	7
1087	221	2003	2	3
1089	221	2003	8	11
1090	222	2003	8	12
1091	73	1994	11	\N
1092	222	2001	5	\N
1094	81	1994	\N	\N
1097	160	1998	2	\N
1098	202	1998	2	\N
1105	221	1997	\N	\N
1106	222	1997	\N	\N
1095	222	2003	10	7
1108	222	2002	5	21
1111	221	2003	11	3
1112	13	2002	\N	\N
1115	222	1992	4	14
1088	222	2003	3	4
1089566	221	2011	11	28
1119	221	2003	7	14
1178351	123	2011	5	20
1125	222	1999	8	24
1126	221	1999	10	18
1128	221	2003	10	20
1130	222	2000	9	12
1131	221	2001	11	26
1096	221	2003	10	20
1147515	222	2011	11	5
1094980	153	1985	\N	\N
1062	221	2003	9	15
1079	222	1998	\N	\N
1113	222	1991	3	12
1129	221	2000	11	27
1146421	240	2010	9	1
1122	221	2003	11	3
1109	222	2000	6	20
1086	73	2000	3	\N
1085	73	1997	3	\N
1063	221	2001	1	15
1078	105	1998	2	\N
1132	222	2001	8	21
1134	221	2003	2	24
1135	221	2000	10	30
1138	221	1999	10	11
1140	221	2000	2	14
1141	221	2003	8	4
1142	221	2003	8	18
1143	221	2000	4	17
1144	221	2001	5	7
1146	221	2003	1	20
57498	72	2002	4	\N
1150	221	2003	6	23
1154	222	1998	\N	\N
1144213	221	1995	11	21
1609769	38	2013	\N	\N
1160	222	1974	\N	\N
1164	222	1978	\N	\N
1165	222	2001	1	23
1166	222	1988	\N	\N
1167	160	2002	8	26
1168	222	1999	7	27
1170	222	2000	4	4
1281840	72	1987	\N	\N
1175	222	2003	11	11
1177	221	2003	11	3
1181	241	1999	11	8
1185	222	1969	7	\N
1186	221	1969	7	\N
1188	13	2003	11	25
1280083	202	2013	1	31
1196	222	2003	11	25
1157	222	1970	\N	\N
1199	221	2003	11	24
1200	222	1999	6	1
477680	203	2001	\N	\N
1202	221	2001	11	19
1206	107	2000	11	8
1208	221	2002	1	28
1209	221	2003	\N	\N
1090010	81	2007	\N	\N
1161	222	1975	\N	\N
1158	222	1972	\N	\N
1460754	107	\N	\N	\N
385236	222	1993	4	\N
1180	221	1996	3	21
1176	221	2003	11	24
1145	221	2003	9	15
1184	221	1969	1	\N
1139	221	2003	12	8
1610870	241	2014	8	12
1116	222	1991	9	3
1178	221	2002	11	11
1192	222	1970	7	\N
1195	105	1976	\N	\N
1162	222	1976	\N	\N
1187	221	2003	11	17
1173	221	2002	6	3
1182	222	2000	4	4
1324768	81	\N	\N	\N
1147	221	2002	9	2
1148	221	2003	9	22
1210	221	2003	8	11
1138849	107	1976	\N	\N
1263	222	1978	\N	\N
1224	38	2000	\N	\N
1138852	107	1975	10	25
1089542	222	2005	10	4
31815	150	1998	\N	\N
698354	222	2010	3	9
1248	222	2000	11	27
1252	222	1995	3	28
1253	222	1998	6	9
1256	222	2000	11	7
1257	222	1986	\N	\N
1259	222	1991	12	10
1267	107	2001	7	18
1261	222	1991	7	18
1262	222	1993	\N	\N
162232	222	2001	11	13
1264	222	2000	4	18
1265	222	1993	7	6
1266	222	1996	12	17
1268	222	1970	\N	\N
1269	221	1989	\N	\N
1270	222	1970	\N	\N
1273	222	1972	\N	\N
1274	222	1993	\N	\N
1275	222	1993	\N	\N
1276	222	1993	\N	\N
1277	222	1999	\N	\N
1278	222	1977	\N	\N
1279	222	1998	\N	\N
1280	222	1981	\N	\N
1281	222	1993	\N	\N
1282	222	1976	\N	\N
1283	222	1973	\N	\N
1284	222	1972	\N	\N
1285	222	1983	\N	\N
1286	222	1985	\N	\N
1287	222	1997	\N	\N
1215	222	2002	3	5
1105247	221	2011	12	4
1292	222	1989	\N	\N
1295	150	1991	\N	\N
1607847	73	2015	3	2
1214	221	2001	9	17
202756	222	2006	4	11
1088436	38	1995	\N	\N
1255	222	1999	1	26
1178352	222	2012	7	10
1090331	81	1998	\N	\N
1272	222	1998	\N	\N
1235	222	2001	\N	\N
1296	222	1994	\N	\N
1291	222	1997	\N	\N
1094981	222	1969	\N	\N
1095415	113	2011	\N	\N
1293	150	1990	\N	\N
1299	222	1994	\N	\N
1303	222	1996	\N	\N
1304	222	1998	\N	\N
1138853	222	2011	12	2
1258	222	1989	6	19
1207	222	2001	11	20
1254	222	1995	10	17
1221	222	1995	5	23
1250	222	1998	12	8
1228	222	1997	10	28
1307	222	1998	\N	\N
1308	222	1999	\N	\N
1352	107	1992	\N	\N
1311	222	1999	\N	\N
1314	222	2000	\N	\N
1316	221	1999	3	22
1317	221	1998	11	23
1318	221	1999	4	26
1320	221	2000	4	10
1323	222	1997	\N	\N
