81	585684
1	585705
171	585713
180	585726
236	585756
3	585763
240	585767
243	585769
244	585771
244	585774
6	585777
245	585778
6	585780
253	585789
260	585829
283	585898
319	585915
318	585919
150	585924
323	585928
315	585929
322	585930
321	585931
325	585933
322	585934
331	585937
334	585946
336	585952
337	585954
338	586006
359	586051
359	586052
363	586185
377	586220
413	586398
169	586685
260	586777
48	587209
574	587545
574	587546
587	587826
606	588008
608	588034
616	588046
617	588047
618	588050
619	588059
620	588064
620	588065
621	588067
622	588069
623	588070
624	588077
625	588078
626	588080
627	588082
628	588083
629	588085
630	588086
631	588088
632	588090
723	588657
723	588661
723	588662
723	588663
743	588691
762	588810
762	588811
749	588837
780	588912
100	588913
723	588936
795	589206
795	589207
630	589918
857	589997
842	590189
975	590307
986	590381
986	590384
1005	590458
55	590462
12	590464
1019	590584
782	590637
826	590645
972	590818
1056	590819
1056	590820
1085	591072
1102	591093
1105	591095
746	591209
772	591421
772	591422
772	591423
984	591471
1006	591497
754	591537
1172	591546
1207	591640
1257	591927
1264	591972
1315	592134
826	592142
651	592339
1355	592586
1355	592587
1356	592588
1360	592590
28	592609
1326	593075
1326	593076
1455	593082
1456	593091
783	593092
1582	593293
1594	593297
240	593334
1637	593488
1637	593502
1666	593596
1678	593607
1717	593678
13	593832
240	593833
1717	594031
1820	594317
1836	594351
1932	595653
1636	596323
1636	596324
1959	596490
1267	597053
1983	599770
239	599931
2000	603212
2000	603213
1999	603214
2006	603350
1969	603351
1206	603429
1206	603430
1206	603431
1206	603540
1932	603861
2038	603995
2040	604031
2059	604553
2059	604554
2059	604555
2012	604711
2012	604713
2206	607624
2136	608187
574	610436
143	610819
143	610820
143	610821
2119	611636
586	612216
1025	612217
2443	612669
2443	612670
2444	612671
2444	612672
2465	612859
205	613066
260	613912
2548	614066
2562	614249
2586	614450
2595	614518
2617	614857
2630	615047
2631	615063
2637	615118
2638	615171
2345	615233
2639	615251
2707	616114
2707	616115
2197	616188
2773	616686
2404	616708
2797	616851
2797	616852
2404	617192
2827	617404
2834	617566
2849	617851
2850	617874
2869	618565
2898	619625
2899	619638
429	619773
2907	619819
2919	620089
2923	620155
2931	620324
2937	620434
2937	620437
2937	620439
2943	620514
2937	620516
1979	620723
1979	620724
1979	620725
2949	620728
2949	620729
2962	621276
2987	621684
2720	621904
3009	622255
2720	622330
2720	622331
240	622703
1997	622779
171	622925
6	622969
3056	623633
3056	623636
3056	623653
1988	624018
3079	624076
3081	624150
3115	624909
3120	625098
2548	625788
2548	625888
2548	625903
2548	625905
3167	626267
3175	626315
3198	626959
3248	628306
3249	628340
3257	628485
3263	628680
245	629242
3271	629660
3283	629668
3306	630110
3306	630111
3319	630391
3327	630584
3365	631001
2516	631975
3081	632283
3441	632407
1984	633129
3493	633959
1932	634666
3555	635848
3597	636772
3609	637068
3609	637077
3610	637081
3611	637084
3612	637087
3612	637088
3613	637089
3609	637090
3609	637091
3611	637092
3611	637093
3610	637094
2295	637095
3612	637096
3613	637097
3613	637427
3610	637430
3610	637431
3611	637433
3609	637434
3612	637437
2295	637438
3660	637608
260	637645
260	637646
2327	637647
3668	637681
3668	637684
3610	637744
3610	637745
2295	637747
3612	637748
3609	637749
3613	637750
3611	637751
3682	637871
3689	637940
3689	637941
3696	638042
3697	638069
3697	638071
3697	638073
3697	638076
2850	638221
3756	639594
3690	639695
3769	639854
3769	639855
3769	639877
3769	639941
3769	639942
3772	639944
3772	639945
3772	639956
3774	639957
3768	639958
3772	639963
3764	639988
3777	640104
3772	640183
3769	640184
3768	640186
3774	640187
3782	640213
3786	640256
