1	12108628	3	\N	175-8691-7
2	7565110	1	22	\N
4	12429749	1	14	\N
5	12429750	1	14	\N
6	12429752	1	14	\N
7	12429751	1	14	\N
8	12630792	1	2	\N
9	12630787	1	22	\N
10	12630790	1	5	\N
11	12696734	1	34	\N
12	12696735	1	34	\N
13	12630785	1	34	\N
14	12696644	1	14	\N
15	12630776	1	18	\N
16	12630775	1	13	\N
17	12630778	1	2	\N
18	12630774	1	20	\N
19	12630777	1	11	\N
20	12630797	1	9	\N
21	12696821	1	23	\N
22	12696750	1	23	\N
23	12696811	1	17	\N
24	12630773	1	31	\N
25	12630772	1	9	\N
26	12614907	1	28	\N
27	12598518	1	28	\N
28	12598517	1	28	\N
29	12598522	1	28	\N
30	12604732	1	28	\N
31	12598553	1	28	\N
32	12598550	1	28	\N
33	12604737	1	9	\N
34	12604737	1	29	\N
35	12604721	1	29	\N
36	12604721	1	11	\N
37	12614904	1	29	\N
38	12615258	1	29	\N
39	12598519	1	29	\N
40	12604735	1	29	\N
41	12598532	1	29	\N
42	12701586	1	9	\N
43	9097152	1	9	\N
44	9097153	1	9	\N
45	9097154	1	9	\N
46	12438831	1	9	\N
47	8201244	1	9	\N
48	8364374	1	9	\N
49	2541458	1	9	\N
50	12512572	1	31	\N
51	12512573	1	31	\N
52	12512574	1	31	\N
53	12512575	1	31	\N
54	12512576	1	31	\N
55	12556205	1	9	\N
56	12391930	1	9	\N
57	12391931	1	9	\N
58	12391932	1	9	\N
59	12391933	1	9	\N
60	12609556	1	9	\N
61	12391934	1	9	\N
62	12556202	1	11	\N
63	12556193	1	11	\N
64	12556194	1	11	\N
65	12556195	1	11	\N
66	12556196	1	11	\N
67	12634404	1	23	\N
68	12634401	1	23	\N
69	12634402	1	23	\N
70	12634403	1	23	\N
71	12503148	1	13	\N
72	12503150	1	13	\N
73	12503151	1	13	\N
74	12503152	1	13	\N
75	12503153	1	13	\N
76	12503154	1	13	\N
77	12598484	1	9	\N
78	12598485	1	9	\N
79	12598486	1	9	\N
80	12598487	1	9	\N
81	12598489	1	9	\N
82	12598490	1	9	\N
83	12598488	1	9	\N
84	12634398	1	28	\N
85	12634394	1	28	\N
86	12634395	1	28	\N
87	12634396	1	28	\N
88	12634399	1	28	\N
89	12634397	1	28	\N
90	12473370	1	8	\N
91	8900443	1	8	\N
92	7367538	1	8	\N
93	6600338	1	8	\N
94	11926185	1	8	\N
95	12473389	1	2	\N
96	12682871	1	28	\N
97	12682872	1	28	\N
98	12682873	1	28	\N
99	12682874	1	28	\N
100	2010963	1	13	\N
101	1064949	1	13	\N
102	10127031	1	13	\N
103	4531988	1	13	\N
104	11085612	1	13	\N
105	6539259	1	13	\N
106	12441036	1	2	\N
107	12441037	1	14	\N
108	12441038	1	26	\N
109	12441039	1	17	\N
110	12441040	1	28	\N
111	12441041	1	8	\N
112	12441042	1	3	\N
113	12441043	1	23	\N
114	8796802	1	33	\N
115	8796803	1	14	\N
116	8796804	1	17	\N
117	8796805	1	6	\N
118	8796806	1	32	\N
119	8796807	1	31	\N
120	8796808	1	2	\N
121	8796809	1	26	\N
122	12507585	1	8	\N
123	12507586	1	23	\N
124	12507583	1	26	\N
125	12450310	1	3	\N
126	5182422	1	3	\N
127	5182423	1	3	\N
128	5182424	1	3	\N
129	5182425	1	3	\N
130	12456779	1	31	\N
131	5182426	1	31	\N
132	5182531	1	31	\N
133	5182532	1	31	\N
134	12456780	1	31	\N
135	12501625	1	11	\N
136	12501628	1	11	\N
137	12501635	1	11	\N
138	12501636	1	11	\N
139	12555360	1	9	\N
140	12555363	1	9	\N
141	12555365	1	9	\N
142	12555366	1	9	\N
143	12555367	1	9	\N
144	12470318	1	28	\N
145	12470319	1	28	\N
146	12470320	1	28	\N
147	12470321	1	28	\N
148	12470322	1	28	\N
149	12470323	1	28	\N
150	12602062	1	3	\N
151	12602047	1	9	\N
152	12602042	1	9	\N
153	12602043	1	9	\N
154	12602044	1	9	\N
155	12602045	1	9	\N
156	12602059	1	23	\N
157	12632166	1	23	\N
158	8706454	1	23	\N
159	8706455	1	23	\N
160	8706456	1	23	\N
161	8706457	1	23	\N
162	8706458	1	23	\N
163	12573015	1	17	\N
164	12573016	1	17	\N
165	12573017	1	17	\N
166	12604738	1	29	\N
167	12604739	1	29	\N
168	12604740	1	29	\N
169	12604726	1	29	\N
170	12604722	1	29	\N
171	12604723	1	29	\N
172	12604724	1	29	\N
173	12604725	1	29	\N
174	12573014	1	17	\N
175	12518689	1	2	\N
176	466916	1	2	\N
178	9693751	1	2	\N
179	11742560	1	2	\N
180	12487076	1	29	\N
181	6443558	1	29	\N
182	8336993	1	29	\N
183	5738798	1	29	\N
184	6443561	1	29	\N
185	12628852	1	11	\N
186	12628849	1	11	\N
187	12628850	1	11	\N
188	12628851	1	11	\N
189	12509772	1	11	\N
190	466941	1	11	\N
191	10605216	1	11	\N
192	572646	1	11	\N
193	12518693	1	9	\N
194	7597229	1	9	\N
195	6641228	1	9	\N
198	12609576	1	5	\N
201	12609573	1	23	\N
203	12573008	1	23	\N
3065	12728009	1	29	\N
3066	6093754	1	23	\N
3071	10961312	1	3	\N
3103	12615247	1	32	\N
3120	12615257	1	13	\N
3242	12715711	1	31	\N
3256	12728419	3	\N	085-4643-6
3264	12506471	1	29	\N
3287	3694759	3	\N	122-0712-8
3288	8295038	3	\N	122-0706-3
3289	6034373	3	\N	133-2261-3
3290	10826088	3	\N	169-9675-5
3291	10826083	3	\N	169-9662-3
3292	12467091	3	\N	183-1996-3
3293	12440624	3	\N	181-0340-5
3294	12440628	3	\N	181-0346-4
3295	12443450	3	\N	142-8603-3
3296	10826093	3	\N	169-9690-9
3297	12440629	3	\N	181-0348-1
3298	3694753	3	\N	122-0720-9
3299	10826087	3	\N	169-9668-2
3300	12440623	3	\N	181-0338-3
3301	3378465	3	\N	103-2320-1
3302	12443440	3	\N	142-8585-1
3303	6034384	3	\N	133-2284-2
3304	12525528	3	\N	706-1958-1
3305	12440626	3	\N	181-0342-1
3306	12525537	3	\N	190-1850-9
3307	12525534	3	\N	706-1922-1
3308	12525535	3	\N	706-1917-4
3320	12728663	3	\N	068-6849-5
3342	12529204	1	14	\N
3347	8063806	1	14	\N
3361	5671652	3	\N	063-9280-6
3362	5671653	3	\N	064-1937-2
3363	5671721	3	\N	085-5715-2
3364	5671722	3	\N	085-5723-3
3365	5671772	3	\N	100-0543-9
3516	12729758	7	\N	1885955
3561	11808087	1	23	\N
3655	12730360	1	14	\N
3697	12275934	1	28	\N
3716	12445378	6	\N	380040973
3717	12445378	6	\N	883056915
3718	12442286	3	\N	025-3400-2
3736	12730484	1	23	\N
3765	12730787	1	9	\N
4030	12732020	3	\N	066-3459-1
4156	12732485	3	\N	157-5893-1
4174	12732664	1	17	\N
4177	12732667	1	18	\N
4192	7179789	1	17	\N
4317	12605400	1	22	\N
4539	12733935	3	\N	139-1765-0
4580	12727910	3	\N	200-8935-0
4655	12669818	3	\N	196-4580-5
4890	12734904	8	\N	757956
4936	12470815	6	\N	380388303
4976	12505870	3	\N	043-8788-1
4977	12496841	3	\N	0N6-8473-1
4978	12496841	7	\N	8936136
4979	12684050	3	\N	193-5008-2
4980	12496861	3	\N	122-6331-1
4981	12496009	3	\N	008-5514-6
4982	12496693	3	\N	0G3-2307-7
4983	12496693	7	\N	3688886
4984	12504997	3	\N	021-5555-9
4985	12496849	3	\N	116-5260-8
4986	12515179	3	\N	026-3129-6
4987	12496739	3	\N	057-3131-3
4988	12515056	3	\N	038-4130-8
4989	12495850	3	\N	082-2078-6
4990	12496197	3	\N	008-5512-0
4991	12517940	3	\N	113-9993-7
4992	155969	3	\N	0H0-4060-5
4993	12514373	3	\N	038-5206-7
4994	12515254	3	\N	029-0068-8
4995	12505868	3	\N	043-8786-4
4996	12496727	3	\N	049-8079-4
4997	12514596	3	\N	113-9989-9
4998	12514598	3	\N	113-9996-1
4999	12496023	3	\N	017-5929-9
5000	12514696	3	\N	047-5546-4
5001	12514595	3	\N	113-9984-8
5002	12496855	3	\N	122-6313-3
5003	12496855	7	\N	9372350
5004	12513926	3	\N	051-6937-2
5005	12492428	3	\N	053-6923-1
5006	12496733	3	\N	053-6923-1
5007	12514071	3	\N	089-3740-1
5008	12492425	3	\N	0G3-2299-2
5009	12492425	6	\N	370280929
5010	12496966	3	\N	099-4470-2
5011	12516862	3	\N	117-7199-2
5012	12516916	3	\N	022-0161-5
5013	12494770	7	\N	559573
5014	527234	7	\N	574775
5015	527234	6	\N	380303206
5016	527234	3	\N	0H2-3910-0
5017	12514610	3	\N	114-0021-8
5018	12496021	3	\N	017-5927-2
5019	12495972	3	\N	0H1-4444-3
5020	12495972	7	\N	590223
5021	12517509	3	\N	118-5457-0
5022	12429188	6	\N	380290079
5023	12513928	3	\N	051-6941-1
5024	12442387	7	\N	591801
5025	12442387	3	\N	0H0-9252-4
5026	12514742	3	\N	023-6263-5
5027	12505307	3	\N	027-5367-7
5028	12505877	3	\N	043-8794-5
5029	12505891	3	\N	043-8794-5
5030	12517529	3	\N	089-3741-9
5031	12514602	3	\N	114-0009-9
5032	12516925	3	\N	022-0171-2
5033	12515023	3	\N	116-7748-1
5034	12514607	3	\N	114-0018-8
5035	12514272	3	\N	009-5495-1
5036	12505351	3	\N	027-5381-2
5037	12505372	3	\N	034-2889-3
5038	12517800	3	\N	022-8497-9
5039	12505349	3	\N	027-5378-2
5040	12505358	3	\N	034-2875-3
5041	12505309	3	\N	027-5368-5
5042	12517472	3	\N	118-5403-1
5043	12517528	3	\N	089-3743-5
5044	12506552	3	\N	064-5692-8
5045	12506132	3	\N	058-9136-1
5046	12509997	3	\N	117-6406-6
5047	12515190	3	\N	030-4342-8
5048	12515195	3	\N	030-4352-5
5049	12517660	3	\N	029-2848-5
5050	12517458	3	\N	078-8400-1
5051	12517595	3	\N	113-0331-0
5052	12517596	3	\N	113-0333-6
5053	12517627	3	\N	029-2832-9
5054	12517651	3	\N	029-2838-8
5055	12496826	3	\N	089-1954-2
5056	12517650	3	\N	029-2837-0
5057	12496691	6	\N	390469224
5058	12496691	3	\N	0C3-7268-5
5059	12515231	3	\N	042-6158-5
5060	12514253	3	\N	078-8397-8
5061	12508927	3	\N	071-6988-4
5062	12514248	3	\N	078-8396-0
5063	12514254	3	\N	078-8398-6
5064	12516920	3	\N	022-0165-8
5065	12505365	3	\N	034-2883-4
5066	12506125	3	\N	058-9133-7
196	2075477	1	9	\N
3067	6381466	1	23	\N
3069	5602700	1	23	\N
3104	12598549	1	2	\N
3243	12097697	1	8	\N
3265	12506433	1	29	\N
3321	12728664	3	\N	096-4387-7
3322	12728664	7	\N	10055571
3343	12529206	1	14	\N
3345	12515681	1	14	\N
3366	12504130	3	\N	120-8896-0
3367	5671773	3	\N	100-2279-1
3369	12728741	3	\N	132-2342-9
3373	12728745	3	\N	054-3780-6
3374	12728746	3	\N	076-2034-9
3376	12688666	7	\N	15657586
3377	12728837	3	\N	047-0596-3
3380	12728870	1	9	\N
3394	12728928	1	9	\N
20544	11761609	3	\N	015-1052-5
3406	12728984	8	\N	780292
3411	12728998	3	\N	081-2019-6
3423	12471568	1	3	\N
3427	12729164	3	\N	200-2199-2
20545	12446428	3	\N	020-5727-1
3429	12729178	1	34	\N
3432	12729214	3	\N	706-4676-7
3433	12729221	3	\N	172-2977-4
20546	12446423	3	\N	080-5000-7
3437	12729277	3	\N	036-9607-3
3443	12595035	3	\N	149-2062-0
3444	12595033	3	\N	148-8714-2
3445	12595034	3	\N	149-2064-6
3446	12691923	3	\N	085-6540-6
3447	12729319	3	\N	022-7892-8
3461	12638128	3	\N	0L1-0811-2
3462	12729468	9	\N	9111781-001
3463	12729496	1	13	\N
3464	12729574	1	11	\N
3481	12729683	1	3	\N
3488	12729723	1	23	\N
3499	12442081	1	17	\N
3517	12729759	7	\N	1212537
3519	4818448	3	\N	005-5192-9
3520	11515123	3	\N	152-3389-8
3527	12729992	1	13	\N
3528	12730053	3	\N	022-6680-6
3541	12580789	1	22	\N
3562	11808088	1	11	\N
3564	12580771	1	2	\N
3574	9977615	3	\N	091-3416-6
3575	3632245	3	\N	084-4532-0
3576	11825307	1	22	\N
3594	12694730	3	\N	198-2111-5
3600	12730155	9	\N	1397558-001
3601	12730159	3	\N	196-2992-3
3604	12436681	1	22	\N
3614	12730211	3	\N	704-7247-5
3615	12730239	9	\N	3554499-001
3616	12451473	3	\N	0F7-2124-9
3617	12451470	3	\N	0F7-2125-7
3618	12449941	3	\N	1C3-8976-9
3619	12449971	3	\N	0F7-2127-3
3620	12451479	3	\N	0F7-2128-1
3621	12449999	3	\N	0F7-2129-0
3622	12451421	3	\N	0F7-2130-3
3623	12451483	3	\N	0F7-2137-1
3624	12449991	3	\N	0F7-2138-9
3625	12451639	3	\N	0F7-7432-6
3626	12449995	3	\N	0F7-2140-1
3627	12451640	3	\N	0F7-2141-9
3628	12449997	3	\N	0F7-2142-7
3629	12450014	3	\N	0F7-2131-1
3630	12449975	3	\N	0F7-2132-0
3631	12451480	3	\N	0F7-2133-8
3632	12451420	3	\N	0F7-2134-6
3633	12449990	3	\N	0F7-2135-4
3634	3416804	3	\N	0L0-2061-4
3635	12730310	3	\N	704-7334-0
3637	12730330	3	\N	050-5558-0
3656	12730361	1	9	\N
3659	12730364	1	23	\N
3671	12730397	1	31	\N
3676	12642415	6	\N	400016899
3677	12275282	1	8	\N
3698	12275935	1	28	\N
3699	12729174	1	31	\N
3719	12730465	3	\N	704-7205-0
3737	12730486	3	\N	706-6969-4
3738	12730508	1	29	\N
3745	1070456	1	3	\N
3746	12439399	1	2	\N
3747	12476846	3	\N	028-6608-1
3748	12453997	1	22	\N
3767	12730790	1	6	\N
3771	12730886	3	\N	706-7066-8
3773	12730898	3	\N	193-6349-4
3774	12476296	3	\N	030-2414-8
3775	12476594	3	\N	164-5634-3
3776	12476611	3	\N	036-9031-8
3777	12730905	1	14	\N
3780	12728359	3	\N	161-9082-3
3781	12662325	3	\N	708-1785-5
3782	12476302	3	\N	036-7780-0
3783	12476277	3	\N	036-7503-3
3784	12631022	7	\N	770882
3785	12730968	3	\N	706-4844-1
3786	12561543	1	14	\N
3788	12731158	1	3	\N
3789	12731164	1	14	\N
3792	182352	3	\N	042-3644-1
3803	12731320	3	\N	152-6548-0
3804	12731322	3	\N	115-4536-4
3814	12731350	3	\N	073-8701-6
3823	12476718	3	\N	040-6933-1
3824	12500833	3	\N	008-8268-2
3825	12476300	3	\N	044-3309-2
3826	12476616	3	\N	046-8495-8
3827	12476736	3	\N	056-0158-4
3828	12476249	3	\N	072-3532-1
3829	12500836	3	\N	008-8279-8
3830	12476855	3	\N	075-2990-2
3831	12476444	3	\N	025-7154-4
3832	12631346	3	\N	080-4865-7
3833	12476770	3	\N	080-7513-1
3834	12476299	3	\N	086-1244-7
3835	12476326	3	\N	087-3231-1
3836	12592366	3	\N	191-3562-9
3837	12592365	3	\N	706-7166-4
3838	12476442	6	\N	432328395
3839	12476442	3	\N	022-4479-9
3841	12500031	3	\N	088-3373-7
3842	12476334	3	\N	094-1896-2
3843	12476274	3	\N	094-1229-8
3844	12476873	3	\N	167-1409-1
3845	12476341	3	\N	094-5118-8
3846	12476626	3	\N	094-9897-4
3847	12476620	3	\N	094-9809-5
3848	12476247	3	\N	094-5039-4
3849	12709832	3	\N	016-0121-1
3850	12731445	3	\N	125-0932-9
3867	11782217	9	\N	4717840-001
3868	12499363	3	\N	117-7936-5
3869	12499365	3	\N	117-7545-9
3870	12499364	3	\N	117-7544-1
3871	12499367	3	\N	106-0989-0
3872	12499368	3	\N	106-0985-7
3873	12499961	3	\N	111-1349-9
3874	12499962	3	\N	111-1354-5
3875	12499963	3	\N	111-1358-8
3876	12499964	3	\N	111-1360-0
3877	12499965	3	\N	111-1363-4
3878	12723424	6	\N	390445008
3879	12499966	3	\N	111-1364-2
3880	12446006	3	\N	010-6587-4
3881	12446010	3	\N	012-5086-8
3882	12538940	1	29	\N
3883	12445998	3	\N	143-9161-9
3884	12445895	3	\N	136-8686-1
3886	12445938	3	\N	127-2154-9
3887	2060629	3	\N	020-7468-1
3888	7461590	3	\N	042-4387-1
197	6988963	1	9	\N
199	12609571	1	14	\N
200	12609572	1	17	\N
3068	7150008	1	23	\N
3105	12609574	1	8	\N
3244	12618969	1	29	\N
3323	12728666	3	\N	0W2-3797-5
3344	12529205	1	14	\N
3368	12728736	3	\N	106-7751-8
3370	12728742	3	\N	018-7143-9
3375	12728747	9	\N	9111775-001
3378	12728848	3	\N	094-7305-0
3381	12728871	1	8	\N
3395	12728929	1	9	\N
3397	12459343	1	8	\N
3407	12728985	6	\N	882889633
3408	12728985	8	\N	747984
3412	12728999	3	\N	075-2267-3
3424	9678539	1	3	\N
3430	12729181	1	34	\N
20547	12446429	3	\N	068-3555-4
3438	12729280	3	\N	082-2050-6
3448	12729320	3	\N	134-0385-1
3465	12729583	3	\N	083-4871-5
3482	12729684	1	22	\N
3489	12729724	1	31	\N
3490	12729725	1	9	\N
3500	12442082	1	17	\N
3501	12442083	1	17	\N
3518	12729760	6	\N	350177141
3521	12729811	3	\N	003-2729-8
3529	12730056	3	\N	144-2569-6
3542	12580788	1	2	\N
3548	11808104	1	22	\N
3563	1643162	6	\N	500384249
3565	11825148	1	2	\N
3577	11825308	1	22	\N
3578	11825309	1	22	\N
3595	12730129	3	\N	200-7133-7
3602	12730160	3	\N	091-7028-6
3605	6257040	1	22	\N
3607	6257042	1	22	\N
3636	12730311	9	\N	9111783-001
3638	12730333	1	9	\N
3657	12730362	1	23	\N
3672	12730398	1	23	\N
3678	12275283	1	8	\N
3696	12275933	1	28	\N
3700	12730425	3	\N	077-8619-1
3720	12730466	3	\N	704-7160-6
3739	12730519	1	9	\N
3749	12730762	1	28	\N
3768	12730791	1	26	\N
3772	12730893	3	\N	706-7033-1
3778	12730906	1	9	\N
3790	6778134	1	14	\N
3793	12731273	3	\N	108-6665-5
3805	12731323	3	\N	116-5063-0
3815	12731351	3	\N	073-8702-4
3822	12731358	3	\N	073-8709-1
3840	12731399	3	\N	0H1-6678-1
3851	12731447	3	\N	125-0936-1
3864	12731464	3	\N	125-0944-2
3889	5900112	3	\N	129-3790-8
4031	12732022	3	\N	189-5411-1
4157	12732569	1	32	\N
4175	12732665	1	17	\N
4193	7179790	1	17	\N
4318	12605401	1	22	\N
4581	12727916	3	\N	200-8944-9
4891	12734905	8	\N	757952
4937	12496699	3	\N	0B7-3732-9
5067	12515180	3	\N	026-3130-0
5068	12515184	3	\N	026-3135-1
5069	12517658	3	\N	029-2845-1
5070	12514587	3	\N	113-9956-2
5071	12515687	3	\N	048-1125-9
5072	12669588	3	\N	037-9246-3
5073	12515055	3	\N	038-4129-4
5074	12517149	3	\N	022-8570-3
5075	12514095	3	\N	078-8332-3
5088	12735258	1	2	\N
5096	12735285	1	8	\N
5106	12735302	3	\N	081-4859-7
5115	12735323	3	\N	081-9608-7
5125	12735361	1	2	\N
5139	12735422	3	\N	056-1974-2
5185	12735451	3	\N	008-0250-6
5204	12735537	1	22	\N
5212	12438827	1	23	\N
5222	12677022	1	8	\N
5232	12735694	1	17	\N
5283	12736378	3	\N	082-0495-1
5292	12736409	3	\N	073-1194-0
5327	12736496	3	\N	060-2044-5
5337	12736522	3	\N	078-0534-9
5339	12736524	3	\N	082-9954-4
5348	12736532	1	22	\N
5378	12736688	1	23	\N
5386	12736694	1	9	\N
5400	12736836	1	11	\N
5463	12736899	3	\N	074-9917-5
5490	12736957	3	\N	099-9224-3
5496	12736963	3	\N	096-2390-6
5505	12664355	1	31	\N
5511	12737022	1	18	\N
5517	12438761	1	14	\N
5524	12438768	1	9	\N
5588	12737109	1	9	\N
5628	12517499	3	\N	118-5445-6
5629	12513614	3	\N	089-3735-4
5630	12515691	3	\N	047-7975-4
5631	12513612	3	\N	106-1439-7
5632	12504999	3	\N	021-5556-7
5633	12506128	3	\N	021-5556-7
5634	12509977	3	\N	110-0375-8
5635	12517494	3	\N	118-5440-5
5636	12514076	3	\N	078-8330-7
5637	12505882	3	\N	051-5792-7
5638	12514096	3	\N	078-8337-4
5639	12517491	3	\N	118-5437-5
5640	12517819	3	\N	025-6259-6
5641	12506104	3	\N	058-9127-2
5642	12510340	3	\N	103-0984-5
5664	12737207	3	\N	0S5-4218-8
5666	12737216	3	\N	0B2-6625-3
5669	12737222	3	\N	0A1-9297-3
5673	12737234	3	\N	0R1-9475-4
5676	12737305	3	\N	133-4708-0
5679	12737313	1	14	\N
5682	12737316	1	29	\N
5685	12737328	1	23	\N
5687	12737341	3	\N	133-1762-8
5691	12737364	3	\N	129-6697-5
5694	12737367	3	\N	135-7980-1
5697	12737370	3	\N	136-3786-0
5700	12737392	3	\N	086-7342-0
5703	12737396	3	\N	086-7323-3
5706	12737400	3	\N	116-4920-8
5710	12737431	1	8	\N
5715	12737503	3	\N	122-4145-8
5717	12737555	9	\N	1539300-001
20548	12446427	3	\N	040-7509-9
5723	12737602	9	\N	967224-001
5726	12737606	9	\N	1365944-001
5729	12737619	9	\N	9350552-001
5732	12737622	9	\N	4599823-001
5736	12737643	9	\N	1231816-001
5739	12737655	9	\N	1753676-001
5742	12737658	9	\N	1380087-001
5745	12737677	9	\N	2782138-001
5748	12737681	9	\N	1351370-001
5751	12737684	9	\N	1579384-001
5754	12737686	3	\N	125-0955-8
5757	12737689	9	\N	2949023-001
5760	12737716	9	\N	2949027-001
5763	12737719	9	\N	1579385-001
5766	12737722	9	\N	2213481-001
5767	12737723	9	\N	2338670-001
5770	12737726	9	\N	1753677-001
5773	12737734	9	\N	4206879-001
5776	12737737	9	\N	967238-001
5782	12737743	3	\N	140-6989-0
5786	12737757	9	\N	2949018-001
5789	12737760	9	\N	3448058-001
202	12573009	1	8	\N
204	12614900	1	26	\N
205	12606576	1	26	\N
206	12598520	1	34	\N
207	12598499	1	34	\N
208	12604736	1	2	\N
29051	9820535	3	\N	162-1902-3
210	12580179	1	3	\N
211	12598552	1	8	\N
212	12598534	1	8	\N
213	12606584	1	9	\N
214	12598535	1	9	\N
215	12598569	1	9	\N
216	12598568	1	9	\N
217	12615480	1	9	\N
218	12615478	1	9	\N
219	12598551	1	9	\N
220	12615255	1	13	\N
221	12615259	1	13	\N
222	12598536	1	14	\N
223	12598571	1	14	\N
224	12615479	1	14	\N
225	12614903	1	11	\N
226	12615475	1	11	\N
227	12606585	1	11	\N
228	12598504	1	17	\N
229	12615485	1	18	\N
230	12598503	1	20	\N
231	12598523	1	22	\N
232	12598554	1	22	\N
233	12630791	1	3	\N
234	12696645	1	9	\N
235	12696820	1	9	\N
236	12630794	1	32	\N
237	12630796	1	2	\N
238	12630795	1	6	\N
239	12630783	1	6	\N
240	12435923	1	6	\N
241	12602898	1	6	\N
242	12435925	1	23	\N
243	12435926	1	26	\N
244	12435927	1	14	\N
245	12435928	1	9	\N
246	12435929	1	13	\N
247	12435930	1	17	\N
248	12435931	1	17	\N
249	12435932	1	14	\N
250	12435933	1	23	\N
251	12609577	1	13	\N
252	12609579	1	17	\N
253	12609580	1	29	\N
254	12609585	1	28	\N
255	12609578	1	29	\N
256	12609578	1	2	\N
257	12609595	1	9	\N
258	12609605	1	8	\N
259	12609581	1	27	\N
260	12609582	1	20	\N
261	12609583	1	17	\N
262	12609586	1	11	\N
263	12609584	1	22	\N
264	12609587	1	28	\N
265	12609588	1	3	\N
266	12609589	1	13	\N
267	12609590	1	3	\N
268	12609590	1	11	\N
269	12609591	1	13	\N
270	12609592	1	9	\N
271	12609593	1	3	\N
272	12609594	1	31	\N
273	12609596	1	28	\N
274	12609597	1	29	\N
275	12609608	1	28	\N
276	12609598	1	34	\N
277	12609599	1	17	\N
278	12609600	1	11	\N
279	12609601	1	22	\N
280	12609602	1	29	\N
281	12609603	1	2	\N
282	12609604	1	2	\N
283	12609606	1	13	\N
284	12609607	1	11	\N
285	12609609	1	8	\N
286	12615254	1	26	\N
287	12708928	1	9	\N
288	12708902	1	9	\N
289	12708903	1	9	\N
290	12708904	1	9	\N
291	12708929	1	11	\N
292	12708906	1	11	\N
293	12708907	1	11	\N
294	12708905	1	11	\N
295	12708930	1	31	\N
296	12708908	1	31	\N
297	12708909	1	31	\N
298	12708910	1	31	\N
299	12708911	1	2	\N
300	12708912	1	28	\N
301	12708913	1	29	\N
302	12708914	1	17	\N
303	12708915	1	8	\N
304	12708931	1	29	\N
305	12708916	1	29	\N
306	12708917	1	29	\N
307	12708918	1	29	\N
308	9221613	1	17	\N
309	12708920	1	31	\N
310	12708919	1	4	\N
311	12708932	1	9	\N
312	12708922	1	9	\N
313	12708923	1	9	\N
314	12708924	1	9	\N
315	12708926	1	9	\N
316	12708927	1	8	\N
317	12708925	1	8	\N
318	9310734	1	22	\N
319	9310735	1	13	\N
320	9310736	1	8	\N
321	9310737	1	31	\N
322	9310738	1	17	\N
323	9310739	1	9	\N
324	9310740	1	2	\N
325	9310741	1	2	\N
326	9310742	1	2	\N
327	9310743	1	9	\N
328	12461793	1	2	\N
329	12461794	1	9	\N
330	9310744	1	9	\N
331	9310745	1	9	\N
332	9310746	1	28	\N
333	12461795	1	28	\N
334	9310747	1	28	\N
335	9310748	1	28	\N
336	9310749	1	34	\N
337	12461797	1	34	\N
338	9310750	1	34	\N
339	9310751	1	34	\N
340	9310752	1	11	\N
341	9310753	1	11	\N
342	12461798	1	11	\N
343	9310754	1	11	\N
344	9310755	1	18	\N
345	9310756	1	18	\N
346	9310757	1	18	\N
347	12461799	1	18	\N
348	12709102	1	29	\N
349	12709087	1	29	\N
350	12709088	1	29	\N
351	12709089	1	29	\N
352	12709103	1	17	\N
353	12709090	1	17	\N
354	12709091	1	17	\N
355	12709092	1	17	\N
356	12709104	1	31	\N
357	12709093	1	31	\N
358	12709094	1	31	\N
359	12709095	1	31	\N
360	12709105	1	13	\N
361	12709096	1	13	\N
362	12709097	1	13	\N
363	12709098	1	13	\N
364	12709106	1	3	\N
365	12709099	1	3	\N
366	12709100	1	3	\N
367	12709101	1	3	\N
368	12709274	3	\N	110-9615-2
369	503879	1	8	\N
370	4906563	1	29	\N
371	12438539	1	3	\N
372	7839286	1	22	\N
373	8632015	1	2	\N
374	12515067	1	2	\N
375	6372166	1	2	\N
376	7934596	1	2	\N
377	7399119	1	2	\N
378	2219162	1	2	\N
379	5969828	1	2	\N
29052	9820536	3	\N	162-1905-8
381	7906393	1	2	\N
382	10561235	1	2	\N
383	12510702	1	2	\N
384	8083782	1	2	\N
385	8083783	1	2	\N
386	8083784	1	2	\N
387	8083785	1	2	\N
388	12514030	1	2	\N
398	12275644	1	2	\N
3070	5602699	1	23	\N
3096	9661072	1	34	\N
3106	12615476	1	13	\N
3245	12728027	1	34	\N
3324	12728667	3	\N	047-1282-0
3346	8063805	1	14	\N
3349	12599125	1	14	\N
3371	12728743	3	\N	022-4858-1
3379	12728849	3	\N	068-8597-7
3382	12728872	1	8	\N
3396	12728930	1	9	\N
3409	5671792	3	\N	116-4087-1
3410	5671793	3	\N	116-4086-3
3413	12729002	3	\N	081-2658-5
3425	10347886	1	3	\N
3431	12729183	3	\N	709-2268-3
29053	9820548	3	\N	162-1909-1
3439	12729283	3	\N	021-9698-1
3449	12729350	3	\N	142-5472-7
3466	12729585	3	\N	097-9567-7
3483	12729685	1	11	\N
3491	12729726	1	17	\N
3502	12442085	1	17	\N
3522	12729818	3	\N	077-9540-8
3530	12730058	3	\N	144-2531-9
3566	11825149	1	2	\N
3579	11825310	1	22	\N
3596	12730141	3	\N	196-1816-6
3606	6257041	1	22	\N
3639	12730338	1	31	\N
3658	12730363	1	9	\N
3673	12730400	1	23	\N
3679	12275284	1	8	\N
3701	12730426	3	\N	020-7892-9
3721	12730467	3	\N	704-7258-1
3740	12730587	1	29	\N
3750	12730763	1	28	\N
3769	12730792	1	3	\N
3779	12730909	1	23	\N
3791	12731177	3	\N	182-5521-3
3794	12731274	3	\N	108-6667-1
3806	12731324	3	\N	116-5062-1
3816	12731352	3	\N	073-8703-2
3852	12731448	3	\N	124-9874-2
3890	12731567	3	\N	193-6350-8
3892	12731574	3	\N	193-6352-4
3900	12446037	3	\N	145-4117-3
3901	8285295	3	\N	145-4115-7
3902	11708123	3	\N	088-2702-8
3903	12446046	3	\N	145-4120-3
3904	12499967	3	\N	111-1366-9
3905	12629604	3	\N	081-5802-9
3906	12629641	3	\N	0H2-2197-9
3907	12629647	7	\N	3660967
3908	12629608	3	\N	081-5828-2
3909	12703556	6	\N	885568784
3910	12703511	6	\N	882199980
3911	12703499	6	\N	882200862
3912	12703503	6	\N	882201162
3913	12703500	6	\N	882201015
3914	12702068	6	\N	885567057
3915	12703555	6	\N	885568628
3916	12702066	6	\N	885568626
3917	12703496	6	\N	882200713
3918	12703613	6	\N	885567214
3919	12703505	6	\N	882201164
3920	12703507	6	\N	882199831
3921	12703557	6	\N	885568785
3922	12703494	6	\N	882200711
3923	12703501	6	\N	882201016
3924	12702062	6	\N	885480773
3925	12703596	6	\N	884037656
3926	12703498	6	\N	882200861
3927	12703552	6	\N	885567370
3928	12731724	1	31	\N
3930	12731755	1	34	\N
3931	12636400	9	\N	2120257-001
3932	7249451	9	\N	9650071-001
3933	3639138	9	\N	468544-003
3934	1311569	9	\N	4772172-001
3937	5085174	3	\N	127-6479-5
3938	12446095	3	\N	116-7759-7
3939	12454342	3	\N	173-2567-6
3940	12451582	3	\N	703-4785-9
3941	12446559	3	\N	175-1355-3
3942	12445890	3	\N	173-2568-4
3943	12703558	6	\N	885567371
3944	12702067	6	\N	885576941
3945	12702067	6	\N	885576942
3946	9538291	3	\N	153-1631-9
3948	12731921	3	\N	708-6846-8
3949	9538274	3	\N	153-1623-8
3950	9538273	3	\N	153-1622-0
3951	8695143	3	\N	042-0211-2
3952	4241648	3	\N	049-4990-1
3954	9499524	3	\N	148-2209-1
3955	12702064	6	\N	885480772
3956	9499522	3	\N	148-2206-7
3957	8691690	3	\N	026-4575-1
3958	12703504	6	\N	882201163
3959	5957068	3	\N	106-1981-0
3960	12703497	6	\N	882200860
3961	12703508	6	\N	882199832
3962	12702070	6	\N	885567213
3963	12703554	6	\N	885567372
3964	5957071	3	\N	078-8566-1
3965	12702060	6	\N	884896134
3966	12703495	6	\N	882200712
3967	12703509	6	\N	882199833
3968	12702069	6	\N	885567058
3969	12703551	6	\N	885567215
3970	12703502	6	\N	882201017
3971	12702065	6	\N	885551008
3972	12702063	6	\N	885567528
3973	12703512	6	\N	882199981
3974	12703597	6	\N	884036667
3975	12703510	6	\N	882201014
3976	12450478	3	\N	173-2571-4
3977	12721689	6	\N	886175818
3978	12450479	3	\N	169-8163-4
3979	11111298	3	\N	061-3652-4
3980	12731929	3	\N	708-1379-5
3981	12446078	3	\N	173-7409-0
3982	12446079	3	\N	160-3499-6
3983	8487955	3	\N	150-6116-7
3984	12446080	3	\N	069-5608-4
3985	12446081	3	\N	157-8801-6
3986	12446082	3	\N	045-8886-0
3987	12446083	3	\N	173-7420-1
3988	11654419	3	\N	117-7395-2
3989	12446086	3	\N	168-7733-1
3990	12446085	3	\N	173-7430-8
3994	12731939	3	\N	181-9510-5
3995	12446089	3	\N	174-5114-1
3996	12442255	3	\N	110-1019-3
3997	12731946	3	\N	109-6345-6
3999	12731952	3	\N	119-3757-2
4001	12437043	3	\N	090-2990-7
4002	12445956	3	\N	174-5113-2
4010	12731972	3	\N	107-8647-3
4016	12731985	3	\N	000-0561-4
