682821	452648
12464761	493786
10258452	452724
9364596	452725
9364596	452726
9906349	452727
9364596	452728
9364595	452730
9364596	452732
9364596	452733
9906349	452734
9364595	452735
9906349	452736
11140610	452737
11140611	452746
12039469	452766
12039469	452767
7738143	452768
12039469	452769
9906345	452770
12425904	452771
9045461	452772
9906346	452776
12840013	627936
10140015	452778
12425904	452791
9045461	452793
10140014	452859
10140014	452860
12425889	452873
12425945	452874
10140019	452877
7738143	452884
10140002	452897
12425954	452914
12425925	452947
12425925	452950
9364595	453000
12728043	585677
7738157	453003
7738157	453004
7738157	453005
7738157	453006
1163756	453008
1163756	453010
1163757	453012
1163757	453013
12728153	585687
1163756	453015
1163756	453023
1163758	453024
1163757	453025
12426022	453029
10140022	453030
10140022	453031
9364609	453035
9364609	453036
7738154	453037
9906353	453040
923498	453075
5585516	453274
5585516	453275
2197292	453385
1593576	453430
12426247	453432
12426251	453433
12426252	453436
12426253	453443
624094	453444
624094	453445
624094	453446
624094	453447
6862516	453448
11480681	453449
8922394	453450
12426256	453451
4179323	453453
12426246	453471
12426246	453472
12426246	453473
6593809	453482
5434636	453718
12426313	453757
12426314	453759
12426315	453762
12426316	453766
12406929	453815
11732264	453864
12426341	453865
12426343	453866
10412431	453869
12426344	453870
10041812	453872
12426345	453873
12426346	453874
10041814	453875
2534562	453876
12426350	453878
12426351	453880
10041813	453964
11732265	453965
11732265	453966
12426392	453967
10412432	453969
12426396	453971
12426401	453973
12425889	453978
12426409	453980
1593576	453990
10429519	453995
10429514	453996
10429515	453997
9512889	453998
10429517	453999
11679515	454001
11320535	454002
10429510	454003
10828016	454004
9525320	454005
9512890	454016
11320536	454017
11679516	454018
10429518	454019
10429513	454020
10429512	454021
10828017	454022
10429509	454023
12426427	454029
12426430	454032
12426431	454033
12426455	454039
12426456	454040
12426457	454041
12426458	454042
12426459	454044
12426460	454045
6036349	454048
4933916	454055
6054341	454056
10641983	454057
6336563	454060
1482590	454061
1482592	454062
4933373	454063
10641932	454064
10641980	454065
4933912	454066
3379716	454067
8693874	454069
4933381	454071
11708087	454077
12048220	454078
10641988	454079
10641985	454080
10641939	454083
10641981	454084
4933376	454085
3606882	454086
8343746	454087
6004647	454089
10641930	454092
4933909	454093
3341446	454100
6004654	454101
10641943	454102
4933915	454103
12048227	454104
2500622	454105
3606892	454106
10641941	454108
8693863	454109
3379715	454117
177239	461363
543728	454136
10641933	454138
4933917	454139
6004651	454140
8693875	454176
12426623	454231
5601083	454242
12048224	454243
6004648	454244
7901186	454245
4933906	454246
6014770	454248
12048225	454249
6004656	454250
4933905	454251
12317071	454252
10641978	454253
12317075	454254
4933914	454255
7978910	454256
7978910	454257
6865788	454258
7901185	454259
4933379	454260
6859049	454261
4265522	454262
10641940	454263
4933377	454264
4933910	454265
6054340	454266
6941026	454267
10641936	454268
10641987	454270
4933907	454271
9979534	454272
10641931	454273
12048226	454274
12048228	454275
11708123	454276
10641979	454277
4265521	454278
10641976	454279
4933911	454280
4371230	454281
10641935	454282
4933380	454283
11708127	454284
6941025	454285
4933374	454286
4933908	454287
12048221	454288
12426646	454295
8767073	454311
12426464	454364
12426464	454365
11094357	454373
11094356	454374
9679538	454380
3629271	454470
4544368	454471
6408648	454472
9035458	454474
12426887	454477
12426893	454478
12426903	454480
12426906	454481
9522859	454489
9522861	454490
5639001	454497
3629996	454498
12426955	454512
12426977	454581
5567627	454618
526419	454619
12426993	454643
12426997	454645
12039469	454658
5627727	454659
12427004	454662
12427003	454663
12427060	454719
12427112	454735
923498	454737
923498	454738
12426464	454741
923498	454743
923498	454746
923498	454749
923498	454751
12427115	454753
12427116	454754
12426464	454756
12426464	454760
8881512	454787
12427175	454788
12427175	454789
923498	454799
12152381	454801
12427229	454816
12427231	454818
12427288	454845
12427283	454846
12427286	454847
12427287	454848
12427281	454849
12427282	454850
12427311	454859
7752533	454864
12051333	454870
12051332	454871
12051334	454872
11760713	454874
12427396	454914
11760715	454927
12426464	454944
12427435	454946
6004654	454948
11760716	455011
11760716	455012
12427548	455015
7960557	455043
12317065	455045
12317066	455046
12225278	455126
6781051	455128
12427682	455142
923498	455143
10808073	455185
11538043	455201
11538043	455202
923498	455224
3047737	455227
12427841	455228
3124100	455296
6021046	455297
6021046	455298
12427993	455380
12428008	455391
12428148	455536
12428149	455537
8872801	455539
8872800	455540
8872800	455541
8872801	455542
12428193	455557
5431356	455558
12428251	455588
12428425	455708
12428426	455711
12428427	455712
402521	455828
402521	455829
402521	455830
12428592	455894
12426247	455900
12426248	455901
9916542	455902
9916543	455905
12428611	455914
12428613	455919
12428612	455920
12428616	455922
10890846	455923
10890847	455924
12428622	455925
12108624	455927
12428627	455929
12108628	455930
12428630	455931
12108645	455934
12428648	455937
12428662	455939
12428668	455940
12428673	455941
12108641	455944
11760719	455982
11760718	455983
923498	456005
923498	456006
923498	456007
8073731	454118
12428782	456015
6995848	456019
6995849	456020
12428792	456021
12428800	456022
12428804	456024
12428807	456025
12428809	456026
12428810	456027
10914744	456028
12633445	611081
12428812	456030
9942870	456031
12428813	456032
12428814	456033
12428815	456034
12428820	456035
12428821	456036
12428825	456037
12428826	456038
12428827	456039
12428828	456040
12428829	456041
12428830	456042
12428831	456043
12428833	456044
8675597	456045
12428836	456046
11850784	456048
11850066	456049
11850067	456050
12428846	456051
12428848	456053
10547921	456098
5951785	456099
5951786	456100
9820531	456101
10547917	456102
5995110	456103
10547916	456104
10547918	456105
9820532	456106
5995109	456108
5995132	456109
12048227	456136
12429039	456138
12429065	456162
12429084	456163
12430686	461364
11843953	461369
11106807	456221
11106807	456222
12429205	456230
12429206	456231
12429207	456232
12429208	456233
12429210	456234
12429211	456235
12429212	456236
12429216	456237
12429218	456238
12429220	456240
12429233	456242
9976729	456250
9976729	456258
12429273	456265
12429274	456266
11760712	456282
11760711	456283
12429283	456292
12429284	456294
12429285	456295
6862517	456296
6862516	456297
7385777	456298
7385779	456299
7385781	456300
7385782	456301
12429287	456302
7091188	456303
7091189	456305
7385785	456306
7385786	456307
4574605	456308
7385788	456309
10254081	456310
7411262	456314
12429289	456315
12429290	456316
12429291	456317
12429292	456318
7411263	456319
12429293	456320
12429294	456321
12429295	456322
12429296	456323
12429297	456327
12429298	456330
12429299	456331
12429300	456335
12429301	456337
12429303	456338
12429304	456340
12436713	472633
12429324	456367
12429326	456368
12429327	456369
12429328	456370
12429329	456371
12429330	456373
12429331	456374
12429332	456375
12429333	456376
12429334	456377
12429336	456383
12429338	456385
12429340	456386
12429342	456387
12429343	456388
12429345	456391
12429347	456392
12429349	456393
12429350	456394
12429352	456395
9976729	456397
9976729	456398
12429353	456399
12429353	456400
12429353	456401
12429354	456409
12429354	456412
9501627	456418
12429255	456419
9786016	456423
12429222	456425
12429359	456428
12429222	456429
12429221	456430
7804206	456431
12429192	456432
7822630	456433
3938670	456434
12429254	456436
12429372	456444
12429373	456445
12429374	456446
12429389	456511
9976729	456512
12429403	456522
196348	456523
12429427	456536
12429428	456537
12429430	456539
12429431	456541
12429435	456543
12429440	456545
12429441	456546
12429444	456547
12429446	456549
12429447	456550
12429448	456551
12429449	456552
12429450	456555
12429451	456558
12429452	456559
12429453	456561
12429454	456563
12429456	456565
12429456	456566
12429458	456567
12429459	456568
12429460	456569
12429461	456570
12429462	456571
12429468	456572
12429469	456574
12429470	456575
12429471	456576
12429472	456577
12429473	456578
12429474	456580
12429475	456581
12429477	456582
12429476	456583
12429478	456584
12429480	456587
12429485	456589
12429487	456590
12429490	456592
12429492	456593
12429495	456594
12429497	456595
12429498	456596
12429502	456598
12429503	456600
12429504	456602
12429505	456604
12430301	472641
12430305	472647
5313834	456701
5313834	456703
1756285	456705
11423877	456793
11423878	456798
11423879	456799
11423880	456800
11423878	456803
11423878	456804
11423877	456805
11423878	456806
11423879	456807
11423880	456808
12429605	456831
12429608	456832
12429610	456833
2055046	457067
7302944	457068
11733440	457125
12429860	457132
12429861	457133
12429862	457134
12429864	457136
12429866	457137
12429868	457138
12429869	457139
12429870	457140
12429871	457141
12429872	457142
174647	457413
12430082	457447
12430083	457449
12430143	457500
12430144	457501
12430145	457502
8301005	457676
8300993	457677
8301223	457678
8320802	457679
10942155	457680
6781792	457681
9508037	457682
4343816	457683
6751987	457684
9508046	457685
6781846	457686
10942153	457687
4899351	457688
4899359	457689
8300996	457690
6751966	457691
8320817	457692
9508039	457693
9508038	457694
6767542	457695
11281835	457696
10942151	457697
5899454	457698
8320804	457699
11281837	457700
8778142	457701
5899463	457702
9508040	457703
8300998	457704
8320798	457706
6861570	457707
6751990	457708
6781849	457709
6781797	457710
6781849	457711
5899458	457712
8301003	457713
8320773	457714
11281825	457715
6751947	457716
10942156	457717
11944914	457718
4899360	457719
8320796	457721
6781848	457722
4899358	457724
6781796	457725
6767555	457726
8301035	457727
8301004	457728
4899357	457729
6767554	457731
8300999	457732
8301037	457733
11281818	457734
6781843	457735
10580751	457736
8320819	457737
8778141	457738
6861567	457739
8320805	457740
6781845	457741
6751942	457742
9508019	457743
10580757	457744
11733440	457745
9508045	457746
10580769	457747
10580768	457748
8320801	457749
11281829	457750
8320799	457751
11281832	457752
6767559	457753
10808072	457754
8598852	457755
6781799	457756
4899355	457757
8320800	457758
10808071	457759
10808071	457760
8301222	457761
8301041	457762
8320822	457763
6781847	457764
8300994	457765
5313834	456698
5313834	456694
6712430	456706
6712430	456707
8320806	457766
10580749	457767
8320823	457768
12432460	461612
2724320	461616
6289852	461679
12430447	461701
12432483	461705
12432487	461708
12426153	461716
11898510	461828
12432582	461963
12432582	461964
12432727	462188
12427177	462200
9900709	462203
12432847	462235
12432946	462272
7547665	462294
1620317	462296
1620317	462297
3323663	462316
7362407	462326
12433101	462327
7548774	462329
7548775	462330
5300889	462331
7362406	462332
10418604	462333
10418605	462334
9502253	462335
9502252	462336
6973054	462350
12433127	462379
12433173	462451
12433173	462452
263107	462478
708072	462479
513375	462481
207527	462482
7303882	462484
178560	462485
1736102	462486
12433187	462491
12433183	462492
12433196	462499
12433198	462500
12433142	462512
12433219	462552
12433220	462553
12433221	462555
12433222	462557
12433223	462559
12433224	462561
12433225	462562
12433246	462632
12433247	462633
10263022	456347
573276	462669
12433280	462670
12433281	462671
12433284	462691
12433285	462693
9503348	462694
12433286	462696
4076333	462697
12433296	462720
12433297	462721
12433301	462736
12108836	462747
12433305	462748
12433306	462749
12426655	462780
12433366	462783
12433367	462784
12433368	462785
12433369	462786
6015124	462838
249994	462870
1943838	463114
7549545	472636
7292255	463197
7292255	463198
12433588	463263
12433590	463267
12433591	463297
12433595	463315
3631	463331
12433590	463373
6767559	463495
11281832	463496
8320799	463497
11281829	463498
8320801	463499
10580768	463500
10580769	463501
9508045	463502
8319797	463616
6973054	463805
6798	464062
154927	464073
154920	464074
154920	464075
154927	464076
5313834	464102
177239	464176
12430686	464177
177239	464178
12428554	464360
12428554	464361
12428554	464362
12428554	464363
12429663	464391
12425889	464412
12434005	464414
12434005	464420
12434005	464421
159802	464473
6478961	464489
6478970	464490
12483030	493787
6289852	464496
6289852	464498
3378460	464600
12434117	464605
12434121	464606
11697	464617
12434149	464719
190163	464744
235654	464745
568620	464748
12434193	464785
12434193	464791
8319860	464852
12434238	464921
12430248	472642
512836	465026
12434294	465038
12434294	465039
12434300	465042
4506302	524584
12434337	465081
12434337	465082
12434344	465084
12434344	465089
12434366	465128
12420374	465162
12420375	465163
12434367	465164
12430251	472648
12434378	465220
5840377	465232
12434418	465233
357708	465236
8364741	465237
10580757	465246
12433962	465259
6781798	465297
6781798	465298
12434509	465355
12434510	465356
12434511	465357
12434512	465358
12434513	465359
12434514	465360
12434508	465361
12434529	465373
12434531	465374
12434532	465375
12434533	465376
12434525	465378
12434542	465393
12434543	465394
12434544	465395
12434545	465396
12434546	465397
12434547	465398
12434541	465399
7365811	465430
12430307	472650
12434683	465651
12434702	465657
12434704	465658
10178371	465682
10178360	465683
12434716	465703
10178597	465730
3839593	465861
12498738	627939
8321619	465864
10178595	465945
10178595	465946
12434862	465956
10178557	465958
10178545	465959
12434919	466048
12434922	466053
12434920	466054
12434925	466057
12434926	466058
12434927	466059
12434928	466062
12434929	466065
12434932	466066
12434933	466068
2274872	466093
8141177	466094
8141177	466095
12435005	466107
12435008	466108
12435008	466109
12435007	466110
12435006	466111
12435027	466119
12435028	466120
12435029	466121
12435036	466124
10178597	466132
12435148	466166
12435156	466171
12435202	466177
12435211	466178
12435219	466181
12435239	466182
3145080	465172
1943838	463115
10580766	457769
6861569	457770
8301230	457771
4899352	457772
8301221	457773
6751935	457774
8301224	457775
10580772	457776
8301001	457777
6781798	457778
6767556	457779
5899452	457780
8301226	457781
8320811	457782
11281820	457783
8320797	457784
8320772	457785
6751988	457786
8300997	457787
11944915	457788
8301007	457789
10585349	457791
8301229	457792
6861572	457793
8301227	457794
11281836	457795
8320813	457796
11281823	457797
6751984	457798
8300992	457799
10580765	457800
5899453	457801
10942153	457803
8320817	457804
6781797	457805
745701	457812
6767560	457813
6751952	457821
8301223	457822
8301228	457823
10808084	457824
8300995	457825
8320818	457826
4343816	457827
6751966	457828
207527	457962
513375	457963
7303882	457968
207527	457972
12430339	458005
12430358	458036
12430359	458038
12430360	458041
12430362	458042
12430364	458045
12430366	458046
12430367	458047
12430368	458049
12430369	458050
12430371	458051
12430374	458052
12430423	458088
12430424	458089
12430425	458090
12430426	458091
12430427	458092
12430428	458093
12430429	458094
1488020	458098
7772281	458108
12430302	472643
4237631	458112
8718083	458119
813277	458135
12483032	493788
627205	458163
1309880	458164
12430512	458165
780621	458194
12432461	461613
12430626	458245
12430637	458272
6798	458274
249994	458275
3631	458276
8886557	458161
198360	458299
8596111	458310
6788222	458327
177239	458328
12430686	458329
12430713	458332
12430722	458351
9976729	458356
6941012	458362
12430731	458371
